_time,_start,_stop,CodeID,DeviceName,Foot,_measurement,app,lat,lng,mac,type,Ax,Ay,Az,Gx,Gy,Gz,Mx,My,Mz,S0,S1,S2,modA
2024-04-25 14:15:30.029000+00:00,2024-04-25 14:15:30+00:00,2024-04-25 14:17:30+00:00,TABUENCA01-45,Sensoria-C1-EEA1,Right,Gait,1.0.5,40.3887119,-3.6292984,CB:AA:BC:3F:36:A5,SCKS,-0.199219,0.785157,0.023438,43.68,-50.400002,-215.040009,0.252288,0.803584,-0.317696,498,722,704,0.8103758784996009
2024-04-25 14:15:30.037000+00:00,2024-04-25 14:15:30+00:00,2024-04-25 14:17:30+00:00,TABUENCA01-45,Sensoria-C1-E90A,Left,Gait,1.0.5,40.3887119,-3.6292984,F0:75:B1:51:59:F6,SCKS,0.03125,0.9375,-0.21875,2.24,-19.040001,-11.2,0.355072,0.691456,-0.177536,545,444,497,0.9631896879639026
2024-04-25 14:15:30.045000+00:00,2024-04-25 14:15:30+00:00,2024-04-25 14:17:30+00:00,TABUENCA01-45,Sensoria-C1-EEA1,Right,Gait,1.0.5,40.3887119,-3.6292984,CB:AA:BC:3F:36:A5,SCKS,-0.164063,1.015626,0.042969,39.200001,-38.080002,-248.639999,0.205568,0.79424,-0.317696,499,721,701,1.0296888728183868
2024-04-25 14:15:30.054000+00:00,2024-04-25 14:15:30+00:00,2024-04-25 14:17:30+00:00,TABUENCA01-45,Sensoria-C1-E90A,Left,Gait,1.0.5,40.3887119,-3.6292984,F0:75:B1:51:59:F6,SCKS,0.0,0.968749,-0.1875,-1.12,-16.799999,-8.96,0.355072,0.691456,-0.168192,535,435,516,0.9867273559606017
2024-04-25 14:15:30.062000+00:00,2024-04-25 14:15:30+00:00,2024-04-25 14:17:30+00:00,TABUENCA01-45,Sensoria-C1-EEA1,Right,Gait,1.0.5,40.3887119,-3.6292984,CB:AA:BC:3F:36:A5,SCKS,-0.207031,1.187501,0.097656,33.599998,-24.639999,-266.559998,0.205568,0.79424,-0.317696,498,719,701,1.2093622924078622
2024-04-25 14:15:30.078000+00:00,2024-04-25 14:15:30+00:00,2024-04-25 14:17:30+00:00,TABUENCA01-45,Sensoria-C1-EEA1,Right,Gait,1.0.5,40.3887119,-3.6292984,CB:AA:BC:3F:36:A5,SCKS,-0.269531,1.410157,0.15625,28.0,-13.440001,-282.23999,0.158848,0.784896,-0.308352,498,720,702,1.4441619670625592
2024-04-25 14:15:30.086000+00:00,2024-04-25 14:15:30+00:00,2024-04-25 14:17:30+00:00,TABUENCA01-45,Sensoria-C1-E90A,Left,Gait,1.0.5,40.3887119,-3.6292984,F0:75:B1:51:59:F6,SCKS,0.0,0.9375,-0.21875,-4.48,-17.92,-6.72,0.355072,0.691456,-0.177536,532,429,536,0.9626826125468352
2024-04-25 14:15:30.111000+00:00,2024-04-25 14:15:30+00:00,2024-04-25 14:17:30+00:00,TABUENCA01-45,Sensoria-C1-EEA1,Right,Gait,1.0.5,40.3887119,-3.6292984,CB:AA:BC:3F:36:A5,SCKS,-0.226563,1.632814,0.207031,20.16,-4.48,-293.440002,0.112128,0.766208,-0.308352,497,720,702,1.6614072909813535
2024-04-25 14:15:30.118000+00:00,2024-04-25 14:15:30+00:00,2024-04-25 14:17:30+00:00,TABUENCA01-45,Sensoria-C1-E90A,Left,Gait,1.0.5,40.3887119,-3.6292984,F0:75:B1:51:59:F6,SCKS,0.0,0.9375,-0.1875,-6.72,-19.040001,-6.72,0.345728,0.7008,-0.177536,524,421,550,0.9560661587986472
2024-04-25 14:15:30.127000+00:00,2024-04-25 14:15:30+00:00,2024-04-25 14:17:30+00:00,TABUENCA01-45,Sensoria-C1-EEA1,Right,Gait,1.0.5,40.3887119,-3.6292984,CB:AA:BC:3F:36:A5,SCKS,-0.203125,1.843751,0.171875,15.68,1.12,-305.76001,0.065408,0.738176,-0.308352,498,718,702,1.862852256957325
2024-04-25 14:15:30.143000+00:00,2024-04-25 14:15:30+00:00,2024-04-25 14:17:30+00:00,TABUENCA01-45,Sensoria-C1-EEA1,Right,Gait,1.0.5,40.3887119,-3.6292984,CB:AA:BC:3F:36:A5,SCKS,-0.164063,1.996095,0.042969,14.56,-2.24,-313.600006,0.018688,0.710144,-0.299008,498,720,701,2.0032868621230957
2024-04-25 14:15:30.150000+00:00,2024-04-25 14:15:30+00:00,2024-04-25 14:17:30+00:00,TABUENCA01-45,Sensoria-C1-E90A,Left,Gait,1.0.5,40.3887119,-3.6292984,F0:75:B1:51:59:F6,SCKS,0.0,0.9375,-0.1875,-4.48,-19.040001,-6.72,0.345728,0.7008,-0.177536,520,415,561,0.9560661587986472
2024-04-25 14:15:30.159000+00:00,2024-04-25 14:15:30+00:00,2024-04-25 14:17:30+00:00,TABUENCA01-45,Sensoria-C1-EEA1,Right,Gait,1.0.5,40.3887119,-3.6292984,CB:AA:BC:3F:36:A5,SCKS,0.046875,1.996095,-0.054688,11.2,-5.6,-312.480011,0.018688,0.710144,-0.299008,497,718,701,1.9973941253528307
2024-04-25 14:15:30.175000+00:00,2024-04-25 14:15:30+00:00,2024-04-25 14:17:30+00:00,TABUENCA01-45,Sensoria-C1-EEA1,Right,Gait,1.0.5,40.3887119,-3.6292984,CB:AA:BC:3F:36:A5,SCKS,0.429688,1.996095,0.027344,15.68,-4.48,-301.279999,-0.018688,0.672768,-0.299008,498,717,701,2.0420026250485086
2024-04-25 14:15:30.183000+00:00,2024-04-25 14:15:30+00:00,2024-04-25 14:17:30+00:00,TABUENCA01-45,Sensoria-C1-E90A,Left,Gait,1.0.5,40.3887119,-3.6292984,F0:75:B1:51:59:F6,SCKS,0.0,0.968749,-0.15625,-5.6,-20.16,-7.84,0.336384,0.710144,-0.177536,515,408,567,0.981268917015616
2024-04-25 14:15:30.208000+00:00,2024-04-25 14:15:30+00:00,2024-04-25 14:17:30+00:00,TABUENCA01-45,Sensoria-C1-EEA1,Right,Gait,1.0.5,40.3887119,-3.6292984,CB:AA:BC:3F:36:A5,SCKS,0.894532,1.996095,0.105469,28.0,6.72,-267.679993,-0.056064,0.635392,-0.299008,498,718,703,2.1899101483873715
2024-04-25 14:15:30.216000+00:00,2024-04-25 14:15:30+00:00,2024-04-25 14:17:30+00:00,TABUENCA01-45,Sensoria-C1-E90A,Left,Gait,1.0.5,40.3887119,-3.6292984,F0:75:B1:51:59:F6,SCKS,0.03125,0.968749,-0.1875,-5.6,-21.280001,-16.799999,0.336384,0.7008,-0.168192,508,401,573,0.9872220811453722
2024-04-25 14:15:30.225000+00:00,2024-04-25 14:15:30+00:00,2024-04-25 14:17:30+00:00,TABUENCA01-45,Sensoria-C1-EEA1,Right,Gait,1.0.5,40.3887119,-3.6292984,CB:AA:BC:3F:36:A5,SCKS,1.707032,1.484376,0.148438,44.799999,1.12,-172.479996,-0.074752,0.598016,-0.299008,497,717,702,2.2670165853482414
2024-04-25 14:15:30.240000+00:00,2024-04-25 14:15:30+00:00,2024-04-25 14:17:30+00:00,TABUENCA01-45,Sensoria-C1-EEA1,Right,Gait,1.0.5,40.3887119,-3.6292984,CB:AA:BC:3F:36:A5,SCKS,1.996095,1.320313,0.324219,38.080002,-2.24,-88.480003,-0.084096,0.569984,-0.289664,496,720,704,2.415106545673503
2024-04-25 14:15:30.257000+00:00,2024-04-25 14:15:30+00:00,2024-04-25 14:17:30+00:00,TABUENCA01-45,Sensoria-C1-EEA1,Right,Gait,1.0.5,40.3887119,-3.6292984,CB:AA:BC:3F:36:A5,SCKS,1.722657,1.41797,0.421875,-5.6,17.92,19.040001,-0.084096,0.569984,-0.299008,496,719,705,2.270718955787792
2024-04-25 14:15:30.264000+00:00,2024-04-25 14:15:30+00:00,2024-04-25 14:17:30+00:00,TABUENCA01-45,Sensoria-C1-E90A,Left,Gait,1.0.5,40.3887119,-3.6292984,F0:75:B1:51:59:F6,SCKS,0.03125,0.999999,-0.1875,-6.72,-17.92,-36.959999,0.32704,0.710144,-0.177536,497,390,582,1.017905109772517
2024-04-25 14:15:30.280000+00:00,2024-04-25 14:15:30+00:00,2024-04-25 14:17:30+00:00,TABUENCA01-45,Sensoria-C1-E90A,Left,Gait,1.0.5,40.3887119,-3.6292984,F0:75:B1:51:59:F6,SCKS,0.03125,1.062499,-0.1875,-7.84,-16.799999,-57.119999,0.32704,0.719488,-0.18688,488,372,608,1.0793687680774353
2024-04-25 14:15:30.289000+00:00,2024-04-25 14:15:30+00:00,2024-04-25 14:17:30+00:00,TABUENCA01-45,Sensoria-C1-EEA1,Right,Gait,1.0.5,40.3887119,-3.6292984,CB:AA:BC:3F:36:A5,SCKS,1.210938,1.457032,0.300781,-11.2,-16.799999,110.879997,-0.074752,0.588672,-0.289664,495,719,704,1.9182758661957358
2024-04-25 14:15:30.305000+00:00,2024-04-25 14:15:30+00:00,2024-04-25 14:17:30+00:00,TABUENCA01-45,Sensoria-C1-EEA1,Right,Gait,1.0.5,40.3887119,-3.6292984,CB:AA:BC:3F:36:A5,SCKS,-1.914064,1.019532,-0.222656,-23.52,-35.84,100.800003,-0.074752,0.588672,-0.289664,496,718,703,2.18006013436694
2024-04-25 14:15:30.313000+00:00,2024-04-25 14:15:30+00:00,2024-04-25 14:17:30+00:00,TABUENCA01-45,Sensoria-C1-E90A,Left,Gait,1.0.5,40.3887119,-3.6292984,F0:75:B1:51:59:F6,SCKS,0.0,1.124999,-0.1875,-12.32,-22.4,-76.160004,0.308352,0.728832,-0.168192,472,354,641,1.1405169880370043
2024-04-25 14:15:30.322000+00:00,2024-04-25 14:15:30+00:00,2024-04-25 14:17:30+00:00,TABUENCA01-45,Sensoria-C1-EEA1,Right,Gait,1.0.5,40.3887119,-3.6292984,CB:AA:BC:3F:36:A5,SCKS,-1.335938,1.031251,0.890626,8.96,-98.559998,105.279999,-0.065408,0.598016,-0.299008,501,720,688,1.908251460557806
2024-04-25 14:15:30.338000+00:00,2024-04-25 14:15:30+00:00,2024-04-25 14:17:30+00:00,TABUENCA01-45,Sensoria-C1-EEA1,Right,Gait,1.0.5,40.3887119,-3.6292984,CB:AA:BC:3F:36:A5,SCKS,-0.074219,1.10547,0.503907,43.68,-131.039993,162.399994,-0.065408,0.616704,-0.32704,509,722,656,1.2171666465648818
2024-04-25 14:15:30.346000+00:00,2024-04-25 14:15:30+00:00,2024-04-25 14:17:30+00:00,TABUENCA01-45,Sensoria-C1-E90A,Left,Gait,1.0.5,40.3887119,-3.6292984,F0:75:B1:51:59:F6,SCKS,0.0625,1.249999,-0.125,-20.16,-24.639999,-91.840004,0.28032,0.74752,-0.177536,456,341,679,1.2577872435356467
2024-04-25 14:15:30.362000+00:00,2024-04-25 14:15:30+00:00,2024-04-25 14:17:30+00:00,TABUENCA01-45,Sensoria-C1-E90A,Left,Gait,1.0.5,40.3887119,-3.6292984,F0:75:B1:51:59:F6,SCKS,0.1875,1.499999,-0.125,-23.52,-19.040001,-116.480003,0.261632,0.756864,-0.177536,462,353,689,1.5168316485361848
2024-04-25 14:15:30.371000+00:00,2024-04-25 14:15:30+00:00,2024-04-25 14:17:30+00:00,TABUENCA01-45,Sensoria-C1-EEA1,Right,Gait,1.0.5,40.3887119,-3.6292984,CB:AA:BC:3F:36:A5,SCKS,0.179688,1.535157,0.007813,48.16,-47.040001,180.320007,-0.056064,0.644736,-0.317696,513,724,612,1.5456570884132095
2024-04-25 14:15:30.386000+00:00,2024-04-25 14:15:30+00:00,2024-04-25 14:17:30+00:00,TABUENCA01-45,Sensoria-C1-EEA1,Right,Gait,1.0.5,40.3887119,-3.6292984,CB:AA:BC:3F:36:A5,SCKS,-0.0625,1.156251,-0.160156,38.080002,21.280001,170.240005,-0.028032,0.65408,-0.308352,516,726,554,1.1689621761789386
2024-04-25 14:15:30.394000+00:00,2024-04-25 14:15:30+00:00,2024-04-25 14:17:30+00:00,TABUENCA01-45,Sensoria-C1-E90A,Left,Gait,1.0.5,40.3887119,-3.6292984,F0:75:B1:51:59:F6,SCKS,0.5,1.874999,-0.0625,-24.639999,-20.16,-155.680008,0.214912,0.775552,-0.18688,502,390,693,1.941527105141981
2024-04-25 14:15:30.403000+00:00,2024-04-25 14:15:30+00:00,2024-04-25 14:17:30+00:00,TABUENCA01-45,Sensoria-C1-EEA1,Right,Gait,1.0.5,40.3887119,-3.6292984,CB:AA:BC:3F:36:A5,SCKS,0.246094,1.300782,-0.324219,38.080002,-11.2,154.559998,-0.028032,0.65408,-0.308352,513,728,499,1.3629798341578647
2024-04-25 14:15:30.427000+00:00,2024-04-25 14:15:30+00:00,2024-04-25 14:17:30+00:00,TABUENCA01-45,Sensoria-C1-E90A,Left,Gait,1.0.5,40.3887119,-3.6292984,F0:75:B1:51:59:F6,SCKS,0.53125,1.906249,-0.28125,-30.24,-30.24,-171.360001,0.177536,0.79424,-0.196224,570,437,695,1.998777970411171
2024-04-25 14:15:30.435000+00:00,2024-04-25 14:15:30+00:00,2024-04-25 14:17:30+00:00,TABUENCA01-45,Sensoria-C1-EEA1,Right,Gait,1.0.5,40.3887119,-3.6292984,CB:AA:BC:3F:36:A5,SCKS,0.1875,1.144532,0.1875,-15.68,17.92,152.320007,-0.018688,0.682112,-0.317696,510,734,458,1.1748472236950642
2024-04-25 14:15:30.436000+00:00,2024-04-25 14:15:30+00:00,2024-04-25 14:17:30+00:00,TABUENCA01-45,Sensoria-C1-EEA1,Right,Gait,1.0.5,40.3887119,-3.6292984,CB:AA:BC:3F:36:A5,SCKS,0.050781,0.863282,0.042969,-3.36,16.799999,120.959999,-0.009344,0.7008,-0.317696,498,730,430,0.8658411265619114
2024-04-25 14:15:30.459000+00:00,2024-04-25 14:15:30+00:00,2024-04-25 14:17:30+00:00,TABUENCA01-45,Sensoria-C1-E90A,Left,Gait,1.0.5,40.3887119,-3.6292984,F0:75:B1:51:59:F6,SCKS,0.5,1.781249,-0.46875,-33.599998,-42.560001,-199.360001,0.149504,0.803584,-0.205568,624,483,697,1.9085530022771178
2024-04-25 14:15:30.468000+00:00,2024-04-25 14:15:30+00:00,2024-04-25 14:17:30+00:00,TABUENCA01-45,Sensoria-C1-EEA1,Right,Gait,1.0.5,40.3887119,-3.6292984,CB:AA:BC:3F:36:A5,SCKS,-0.003906,0.960938,-0.066406,-13.440001,29.120001,91.840004,0.009344,0.719488,-0.317696,487,718,410,0.9632376931557444
2024-04-25 14:15:30.484000+00:00,2024-04-25 14:15:30+00:00,2024-04-25 14:17:30+00:00,TABUENCA01-45,Sensoria-C1-EEA1,Right,Gait,1.0.5,40.3887119,-3.6292984,CB:AA:BC:3F:36:A5,SCKS,-0.039063,0.957032,0.054688,-12.32,25.76,63.84,0.018688,0.719488,-0.308352,474,702,398,0.9593888389683299
2024-04-25 14:15:30.501000+00:00,2024-04-25 14:15:30+00:00,2024-04-25 14:17:30+00:00,TABUENCA01-45,Sensoria-C1-EEA1,Right,Gait,1.0.5,40.3887119,-3.6292984,CB:AA:BC:3F:36:A5,SCKS,-0.121094,0.976563,0.089844,-1.12,12.32,48.16,0.018688,0.719488,-0.308352,464,685,388,0.9881351092542962
2024-04-25 14:15:30.517000+00:00,2024-04-25 14:15:30+00:00,2024-04-25 14:17:30+00:00,TABUENCA01-45,Sensoria-C1-EEA1,Right,Gait,1.0.5,40.3887119,-3.6292984,CB:AA:BC:3F:36:A5,SCKS,-0.054688,0.992188,0.007813,3.36,2.24,41.439999,0.028032,0.719488,-0.308352,450,670,384,0.9937247343490047
2024-04-25 14:15:30.523000+00:00,2024-04-25 14:15:30+00:00,2024-04-25 14:17:30+00:00,TABUENCA01-45,Sensoria-C1-E90A,Left,Gait,1.0.5,40.3887119,-3.6292984,F0:75:B1:51:59:F6,SCKS,0.3125,1.374999,-0.5625,-5.6,19.040001,-231.839996,0.102784,0.803584,-0.196224,671,531,701,1.5181188194607824
2024-04-25 14:15:30.525000+00:00,2024-04-25 14:15:30+00:00,2024-04-25 14:17:30+00:00,TABUENCA01-45,Sensoria-C1-E90A,Left,Gait,1.0.5,40.3887119,-3.6292984,F0:75:B1:51:59:F6,SCKS,0.1875,0.6875,-0.21875,12.32,23.52,-178.080002,0.065408,0.803584,-0.196224,701,563,702,0.7454287776172852
2024-04-25 14:15:30.550000+00:00,2024-04-25 14:15:30+00:00,2024-04-25 14:17:30+00:00,TABUENCA01-45,Sensoria-C1-EEA1,Right,Gait,1.0.5,40.3887119,-3.6292984,CB:AA:BC:3F:36:A5,SCKS,-0.101563,0.992188,0.0625,5.6,1.12,34.720001,0.028032,0.728832,-0.308352,440,657,381,0.9993289349923777
2024-04-25 14:15:30.566000+00:00,2024-04-25 14:15:30+00:00,2024-04-25 14:17:30+00:00,TABUENCA01-45,Sensoria-C1-EEA1,Right,Gait,1.0.5,40.3887119,-3.6292984,CB:AA:BC:3F:36:A5,SCKS,-0.085938,1.000001,-0.054688,8.96,-5.6,35.84,0.037376,0.728832,-0.308352,430,649,383,1.0051756648412258
2024-04-25 14:15:30.573000+00:00,2024-04-25 14:15:30+00:00,2024-04-25 14:17:30+00:00,TABUENCA01-45,Sensoria-C1-E90A,Left,Gait,1.0.5,40.3887119,-3.6292984,F0:75:B1:51:59:F6,SCKS,0.0,0.65625,-0.34375,6.72,-90.720001,-69.440002,0.018688,0.79424,-0.196224,714,572,700,0.7408293494456061
2024-04-25 14:15:30.582000+00:00,2024-04-25 14:15:30+00:00,2024-04-25 14:17:30+00:00,TABUENCA01-45,Sensoria-C1-EEA1,Right,Gait,1.0.5,40.3887119,-3.6292984,CB:AA:BC:3F:36:A5,SCKS,-0.039063,0.992188,-0.097656,0.0,2.24,35.84,0.037376,0.728832,-0.289664,423,639,389,0.9977472824563343
2024-04-25 14:15:30.591000+00:00,2024-04-25 14:15:30+00:00,2024-04-25 14:17:30+00:00,TABUENCA01-45,Sensoria-C1-E90A,Left,Gait,1.0.5,40.3887119,-3.6292984,F0:75:B1:51:59:F6,SCKS,0.84375,0.28125,-0.09375,5.6,-82.879997,42.560001,0.028032,0.803584,-0.205568,719,572,699,0.8943180013283866
2024-04-25 14:15:30.599000+00:00,2024-04-25 14:15:30+00:00,2024-04-25 14:17:30+00:00,TABUENCA01-45,Sensoria-C1-EEA1,Right,Gait,1.0.5,40.3887119,-3.6292984,CB:AA:BC:3F:36:A5,SCKS,-0.066406,0.988282,-0.019531,-5.6,13.440001,32.48,0.04672,0.738176,-0.289664,414,632,396,0.9907030474975839
2024-04-25 14:15:30.623000+00:00,2024-04-25 14:15:30+00:00,2024-04-25 14:17:30+00:00,TABUENCA01-45,Sensoria-C1-E90A,Left,Gait,1.0.5,40.3887119,-3.6292984,F0:75:B1:51:59:F6,SCKS,0.3125,0.09375,0.03125,1.12,2.24,89.599998,0.037376,0.803584,-0.196224,720,573,698,0.32775276505317236
2024-04-25 14:15:30.647000+00:00,2024-04-25 14:15:30+00:00,2024-04-25 14:17:30+00:00,TABUENCA01-45,Sensoria-C1-EEA1,Right,Gait,1.0.5,40.3887119,-3.6292984,CB:AA:BC:3F:36:A5,SCKS,-0.066406,0.980469,0.0,-6.72,14.56,33.599998,0.04672,0.738176,-0.289664,403,625,403,0.9827152267045627
2024-04-25 14:15:30.648000+00:00,2024-04-25 14:15:30+00:00,2024-04-25 14:17:30+00:00,TABUENCA01-45,Sensoria-C1-EEA1,Right,Gait,1.0.5,40.3887119,-3.6292984,CB:AA:BC:3F:36:A5,SCKS,-0.054688,0.980469,-0.003906,-3.36,12.32,36.959999,0.04672,0.738176,-0.299008,394,616,417,0.982000760763962
2024-04-25 14:15:30.655000+00:00,2024-04-25 14:15:30+00:00,2024-04-25 14:17:30+00:00,TABUENCA01-45,Sensoria-C1-E90A,Left,Gait,1.0.5,40.3887119,-3.6292984,F0:75:B1:51:59:F6,SCKS,0.3125,0.3125,-0.09375,16.799999,13.440001,152.320007,0.065408,0.803584,-0.196224,720,571,696,0.45177600921253
2024-04-25 14:15:30.688000+00:00,2024-04-25 14:15:30+00:00,2024-04-25 14:17:30+00:00,TABUENCA01-45,Sensoria-C1-E90A,Left,Gait,1.0.5,40.3887119,-3.6292984,F0:75:B1:51:59:F6,SCKS,0.28125,0.59375,-0.0625,5.6,39.200001,237.440002,0.130816,0.79424,-0.18688,720,569,696,0.6599597525607148
2024-04-25 14:15:30.696000+00:00,2024-04-25 14:15:30+00:00,2024-04-25 14:17:30+00:00,TABUENCA01-45,Sensoria-C1-EEA1,Right,Gait,1.0.5,40.3887119,-3.6292984,CB:AA:BC:3F:36:A5,SCKS,-0.046875,0.984376,-0.007813,2.24,8.96,39.200001,0.056064,0.738176,-0.289664,384,606,427,0.9855224086594886
2024-04-25 14:15:30.697000+00:00,2024-04-25 14:15:30+00:00,2024-04-25 14:17:30+00:00,TABUENCA01-45,Sensoria-C1-EEA1,Right,Gait,1.0.5,40.3887119,-3.6292984,CB:AA:BC:3F:36:A5,SCKS,-0.03125,0.980469,-0.019531,1.12,6.72,40.32,0.065408,0.74752,-0.299008,374,597,441,0.9811612927658735
2024-04-25 14:15:30.698000+00:00,2024-04-25 14:15:30+00:00,2024-04-25 14:17:30+00:00,TABUENCA01-45,Sensoria-C1-EEA1,Right,Gait,1.0.5,40.3887119,-3.6292984,CB:AA:BC:3F:36:A5,SCKS,-0.015625,0.984376,-0.003906,1.12,3.36,42.560001,0.065408,0.74752,-0.289664,363,587,458,0.9845077484900766
2024-04-25 14:15:30.704000+00:00,2024-04-25 14:15:30+00:00,2024-04-25 14:17:30+00:00,TABUENCA01-45,Sensoria-C1-E90A,Left,Gait,1.0.5,40.3887119,-3.6292984,F0:75:B1:51:59:F6,SCKS,0.3125,0.84375,0.0,3.36,41.439999,280.0,0.177536,0.784896,-0.205568,718,568,695,0.899761253055498
2024-04-25 14:15:30.729000+00:00,2024-04-25 14:15:30+00:00,2024-04-25 14:17:30+00:00,TABUENCA01-45,Sensoria-C1-EEA1,Right,Gait,1.0.5,40.3887119,-3.6292984,CB:AA:BC:3F:36:A5,SCKS,-0.007813,0.980469,-0.019531,3.36,-2.24,43.68,0.065408,0.74752,-0.289664,353,576,476,0.9806946328450055
2024-04-25 14:15:30.740000+00:00,2024-04-25 14:15:30+00:00,2024-04-25 14:17:30+00:00,TABUENCA01-45,Sensoria-C1-E90A,Left,Gait,1.0.5,40.3887119,-3.6292984,F0:75:B1:51:59:F6,SCKS,0.3125,1.156249,0.0,-4.48,41.439999,312.480011,0.2336,0.766208,-0.18688,718,567,694,1.1977345281826854
2024-04-25 14:15:30.746000+00:00,2024-04-25 14:15:30+00:00,2024-04-25 14:17:30+00:00,TABUENCA01-45,Sensoria-C1-EEA1,Right,Gait,1.0.5,40.3887119,-3.6292984,CB:AA:BC:3F:36:A5,SCKS,0.015625,0.972657,-0.035156,2.24,-4.48,45.920002,0.065408,0.756864,-0.289664,341,565,495,0.9734175489531716
2024-04-25 14:15:30.769000+00:00,2024-04-25 14:15:30+00:00,2024-04-25 14:17:30+00:00,TABUENCA01-45,Sensoria-C1-E90A,Left,Gait,1.0.5,40.3887119,-3.6292984,F0:75:B1:51:59:F6,SCKS,0.3125,1.531249,0.03125,-14.56,44.799999,338.23999,0.336384,0.710144,-0.205568,717,566,694,1.563123895441753
2024-04-25 14:15:30.801000+00:00,2024-04-25 14:15:30+00:00,2024-04-25 14:17:30+00:00,TABUENCA01-45,Sensoria-C1-E90A,Left,Gait,1.0.5,40.3887119,-3.6292984,F0:75:B1:51:59:F6,SCKS,0.375,2.031249,0.03125,-25.76,43.68,364.0,0.392448,0.672768,-0.214912,718,565,692,2.0658107518601505
2024-04-25 14:15:30.826000+00:00,2024-04-25 14:15:30+00:00,2024-04-25 14:17:30+00:00,TABUENCA01-45,Sensoria-C1-EEA1,Right,Gait,1.0.5,40.3887119,-3.6292984,CB:AA:BC:3F:36:A5,SCKS,0.03125,0.996094,-0.023438,-2.24,-4.48,48.16,0.074752,0.756864,-0.289664,331,555,513,0.9968596486868149
2024-04-25 14:15:30.834000+00:00,2024-04-25 14:15:30+00:00,2024-04-25 14:17:30+00:00,TABUENCA01-45,Sensoria-C1-E90A,Left,Gait,1.0.5,40.3887119,-3.6292984,F0:75:B1:51:59:F6,SCKS,0.125,2.562499,-0.09375,-29.120001,73.919998,372.959991,0.439168,0.616704,-0.2336,716,565,692,2.5672583016714543
2024-04-25 14:15:30.842000+00:00,2024-04-25 14:15:30+00:00,2024-04-25 14:17:30+00:00,TABUENCA01-45,Sensoria-C1-EEA1,Right,Gait,1.0.5,40.3887119,-3.6292984,CB:AA:BC:3F:36:A5,SCKS,0.054688,1.000001,-0.015625,4.48,-11.2,48.16,0.084096,0.756864,-0.299008,322,542,536,1.0016171513956817
2024-04-25 14:15:30.844000+00:00,2024-04-25 14:15:30+00:00,2024-04-25 14:17:30+00:00,TABUENCA01-45,Sensoria-C1-EEA1,Right,Gait,1.0.5,40.3887119,-3.6292984,CB:AA:BC:3F:36:A5,SCKS,0.078125,0.996094,-0.007813,1.12,-7.84,48.16,0.084096,0.756864,-0.289664,311,528,560,0.9991835744396522
2024-04-25 14:15:30.858000+00:00,2024-04-25 14:15:30+00:00,2024-04-25 14:17:30+00:00,TABUENCA01-45,Sensoria-C1-EEA1,Right,Gait,1.0.5,40.3887119,-3.6292984,CB:AA:BC:3F:36:A5,SCKS,0.085938,0.992188,-0.011719,-3.36,-4.48,47.040001,0.084096,0.756864,-0.289664,301,517,587,0.9959717376256215
2024-04-25 14:15:30.866000+00:00,2024-04-25 14:15:30+00:00,2024-04-25 14:17:30+00:00,TABUENCA01-45,Sensoria-C1-E90A,Left,Gait,1.0.5,40.3887119,-3.6292984,F0:75:B1:51:59:F6,SCKS,-0.46875,2.718749,-0.375,-38.080002,69.440002,342.720001,0.476544,0.569984,-0.2336,716,565,692,2.784231974441246
2024-04-25 14:15:30.874000+00:00,2024-04-25 14:15:30+00:00,2024-04-25 14:17:30+00:00,TABUENCA01-45,Sensoria-C1-EEA1,Right,Gait,1.0.5,40.3887119,-3.6292984,CB:AA:BC:3F:36:A5,SCKS,0.066406,1.011719,-0.015625,-3.36,-5.6,48.16,0.09344,0.766208,-0.299008,292,507,614,1.0140163866634504
2024-04-25 14:15:30.875000+00:00,2024-04-25 14:15:30+00:00,2024-04-25 14:17:30+00:00,TABUENCA01-45,Sensoria-C1-EEA1,Right,Gait,1.0.5,40.3887119,-3.6292984,CB:AA:BC:3F:36:A5,SCKS,0.074219,1.007813,-0.003906,-5.6,-4.48,53.760002,0.09344,0.766208,-0.299008,284,494,642,1.0105497314659977
2024-04-25 14:15:30.876000+00:00,2024-04-25 14:15:30+00:00,2024-04-25 14:17:30+00:00,TABUENCA01-45,Sensoria-C1-EEA1,Right,Gait,1.0.5,40.3887119,-3.6292984,CB:AA:BC:3F:36:A5,SCKS,0.046875,1.039063,0.007813,-11.2,-3.36,59.360001,0.112128,0.766208,-0.299008,275,486,663,1.0401491366929072
2024-04-25 14:15:30.898000+00:00,2024-04-25 14:15:30+00:00,2024-04-25 14:17:30+00:00,TABUENCA01-45,Sensoria-C1-E90A,Left,Gait,1.0.5,40.3887119,-3.6292984,F0:75:B1:51:59:F6,SCKS,-1.749999,1.624999,-0.9375,-17.92,41.439999,253.119995,0.495232,0.51392,-0.242944,713,565,691,2.5655456534628263
2024-04-25 14:15:30.923000+00:00,2024-04-25 14:15:30+00:00,2024-04-25 14:17:30+00:00,TABUENCA01-45,Sensoria-C1-EEA1,Right,Gait,1.0.5,40.3887119,-3.6292984,CB:AA:BC:3F:36:A5,SCKS,0.023438,1.082032,0.019531,-17.92,-4.48,68.32,0.112128,0.766208,-0.28032,267,473,682,1.0824620311258035
2024-04-25 14:15:30.924000+00:00,2024-04-25 14:15:30+00:00,2024-04-25 14:17:30+00:00,TABUENCA01-45,Sensoria-C1-EEA1,Right,Gait,1.0.5,40.3887119,-3.6292984,CB:AA:BC:3F:36:A5,SCKS,0.027344,1.117188,0.121094,-22.4,-10.08,79.519997,0.112128,0.766208,-0.28032,263,466,695,1.1240642679651374
2024-04-25 14:15:30.930000+00:00,2024-04-25 14:15:30+00:00,2024-04-25 14:17:30+00:00,TABUENCA01-45,Sensoria-C1-E90A,Left,Gait,1.0.5,40.3887119,-3.6292984,F0:75:B1:51:59:F6,SCKS,-3.031248,1.249999,-0.40625,2.24,-45.920002,33.599998,0.504576,0.485888,-0.242944,714,566,693,3.3039371967404283
2024-04-25 14:15:30.939000+00:00,2024-04-25 14:15:30+00:00,2024-04-25 14:17:30+00:00,TABUENCA01-45,Sensoria-C1-EEA1,Right,Gait,1.0.5,40.3887119,-3.6292984,CB:AA:BC:3F:36:A5,SCKS,0.027344,1.195313,0.015625,-26.880001,-17.92,92.959999,0.130816,0.775552,-0.299008,257,458,707,1.1957278130619862
2024-04-25 14:15:30.955000+00:00,2024-04-25 14:15:30+00:00,2024-04-25 14:17:30+00:00,TABUENCA01-45,Sensoria-C1-EEA1,Right,Gait,1.0.5,40.3887119,-3.6292984,CB:AA:BC:3F:36:A5,SCKS,0.03125,1.281251,-0.105469,-31.360001,-19.040001,107.520004,0.14016,0.784896,-0.299008,253,454,714,1.2859643842120978
2024-04-25 14:15:30.963000+00:00,2024-04-25 14:15:30+00:00,2024-04-25 14:17:30+00:00,TABUENCA01-45,Sensoria-C1-E90A,Left,Gait,1.0.5,40.3887119,-3.6292984,F0:75:B1:51:59:F6,SCKS,0.375,2.718749,-0.5625,19.040001,-5.6,-147.839996,0.504576,0.495232,-0.2336,711,565,694,2.80154017908025
2024-04-25 14:15:30.988000+00:00,2024-04-25 14:15:30+00:00,2024-04-25 14:17:30+00:00,TABUENCA01-45,Sensoria-C1-EEA1,Right,Gait,1.0.5,40.3887119,-3.6292984,CB:AA:BC:3F:36:A5,SCKS,-0.019531,1.406251,0.03125,-34.720001,-10.08,123.199997,0.158848,0.784896,-0.308352,252,454,717,1.4067337692193216
2024-04-25 14:15:30.995000+00:00,2024-04-25 14:15:30+00:00,2024-04-25 14:17:30+00:00,TABUENCA01-45,Sensoria-C1-E90A,Left,Gait,1.0.5,40.3887119,-3.6292984,F0:75:B1:51:59:F6,SCKS,1.124999,0.8125,0.65625,38.080002,114.239998,-146.720001,0.495232,0.51392,-0.242944,716,564,679,1.5350710284872815
2024-04-25 14:15:31.004000+00:00,2024-04-25 14:15:30+00:00,2024-04-25 14:17:30+00:00,TABUENCA01-45,Sensoria-C1-EEA1,Right,Gait,1.0.5,40.3887119,-3.6292984,CB:AA:BC:3F:36:A5,SCKS,-0.132813,1.566407,0.082031,-33.599998,-7.84,141.119995,0.18688,0.79424,-0.299008,257,461,719,1.5741662134536494
2024-04-25 14:15:31.021000+00:00,2024-04-25 14:15:30+00:00,2024-04-25 14:17:30+00:00,TABUENCA01-45,Sensoria-C1-EEA1,Right,Gait,1.0.5,40.3887119,-3.6292984,CB:AA:BC:3F:36:A5,SCKS,-0.261719,1.843751,0.246094,-32.48,-1.12,162.399994,0.214912,0.803584,-0.317696,265,473,721,1.8784240314151648
2024-04-25 14:15:31.028000+00:00,2024-04-25 14:15:30+00:00,2024-04-25 14:17:30+00:00,TABUENCA01-45,Sensoria-C1-E90A,Left,Gait,1.0.5,40.3887119,-3.6292984,F0:75:B1:51:59:F6,SCKS,0.1875,1.687499,-0.0625,73.919998,85.120003,-201.600006,0.485888,0.551296,-0.252288,721,572,604,1.6990336591724722
2024-04-25 14:15:31.037000+00:00,2024-04-25 14:15:30+00:00,2024-04-25 14:17:30+00:00,TABUENCA01-45,Sensoria-C1-EEA1,Right,Gait,1.0.5,40.3887119,-3.6292984,CB:AA:BC:3F:36:A5,SCKS,-0.671875,1.996095,0.179688,-41.439999,21.280001,185.919998,0.214912,0.803584,-0.317696,278,487,721,2.113787842238194
2024-04-25 14:15:31.044000+00:00,2024-04-25 14:15:30+00:00,2024-04-25 14:17:30+00:00,TABUENCA01-45,Sensoria-C1-E90A,Left,Gait,1.0.5,40.3887119,-3.6292984,F0:75:B1:51:59:F6,SCKS,-1.468749,2.031249,-1.062499,123.199997,54.880001,-184.800003,0.439168,0.616704,-0.261632,716,579,479,2.722517263490353
2024-04-25 14:15:31.069000+00:00,2024-04-25 14:15:30+00:00,2024-04-25 14:17:30+00:00,TABUENCA01-45,Sensoria-C1-EEA1,Right,Gait,1.0.5,40.3887119,-3.6292984,CB:AA:BC:3F:36:A5,SCKS,-0.761719,1.996095,0.019531,-47.040001,20.16,248.639999,0.252288,0.803584,-0.317696,294,508,722,2.13658431706942
2024-04-25 14:15:31.077000+00:00,2024-04-25 14:15:30+00:00,2024-04-25 14:17:30+00:00,TABUENCA01-45,Sensoria-C1-E90A,Left,Gait,1.0.5,40.3887119,-3.6292984,F0:75:B1:51:59:F6,SCKS,0.09375,0.90625,-0.28125,79.519997,-69.440002,-124.32,0.42048,0.635392,-0.252288,698,569,408,0.9535091438995223
2024-04-25 14:15:31.086000+00:00,2024-04-25 14:15:30+00:00,2024-04-25 14:17:30+00:00,TABUENCA01-45,Sensoria-C1-EEA1,Right,Gait,1.0.5,40.3887119,-3.6292984,CB:AA:BC:3F:36:A5,SCKS,-0.53125,1.996095,-0.5625,-31.360001,6.72,278.880005,0.299008,0.803584,-0.32704,325,550,723,2.140800799122842
2024-04-25 14:15:31.101000+00:00,2024-04-25 14:15:30+00:00,2024-04-25 14:17:30+00:00,TABUENCA01-45,Sensoria-C1-EEA1,Right,Gait,1.0.5,40.3887119,-3.6292984,CB:AA:BC:3F:36:A5,SCKS,-0.316406,1.996095,-0.640625,-14.56,-16.799999,294.559998,0.345728,0.803584,-0.32704,372,606,724,2.1201199014409537
2024-04-25 14:15:31.109000+00:00,2024-04-25 14:15:30+00:00,2024-04-25 14:17:30+00:00,TABUENCA01-45,Sensoria-C1-E90A,Left,Gait,1.0.5,40.3887119,-3.6292984,F0:75:B1:51:59:F6,SCKS,0.0625,0.9375,-0.25,41.439999,-51.52,-71.68,0.411136,0.65408,-0.214912,671,551,381,0.9722718241315028
2024-04-25 14:15:31.118000+00:00,2024-04-25 14:15:30+00:00,2024-04-25 14:17:30+00:00,TABUENCA01-45,Sensoria-C1-EEA1,Right,Gait,1.0.5,40.3887119,-3.6292984,CB:AA:BC:3F:36:A5,SCKS,-0.132813,0.339844,-0.453125,2.24,8.96,262.079987,0.392448,0.79424,-0.355072,426,656,722,0.5817692866850226
2024-04-25 14:15:31.134000+00:00,2024-04-25 14:15:30+00:00,2024-04-25 14:17:30+00:00,TABUENCA01-45,Sensoria-C1-EEA1,Right,Gait,1.0.5,40.3887119,-3.6292984,CB:AA:BC:3F:36:A5,SCKS,0.054688,0.085938,-0.457032,12.32,47.040001,180.320007,0.392448,0.79424,-0.355072,465,690,724,0.4682460530661203
2024-04-25 14:15:31.142000+00:00,2024-04-25 14:15:30+00:00,2024-04-25 14:17:30+00:00,TABUENCA01-45,Sensoria-C1-E90A,Left,Gait,1.0.5,40.3887119,-3.6292984,F0:75:B1:51:59:F6,SCKS,0.125,0.968749,-0.1875,24.639999,-35.84,-38.080002,0.392448,0.663424,-0.2336,643,528,370,0.994613429931951
2024-04-25 14:15:31.167000+00:00,2024-04-25 14:15:30+00:00,2024-04-25 14:17:30+00:00,TABUENCA01-45,Sensoria-C1-EEA1,Right,Gait,1.0.5,40.3887119,-3.6292984,CB:AA:BC:3F:36:A5,SCKS,-0.382813,0.585938,-0.367188,-4.48,165.759995,97.440002,0.42048,0.784896,-0.345728,485,708,723,0.7903772264918821
2024-04-25 14:15:31.174000+00:00,2024-04-25 14:15:30+00:00,2024-04-25 14:17:30+00:00,TABUENCA01-45,Sensoria-C1-E90A,Left,Gait,1.0.5,40.3887119,-3.6292984,F0:75:B1:51:59:F6,SCKS,0.125,0.999999,-0.1875,19.040001,-31.360001,-23.52,0.392448,0.672768,-0.205568,613,499,383,1.0250752411413515
2024-04-25 14:15:31.183000+00:00,2024-04-25 14:15:30+00:00,2024-04-25 14:17:30+00:00,TABUENCA01-45,Sensoria-C1-EEA1,Right,Gait,1.0.5,40.3887119,-3.6292984,CB:AA:BC:3F:36:A5,SCKS,-0.980469,0.316406,-0.246094,-34.720001,138.880005,-8.96,0.429824,0.784896,-0.345728,496,718,721,1.0592424055111276
2024-04-25 14:15:31.199000+00:00,2024-04-25 14:15:30+00:00,2024-04-25 14:17:30+00:00,TABUENCA01-45,Sensoria-C1-EEA1,Right,Gait,1.0.5,40.3887119,-3.6292984,CB:AA:BC:3F:36:A5,SCKS,-0.667969,-0.046875,0.003906,-30.24,87.360001,-41.439999,0.42048,0.784896,-0.345728,500,722,720,0.6696231084886483
2024-04-25 14:15:31.207000+00:00,2024-04-25 14:15:30+00:00,2024-04-25 14:17:30+00:00,TABUENCA01-45,Sensoria-C1-E90A,Left,Gait,1.0.5,40.3887119,-3.6292984,F0:75:B1:51:59:F6,SCKS,0.125,0.968749,-0.1875,12.32,-36.959999,-24.639999,0.383104,0.682112,-0.205568,597,481,417,0.994613429931951
2024-04-25 14:15:31.216000+00:00,2024-04-25 14:15:30+00:00,2024-04-25 14:17:30+00:00,TABUENCA01-45,Sensoria-C1-EEA1,Right,Gait,1.0.5,40.3887119,-3.6292984,CB:AA:BC:3F:36:A5,SCKS,-0.378907,-0.117188,0.015625,23.52,28.0,-70.559998,0.411136,0.79424,-0.355072,502,725,718,0.3969227665654869
2024-04-25 14:15:31.239000+00:00,2024-04-25 14:15:30+00:00,2024-04-25 14:17:30+00:00,TABUENCA01-45,Sensoria-C1-E90A,Left,Gait,1.0.5,40.3887119,-3.6292984,F0:75:B1:51:59:F6,SCKS,0.0625,0.968749,-0.21875,6.72,-39.200001,-21.280001,0.37376,0.682112,-0.205568,583,465,466,0.9951042344905382
2024-04-25 14:15:31.248000+00:00,2024-04-25 14:15:30+00:00,2024-04-25 14:17:30+00:00,TABUENCA01-45,Sensoria-C1-EEA1,Right,Gait,1.0.5,40.3887119,-3.6292984,CB:AA:BC:3F:36:A5,SCKS,-0.4375,0.023438,-0.0625,50.400002,5.6,-109.760002,0.411136,0.79424,-0.355072,503,726,717,0.4425628089254677
2024-04-25 14:15:31.264000+00:00,2024-04-25 14:15:30+00:00,2024-04-25 14:17:30+00:00,TABUENCA01-45,Sensoria-C1-EEA1,Right,Gait,1.0.5,40.3887119,-3.6292984,CB:AA:BC:3F:36:A5,SCKS,-0.464844,0.179688,-0.042969,53.760002,-17.92,-154.559998,0.383104,0.79424,-0.345728,503,725,717,0.5002140108403601
2024-04-25 14:15:31.272000+00:00,2024-04-25 14:15:30+00:00,2024-04-25 14:17:30+00:00,TABUENCA01-45,Sensoria-C1-E90A,Left,Gait,1.0.5,40.3887119,-3.6292984,F0:75:B1:51:59:F6,SCKS,0.0625,0.9375,-0.25,0.0,-36.959999,-17.92,0.364416,0.682112,-0.18688,570,454,516,0.9722718241315028
2024-04-25 14:15:31.281000+00:00,2024-04-25 14:15:30+00:00,2024-04-25 14:17:30+00:00,TABUENCA01-45,Sensoria-C1-EEA1,Right,Gait,1.0.5,40.3887119,-3.6292984,CB:AA:BC:3F:36:A5,SCKS,-0.40625,0.257813,-0.007813,54.880001,-43.68,-198.240005,0.355072,0.803584,-0.345728,505,727,716,0.4812147633209106
2024-04-25 14:15:31.297000+00:00,2024-04-25 14:15:30+00:00,2024-04-25 14:17:30+00:00,TABUENCA01-45,Sensoria-C1-EEA1,Right,Gait,1.0.5,40.3887119,-3.6292984,CB:AA:BC:3F:36:A5,SCKS,-0.433594,0.515625,-0.046875,68.32,-76.160004,-262.079987,0.308352,0.812928,-0.32704,505,726,715,0.6753296699286949
2024-04-25 14:15:31.304000+00:00,2024-04-25 14:15:30+00:00,2024-04-25 14:17:30+00:00,TABUENCA01-45,Sensoria-C1-E90A,Left,Gait,1.0.5,40.3887119,-3.6292984,F0:75:B1:51:59:F6,SCKS,0.03125,0.9375,-0.21875,-4.48,-34.720001,-21.280001,0.364416,0.691456,-0.196224,557,443,561,0.9631896879639026
2024-04-25 14:15:31.330000+00:00,2024-04-25 14:15:30+00:00,2024-04-25 14:17:30+00:00,TABUENCA01-45,Sensoria-C1-EEA1,Right,Gait,1.0.5,40.3887119,-3.6292984,CB:AA:BC:3F:36:A5,SCKS,-0.382813,0.730469,-0.046875,69.440002,-84.0,-291.200012,0.261632,0.812928,-0.317696,503,726,715,0.8260314876292549
2024-04-25 14:15:31.337000+00:00,2024-04-25 14:15:30+00:00,2024-04-25 14:17:30+00:00,TABUENCA01-45,Sensoria-C1-E90A,Left,Gait,1.0.5,40.3887119,-3.6292984,F0:75:B1:51:59:F6,SCKS,0.0,0.9375,-0.1875,-2.24,-34.720001,-21.280001,0.355072,0.691456,-0.18688,544,430,595,0.9560661587986472
2024-04-25 14:15:31.346000+00:00,2024-04-25 14:15:30+00:00,2024-04-25 14:17:30+00:00,TABUENCA01-45,Sensoria-C1-EEA1,Right,Gait,1.0.5,40.3887119,-3.6292984,CB:AA:BC:3F:36:A5,SCKS,-0.332031,0.976563,-0.015625,64.959999,-80.639999,-313.600006,0.205568,0.803584,-0.299008,504,723,714,1.0315832581789024
2024-04-25 14:15:31.369000+00:00,2024-04-25 14:15:30+00:00,2024-04-25 14:17:30+00:00,TABUENCA01-45,Sensoria-C1-E90A,Left,Gait,1.0.5,40.3887119,-3.6292984,F0:75:B1:51:59:F6,SCKS,0.03125,0.9375,-0.1875,2.24,-31.360001,-25.76,0.355072,0.7008,-0.18688,533,420,620,0.9565767415633729
2024-04-25 14:15:31.377000+00:00,2024-04-25 14:15:30+00:00,2024-04-25 14:17:30+00:00,TABUENCA01-45,Sensoria-C1-EEA1,Right,Gait,1.0.5,40.3887119,-3.6292984,CB:AA:BC:3F:36:A5,SCKS,-0.289063,1.253907,-0.027344,54.880001,-70.559998,-338.23999,0.205568,0.775552,-0.289664,504,723,715,1.2870850309727015
2024-04-25 14:15:31.386000+00:00,2024-04-25 14:15:30+00:00,2024-04-25 14:17:30+00:00,TABUENCA01-45,Sensoria-C1-E90A,Left,Gait,1.0.5,40.3887119,-3.6292984,F0:75:B1:51:59:F6,SCKS,-0.03125,0.9375,-0.1875,3.36,-25.76,-30.24,0.345728,0.7008,-0.177536,519,405,638,0.9565767415633729
2024-04-25 14:15:31.393000+00:00,2024-04-25 14:15:30+00:00,2024-04-25 14:17:30+00:00,TABUENCA01-45,Sensoria-C1-EEA1,Right,Gait,1.0.5,40.3887119,-3.6292984,CB:AA:BC:3F:36:A5,SCKS,-0.316406,1.625001,0.09375,35.84,-45.920002,-358.399994,0.149504,0.775552,-0.289664,502,722,713,1.6581706996980135
2024-04-25 14:15:31.395000+00:00,2024-04-25 14:15:30+00:00,2024-04-25 14:17:30+00:00,TABUENCA01-45,Sensoria-C1-EEA1,Right,Gait,1.0.5,40.3887119,-3.6292984,CB:AA:BC:3F:36:A5,SCKS,-0.363282,1.996095,0.246094,13.440001,-6.72,-370.720001,0.084096,0.756864,-0.299008,503,721,713,2.0437542213742335
2024-04-25 14:15:31.418000+00:00,2024-04-25 14:15:30+00:00,2024-04-25 14:17:30+00:00,TABUENCA01-45,Sensoria-C1-E90A,Left,Gait,1.0.5,40.3887119,-3.6292984,F0:75:B1:51:59:F6,SCKS,-0.03125,0.968749,-0.21875,3.36,-24.639999,-29.120001,0.32704,0.710144,-0.168192,506,390,654,0.9936310935155964
2024-04-25 14:15:31.427000+00:00,2024-04-25 14:15:30+00:00,2024-04-25 14:17:30+00:00,TABUENCA01-45,Sensoria-C1-EEA1,Right,Gait,1.0.5,40.3887119,-3.6292984,CB:AA:BC:3F:36:A5,SCKS,-0.003906,1.996095,0.160156,40.32,-32.48,-378.559998,0.028032,0.710144,-0.299008,502,723,715,2.002513533087105
2024-04-25 14:15:31.443000+00:00,2024-04-25 14:15:30+00:00,2024-04-25 14:17:30+00:00,TABUENCA01-45,Sensoria-C1-EEA1,Right,Gait,1.0.5,40.3887119,-3.6292984,CB:AA:BC:3F:36:A5,SCKS,0.660157,1.996095,0.03125,40.32,-30.24,-390.880005,-0.018688,0.663424,-0.299008,503,721,716,2.1026600001364937
2024-04-25 14:15:31.451000+00:00,2024-04-25 14:15:30+00:00,2024-04-25 14:17:30+00:00,TABUENCA01-45,Sensoria-C1-E90A,Left,Gait,1.0.5,40.3887119,-3.6292984,F0:75:B1:51:59:F6,SCKS,-0.03125,0.968749,-0.21875,1.12,-28.0,-31.360001,0.32704,0.710144,-0.168192,492,375,667,0.9936310935155964
2024-04-25 14:15:31.459000+00:00,2024-04-25 14:15:30+00:00,2024-04-25 14:17:30+00:00,TABUENCA01-45,Sensoria-C1-EEA1,Right,Gait,1.0.5,40.3887119,-3.6292984,CB:AA:BC:3F:36:A5,SCKS,1.414063,1.996095,-0.265625,19.040001,-7.84,-370.720001,-0.056064,0.616704,-0.299008,502,721,714,2.4605946552853846
2024-04-25 14:15:31.476000+00:00,2024-04-25 14:15:30+00:00,2024-04-25 14:17:30+00:00,TABUENCA01-45,Sensoria-C1-EEA1,Right,Gait,1.0.5,40.3887119,-3.6292984,CB:AA:BC:3F:36:A5,SCKS,1.996095,1.996095,-0.417969,22.4,35.84,-286.720001,-0.056064,0.616704,-0.299008,502,722,715,2.8536798319031864
2024-04-25 14:15:31.483000+00:00,2024-04-25 14:15:30+00:00,2024-04-25 14:17:30+00:00,TABUENCA01-45,Sensoria-C1-E90A,Left,Gait,1.0.5,40.3887119,-3.6292984,F0:75:B1:51:59:F6,SCKS,0.03125,1.031249,-0.15625,-1.12,-30.24,-41.439999,0.317696,0.719488,-0.177536,476,359,682,1.0434870027944767
2024-04-25 14:15:31.508000+00:00,2024-04-25 14:15:30+00:00,2024-04-25 14:17:30+00:00,TABUENCA01-45,Sensoria-C1-EEA1,Right,Gait,1.0.5,40.3887119,-3.6292984,CB:AA:BC:3F:36:A5,SCKS,1.996095,1.347657,0.640625,51.52,76.160004,-112.0,-0.074752,0.588672,-0.28032,502,723,716,2.4921827840868733
2024-04-25 14:15:31.516000+00:00,2024-04-25 14:15:30+00:00,2024-04-25 14:17:30+00:00,TABUENCA01-45,Sensoria-C1-E90A,Left,Gait,1.0.5,40.3887119,-3.6292984,F0:75:B1:51:59:F6,SCKS,0.03125,1.124999,-0.0625,4.48,-14.56,-79.519997,0.299008,0.728832,-0.168192,451,342,702,1.127167051727915
2024-04-25 14:15:31.524000+00:00,2024-04-25 14:15:30+00:00,2024-04-25 14:17:30+00:00,TABUENCA01-45,Sensoria-C1-EEA1,Right,Gait,1.0.5,40.3887119,-3.6292984,CB:AA:BC:3F:36:A5,SCKS,1.996095,1.785158,0.988282,15.68,23.52,-7.84,-0.074752,0.569984,-0.270976,502,725,718,2.854450147666447
2024-04-25 14:15:31.541000+00:00,2024-04-25 14:15:30+00:00,2024-04-25 14:17:30+00:00,TABUENCA01-45,Sensoria-C1-EEA1,Right,Gait,1.0.5,40.3887119,-3.6292984,CB:AA:BC:3F:36:A5,SCKS,0.578125,1.960939,0.152344,-11.2,-72.800003,109.760002,-0.074752,0.579328,-0.261632,501,728,720,2.050053407031631
2024-04-25 14:15:31.548000+00:00,2024-04-25 14:15:30+00:00,2024-04-25 14:17:30+00:00,TABUENCA01-45,Sensoria-C1-E90A,Left,Gait,1.0.5,40.3887119,-3.6292984,F0:75:B1:51:59:F6,SCKS,0.15625,1.249999,-0.34375,6.72,-11.2,-105.279999,0.270976,0.738176,-0.168192,435,333,711,1.3057854437084984
2024-04-25 14:15:31.557000+00:00,2024-04-25 14:15:30+00:00,2024-04-25 14:17:30+00:00,TABUENCA01-45,Sensoria-C1-EEA1,Right,Gait,1.0.5,40.3887119,-3.6292984,CB:AA:BC:3F:36:A5,SCKS,-2.000001,1.019532,-0.039063,20.16,-127.68,54.880001,-0.074752,0.588672,-0.289664,501,725,707,2.2452116641853617
2024-04-25 14:15:31.581000+00:00,2024-04-25 14:15:30+00:00,2024-04-25 14:17:30+00:00,TABUENCA01-45,Sensoria-C1-E90A,Left,Gait,1.0.5,40.3887119,-3.6292984,F0:75:B1:51:59:F6,SCKS,0.21875,1.593749,-0.25,8.96,-16.799999,-136.639999,0.252288,0.756864,-0.158848,436,340,714,1.628001055743208
2024-04-25 14:15:31.591000+00:00,2024-04-25 14:15:30+00:00,2024-04-25 14:17:30+00:00,TABUENCA01-45,Sensoria-C1-EEA1,Right,Gait,1.0.5,40.3887119,-3.6292984,CB:AA:BC:3F:36:A5,SCKS,0.761719,0.949219,1.363282,43.68,-198.240005,219.520004,-0.074752,0.588672,-0.289664,511,732,675,1.8275038594886743
2024-04-25 14:15:31.606000+00:00,2024-04-25 14:15:30+00:00,2024-04-25 14:17:30+00:00,TABUENCA01-45,Sensoria-C1-EEA1,Right,Gait,1.0.5,40.3887119,-3.6292984,CB:AA:BC:3F:36:A5,SCKS,0.484375,1.726564,0.363282,70.559998,-114.239998,230.720001,-0.065408,0.616704,-0.317696,518,733,617,1.8296492008702105
2024-04-25 14:15:31.613000+00:00,2024-04-25 14:15:30+00:00,2024-04-25 14:17:30+00:00,TABUENCA01-45,Sensoria-C1-E90A,Left,Gait,1.0.5,40.3887119,-3.6292984,F0:75:B1:51:59:F6,SCKS,0.53125,2.031249,0.0625,-8.96,-33.599998,-180.320007,0.2336,0.766208,-0.177536,467,371,714,2.1005012050701137
2024-04-25 14:15:31.622000+00:00,2024-04-25 14:15:30+00:00,2024-04-25 14:17:30+00:00,TABUENCA01-45,Sensoria-C1-EEA1,Right,Gait,1.0.5,40.3887119,-3.6292984,CB:AA:BC:3F:36:A5,SCKS,0.109375,1.328126,-0.375,44.799999,23.52,216.160004,-0.04672,0.65408,-0.308352,521,736,542,1.3843794864490733
2024-04-25 14:15:31.638000+00:00,2024-04-25 14:15:30+00:00,2024-04-25 14:17:30+00:00,TABUENCA01-45,Sensoria-C1-EEA1,Right,Gait,1.0.5,40.3887119,-3.6292984,CB:AA:BC:3F:36:A5,SCKS,0.996094,1.765626,-0.476563,51.52,-30.24,189.279999,-0.028032,0.682112,-0.308352,516,734,468,2.082486667827912
2024-04-25 14:15:31.646000+00:00,2024-04-25 14:15:30+00:00,2024-04-25 14:17:30+00:00,TABUENCA01-45,Sensoria-C1-E90A,Left,Gait,1.0.5,40.3887119,-3.6292984,F0:75:B1:51:59:F6,SCKS,0.968749,2.343749,0.28125,-47.040001,-72.800003,-193.759995,0.149504,0.775552,-0.18688,523,410,712,2.551614305200141
2024-04-25 14:15:31.670000+00:00,2024-04-25 14:15:30+00:00,2024-04-25 14:17:30+00:00,TABUENCA01-45,Sensoria-C1-EEA1,Right,Gait,1.0.5,40.3887119,-3.6292984,CB:AA:BC:3F:36:A5,SCKS,-0.195313,0.710938,0.253906,-68.32,87.360001,187.039993,0.0,0.7008,-0.317696,506,735,420,0.7797744960236901
2024-04-25 14:15:31.678000+00:00,2024-04-25 14:15:30+00:00,2024-04-25 14:17:30+00:00,TABUENCA01-45,Sensoria-C1-E90A,Left,Gait,1.0.5,40.3887119,-3.6292984,F0:75:B1:51:59:F6,SCKS,0.71875,2.406249,-0.90625,-26.880001,-114.239998,-231.839996,0.112128,0.784896,-0.18688,573,461,713,2.6698173860773697
2024-04-25 14:15:31.687000+00:00,2024-04-25 14:15:30+00:00,2024-04-25 14:17:30+00:00,TABUENCA01-45,Sensoria-C1-EEA1,Right,Gait,1.0.5,40.3887119,-3.6292984,CB:AA:BC:3F:36:A5,SCKS,0.148438,0.957032,0.0625,3.36,13.440001,140.0,0.0,0.7008,-0.317696,491,724,390,0.9704897417634047
2024-04-25 14:15:31.703000+00:00,2024-04-25 14:15:30+00:00,2024-04-25 14:17:30+00:00,TABUENCA01-45,Sensoria-C1-EEA1,Right,Gait,1.0.5,40.3887119,-3.6292984,CB:AA:BC:3F:36:A5,SCKS,-0.074219,0.953126,-0.058594,-1.12,19.040001,115.360001,0.009344,0.719488,-0.308352,474,703,373,0.9578052456908973
2024-04-25 14:15:31.710000+00:00,2024-04-25 14:15:30+00:00,2024-04-25 14:17:30+00:00,TABUENCA01-45,Sensoria-C1-E90A,Left,Gait,1.0.5,40.3887119,-3.6292984,F0:75:B1:51:59:F6,SCKS,0.84375,1.312499,-0.4375,6.72,47.040001,-281.119995,0.065408,0.79424,-0.177536,637,523,713,1.6204857103661854
2024-04-25 14:15:31.719000+00:00,2024-04-25 14:15:30+00:00,2024-04-25 14:17:30+00:00,TABUENCA01-45,Sensoria-C1-EEA1,Right,Gait,1.0.5,40.3887119,-3.6292984,CB:AA:BC:3F:36:A5,SCKS,0.074219,0.968751,0.058594,13.440001,-12.32,87.360001,0.028032,0.728832,-0.317696,458,677,363,0.9733551339557418
2024-04-25 14:15:31.726000+00:00,2024-04-25 14:15:30+00:00,2024-04-25 14:17:30+00:00,TABUENCA01-45,Sensoria-C1-E90A,Left,Gait,1.0.5,40.3887119,-3.6292984,F0:75:B1:51:59:F6,SCKS,0.59375,0.40625,-0.21875,-5.6,17.92,-189.279999,0.018688,0.784896,-0.18688,683,558,714,0.7519505884697478
2024-04-25 14:15:31.735000+00:00,2024-04-25 14:15:30+00:00,2024-04-25 14:17:30+00:00,TABUENCA01-45,Sensoria-C1-EEA1,Right,Gait,1.0.5,40.3887119,-3.6292984,CB:AA:BC:3F:36:A5,SCKS,-0.097656,0.996094,0.046875,44.799999,-17.92,68.32,0.037376,0.728832,-0.308352,445,652,361,1.0019666744942168
2024-04-25 14:15:31.760000+00:00,2024-04-25 14:15:30+00:00,2024-04-25 14:17:30+00:00,TABUENCA01-45,Sensoria-C1-E90A,Left,Gait,1.0.5,40.3887119,-3.6292984,F0:75:B1:51:59:F6,SCKS,-0.46875,0.25,-0.4375,7.84,-72.800003,-67.199997,-0.009344,0.784896,-0.177536,704,567,713,0.6882098607982887
2024-04-25 14:15:31.784000+00:00,2024-04-25 14:15:30+00:00,2024-04-25 14:17:30+00:00,TABUENCA01-45,Sensoria-C1-EEA1,Right,Gait,1.0.5,40.3887119,-3.6292984,CB:AA:BC:3F:36:A5,SCKS,-0.039063,1.003907,0.027344,11.2,-12.32,47.040001,0.037376,0.738176,-0.308352,423,608,367,1.005038744006419
2024-04-25 14:15:31.792000+00:00,2024-04-25 14:15:30+00:00,2024-04-25 14:17:30+00:00,TABUENCA01-45,Sensoria-C1-E90A,Left,Gait,1.0.5,40.3887119,-3.6292984,F0:75:B1:51:59:F6,SCKS,0.71875,0.09375,-0.15625,3.36,-100.800003,113.120003,0.0,0.784896,-0.18688,712,570,711,0.741488157356542
2024-04-25 14:15:31.800000+00:00,2024-04-25 14:15:30+00:00,2024-04-25 14:17:30+00:00,TABUENCA01-45,Sensoria-C1-EEA1,Right,Gait,1.0.5,40.3887119,-3.6292984,CB:AA:BC:3F:36:A5,SCKS,-0.015625,1.027344,-0.097656,4.48,-5.6,44.799999,0.04672,0.738176,-0.308352,416,590,379,1.0320932754828898
2024-04-25 14:15:31.817000+00:00,2024-04-25 14:15:30+00:00,2024-04-25 14:17:30+00:00,TABUENCA01-45,Sensoria-C1-EEA1,Right,Gait,1.0.5,40.3887119,-3.6292984,CB:AA:BC:3F:36:A5,SCKS,0.019531,0.953126,-0.042969,-8.96,6.72,43.68,0.056064,0.738176,-0.308352,408,577,392,0.954293962465445
2024-04-25 14:15:31.824000+00:00,2024-04-25 14:15:30+00:00,2024-04-25 14:17:30+00:00,TABUENCA01-45,Sensoria-C1-E90A,Left,Gait,1.0.5,40.3887119,-3.6292984,F0:75:B1:51:59:F6,SCKS,0.46875,-0.03125,0.03125,-2.24,-30.24,172.479996,0.018688,0.79424,-0.18688,715,570,709,0.4708287241662301
2024-04-25 14:15:31.849000+00:00,2024-04-25 14:15:30+00:00,2024-04-25 14:17:30+00:00,TABUENCA01-45,Sensoria-C1-EEA1,Right,Gait,1.0.5,40.3887119,-3.6292984,CB:AA:BC:3F:36:A5,SCKS,0.035156,0.972657,-0.035156,-13.440001,15.68,36.959999,0.04672,0.738176,-0.308352,402,564,409,0.9739268598416414
2024-04-25 14:15:31.856000+00:00,2024-04-25 14:15:30+00:00,2024-04-25 14:17:30+00:00,TABUENCA01-45,Sensoria-C1-E90A,Left,Gait,1.0.5,40.3887119,-3.6292984,F0:75:B1:51:59:F6,SCKS,0.34375,0.34375,-0.0625,2.24,-2.24,255.360001,0.102784,0.79424,-0.18688,716,567,707,0.49013709816744133
2024-04-25 14:15:31.866000+00:00,2024-04-25 14:15:30+00:00,2024-04-25 14:17:30+00:00,TABUENCA01-45,Sensoria-C1-EEA1,Right,Gait,1.0.5,40.3887119,-3.6292984,CB:AA:BC:3F:36:A5,SCKS,0.003906,0.992188,-0.058594,-16.799999,24.639999,31.360001,0.065408,0.74752,-0.308352,394,554,427,0.9939243135249283
2024-04-25 14:15:31.881000+00:00,2024-04-25 14:15:30+00:00,2024-04-25 14:17:30+00:00,TABUENCA01-45,Sensoria-C1-EEA1,Right,Gait,1.0.5,40.3887119,-3.6292984,CB:AA:BC:3F:36:A5,SCKS,-0.003906,0.984376,-0.070313,-21.280001,25.76,30.24,0.056064,0.74752,-0.308352,389,546,447,0.9868917287022928
2024-04-25 14:15:31.889000+00:00,2024-04-25 14:15:30+00:00,2024-04-25 14:17:30+00:00,TABUENCA01-45,Sensoria-C1-E90A,Left,Gait,1.0.5,40.3887119,-3.6292984,F0:75:B1:51:59:F6,SCKS,0.3125,0.65625,-0.09375,5.6,4.48,295.679993,0.158848,0.784896,-0.196224,715,566,708,0.7328774624724109
2024-04-25 14:15:31.898000+00:00,2024-04-25 14:15:30+00:00,2024-04-25 14:17:30+00:00,TABUENCA01-45,Sensoria-C1-EEA1,Right,Gait,1.0.5,40.3887119,-3.6292984,CB:AA:BC:3F:36:A5,SCKS,0.027344,0.968751,-0.039063,-22.4,23.52,31.360001,0.056064,0.74752,-0.308352,383,538,467,0.9699237662342335
2024-04-25 14:15:31.922000+00:00,2024-04-25 14:15:30+00:00,2024-04-25 14:17:30+00:00,TABUENCA01-45,Sensoria-C1-E90A,Left,Gait,1.0.5,40.3887119,-3.6292984,F0:75:B1:51:59:F6,SCKS,0.3125,0.968749,0.03125,-2.24,19.040001,342.720001,0.214912,0.766208,-0.177536,715,565,707,1.0183847197896285
2024-04-25 14:15:31.946000+00:00,2024-04-25 14:15:30+00:00,2024-04-25 14:17:30+00:00,TABUENCA01-45,Sensoria-C1-EEA1,Right,Gait,1.0.5,40.3887119,-3.6292984,CB:AA:BC:3F:36:A5,SCKS,0.027344,0.976563,-0.042969,-22.4,20.16,30.24,0.074752,0.756864,-0.317696,376,532,486,0.9778902403981746
2024-04-25 14:15:31.947000+00:00,2024-04-25 14:15:30+00:00,2024-04-25 14:17:30+00:00,TABUENCA01-45,Sensoria-C1-EEA1,Right,Gait,1.0.5,40.3887119,-3.6292984,CB:AA:BC:3F:36:A5,SCKS,0.027344,0.976563,-0.027344,-20.16,19.040001,31.360001,0.074752,0.756864,-0.308352,368,526,506,0.9773283387076217
2024-04-25 14:15:31.954000+00:00,2024-04-25 14:15:30+00:00,2024-04-25 14:17:30+00:00,TABUENCA01-45,Sensoria-C1-E90A,Left,Gait,1.0.5,40.3887119,-3.6292984,F0:75:B1:51:59:F6,SCKS,0.40625,1.437499,0.0,-3.36,29.120001,387.519989,0.270976,0.738176,-0.177536,714,564,706,1.4938013380302617
2024-04-25 14:15:31.963000+00:00,2024-04-25 14:15:30+00:00,2024-04-25 14:17:30+00:00,TABUENCA01-45,Sensoria-C1-EEA1,Right,Gait,1.0.5,40.3887119,-3.6292984,CB:AA:BC:3F:36:A5,SCKS,0.015625,0.964844,0.003906,-15.68,15.68,34.720001,0.074752,0.756864,-0.299008,359,519,525,0.9649784151974593
2024-04-25 14:15:31.987000+00:00,2024-04-25 14:15:30+00:00,2024-04-25 14:17:30+00:00,TABUENCA01-45,Sensoria-C1-E90A,Left,Gait,1.0.5,40.3887119,-3.6292984,F0:75:B1:51:59:F6,SCKS,0.4375,2.249999,-0.0625,-13.440001,35.84,412.160004,0.336384,0.7008,-0.196224,714,564,704,2.2929910597298453
2024-04-25 14:15:32.020000+00:00,2024-04-25 14:15:30+00:00,2024-04-25 14:17:30+00:00,TABUENCA01-45,Sensoria-C1-E90A,Left,Gait,1.0.5,40.3887119,-3.6292984,F0:75:B1:51:59:F6,SCKS,-0.5,2.999998,-0.03125,-22.4,97.440002,415.519989,0.457856,0.598016,-0.214912,713,561,704,3.041539834114293
2024-04-25 14:15:32.044000+00:00,2024-04-25 14:15:30+00:00,2024-04-25 14:17:30+00:00,TABUENCA01-45,Sensoria-C1-EEA1,Right,Gait,1.0.5,40.3887119,-3.6292984,CB:AA:BC:3F:36:A5,SCKS,0.023438,0.957032,0.019531,-12.32,7.84,40.32,0.084096,0.766208,-0.299008,348,511,545,0.9575181715398408
2024-04-25 14:15:32.045000+00:00,2024-04-25 14:15:30+00:00,2024-04-25 14:17:30+00:00,TABUENCA01-45,Sensoria-C1-EEA1,Right,Gait,1.0.5,40.3887119,-3.6292984,CB:AA:BC:3F:36:A5,SCKS,0.054688,0.968751,-0.007813,-8.96,-1.12,48.16,0.084096,0.766208,-0.299008,337,500,562,0.9703248529817218
2024-04-25 14:15:32.046000+00:00,2024-04-25 14:15:30+00:00,2024-04-25 14:17:30+00:00,TABUENCA01-45,Sensoria-C1-EEA1,Right,Gait,1.0.5,40.3887119,-3.6292984,CB:AA:BC:3F:36:A5,SCKS,0.070313,1.027344,0.007813,-12.32,-4.48,54.880001,0.084096,0.766208,-0.299008,324,487,582,1.0297769929814902
2024-04-25 14:15:32.047000+00:00,2024-04-25 14:15:30+00:00,2024-04-25 14:17:30+00:00,TABUENCA01-45,Sensoria-C1-EEA1,Right,Gait,1.0.5,40.3887119,-3.6292984,CB:AA:BC:3F:36:A5,SCKS,0.070313,1.027344,0.03125,-15.68,-4.48,59.360001,0.09344,0.775552,-0.308352,310,476,607,1.0302214202806115
2024-04-25 14:15:32.052000+00:00,2024-04-25 14:15:30+00:00,2024-04-25 14:17:30+00:00,TABUENCA01-45,Sensoria-C1-E90A,Left,Gait,1.0.5,40.3887119,-3.6292984,F0:75:B1:51:59:F6,SCKS,-1.374999,2.656249,-0.5,-31.360001,106.400002,351.679993,0.485888,0.532608,-0.242944,713,563,706,3.032537056657676
2024-04-25 14:15:32.060000+00:00,2024-04-25 14:15:30+00:00,2024-04-25 14:17:30+00:00,TABUENCA01-45,Sensoria-C1-EEA1,Right,Gait,1.0.5,40.3887119,-3.6292984,CB:AA:BC:3F:36:A5,SCKS,-0.015625,1.160157,0.0,-20.16,-7.84,68.32,0.102784,0.775552,-0.308352,295,460,635,1.1602622140162973
2024-04-25 14:15:32.068000+00:00,2024-04-25 14:15:30+00:00,2024-04-25 14:17:30+00:00,TABUENCA01-45,Sensoria-C1-E90A,Left,Gait,1.0.5,40.3887119,-3.6292984,F0:75:B1:51:59:F6,SCKS,-3.906248,1.062499,-0.71875,10.08,68.32,172.479996,0.504576,0.495232,-0.252288,712,562,708,4.111481378409125
2024-04-25 14:15:32.077000+00:00,2024-04-25 14:15:30+00:00,2024-04-25 14:17:30+00:00,TABUENCA01-45,Sensoria-C1-EEA1,Right,Gait,1.0.5,40.3887119,-3.6292984,CB:AA:BC:3F:36:A5,SCKS,-0.023438,1.132813,0.03125,-24.639999,-16.799999,87.360001,0.121472,0.775552,-0.32704,283,445,662,1.1334863013345156
2024-04-25 14:15:32.100000+00:00,2024-04-25 14:15:30+00:00,2024-04-25 14:17:30+00:00,TABUENCA01-45,Sensoria-C1-E90A,Left,Gait,1.0.5,40.3887119,-3.6292984,F0:75:B1:51:59:F6,SCKS,-2.749999,1.593749,-0.46875,12.32,-116.480003,-33.599998,0.51392,0.476544,-0.242944,710,562,712,3.212826938616831
2024-04-25 14:15:32.109000+00:00,2024-04-25 14:15:30+00:00,2024-04-25 14:17:30+00:00,TABUENCA01-45,Sensoria-C1-EEA1,Right,Gait,1.0.5,40.3887119,-3.6292984,CB:AA:BC:3F:36:A5,SCKS,-0.023438,1.253907,0.152344,-28.0,-23.52,109.760002,0.121472,0.775552,-0.32704,274,434,683,1.2633450830351145
2024-04-25 14:15:32.125000+00:00,2024-04-25 14:15:30+00:00,2024-04-25 14:17:30+00:00,TABUENCA01-45,Sensoria-C1-EEA1,Right,Gait,1.0.5,40.3887119,-3.6292984,CB:AA:BC:3F:36:A5,SCKS,-0.046875,1.464845,-0.070313,-30.24,-30.24,128.800003,0.14016,0.784896,-0.308352,268,424,698,1.467280497252996
2024-04-25 14:15:32.133000+00:00,2024-04-25 14:15:30+00:00,2024-04-25 14:17:30+00:00,TABUENCA01-45,Sensoria-C1-E90A,Left,Gait,1.0.5,40.3887119,-3.6292984,F0:75:B1:51:59:F6,SCKS,4.281248,0.15625,0.8125,30.24,53.760002,-100.800003,0.495232,0.504576,-0.252288,712,562,696,4.360464969473324
2024-04-25 14:15:32.142000+00:00,2024-04-25 14:15:30+00:00,2024-04-25 14:17:30+00:00,TABUENCA01-45,Sensoria-C1-EEA1,Right,Gait,1.0.5,40.3887119,-3.6292984,CB:AA:BC:3F:36:A5,SCKS,-0.117188,1.652345,-0.050781,-31.360001,-21.280001,151.199997,0.158848,0.79424,-0.336384,264,420,708,1.6572735852387197
2024-04-25 14:15:32.158000+00:00,2024-04-25 14:15:30+00:00,2024-04-25 14:17:30+00:00,TABUENCA01-45,Sensoria-C1-EEA1,Right,Gait,1.0.5,40.3887119,-3.6292984,CB:AA:BC:3F:36:A5,SCKS,-0.332031,1.953126,0.011719,-30.24,-5.6,175.839996,0.18688,0.79424,-0.345728,269,427,713,1.9811822459829382
2024-04-25 14:15:32.166000+00:00,2024-04-25 14:15:30+00:00,2024-04-25 14:17:30+00:00,TABUENCA01-45,Sensoria-C1-E90A,Left,Gait,1.0.5,40.3887119,-3.6292984,F0:75:B1:51:59:F6,SCKS,-0.6875,1.843749,0.34375,69.440002,136.639999,-240.800003,0.485888,0.551296,-0.261632,719,568,640,1.9975561788097476
2024-04-25 14:15:32.174000+00:00,2024-04-25 14:15:30+00:00,2024-04-25 14:17:30+00:00,TABUENCA01-45,Sensoria-C1-EEA1,Right,Gait,1.0.5,40.3887119,-3.6292984,CB:AA:BC:3F:36:A5,SCKS,-0.734376,1.996095,0.28125,-35.84,13.440001,206.080002,0.224256,0.803584,-0.345728,285,446,717,2.1454148598583447
2024-04-25 14:15:32.199000+00:00,2024-04-25 14:15:30+00:00,2024-04-25 14:17:30+00:00,TABUENCA01-45,Sensoria-C1-E90A,Left,Gait,1.0.5,40.3887119,-3.6292984,F0:75:B1:51:59:F6,SCKS,0.0625,1.499999,-1.281249,122.080002,19.040001,-208.320007,0.4672,0.588672,-0.261632,719,573,513,1.9737026751772921
2024-04-25 14:15:32.207000+00:00,2024-04-25 14:15:30+00:00,2024-04-25 14:17:30+00:00,TABUENCA01-45,Sensoria-C1-EEA1,Right,Gait,1.0.5,40.3887119,-3.6292984,CB:AA:BC:3F:36:A5,SCKS,-1.132813,1.996095,0.117188,-42.560001,32.48,243.040009,0.224256,0.812928,-0.355072,300,459,720,2.2981282752139838
2024-04-25 14:15:32.223000+00:00,2024-04-25 14:15:30+00:00,2024-04-25 14:17:30+00:00,TABUENCA01-45,Sensoria-C1-EEA1,Right,Gait,1.0.5,40.3887119,-3.6292984,CB:AA:BC:3F:36:A5,SCKS,-0.199219,1.996095,-0.542969,-34.720001,10.08,297.920013,0.261632,0.812928,-0.355072,324,494,721,2.078196043193952
2024-04-25 14:15:32.231000+00:00,2024-04-25 14:15:30+00:00,2024-04-25 14:17:30+00:00,TABUENCA01-45,Sensoria-C1-E90A,Left,Gait,1.0.5,40.3887119,-3.6292984,F0:75:B1:51:59:F6,SCKS,0.09375,0.90625,0.1875,52.639999,-94.080002,-201.600006,0.448512,0.616704,-0.252288,701,575,420,0.930179754133576
2024-04-25 14:15:32.239000+00:00,2024-04-25 14:15:30+00:00,2024-04-25 14:17:30+00:00,TABUENCA01-45,Sensoria-C1-EEA1,Right,Gait,1.0.5,40.3887119,-3.6292984,CB:AA:BC:3F:36:A5,SCKS,-0.667969,1.996095,-0.812501,-36.959999,5.6,312.480011,0.32704,0.803584,-0.355072,366,552,722,2.256265877281975
2024-04-25 14:15:32.256000+00:00,2024-04-25 14:15:30+00:00,2024-04-25 14:17:30+00:00,TABUENCA01-45,Sensoria-C1-EEA1,Right,Gait,1.0.5,40.3887119,-3.6292984,CB:AA:BC:3F:36:A5,SCKS,-0.148438,0.960938,-0.660157,-6.72,-21.280001,312.480011,0.37376,0.803584,-0.364416,420,616,722,1.1752629256200504
2024-04-25 14:15:32.263000+00:00,2024-04-25 14:15:30+00:00,2024-04-25 14:17:30+00:00,TABUENCA01-45,Sensoria-C1-E90A,Left,Gait,1.0.5,40.3887119,-3.6292984,F0:75:B1:51:59:F6,SCKS,0.0625,0.999999,-0.25,60.48,-70.559998,-97.440002,0.42048,0.644736,-0.2336,669,553,374,1.032668509252122
2024-04-25 14:15:32.288000+00:00,2024-04-25 14:15:30+00:00,2024-04-25 14:17:30+00:00,TABUENCA01-45,Sensoria-C1-EEA1,Right,Gait,1.0.5,40.3887119,-3.6292984,CB:AA:BC:3F:36:A5,SCKS,-0.273438,0.414063,-0.648438,12.32,40.32,222.880005,0.411136,0.79424,-0.355072,465,666,724,0.8165098576606409
2024-04-25 14:15:32.296000+00:00,2024-04-25 14:15:30+00:00,2024-04-25 14:17:30+00:00,TABUENCA01-45,Sensoria-C1-E90A,Left,Gait,1.0.5,40.3887119,-3.6292984,F0:75:B1:51:59:F6,SCKS,0.09375,0.9375,-0.125,26.880001,-52.639999,-52.639999,0.401792,0.663424,-0.205568,639,529,358,0.9504316453590969
2024-04-25 14:15:32.304000+00:00,2024-04-25 14:15:30+00:00,2024-04-25 14:17:30+00:00,TABUENCA01-45,Sensoria-C1-EEA1,Right,Gait,1.0.5,40.3887119,-3.6292984,CB:AA:BC:3F:36:A5,SCKS,-0.632813,0.238281,-0.398438,-16.799999,173.600006,82.879997,0.429824,0.79424,-0.355072,490,698,722,0.7848458242062576
2024-04-25 14:15:32.321000+00:00,2024-04-25 14:15:30+00:00,2024-04-25 14:17:30+00:00,TABUENCA01-45,Sensoria-C1-EEA1,Right,Gait,1.0.5,40.3887119,-3.6292984,CB:AA:BC:3F:36:A5,SCKS,-0.964844,0.269531,-0.253906,-31.360001,127.68,-14.56,0.429824,0.79424,-0.37376,501,710,722,1.0334598014112597
2024-04-25 14:15:32.328000+00:00,2024-04-25 14:15:30+00:00,2024-04-25 14:17:30+00:00,TABUENCA01-45,Sensoria-C1-E90A,Left,Gait,1.0.5,40.3887119,-3.6292984,F0:75:B1:51:59:F6,SCKS,0.09375,0.999999,-0.15625,21.280001,-33.599998,-31.360001,0.401792,0.663424,-0.196224,615,506,358,1.0164650141549387
2024-04-25 14:15:32.337000+00:00,2024-04-25 14:15:30+00:00,2024-04-25 14:17:30+00:00,TABUENCA01-45,Sensoria-C1-EEA1,Right,Gait,1.0.5,40.3887119,-3.6292984,CB:AA:BC:3F:36:A5,SCKS,-0.566407,-0.117188,-0.035156,-5.6,57.119999,-53.760002,0.429824,0.79424,-0.37376,506,717,718,0.5794703282558996
2024-04-25 14:15:32.360000+00:00,2024-04-25 14:15:30+00:00,2024-04-25 14:17:30+00:00,TABUENCA01-45,Sensoria-C1-E90A,Left,Gait,1.0.5,40.3887119,-3.6292984,F0:75:B1:51:59:F6,SCKS,0.125,0.968749,-0.21875,22.4,-35.84,-21.280001,0.383104,0.672768,-0.18688,592,485,397,1.0009751183226285
2024-04-25 14:15:32.369000+00:00,2024-04-25 14:15:30+00:00,2024-04-25 14:17:30+00:00,TABUENCA01-45,Sensoria-C1-EEA1,Right,Gait,1.0.5,40.3887119,-3.6292984,CB:AA:BC:3F:36:A5,SCKS,-0.464844,-0.152344,-0.007813,42.560001,-2.24,-98.559998,0.42048,0.79424,-0.37376,507,722,718,0.48923376993110357
2024-04-25 14:15:32.385000+00:00,2024-04-25 14:15:30+00:00,2024-04-25 14:17:30+00:00,TABUENCA01-45,Sensoria-C1-EEA1,Right,Gait,1.0.5,40.3887119,-3.6292984,CB:AA:BC:3F:36:A5,SCKS,-0.5625,0.042969,-0.046875,73.919998,-43.68,-147.839996,0.392448,0.803584,-0.37376,509,721,717,0.5660829008069401
2024-04-25 14:15:32.393000+00:00,2024-04-25 14:15:30+00:00,2024-04-25 14:17:30+00:00,TABUENCA01-45,Sensoria-C1-E90A,Left,Gait,1.0.5,40.3887119,-3.6292984,F0:75:B1:51:59:F6,SCKS,0.125,0.968749,-0.25,13.440001,-29.120001,-24.639999,0.383104,0.682112,-0.177536,582,476,448,1.0082656519990156
2024-04-25 14:15:32.409000+00:00,2024-04-25 14:15:30+00:00,2024-04-25 14:17:30+00:00,TABUENCA01-45,Sensoria-C1-E90A,Left,Gait,1.0.5,40.3887119,-3.6292984,F0:75:B1:51:59:F6,SCKS,0.0625,0.9375,-0.21875,1.12,-30.24,-22.4,0.364416,0.682112,-0.18688,575,467,496,0.9647093150270707
2024-04-25 14:15:32.418000+00:00,2024-04-25 14:15:30+00:00,2024-04-25 14:17:30+00:00,TABUENCA01-45,Sensoria-C1-EEA1,Right,Gait,1.0.5,40.3887119,-3.6292984,CB:AA:BC:3F:36:A5,SCKS,-0.488282,0.160156,0.035156,80.639999,-69.440002,-193.759995,0.364416,0.803584,-0.345728,510,722,716,0.5150778583825945
2024-04-25 14:15:32.419000+00:00,2024-04-25 14:15:30+00:00,2024-04-25 14:17:30+00:00,TABUENCA01-45,Sensoria-C1-EEA1,Right,Gait,1.0.5,40.3887119,-3.6292984,CB:AA:BC:3F:36:A5,SCKS,-0.414063,0.316406,0.097656,82.879997,-87.360001,-234.080002,0.32704,0.812928,-0.336384,508,722,716,0.5301864003734913
2024-04-25 14:15:32.434000+00:00,2024-04-25 14:15:30+00:00,2024-04-25 14:17:30+00:00,TABUENCA01-45,Sensoria-C1-EEA1,Right,Gait,1.0.5,40.3887119,-3.6292984,CB:AA:BC:3F:36:A5,SCKS,-0.355469,0.53125,0.125,78.400002,-95.199997,-271.040009,0.32704,0.812928,-0.336384,508,722,716,0.6513138816738056
2024-04-25 14:15:32.442000+00:00,2024-04-25 14:15:30+00:00,2024-04-25 14:17:30+00:00,TABUENCA01-45,Sensoria-C1-E90A,Left,Gait,1.0.5,40.3887119,-3.6292984,F0:75:B1:51:59:F6,SCKS,0.03125,0.9375,-0.21875,-3.36,-28.0,-20.16,0.364416,0.691456,-0.177536,569,456,538,0.9631896879639026
2024-04-25 14:15:32.467000+00:00,2024-04-25 14:15:30+00:00,2024-04-25 14:17:30+00:00,TABUENCA01-45,Sensoria-C1-EEA1,Right,Gait,1.0.5,40.3887119,-3.6292984,CB:AA:BC:3F:36:A5,SCKS,-0.292969,0.753907,0.121094,64.959999,-82.879997,-302.399994,0.261632,0.803584,-0.32704,507,721,715,0.8178449464574565
2024-04-25 14:15:32.474000+00:00,2024-04-25 14:15:30+00:00,2024-04-25 14:17:30+00:00,TABUENCA01-45,Sensoria-C1-E90A,Left,Gait,1.0.5,40.3887119,-3.6292984,F0:75:B1:51:59:F6,SCKS,0.03125,0.9375,-0.21875,-6.72,-33.599998,-17.92,0.364416,0.691456,-0.18688,562,442,569,0.9631896879639026
2024-04-25 14:15:32.483000+00:00,2024-04-25 14:15:30+00:00,2024-04-25 14:17:30+00:00,TABUENCA01-45,Sensoria-C1-EEA1,Right,Gait,1.0.5,40.3887119,-3.6292984,CB:AA:BC:3F:36:A5,SCKS,-0.292969,0.949219,0.144531,44.799999,-50.400002,-328.160004,0.214912,0.79424,-0.32704,507,721,714,1.003860924074147
2024-04-25 14:15:32.499000+00:00,2024-04-25 14:15:30+00:00,2024-04-25 14:17:30+00:00,TABUENCA01-45,Sensoria-C1-EEA1,Right,Gait,1.0.5,40.3887119,-3.6292984,CB:AA:BC:3F:36:A5,SCKS,-0.300781,1.19922,0.175781,32.48,-19.040001,-349.440002,0.158848,0.784896,-0.32704,507,721,713,1.2487981335356007
2024-04-25 14:15:32.516000+00:00,2024-04-25 14:15:30+00:00,2024-04-25 14:17:30+00:00,TABUENCA01-45,Sensoria-C1-EEA1,Right,Gait,1.0.5,40.3887119,-3.6292984,CB:AA:BC:3F:36:A5,SCKS,-0.34375,1.597657,0.296875,13.440001,23.52,-358.399994,0.09344,0.74752,-0.308352,507,720,714,1.6609655980103863
2024-04-25 14:15:32.523000+00:00,2024-04-25 14:15:30+00:00,2024-04-25 14:17:30+00:00,TABUENCA01-45,Sensoria-C1-E90A,Left,Gait,1.0.5,40.3887119,-3.6292984,F0:75:B1:51:59:F6,SCKS,0.0625,0.9375,-0.1875,-5.6,-39.200001,-21.280001,0.355072,0.7008,-0.18688,553,429,589,0.9581068572972432
2024-04-25 14:15:32.540000+00:00,2024-04-25 14:15:30+00:00,2024-04-25 14:17:30+00:00,TABUENCA01-45,Sensoria-C1-E90A,Left,Gait,1.0.5,40.3887119,-3.6292984,F0:75:B1:51:59:F6,SCKS,0.0,0.968749,-0.15625,-3.36,-33.599998,-28.0,0.345728,0.7008,-0.18688,540,411,602,0.981268917015616
2024-04-25 14:15:32.549000+00:00,2024-04-25 14:15:30+00:00,2024-04-25 14:17:30+00:00,TABUENCA01-45,Sensoria-C1-EEA1,Right,Gait,1.0.5,40.3887119,-3.6292984,CB:AA:BC:3F:36:A5,SCKS,-0.242188,1.996095,0.503907,19.040001,41.439999,-361.76001,0.09344,0.74752,-0.308352,505,719,713,2.0729140216173945
2024-04-25 14:15:32.565000+00:00,2024-04-25 14:15:30+00:00,2024-04-25 14:17:30+00:00,TABUENCA01-45,Sensoria-C1-EEA1,Right,Gait,1.0.5,40.3887119,-3.6292984,CB:AA:BC:3F:36:A5,SCKS,0.023438,1.996095,0.097656,39.200001,15.68,-370.720001,0.037376,0.719488,-0.308352,504,720,714,1.9986198445940138
2024-04-25 14:15:32.573000+00:00,2024-04-25 14:15:30+00:00,2024-04-25 14:17:30+00:00,TABUENCA01-45,Sensoria-C1-E90A,Left,Gait,1.0.5,40.3887119,-3.6292984,F0:75:B1:51:59:F6,SCKS,-0.03125,0.9375,-0.15625,-2.24,-26.880001,-31.360001,0.336384,0.7008,-0.168192,525,392,611,0.9509452534189337
2024-04-25 14:15:32.581000+00:00,2024-04-25 14:15:30+00:00,2024-04-25 14:17:30+00:00,TABUENCA01-45,Sensoria-C1-EEA1,Right,Gait,1.0.5,40.3887119,-3.6292984,CB:AA:BC:3F:36:A5,SCKS,0.722657,1.996095,0.300781,28.0,8.96,-383.040009,0.0,0.682112,-0.289664,506,721,715,2.1440843263815443
2024-04-25 14:15:32.597000+00:00,2024-04-25 14:15:30+00:00,2024-04-25 14:17:30+00:00,TABUENCA01-45,Sensoria-C1-EEA1,Right,Gait,1.0.5,40.3887119,-3.6292984,CB:AA:BC:3F:36:A5,SCKS,1.597657,1.996095,0.121094,35.84,-20.16,-360.640015,-0.04672,0.626048,-0.299008,504,721,714,2.559602878477441
2024-04-25 14:15:32.604000+00:00,2024-04-25 14:15:30+00:00,2024-04-25 14:17:30+00:00,TABUENCA01-45,Sensoria-C1-E90A,Left,Gait,1.0.5,40.3887119,-3.6292984,F0:75:B1:51:59:F6,SCKS,0.0,1.031249,-0.21875,-6.72,-24.639999,-39.200001,0.336384,0.710144,-0.158848,508,371,618,1.0541945088554578
2024-04-25 14:15:32.629000+00:00,2024-04-25 14:15:30+00:00,2024-04-25 14:17:30+00:00,TABUENCA01-45,Sensoria-C1-EEA1,Right,Gait,1.0.5,40.3887119,-3.6292984,CB:AA:BC:3F:36:A5,SCKS,1.996095,1.996095,-0.339844,41.439999,-10.08,-271.040009,-0.074752,0.579328,-0.289664,505,723,716,2.8432876116189862
2024-04-25 14:15:32.637000+00:00,2024-04-25 14:15:30+00:00,2024-04-25 14:17:30+00:00,TABUENCA01-45,Sensoria-C1-E90A,Left,Gait,1.0.5,40.3887119,-3.6292984,F0:75:B1:51:59:F6,SCKS,0.03125,1.093749,-0.21875,-10.08,-28.0,-59.360001,0.317696,0.719488,-0.168192,489,347,638,1.1158472117637792
2024-04-25 14:15:32.645000+00:00,2024-04-25 14:15:30+00:00,2024-04-25 14:17:30+00:00,TABUENCA01-45,Sensoria-C1-EEA1,Right,Gait,1.0.5,40.3887119,-3.6292984,CB:AA:BC:3F:36:A5,SCKS,1.996095,1.187501,0.464844,61.599998,14.56,-142.240005,-0.084096,0.551296,-0.289664,503,723,716,2.368677651847545
2024-04-25 14:15:32.662000+00:00,2024-04-25 14:15:30+00:00,2024-04-25 14:17:30+00:00,TABUENCA01-45,Sensoria-C1-EEA1,Right,Gait,1.0.5,40.3887119,-3.6292984,CB:AA:BC:3F:36:A5,SCKS,1.996095,1.79297,0.730469,2.24,53.760002,-16.799999,-0.084096,0.551296,-0.289664,503,724,717,2.780777162932334
2024-04-25 14:15:32.669000+00:00,2024-04-25 14:15:30+00:00,2024-04-25 14:17:30+00:00,TABUENCA01-45,Sensoria-C1-E90A,Left,Gait,1.0.5,40.3887119,-3.6292984,F0:75:B1:51:59:F6,SCKS,0.0,1.187499,0.03125,-8.96,-22.4,-87.360001,0.289664,0.728832,-0.158848,459,315,679,1.1879101133928442
2024-04-25 14:15:32.678000+00:00,2024-04-25 14:15:30+00:00,2024-04-25 14:17:30+00:00,TABUENCA01-45,Sensoria-C1-EEA1,Right,Gait,1.0.5,40.3887119,-3.6292984,CB:AA:BC:3F:36:A5,SCKS,1.851564,1.781251,0.757813,-34.720001,-5.6,108.639999,-0.084096,0.551296,-0.289664,502,722,718,2.678698361903781
2024-04-25 14:15:32.695000+00:00,2024-04-25 14:15:30+00:00,2024-04-25 14:17:30+00:00,TABUENCA01-45,Sensoria-C1-EEA1,Right,Gait,1.0.5,40.3887119,-3.6292984,CB:AA:BC:3F:36:A5,SCKS,-2.000001,1.582032,-1.234376,-4.48,-72.800003,88.480003,-0.074752,0.579328,-0.289664,504,722,710,2.833110191715282
2024-04-25 14:15:32.703000+00:00,2024-04-25 14:15:30+00:00,2024-04-25 14:17:30+00:00,TABUENCA01-45,Sensoria-C1-E90A,Left,Gait,1.0.5,40.3887119,-3.6292984,F0:75:B1:51:59:F6,SCKS,0.15625,1.312499,-0.3125,-7.84,-20.16,-113.120003,0.28032,0.738176,-0.168192,447,305,695,1.3582061469088558
2024-04-25 14:15:32.735000+00:00,2024-04-25 14:15:30+00:00,2024-04-25 14:17:30+00:00,TABUENCA01-45,Sensoria-C1-E90A,Left,Gait,1.0.5,40.3887119,-3.6292984,F0:75:B1:51:59:F6,SCKS,0.21875,1.624999,-0.15625,-13.440001,-26.880001,-143.360001,0.224256,0.766208,-0.177536,452,313,702,1.6470845075468958
2024-04-25 14:15:32.743000+00:00,2024-04-25 14:15:30+00:00,2024-04-25 14:17:30+00:00,TABUENCA01-45,Sensoria-C1-EEA1,Right,Gait,1.0.5,40.3887119,-3.6292984,CB:AA:BC:3F:36:A5,SCKS,-0.976563,0.937501,1.32422,28.0,-90.720001,147.839996,-0.074752,0.588672,-0.299008,514,726,681,1.893711178181615
2024-04-25 14:15:32.744000+00:00,2024-04-25 14:15:30+00:00,2024-04-25 14:17:30+00:00,TABUENCA01-45,Sensoria-C1-EEA1,Right,Gait,1.0.5,40.3887119,-3.6292984,CB:AA:BC:3F:36:A5,SCKS,-0.085938,1.660157,0.28125,64.959999,-183.680008,238.559998,-0.065408,0.626048,-0.308352,522,729,630,1.6860036082384284
2024-04-25 14:15:32.751000+00:00,2024-04-25 14:15:30+00:00,2024-04-25 14:17:30+00:00,TABUENCA01-45,Sensoria-C1-E90A,Left,Gait,1.0.5,40.3887119,-3.6292984,F0:75:B1:51:59:F6,SCKS,0.6875,2.187499,0.0,-24.639999,-28.0,-192.639999,0.196224,0.775552,-0.18688,502,359,705,2.29299108698682
2024-04-25 14:15:32.760000+00:00,2024-04-25 14:15:30+00:00,2024-04-25 14:17:30+00:00,TABUENCA01-45,Sensoria-C1-EEA1,Right,Gait,1.0.5,40.3887119,-3.6292984,CB:AA:BC:3F:36:A5,SCKS,0.582032,1.652345,0.273438,38.080002,-29.120001,210.559998,-0.065408,0.626048,-0.308352,529,730,560,1.7730689743755035
2024-04-25 14:15:32.776000+00:00,2024-04-25 14:15:30+00:00,2024-04-25 14:17:30+00:00,TABUENCA01-45,Sensoria-C1-EEA1,Right,Gait,1.0.5,40.3887119,-3.6292984,CB:AA:BC:3F:36:A5,SCKS,0.195313,1.214845,-0.324219,41.439999,25.76,197.119995,-0.037376,0.65408,-0.317696,530,731,490,1.2724439091586708
2024-04-25 14:15:32.783000+00:00,2024-04-25 14:15:30+00:00,2024-04-25 14:17:30+00:00,TABUENCA01-45,Sensoria-C1-E90A,Left,Gait,1.0.5,40.3887119,-3.6292984,F0:75:B1:51:59:F6,SCKS,1.062499,2.187499,-0.03125,-49.279999,-87.360001,-219.520004,0.149504,0.784896,-0.18688,557,405,706,2.4320839957744056
2024-04-25 14:15:32.809000+00:00,2024-04-25 14:15:30+00:00,2024-04-25 14:17:30+00:00,TABUENCA01-45,Sensoria-C1-EEA1,Right,Gait,1.0.5,40.3887119,-3.6292984,CB:AA:BC:3F:36:A5,SCKS,0.457032,1.359376,-0.53125,24.639999,-10.08,178.080002,-0.028032,0.682112,-0.308352,524,733,434,1.529381548502531
2024-04-25 14:15:32.816000+00:00,2024-04-25 14:15:30+00:00,2024-04-25 14:17:30+00:00,TABUENCA01-45,Sensoria-C1-E90A,Left,Gait,1.0.5,40.3887119,-3.6292984,F0:75:B1:51:59:F6,SCKS,0.6875,2.187499,-0.968749,-25.76,-54.880001,-269.920013,0.112128,0.79424,-0.196224,610,464,710,2.489233365918511
2024-04-25 14:15:32.825000+00:00,2024-04-25 14:15:30+00:00,2024-04-25 14:17:30+00:00,TABUENCA01-45,Sensoria-C1-EEA1,Right,Gait,1.0.5,40.3887119,-3.6292984,CB:AA:BC:3F:36:A5,SCKS,0.058594,0.882813,0.324219,-40.32,56.0,170.240005,0.0,0.7008,-0.299008,509,731,399,0.9422897695327059
2024-04-25 14:15:32.841000+00:00,2024-04-25 14:15:30+00:00,2024-04-25 14:17:30+00:00,TABUENCA01-45,Sensoria-C1-EEA1,Right,Gait,1.0.5,40.3887119,-3.6292984,CB:AA:BC:3F:36:A5,SCKS,-0.164063,0.988282,-0.214844,-11.2,48.16,117.599998,0.009344,0.719488,-0.308352,492,716,373,1.0245857327861831
2024-04-25 14:15:32.849000+00:00,2024-04-25 14:15:30+00:00,2024-04-25 14:17:30+00:00,TABUENCA01-45,Sensoria-C1-E90A,Left,Gait,1.0.5,40.3887119,-3.6292984,F0:75:B1:51:59:F6,SCKS,0.875,0.90625,-0.40625,8.96,66.080002,-257.600006,0.056064,0.79424,-0.196224,667,530,714,1.3236136615342107
2024-04-25 14:15:32.857000+00:00,2024-04-25 14:15:30+00:00,2024-04-25 14:17:30+00:00,TABUENCA01-45,Sensoria-C1-EEA1,Right,Gait,1.0.5,40.3887119,-3.6292984,CB:AA:BC:3F:36:A5,SCKS,0.070313,0.960938,0.046875,-15.68,20.16,92.959999,0.009344,0.719488,-0.308352,474,693,364,0.9646465795502516
2024-04-25 14:15:32.881000+00:00,2024-04-25 14:15:30+00:00,2024-04-25 14:17:30+00:00,TABUENCA01-45,Sensoria-C1-E90A,Left,Gait,1.0.5,40.3887119,-3.6292984,F0:75:B1:51:59:F6,SCKS,-0.28125,0.46875,-0.40625,17.92,-6.72,-152.320007,-0.018688,0.784896,-0.177536,698,560,716,0.6810779599282303
2024-04-25 14:15:32.905000+00:00,2024-04-25 14:15:30+00:00,2024-04-25 14:17:30+00:00,TABUENCA01-45,Sensoria-C1-EEA1,Right,Gait,1.0.5,40.3887119,-3.6292984,CB:AA:BC:3F:36:A5,SCKS,0.003906,1.019532,0.089844,-2.24,13.440001,68.32,0.018688,0.719488,-0.308352,456,665,360,1.0234904494893933
2024-04-25 14:15:32.906000+00:00,2024-04-25 14:15:30+00:00,2024-04-25 14:17:30+00:00,TABUENCA01-45,Sensoria-C1-EEA1,Right,Gait,1.0.5,40.3887119,-3.6292984,CB:AA:BC:3F:36:A5,SCKS,-0.03125,0.945313,0.082031,0.0,10.08,52.639999,0.037376,0.728832,-0.308352,437,641,365,0.9493799636762933
2024-04-25 14:15:32.914000+00:00,2024-04-25 14:15:30+00:00,2024-04-25 14:17:30+00:00,TABUENCA01-45,Sensoria-C1-E90A,Left,Gait,1.0.5,40.3887119,-3.6292984,F0:75:B1:51:59:F6,SCKS,0.25,0.125,-0.15625,1.12,-89.599998,29.120001,-0.028032,0.784896,-0.196224,710,566,715,0.32021721143623744
2024-04-25 14:15:32.922000+00:00,2024-04-25 14:15:30+00:00,2024-04-25 14:17:30+00:00,TABUENCA01-45,Sensoria-C1-EEA1,Right,Gait,1.0.5,40.3887119,-3.6292984,CB:AA:BC:3F:36:A5,SCKS,-0.078125,1.074219,-0.082031,5.6,1.12,41.439999,0.037376,0.738176,-0.299008,420,619,374,1.0801754767383862
2024-04-25 14:15:32.939000+00:00,2024-04-25 14:15:30+00:00,2024-04-25 14:17:30+00:00,TABUENCA01-45,Sensoria-C1-EEA1,Right,Gait,1.0.5,40.3887119,-3.6292984,CB:AA:BC:3F:36:A5,SCKS,-0.0625,1.007813,-0.066406,1.12,4.48,41.439999,0.04672,0.738176,-0.299008,404,603,392,1.0119303581793562
2024-04-25 14:15:32.946000+00:00,2024-04-25 14:15:30+00:00,2024-04-25 14:17:30+00:00,TABUENCA01-45,Sensoria-C1-E90A,Left,Gait,1.0.5,40.3887119,-3.6292984,F0:75:B1:51:59:F6,SCKS,0.6875,-0.03125,-0.125,-4.48,-24.639999,156.800003,-0.009344,0.784896,-0.196224,716,567,713,0.699469665174981
2024-04-25 14:15:32.955000+00:00,2024-04-25 14:15:30+00:00,2024-04-25 14:17:30+00:00,TABUENCA01-45,Sensoria-C1-EEA1,Right,Gait,1.0.5,40.3887119,-3.6292984,CB:AA:BC:3F:36:A5,SCKS,-0.03125,0.972657,-0.070313,-1.12,5.6,41.439999,0.04672,0.738176,-0.299008,391,589,415,0.9756957108227954
2024-04-25 14:15:32.979000+00:00,2024-04-25 14:15:30+00:00,2024-04-25 14:17:30+00:00,TABUENCA01-45,Sensoria-C1-E90A,Left,Gait,1.0.5,40.3887119,-3.6292984,F0:75:B1:51:59:F6,SCKS,0.5,0.09375,-0.03125,-12.32,14.56,196.0,0.018688,0.784896,-0.205568,718,565,713,0.5096720759468778
2024-04-25 14:15:32.987000+00:00,2024-04-25 14:15:30+00:00,2024-04-25 14:17:30+00:00,TABUENCA01-45,Sensoria-C1-EEA1,Right,Gait,1.0.5,40.3887119,-3.6292984,CB:AA:BC:3F:36:A5,SCKS,0.011719,0.968751,-0.046875,-3.36,11.2,39.200001,0.056064,0.738176,-0.299008,380,578,443,0.9699552054538395
2024-04-25 14:15:33.004000+00:00,2024-04-25 14:15:30+00:00,2024-04-25 14:17:30+00:00,TABUENCA01-45,Sensoria-C1-EEA1,Right,Gait,1.0.5,40.3887119,-3.6292984,CB:AA:BC:3F:36:A5,SCKS,0.007813,0.968751,-0.039063,2.24,12.32,35.84,0.056064,0.74752,-0.289664,370,570,475,0.9695697297971921
2024-04-25 14:15:33.020000+00:00,2024-04-25 14:15:30+00:00,2024-04-25 14:17:30+00:00,TABUENCA01-45,Sensoria-C1-EEA1,Right,Gait,1.0.5,40.3887119,-3.6292984,CB:AA:BC:3F:36:A5,SCKS,0.011719,0.953126,-0.089844,6.72,11.2,35.84,0.056064,0.74752,-0.299008,361,561,506,0.957422817345085
2024-04-25 14:15:33.036000+00:00,2024-04-25 14:15:30+00:00,2024-04-25 14:17:30+00:00,TABUENCA01-45,Sensoria-C1-EEA1,Right,Gait,1.0.5,40.3887119,-3.6292984,CB:AA:BC:3F:36:A5,SCKS,0.03125,0.945313,-0.117188,10.08,8.96,34.720001,0.065408,0.74752,-0.299008,354,553,535,0.953061518378011
2024-04-25 14:15:33.043000+00:00,2024-04-25 14:15:30+00:00,2024-04-25 14:17:30+00:00,TABUENCA01-45,Sensoria-C1-E90A,Left,Gait,1.0.5,40.3887119,-3.6292984,F0:75:B1:51:59:F6,SCKS,0.21875,0.625,-0.1875,-1.12,21.280001,302.399994,0.158848,0.784896,-0.196224,716,563,710,0.6882098607982887
2024-04-25 14:15:33.075000+00:00,2024-04-25 14:15:30+00:00,2024-04-25 14:17:30+00:00,TABUENCA01-45,Sensoria-C1-E90A,Left,Gait,1.0.5,40.3887119,-3.6292984,F0:75:B1:51:59:F6,SCKS,0.34375,0.999999,-0.09375,-8.96,13.440001,356.160004,0.214912,0.766208,-0.205568,715,564,708,1.0615795424747971
2024-04-25 14:15:33.092000+00:00,2024-04-25 14:15:30+00:00,2024-04-25 14:17:30+00:00,TABUENCA01-45,Sensoria-C1-E90A,Left,Gait,1.0.5,40.3887119,-3.6292984,F0:75:B1:51:59:F6,SCKS,0.3125,1.562499,-0.09375,0.0,21.280001,396.480011,0.289664,0.74752,-0.205568,717,563,707,1.5961981197523698
2024-04-25 14:15:33.100000+00:00,2024-04-25 14:15:30+00:00,2024-04-25 14:17:30+00:00,TABUENCA01-45,Sensoria-C1-EEA1,Right,Gait,1.0.5,40.3887119,-3.6292984,CB:AA:BC:3F:36:A5,SCKS,0.039063,0.937501,-0.101563,3.36,13.440001,33.599998,0.065408,0.74752,-0.289664,347,546,563,0.9437950444556276
2024-04-25 14:15:33.101000+00:00,2024-04-25 14:15:30+00:00,2024-04-25 14:17:30+00:00,TABUENCA01-45,Sensoria-C1-EEA1,Right,Gait,1.0.5,40.3887119,-3.6292984,CB:AA:BC:3F:36:A5,SCKS,0.007813,0.925782,-0.019531,-2.24,11.2,38.080002,0.074752,0.74752,-0.28032,334,531,600,0.9260209578913428
2024-04-25 14:15:33.117000+00:00,2024-04-25 14:15:30+00:00,2024-04-25 14:17:30+00:00,TABUENCA01-45,Sensoria-C1-EEA1,Right,Gait,1.0.5,40.3887119,-3.6292984,CB:AA:BC:3F:36:A5,SCKS,0.050781,0.914063,-0.007813,-3.36,1.12,44.799999,0.074752,0.756864,-0.289664,326,523,612,0.915505827889151
2024-04-25 14:15:33.124000+00:00,2024-04-25 14:15:30+00:00,2024-04-25 14:17:30+00:00,TABUENCA01-45,Sensoria-C1-E90A,Left,Gait,1.0.5,40.3887119,-3.6292984,F0:75:B1:51:59:F6,SCKS,0.375,2.312499,-0.09375,2.24,38.080002,413.279999,0.355072,0.710144,-0.205568,715,562,707,2.3445821989218034
2024-04-25 14:15:33.157000+00:00,2024-04-25 14:15:30+00:00,2024-04-25 14:17:30+00:00,TABUENCA01-45,Sensoria-C1-E90A,Left,Gait,1.0.5,40.3887119,-3.6292984,F0:75:B1:51:59:F6,SCKS,-0.3125,3.062498,0.21875,13.440001,122.080002,418.880005,0.457856,0.588672,-0.224256,716,561,707,3.0861629594860998
2024-04-25 14:15:33.189000+00:00,2024-04-25 14:15:30+00:00,2024-04-25 14:17:30+00:00,TABUENCA01-45,Sensoria-C1-E90A,Left,Gait,1.0.5,40.3887119,-3.6292984,F0:75:B1:51:59:F6,SCKS,-2.031249,2.156249,-1.124999,23.52,153.440002,290.079987,0.485888,0.523264,-0.242944,713,563,708,3.1687544871767837
2024-04-25 14:15:33.213000+00:00,2024-04-25 14:15:30+00:00,2024-04-25 14:17:30+00:00,TABUENCA01-45,Sensoria-C1-EEA1,Right,Gait,1.0.5,40.3887119,-3.6292984,CB:AA:BC:3F:36:A5,SCKS,0.054688,0.941407,-0.019531,-8.96,-3.36,50.400002,0.084096,0.756864,-0.28032,319,513,621,0.9431963618218637
2024-04-25 14:15:33.214000+00:00,2024-04-25 14:15:30+00:00,2024-04-25 14:17:30+00:00,TABUENCA01-45,Sensoria-C1-EEA1,Right,Gait,1.0.5,40.3887119,-3.6292984,CB:AA:BC:3F:36:A5,SCKS,0.050781,1.031251,-0.03125,-15.68,-2.24,53.760002,0.09344,0.756864,-0.28032,308,505,628,1.0329733285337042
2024-04-25 14:15:33.215000+00:00,2024-04-25 14:15:30+00:00,2024-04-25 14:17:30+00:00,TABUENCA01-45,Sensoria-C1-EEA1,Right,Gait,1.0.5,40.3887119,-3.6292984,CB:AA:BC:3F:36:A5,SCKS,0.019531,1.039063,0.039063,-17.92,-1.12,59.360001,0.09344,0.756864,-0.28032,298,494,638,1.0399804305365559
2024-04-25 14:15:33.216000+00:00,2024-04-25 14:15:30+00:00,2024-04-25 14:17:30+00:00,TABUENCA01-45,Sensoria-C1-EEA1,Right,Gait,1.0.5,40.3887119,-3.6292984,CB:AA:BC:3F:36:A5,SCKS,-0.015625,1.117188,-0.058594,-10.08,-14.56,72.800003,0.102784,0.766208,-0.299008,288,480,651,1.1188326169740495
2024-04-25 14:15:33.217000+00:00,2024-04-25 14:15:30+00:00,2024-04-25 14:17:30+00:00,TABUENCA01-45,Sensoria-C1-EEA1,Right,Gait,1.0.5,40.3887119,-3.6292984,CB:AA:BC:3F:36:A5,SCKS,-0.007813,1.175782,0.027344,-14.56,-19.040001,91.840004,0.121472,0.766208,-0.299008,276,467,671,1.1761258643652899
2024-04-25 14:15:33.222000+00:00,2024-04-25 14:15:30+00:00,2024-04-25 14:17:30+00:00,TABUENCA01-45,Sensoria-C1-E90A,Left,Gait,1.0.5,40.3887119,-3.6292984,F0:75:B1:51:59:F6,SCKS,-3.749998,1.343749,-0.6875,15.68,-41.439999,108.639999,0.523264,0.4672,-0.252288,713,562,711,4.042375863895514
2024-04-25 14:15:33.246000+00:00,2024-04-25 14:15:30+00:00,2024-04-25 14:17:30+00:00,TABUENCA01-45,Sensoria-C1-EEA1,Right,Gait,1.0.5,40.3887119,-3.6292984,CB:AA:BC:3F:36:A5,SCKS,0.0,1.265626,0.046875,-20.16,-23.52,106.400002,0.130816,0.775552,-0.308352,268,453,688,1.2664937573872994
2024-04-25 14:15:33.254000+00:00,2024-04-25 14:15:30+00:00,2024-04-25 14:17:30+00:00,TABUENCA01-45,Sensoria-C1-E90A,Left,Gait,1.0.5,40.3887119,-3.6292984,F0:75:B1:51:59:F6,SCKS,-1.999999,2.093749,-0.375,19.040001,-61.599998,-129.919998,0.51392,0.476544,-0.252288,711,562,715,2.919658520272876
2024-04-25 14:15:33.263000+00:00,2024-04-25 14:15:30+00:00,2024-04-25 14:17:30+00:00,TABUENCA01-45,Sensoria-C1-EEA1,Right,Gait,1.0.5,40.3887119,-3.6292984,CB:AA:BC:3F:36:A5,SCKS,0.015625,1.429689,-0.117188,-24.639999,-25.76,122.080002,0.149504,0.784896,-0.299008,260,442,705,1.4345688567266475
2024-04-25 14:15:33.279000+00:00,2024-04-25 14:15:30+00:00,2024-04-25 14:17:30+00:00,TABUENCA01-45,Sensoria-C1-EEA1,Right,Gait,1.0.5,40.3887119,-3.6292984,CB:AA:BC:3F:36:A5,SCKS,-0.070313,1.566407,-0.050781,-25.76,-19.040001,140.0,0.149504,0.784896,-0.299008,254,435,715,1.568806399011363
2024-04-25 14:15:33.286000+00:00,2024-04-25 14:15:30+00:00,2024-04-25 14:17:30+00:00,TABUENCA01-45,Sensoria-C1-E90A,Left,Gait,1.0.5,40.3887119,-3.6292984,F0:75:B1:51:59:F6,SCKS,3.374998,-0.375,0.78125,45.920002,82.879997,-81.760002,0.504576,0.495232,-0.252288,715,561,697,3.4844781621505394
2024-04-25 14:15:33.295000+00:00,2024-04-25 14:15:30+00:00,2024-04-25 14:17:30+00:00,TABUENCA01-45,Sensoria-C1-EEA1,Right,Gait,1.0.5,40.3887119,-3.6292984,CB:AA:BC:3F:36:A5,SCKS,-0.304688,1.890626,0.078125,-23.52,-3.36,175.839996,0.168192,0.79424,-0.299008,256,442,722,1.9166128886254
2024-04-25 14:15:33.319000+00:00,2024-04-25 14:15:30+00:00,2024-04-25 14:17:30+00:00,TABUENCA01-45,Sensoria-C1-E90A,Left,Gait,1.0.5,40.3887119,-3.6292984,F0:75:B1:51:59:F6,SCKS,-0.28125,1.843749,0.25,76.160004,140.0,-229.600006,0.504576,0.532608,-0.270976,723,569,638,1.8817576723640588
2024-04-25 14:15:33.330000+00:00,2024-04-25 14:15:30+00:00,2024-04-25 14:17:30+00:00,TABUENCA01-45,Sensoria-C1-EEA1,Right,Gait,1.0.5,40.3887119,-3.6292984,CB:AA:BC:3F:36:A5,SCKS,-0.632813,1.996095,0.328125,-26.880001,17.92,201.600006,0.205568,0.803584,-0.299008,262,459,724,2.1195550376479964
2024-04-25 14:15:33.344000+00:00,2024-04-25 14:15:30+00:00,2024-04-25 14:17:30+00:00,TABUENCA01-45,Sensoria-C1-EEA1,Right,Gait,1.0.5,40.3887119,-3.6292984,CB:AA:BC:3F:36:A5,SCKS,-1.164063,1.996095,0.261719,-44.799999,54.880001,227.360001,0.2336,0.803584,-0.317696,274,477,725,2.3254966678013105
2024-04-25 14:15:33.351000+00:00,2024-04-25 14:15:30+00:00,2024-04-25 14:17:30+00:00,TABUENCA01-45,Sensoria-C1-E90A,Left,Gait,1.0.5,40.3887119,-3.6292984,F0:75:B1:51:59:F6,SCKS,-0.09375,1.531249,-1.406249,131.039993,38.080002,-201.600006,0.476544,0.56064,-0.28032,721,575,510,2.081117202971039
2024-04-25 14:15:33.360000+00:00,2024-04-25 14:15:30+00:00,2024-04-25 14:17:30+00:00,TABUENCA01-45,Sensoria-C1-EEA1,Right,Gait,1.0.5,40.3887119,-3.6292984,CB:AA:BC:3F:36:A5,SCKS,-0.25,1.996095,-0.386719,-40.32,25.76,281.119995,0.289664,0.803584,-0.32704,293,505,727,2.0485230860271018
2024-04-25 14:15:33.377000+00:00,2024-04-25 14:15:30+00:00,2024-04-25 14:17:30+00:00,TABUENCA01-45,Sensoria-C1-EEA1,Right,Gait,1.0.5,40.3887119,-3.6292984,CB:AA:BC:3F:36:A5,SCKS,-0.6875,1.996095,-0.675782,-26.880001,6.72,308.0,0.336384,0.803584,-0.317696,334,559,728,2.216694117497721
2024-04-25 14:15:33.384000+00:00,2024-04-25 14:15:30+00:00,2024-04-25 14:17:30+00:00,TABUENCA01-45,Sensoria-C1-E90A,Left,Gait,1.0.5,40.3887119,-3.6292984,F0:75:B1:51:59:F6,SCKS,-0.0625,0.90625,0.1875,57.119999,-109.760002,-201.600006,0.429824,0.635392,-0.270976,702,573,411,0.9275513799784894
2024-04-25 14:15:33.393000+00:00,2024-04-25 14:15:30+00:00,2024-04-25 14:17:30+00:00,TABUENCA01-45,Sensoria-C1-EEA1,Right,Gait,1.0.5,40.3887119,-3.6292984,CB:AA:BC:3F:36:A5,SCKS,-0.433594,1.79297,-0.664063,-4.48,-23.52,309.119995,0.383104,0.803584,-0.317696,394,620,727,1.9605419775421795
2024-04-25 14:15:33.400000+00:00,2024-04-25 14:15:30+00:00,2024-04-25 14:17:30+00:00,TABUENCA01-45,Sensoria-C1-E90A,Left,Gait,1.0.5,40.3887119,-3.6292984,F0:75:B1:51:59:F6,SCKS,0.125,0.968749,-0.34375,68.32,-72.800003,-103.040001,0.411136,0.65408,-0.2336,673,555,374,1.0355016598253235
2024-04-25 14:15:33.426000+00:00,2024-04-25 14:15:30+00:00,2024-04-25 14:17:30+00:00,TABUENCA01-45,Sensoria-C1-EEA1,Right,Gait,1.0.5,40.3887119,-3.6292984,CB:AA:BC:3F:36:A5,SCKS,-0.300781,0.382813,-0.472657,14.56,30.24,250.880005,0.383104,0.803584,-0.317696,452,668,729,0.678542292402618
2024-04-25 14:15:33.433000+00:00,2024-04-25 14:15:30+00:00,2024-04-25 14:17:30+00:00,TABUENCA01-45,Sensoria-C1-E90A,Left,Gait,1.0.5,40.3887119,-3.6292984,F0:75:B1:51:59:F6,SCKS,0.125,0.968749,-0.21875,36.959999,-42.560001,-58.240002,0.401792,0.663424,-0.242944,644,526,361,1.0009751183226285
2024-04-25 14:15:33.442000+00:00,2024-04-25 14:15:30+00:00,2024-04-25 14:17:30+00:00,TABUENCA01-45,Sensoria-C1-EEA1,Right,Gait,1.0.5,40.3887119,-3.6292984,CB:AA:BC:3F:36:A5,SCKS,0.640625,0.304688,-0.707032,14.56,79.519997,162.399994,0.429824,0.784896,-0.317696,481,698,730,1.00156348625187
2024-04-25 14:15:33.458000+00:00,2024-04-25 14:15:30+00:00,2024-04-25 14:17:30+00:00,TABUENCA01-45,Sensoria-C1-EEA1,Right,Gait,1.0.5,40.3887119,-3.6292984,CB:AA:BC:3F:36:A5,SCKS,-0.644532,0.246094,-0.480469,-1.12,172.479996,52.639999,0.439168,0.784896,-0.32704,497,712,729,0.8407343312967539
2024-04-25 14:15:33.465000+00:00,2024-04-25 14:15:30+00:00,2024-04-25 14:17:30+00:00,TABUENCA01-45,Sensoria-C1-E90A,Left,Gait,1.0.5,40.3887119,-3.6292984,F0:75:B1:51:59:F6,SCKS,0.09375,0.999999,-0.1875,50.400002,-21.280001,-31.360001,0.392448,0.672768,-0.224256,619,501,367,1.0217354415410087
2024-04-25 14:15:33.474000+00:00,2024-04-25 14:15:30+00:00,2024-04-25 14:17:30+00:00,TABUENCA01-45,Sensoria-C1-EEA1,Right,Gait,1.0.5,40.3887119,-3.6292984,CB:AA:BC:3F:36:A5,SCKS,-0.972657,0.15625,-0.179688,-42.560001,150.080002,-35.84,0.429824,0.784896,-0.336384,504,719,727,1.0013807864608748
2024-04-25 14:15:33.498000+00:00,2024-04-25 14:15:30+00:00,2024-04-25 14:17:30+00:00,TABUENCA01-45,Sensoria-C1-E90A,Left,Gait,1.0.5,40.3887119,-3.6292984,F0:75:B1:51:59:F6,SCKS,0.125,1.031249,-0.25,34.720001,-26.880001,-25.76,0.392448,0.672768,-0.214912,601,478,395,1.0684565971535767
2024-04-25 14:15:33.507000+00:00,2024-04-25 14:15:30+00:00,2024-04-25 14:17:30+00:00,TABUENCA01-45,Sensoria-C1-EEA1,Right,Gait,1.0.5,40.3887119,-3.6292984,CB:AA:BC:3F:36:A5,SCKS,-0.632813,-0.179688,0.058594,-26.880001,94.080002,-61.599998,0.429824,0.79424,-0.345728,509,724,726,0.6604341959264374
2024-04-25 14:15:33.523000+00:00,2024-04-25 14:15:30+00:00,2024-04-25 14:17:30+00:00,TABUENCA01-45,Sensoria-C1-EEA1,Right,Gait,1.0.5,40.3887119,-3.6292984,CB:AA:BC:3F:36:A5,SCKS,-0.394532,-0.203125,0.03125,32.48,29.120001,-103.040001,0.429824,0.79424,-0.345728,511,726,724,0.44485034241753707
2024-04-25 14:15:33.531000+00:00,2024-04-25 14:15:30+00:00,2024-04-25 14:17:30+00:00,TABUENCA01-45,Sensoria-C1-E90A,Left,Gait,1.0.5,40.3887119,-3.6292984,F0:75:B1:51:59:F6,SCKS,0.09375,0.968749,-0.25,6.72,-35.84,-25.76,0.37376,0.682112,-0.205568,580,455,469,1.0048699853717395
2024-04-25 14:15:33.539000+00:00,2024-04-25 14:15:30+00:00,2024-04-25 14:17:30+00:00,TABUENCA01-45,Sensoria-C1-EEA1,Right,Gait,1.0.5,40.3887119,-3.6292984,CB:AA:BC:3F:36:A5,SCKS,-0.46875,0.003906,-0.0625,57.119999,5.6,-148.960007,0.401792,0.79424,-0.336384,512,726,724,0.4729144418771751
2024-04-25 14:15:33.556000+00:00,2024-04-25 14:15:30+00:00,2024-04-25 14:17:30+00:00,TABUENCA01-45,Sensoria-C1-EEA1,Right,Gait,1.0.5,40.3887119,-3.6292984,CB:AA:BC:3F:36:A5,SCKS,-0.527344,0.183594,-0.019531,58.240002,-21.280001,-196.0,0.37376,0.812928,-0.336384,513,726,724,0.5587306248390185
2024-04-25 14:15:33.563000+00:00,2024-04-25 14:15:30+00:00,2024-04-25 14:17:30+00:00,TABUENCA01-45,Sensoria-C1-E90A,Left,Gait,1.0.5,40.3887119,-3.6292984,F0:75:B1:51:59:F6,SCKS,0.0625,0.9375,-0.28125,-1.12,-35.84,-21.280001,0.364416,0.682112,-0.196224,569,442,528,0.980772176654701
2024-04-25 14:15:33.588000+00:00,2024-04-25 14:15:30+00:00,2024-04-25 14:17:30+00:00,TABUENCA01-45,Sensoria-C1-EEA1,Right,Gait,1.0.5,40.3887119,-3.6292984,CB:AA:BC:3F:36:A5,SCKS,-0.421875,0.34375,0.046875,66.080002,-70.559998,-259.839996,0.32704,0.812928,-0.32704,511,725,723,0.5462049466546417
2024-04-25 14:15:33.596000+00:00,2024-04-25 14:15:30+00:00,2024-04-25 14:17:30+00:00,TABUENCA01-45,Sensoria-C1-E90A,Left,Gait,1.0.5,40.3887119,-3.6292984,F0:75:B1:51:59:F6,SCKS,0.03125,0.9375,-0.25,-6.72,-34.720001,-21.280001,0.364416,0.691456,-0.196224,560,432,579,0.9707640354380667
2024-04-25 14:15:33.604000+00:00,2024-04-25 14:15:30+00:00,2024-04-25 14:17:30+00:00,TABUENCA01-45,Sensoria-C1-EEA1,Right,Gait,1.0.5,40.3887119,-3.6292984,CB:AA:BC:3F:36:A5,SCKS,-0.46875,0.617188,0.015625,71.68,-87.360001,-300.160004,0.270976,0.812928,-0.299008,512,726,722,0.7751720650726521
2024-04-25 14:15:33.621000+00:00,2024-04-25 14:15:30+00:00,2024-04-25 14:17:30+00:00,TABUENCA01-45,Sensoria-C1-EEA1,Right,Gait,1.0.5,40.3887119,-3.6292984,CB:AA:BC:3F:36:A5,SCKS,-0.460938,0.906251,0.011719,66.080002,-88.480003,-325.920013,0.270976,0.812928,-0.299008,512,725,719,1.016804823850674
2024-04-25 14:15:33.628000+00:00,2024-04-25 14:15:30+00:00,2024-04-25 14:17:30+00:00,TABUENCA01-45,Sensoria-C1-E90A,Left,Gait,1.0.5,40.3887119,-3.6292984,F0:75:B1:51:59:F6,SCKS,0.03125,0.90625,-0.25,-1.12,-34.720001,-24.639999,0.355072,0.691456,-0.177536,554,422,615,0.9406198089557757
2024-04-25 14:15:33.637000+00:00,2024-04-25 14:15:30+00:00,2024-04-25 14:17:30+00:00,TABUENCA01-45,Sensoria-C1-EEA1,Right,Gait,1.0.5,40.3887119,-3.6292984,CB:AA:BC:3F:36:A5,SCKS,-0.367188,1.171876,0.070313,54.880001,-79.519997,-349.440002,0.214912,0.803584,-0.299008,510,725,720,1.230066788710678
2024-04-25 14:15:33.653000+00:00,2024-04-25 14:15:30+00:00,2024-04-25 14:17:30+00:00,TABUENCA01-45,Sensoria-C1-EEA1,Right,Gait,1.0.5,40.3887119,-3.6292984,CB:AA:BC:3F:36:A5,SCKS,-0.367188,1.527345,0.113281,35.84,-52.639999,-368.480011,0.149504,0.784896,-0.308352,511,724,720,1.5749420184025822
2024-04-25 14:15:33.661000+00:00,2024-04-25 14:15:30+00:00,2024-04-25 14:17:30+00:00,TABUENCA01-45,Sensoria-C1-E90A,Left,Gait,1.0.5,40.3887119,-3.6292984,F0:75:B1:51:59:F6,SCKS,0.0,0.90625,-0.21875,2.24,-33.599998,-29.120001,0.345728,0.7008,-0.18688,544,409,641,0.9322771181360187
2024-04-25 14:15:33.686000+00:00,2024-04-25 14:15:30+00:00,2024-04-25 14:17:30+00:00,TABUENCA01-45,Sensoria-C1-EEA1,Right,Gait,1.0.5,40.3887119,-3.6292984,CB:AA:BC:3F:36:A5,SCKS,-0.453125,1.992189,0.21875,10.08,-11.2,-380.799988,0.09344,0.756864,-0.299008,510,722,720,2.054748364118098
2024-04-25 14:15:33.693000+00:00,2024-04-25 14:15:30+00:00,2024-04-25 14:17:30+00:00,TABUENCA01-45,Sensoria-C1-E90A,Left,Gait,1.0.5,40.3887119,-3.6292984,F0:75:B1:51:59:F6,SCKS,-0.03125,0.9375,-0.1875,3.36,-30.24,-36.959999,0.345728,0.710144,-0.177536,536,391,659,0.9565767415633729
2024-04-25 14:15:33.702000+00:00,2024-04-25 14:15:30+00:00,2024-04-25 14:17:30+00:00,TABUENCA01-45,Sensoria-C1-EEA1,Right,Gait,1.0.5,40.3887119,-3.6292984,CB:AA:BC:3F:36:A5,SCKS,-0.421875,1.996095,0.28125,15.68,-28.0,-388.640015,0.037376,0.719488,-0.308352,509,722,719,2.059484238140705
2024-04-25 14:15:33.726000+00:00,2024-04-25 14:15:30+00:00,2024-04-25 14:17:30+00:00,TABUENCA01-45,Sensoria-C1-E90A,Left,Gait,1.0.5,40.3887119,-3.6292984,F0:75:B1:51:59:F6,SCKS,-0.0625,0.9375,-0.1875,1.12,-33.599998,-36.959999,0.336384,0.710144,-0.18688,521,369,672,0.9581068572972432
2024-04-25 14:15:33.734000+00:00,2024-04-25 14:15:30+00:00,2024-04-25 14:17:30+00:00,TABUENCA01-45,Sensoria-C1-EEA1,Right,Gait,1.0.5,40.3887119,-3.6292984,CB:AA:BC:3F:36:A5,SCKS,0.289063,1.996095,0.296875,45.920002,-95.199997,-412.160004,0.037376,0.65408,-0.308352,510,723,720,2.0386484328149863
2024-04-25 14:15:33.736000+00:00,2024-04-25 14:15:30+00:00,2024-04-25 14:17:30+00:00,TABUENCA01-45,Sensoria-C1-EEA1,Right,Gait,1.0.5,40.3887119,-3.6292984,CB:AA:BC:3F:36:A5,SCKS,0.832032,1.996095,-0.027344,13.440001,-80.639999,-417.76001,-0.018688,0.65408,-0.308352,509,721,718,2.162734424839305
2024-04-25 14:15:33.742000+00:00,2024-04-25 14:15:30+00:00,2024-04-25 14:17:30+00:00,TABUENCA01-45,Sensoria-C1-E90A,Left,Gait,1.0.5,40.3887119,-3.6292984,F0:75:B1:51:59:F6,SCKS,-0.03125,1.031249,-0.21875,-3.36,-35.84,-40.32,0.317696,0.719488,-0.177536,504,348,684,1.0546575866133046
2024-04-25 14:15:33.767000+00:00,2024-04-25 14:15:30+00:00,2024-04-25 14:17:30+00:00,TABUENCA01-45,Sensoria-C1-EEA1,Right,Gait,1.0.5,40.3887119,-3.6292984,CB:AA:BC:3F:36:A5,SCKS,1.835939,1.996095,-1.464845,11.2,-38.080002,-365.119995,-0.065408,0.598016,-0.317696,509,722,719,3.082342961899438
2024-04-25 14:15:33.774000+00:00,2024-04-25 14:15:30+00:00,2024-04-25 14:17:30+00:00,TABUENCA01-45,Sensoria-C1-E90A,Left,Gait,1.0.5,40.3887119,-3.6292984,F0:75:B1:51:59:F6,SCKS,0.03125,1.062499,-0.21875,-8.96,-39.200001,-50.400002,0.308352,0.728832,-0.177536,485,329,696,1.0852337305857205
2024-04-25 14:15:33.784000+00:00,2024-04-25 14:15:30+00:00,2024-04-25 14:17:30+00:00,TABUENCA01-45,Sensoria-C1-EEA1,Right,Gait,1.0.5,40.3887119,-3.6292984,CB:AA:BC:3F:36:A5,SCKS,1.996095,1.160157,0.117188,62.720001,8.96,-187.039993,-0.084096,0.569984,-0.317696,509,723,720,2.3117293399137364
2024-04-25 14:15:33.799000+00:00,2024-04-25 14:15:30+00:00,2024-04-25 14:17:30+00:00,TABUENCA01-45,Sensoria-C1-EEA1,Right,Gait,1.0.5,40.3887119,-3.6292984,CB:AA:BC:3F:36:A5,SCKS,1.996095,1.765626,0.519532,42.560001,109.760002,-79.519997,-0.084096,0.551296,-0.299008,509,725,724,2.715095563681875
2024-04-25 14:15:33.807000+00:00,2024-04-25 14:15:30+00:00,2024-04-25 14:17:30+00:00,TABUENCA01-45,Sensoria-C1-E90A,Left,Gait,1.0.5,40.3887119,-3.6292984,F0:75:B1:51:59:F6,SCKS,0.03125,1.156249,-0.09375,-8.96,-31.360001,-82.879997,0.289664,0.738176,-0.168192,469,313,709,1.1604642928591125
2024-04-25 14:15:33.815000+00:00,2024-04-25 14:15:30+00:00,2024-04-25 14:17:30+00:00,TABUENCA01-45,Sensoria-C1-EEA1,Right,Gait,1.0.5,40.3887119,-3.6292984,CB:AA:BC:3F:36:A5,SCKS,1.996095,1.996095,0.898438,-29.120001,51.52,59.360001,-0.084096,0.56064,-0.308352,506,725,726,2.9624282840085763
2024-04-25 14:15:33.839000+00:00,2024-04-25 14:15:30+00:00,2024-04-25 14:17:30+00:00,TABUENCA01-45,Sensoria-C1-E90A,Left,Gait,1.0.5,40.3887119,-3.6292984,F0:75:B1:51:59:F6,SCKS,0.125,1.374999,-0.34375,0.0,-15.68,-123.199997,0.252288,0.756864,-0.168192,462,302,718,1.4228180883377186
2024-04-25 14:15:33.848000+00:00,2024-04-25 14:15:30+00:00,2024-04-25 14:17:30+00:00,TABUENCA01-45,Sensoria-C1-EEA1,Right,Gait,1.0.5,40.3887119,-3.6292984,CB:AA:BC:3F:36:A5,SCKS,-0.808594,1.773439,-0.812501,-22.4,-97.440002,155.680008,-0.084096,0.56064,-0.308352,506,724,717,2.1116505436643633
2024-04-25 14:15:33.864000+00:00,2024-04-25 14:15:30+00:00,2024-04-25 14:17:30+00:00,TABUENCA01-45,Sensoria-C1-EEA1,Right,Gait,1.0.5,40.3887119,-3.6292984,CB:AA:BC:3F:36:A5,SCKS,-2.000001,0.457032,0.773438,25.76,-62.720001,69.440002,-0.074752,0.569984,-0.308352,515,729,682,2.1925073748722035
2024-04-25 14:15:33.872000+00:00,2024-04-25 14:15:30+00:00,2024-04-25 14:17:30+00:00,TABUENCA01-45,Sensoria-C1-E90A,Left,Gait,1.0.5,40.3887119,-3.6292984,F0:75:B1:51:59:F6,SCKS,0.28125,1.749999,-0.28125,-11.2,-32.48,-155.680008,0.224256,0.766208,-0.177536,489,320,719,1.7946307767897554
2024-04-25 14:15:33.881000+00:00,2024-04-25 14:15:30+00:00,2024-04-25 14:17:30+00:00,TABUENCA01-45,Sensoria-C1-EEA1,Right,Gait,1.0.5,40.3887119,-3.6292984,CB:AA:BC:3F:36:A5,SCKS,1.32422,1.375001,-0.046875,66.080002,-152.320007,245.279999,-0.065408,0.60736,-0.345728,525,731,631,1.9095506340566097
2024-04-25 14:15:33.897000+00:00,2024-04-25 14:15:30+00:00,2024-04-25 14:17:30+00:00,TABUENCA01-45,Sensoria-C1-EEA1,Right,Gait,1.0.5,40.3887119,-3.6292984,CB:AA:BC:3F:36:A5,SCKS,0.203125,1.472657,0.078125,20.16,25.76,224.0,-0.04672,0.644736,-0.317696,533,735,561,1.488651040673737
2024-04-25 14:15:33.904000+00:00,2024-04-25 14:15:30+00:00,2024-04-25 14:17:30+00:00,TABUENCA01-45,Sensoria-C1-E90A,Left,Gait,1.0.5,40.3887119,-3.6292984,F0:75:B1:51:59:F6,SCKS,1.031249,2.312499,-0.0625,-35.84,-56.0,-202.720001,0.196224,0.775552,-0.177536,544,362,717,2.5327914195610344
2024-04-25 14:15:33.913000+00:00,2024-04-25 14:15:30+00:00,2024-04-25 14:17:30+00:00,TABUENCA01-45,Sensoria-C1-EEA1,Right,Gait,1.0.5,40.3887119,-3.6292984,CB:AA:BC:3F:36:A5,SCKS,0.15625,1.175782,-0.597657,40.32,38.080002,199.360001,-0.028032,0.682112,-0.32704,534,735,490,1.3281834450379963
2024-04-25 14:15:33.937000+00:00,2024-04-25 14:15:30+00:00,2024-04-25 14:17:30+00:00,TABUENCA01-45,Sensoria-C1-E90A,Left,Gait,1.0.5,40.3887119,-3.6292984,F0:75:B1:51:59:F6,SCKS,0.34375,1.999999,0.03125,-60.48,-108.639999,-207.199997,0.158848,0.784896,-0.177536,581,402,715,2.02956562470914
2024-04-25 14:15:33.945000+00:00,2024-04-25 14:15:30+00:00,2024-04-25 14:17:30+00:00,TABUENCA01-45,Sensoria-C1-EEA1,Right,Gait,1.0.5,40.3887119,-3.6292984,CB:AA:BC:3F:36:A5,SCKS,0.433594,1.312501,-0.347656,2.24,-10.08,180.320007,-0.028032,0.682112,-0.32704,525,737,436,1.4253165705109163
2024-04-25 14:15:33.962000+00:00,2024-04-25 14:15:30+00:00,2024-04-25 14:17:30+00:00,TABUENCA01-45,Sensoria-C1-EEA1,Right,Gait,1.0.5,40.3887119,-3.6292984,CB:AA:BC:3F:36:A5,SCKS,0.039063,0.816407,0.328125,-30.24,73.919998,148.960007,-0.009344,0.691456,-0.32704,510,733,397,0.8807453225779857
2024-04-25 14:15:33.970000+00:00,2024-04-25 14:15:30+00:00,2024-04-25 14:17:30+00:00,TABUENCA01-45,Sensoria-C1-E90A,Left,Gait,1.0.5,40.3887119,-3.6292984,F0:75:B1:51:59:F6,SCKS,0.59375,2.187499,-1.124999,-6.72,-72.800003,-254.240005,0.056064,0.79424,-0.196224,630,474,717,2.530476968380072
2024-04-25 14:15:33.978000+00:00,2024-04-25 14:15:30+00:00,2024-04-25 14:17:30+00:00,TABUENCA01-45,Sensoria-C1-EEA1,Right,Gait,1.0.5,40.3887119,-3.6292984,CB:AA:BC:3F:36:A5,SCKS,-0.140625,0.972657,-0.144531,-6.72,33.599998,108.639999,0.009344,0.710144,-0.308352,490,718,376,0.9933409486349589
2024-04-25 14:15:33.994000+00:00,2024-04-25 14:15:30+00:00,2024-04-25 14:17:30+00:00,TABUENCA01-45,Sensoria-C1-EEA1,Right,Gait,1.0.5,40.3887119,-3.6292984,CB:AA:BC:3F:36:A5,SCKS,0.074219,0.941407,-0.015625,-10.08,15.68,86.239998,0.018688,0.728832,-0.299008,471,694,365,0.944457378728654
2024-04-25 14:15:34.028000+00:00,2024-04-25 14:15:30+00:00,2024-04-25 14:17:30+00:00,TABUENCA01-45,Sensoria-C1-EEA1,Right,Gait,1.0.5,40.3887119,-3.6292984,CB:AA:BC:3F:36:A5,SCKS,-0.003906,1.019532,0.074219,-2.24,2.24,63.84,0.037376,0.728832,-0.308352,452,670,360,1.0222373578680248
2024-04-25 14:15:34.034000+00:00,2024-04-25 14:15:30+00:00,2024-04-25 14:17:30+00:00,TABUENCA01-45,Sensoria-C1-E90A,Left,Gait,1.0.5,40.3887119,-3.6292984,F0:75:B1:51:59:F6,SCKS,-0.5625,0.34375,-0.34375,21.280001,-94.080002,-99.68,-0.009344,0.784896,-0.196224,707,559,718,0.7434610783356449
2024-04-25 14:15:34.043000+00:00,2024-04-25 14:15:30+00:00,2024-04-25 14:17:30+00:00,TABUENCA01-45,Sensoria-C1-EEA1,Right,Gait,1.0.5,40.3887119,-3.6292984,CB:AA:BC:3F:36:A5,SCKS,0.007813,1.003907,-0.039063,1.12,7.84,48.16,0.037376,0.728832,-0.308352,437,651,364,1.0046970815061622
2024-04-25 14:15:34.059000+00:00,2024-04-25 14:15:30+00:00,2024-04-25 14:17:30+00:00,TABUENCA01-45,Sensoria-C1-EEA1,Right,Gait,1.0.5,40.3887119,-3.6292984,CB:AA:BC:3F:36:A5,SCKS,-0.050781,0.992188,0.121094,0.0,8.96,35.84,0.037376,0.728832,-0.317696,422,632,373,1.0008393947787027
2024-04-25 14:15:34.067000+00:00,2024-04-25 14:15:30+00:00,2024-04-25 14:17:30+00:00,TABUENCA01-45,Sensoria-C1-E90A,Left,Gait,1.0.5,40.3887119,-3.6292984,F0:75:B1:51:59:F6,SCKS,0.4375,0.03125,-0.09375,-3.36,-98.559998,80.639999,-0.028032,0.775552,-0.196224,714,562,715,0.44852187795022885
2024-04-25 14:15:34.075000+00:00,2024-04-25 14:15:30+00:00,2024-04-25 14:17:30+00:00,TABUENCA01-45,Sensoria-C1-EEA1,Right,Gait,1.0.5,40.3887119,-3.6292984,CB:AA:BC:3F:36:A5,SCKS,-0.066406,1.027344,-0.082031,4.48,4.48,30.24,0.037376,0.728832,-0.308352,410,620,387,1.032750955522676
2024-04-25 14:15:34.083000+00:00,2024-04-25 14:15:30+00:00,2024-04-25 14:17:30+00:00,TABUENCA01-45,Sensoria-C1-E90A,Left,Gait,1.0.5,40.3887119,-3.6292984,F0:75:B1:51:59:F6,SCKS,0.625,-0.03125,-0.0625,-4.48,-14.56,166.880005,0.018688,0.79424,-0.196224,717,562,715,0.6288941186718159
2024-04-25 14:15:34.108000+00:00,2024-04-25 14:15:30+00:00,2024-04-25 14:17:30+00:00,TABUENCA01-45,Sensoria-C1-EEA1,Right,Gait,1.0.5,40.3887119,-3.6292984,CB:AA:BC:3F:36:A5,SCKS,-0.039063,0.980469,-0.070313,-2.24,10.08,29.120001,0.037376,0.738176,-0.308352,400,613,409,0.9837628250238978
2024-04-25 14:15:34.115000+00:00,2024-04-25 14:15:30+00:00,2024-04-25 14:17:30+00:00,TABUENCA01-45,Sensoria-C1-E90A,Left,Gait,1.0.5,40.3887119,-3.6292984,F0:75:B1:51:59:F6,SCKS,0.53125,0.09375,-0.09375,-1.12,22.4,209.440002,0.04672,0.79424,-0.196224,717,562,714,0.547544233372976
2024-04-25 14:15:34.124000+00:00,2024-04-25 14:15:30+00:00,2024-04-25 14:17:30+00:00,TABUENCA01-45,Sensoria-C1-EEA1,Right,Gait,1.0.5,40.3887119,-3.6292984,CB:AA:BC:3F:36:A5,SCKS,-0.023438,0.972657,-0.0625,-4.48,10.08,26.880001,0.04672,0.738176,-0.308352,391,605,433,0.9749447315068686
2024-04-25 14:15:34.141000+00:00,2024-04-25 14:15:30+00:00,2024-04-25 14:17:30+00:00,TABUENCA01-45,Sensoria-C1-EEA1,Right,Gait,1.0.5,40.3887119,-3.6292984,CB:AA:BC:3F:36:A5,SCKS,-0.019531,0.972657,-0.03125,-7.84,16.799999,23.52,0.04672,0.728832,-0.289664,383,600,458,0.9733548490196163
2024-04-25 14:15:34.149000+00:00,2024-04-25 14:15:30+00:00,2024-04-25 14:17:30+00:00,TABUENCA01-45,Sensoria-C1-E90A,Left,Gait,1.0.5,40.3887119,-3.6292984,F0:75:B1:51:59:F6,SCKS,0.21875,0.28125,-0.1875,8.96,53.760002,248.639999,0.102784,0.79424,-0.196224,717,559,712,0.4026280852101602
2024-04-25 14:15:34.157000+00:00,2024-04-25 14:15:30+00:00,2024-04-25 14:17:30+00:00,TABUENCA01-45,Sensoria-C1-EEA1,Right,Gait,1.0.5,40.3887119,-3.6292984,CB:AA:BC:3F:36:A5,SCKS,-0.023438,0.960938,-0.054688,-6.72,16.799999,20.16,0.056064,0.728832,-0.289664,375,598,482,0.9627782491477463
2024-04-25 14:15:34.173000+00:00,2024-04-25 14:15:30+00:00,2024-04-25 14:17:30+00:00,TABUENCA01-45,Sensoria-C1-EEA1,Right,Gait,1.0.5,40.3887119,-3.6292984,CB:AA:BC:3F:36:A5,SCKS,0.003906,0.949219,-0.058594,-5.6,19.040001,22.4,0.04672,0.738176,-0.299008,367,594,505,0.9510337657691235
2024-04-25 14:15:34.181000+00:00,2024-04-25 14:15:30+00:00,2024-04-25 14:17:30+00:00,TABUENCA01-45,Sensoria-C1-E90A,Left,Gait,1.0.5,40.3887119,-3.6292984,F0:75:B1:51:59:F6,SCKS,0.21875,0.5625,-0.1875,1.12,43.68,310.23999,0.149504,0.79424,-0.18688,717,559,713,0.6319921380048964
2024-04-25 14:15:34.206000+00:00,2024-04-25 14:15:30+00:00,2024-04-25 14:17:30+00:00,TABUENCA01-45,Sensoria-C1-EEA1,Right,Gait,1.0.5,40.3887119,-3.6292984,CB:AA:BC:3F:36:A5,SCKS,-0.019531,0.925782,-0.003906,-2.24,24.639999,23.52,0.056064,0.738176,-0.289664,358,592,522,0.9259962355868409
2024-04-25 14:15:34.213000+00:00,2024-04-25 14:15:30+00:00,2024-04-25 14:17:30+00:00,TABUENCA01-45,Sensoria-C1-E90A,Left,Gait,1.0.5,40.3887119,-3.6292984,F0:75:B1:51:59:F6,SCKS,0.34375,1.062499,-0.1875,-4.48,51.52,361.76001,0.214912,0.775552,-0.196224,717,561,711,1.132353494939191
2024-04-25 14:15:34.221000+00:00,2024-04-25 14:15:30+00:00,2024-04-25 14:17:30+00:00,TABUENCA01-45,Sensoria-C1-EEA1,Right,Gait,1.0.5,40.3887119,-3.6292984,CB:AA:BC:3F:36:A5,SCKS,-0.027344,0.910157,-0.007813,0.0,20.16,30.24,0.056064,0.738176,-0.289664,350,589,536,0.9106011761215773
2024-04-25 14:15:34.238000+00:00,2024-04-25 14:15:30+00:00,2024-04-25 14:17:30+00:00,TABUENCA01-45,Sensoria-C1-EEA1,Right,Gait,1.0.5,40.3887119,-3.6292984,CB:AA:BC:3F:36:A5,SCKS,-0.058594,0.957032,-0.007813,-1.12,10.08,43.68,0.065408,0.738176,-0.289664,343,585,544,0.9588558540411588
2024-04-25 14:15:34.246000+00:00,2024-04-25 14:15:30+00:00,2024-04-25 14:17:30+00:00,TABUENCA01-45,Sensoria-C1-E90A,Left,Gait,1.0.5,40.3887119,-3.6292984,F0:75:B1:51:59:F6,SCKS,0.3125,1.687499,-0.1875,-1.12,60.48,394.23999,0.336384,0.710144,-0.196224,716,560,710,1.7264024371510254
2024-04-25 14:15:34.254000+00:00,2024-04-25 14:15:30+00:00,2024-04-25 14:17:30+00:00,TABUENCA01-45,Sensoria-C1-EEA1,Right,Gait,1.0.5,40.3887119,-3.6292984,CB:AA:BC:3F:36:A5,SCKS,-0.058594,0.984376,-0.007813,-2.24,0.0,54.880001,0.065408,0.738176,-0.289664,334,579,549,0.9861492834155486
2024-04-25 14:15:34.278000+00:00,2024-04-25 14:15:30+00:00,2024-04-25 14:17:30+00:00,TABUENCA01-45,Sensoria-C1-E90A,Left,Gait,1.0.5,40.3887119,-3.6292984,F0:75:B1:51:59:F6,SCKS,0.3125,2.531249,-0.28125,0.0,70.559998,412.160004,0.392448,0.663424,-0.214912,716,558,709,2.5659265992036873
2024-04-25 14:15:34.287000+00:00,2024-04-25 14:15:30+00:00,2024-04-25 14:17:30+00:00,TABUENCA01-45,Sensoria-C1-EEA1,Right,Gait,1.0.5,40.3887119,-3.6292984,CB:AA:BC:3F:36:A5,SCKS,0.023438,1.023438,-0.003906,-1.12,-7.84,61.599998,0.074752,0.74752,-0.299008,324,570,553,1.0237137961969645
2024-04-25 14:15:34.303000+00:00,2024-04-25 14:15:30+00:00,2024-04-25 14:17:30+00:00,TABUENCA01-45,Sensoria-C1-EEA1,Right,Gait,1.0.5,40.3887119,-3.6292984,CB:AA:BC:3F:36:A5,SCKS,0.023438,1.015626,0.003906,-5.6,-3.36,66.080002,0.074752,0.756864,-0.299008,309,553,563,1.0159039169901845
2024-04-25 14:15:34.311000+00:00,2024-04-25 14:15:30+00:00,2024-04-25 14:17:30+00:00,TABUENCA01-45,Sensoria-C1-E90A,Left,Gait,1.0.5,40.3887119,-3.6292984,F0:75:B1:51:59:F6,SCKS,-0.75,3.156248,-0.09375,-16.799999,112.0,416.640015,0.448512,0.598016,-0.2336,715,559,709,3.245487713734871
2024-04-25 14:15:34.320000+00:00,2024-04-25 14:15:30+00:00,2024-04-25 14:17:30+00:00,TABUENCA01-45,Sensoria-C1-EEA1,Right,Gait,1.0.5,40.3887119,-3.6292984,CB:AA:BC:3F:36:A5,SCKS,-0.03125,1.050782,0.0625,-8.96,-5.6,73.919998,0.084096,0.756864,-0.289664,294,539,578,1.0531028553868802
2024-04-25 14:15:34.336000+00:00,2024-04-25 14:15:30+00:00,2024-04-25 14:17:30+00:00,TABUENCA01-45,Sensoria-C1-EEA1,Right,Gait,1.0.5,40.3887119,-3.6292984,CB:AA:BC:3F:36:A5,SCKS,-0.074219,1.144532,0.003906,-3.36,-22.4,90.720001,0.102784,0.756864,-0.289664,282,527,605,1.1469425512295723
2024-04-25 14:15:34.359000+00:00,2024-04-25 14:15:30+00:00,2024-04-25 14:17:30+00:00,TABUENCA01-45,Sensoria-C1-E90A,Left,Gait,1.0.5,40.3887119,-3.6292984,F0:75:B1:51:59:F6,SCKS,-1.968749,2.062499,-1.218749,11.2,112.0,295.679993,0.504576,0.495232,-0.270976,714,560,711,3.1008424460141475
2024-04-25 14:15:34.368000+00:00,2024-04-25 14:15:30+00:00,2024-04-25 14:17:30+00:00,TABUENCA01-45,Sensoria-C1-EEA1,Right,Gait,1.0.5,40.3887119,-3.6292984,CB:AA:BC:3F:36:A5,SCKS,-0.023438,1.175782,0.140625,0.0,-29.120001,109.760002,0.112128,0.766208,-0.28032,269,510,640,1.1843935334140423
2024-04-25 14:15:34.376000+00:00,2024-04-25 14:15:30+00:00,2024-04-25 14:17:30+00:00,TABUENCA01-45,Sensoria-C1-E90A,Left,Gait,1.0.5,40.3887119,-3.6292984,F0:75:B1:51:59:F6,SCKS,-3.906248,1.312499,-0.625,7.84,-66.080002,99.68,0.51392,0.476544,-0.270976,712,560,715,4.167979374049852
2024-04-25 14:15:34.384000+00:00,2024-04-25 14:15:30+00:00,2024-04-25 14:17:30+00:00,TABUENCA01-45,Sensoria-C1-EEA1,Right,Gait,1.0.5,40.3887119,-3.6292984,CB:AA:BC:3F:36:A5,SCKS,-0.066406,1.312501,0.078125,10.08,-42.560001,120.959999,0.112128,0.766208,-0.28032,257,496,672,1.3164999610565888
2024-04-25 14:15:34.401000+00:00,2024-04-25 14:15:30+00:00,2024-04-25 14:17:30+00:00,TABUENCA01-45,Sensoria-C1-EEA1,Right,Gait,1.0.5,40.3887119,-3.6292984,CB:AA:BC:3F:36:A5,SCKS,-0.070313,1.437501,-0.210938,-2.24,-39.200001,137.759995,0.130816,0.775552,-0.28032,245,486,695,1.4545954361312976
2024-04-25 14:15:34.408000+00:00,2024-04-25 14:15:30+00:00,2024-04-25 14:17:30+00:00,TABUENCA01-45,Sensoria-C1-E90A,Left,Gait,1.0.5,40.3887119,-3.6292984,F0:75:B1:51:59:F6,SCKS,0.8125,4.687498,-0.46875,4.48,0.0,-113.120003,0.504576,0.485888,-0.252288,709,559,712,4.780430975602932
2024-04-25 14:15:34.417000+00:00,2024-04-25 14:15:30+00:00,2024-04-25 14:17:30+00:00,TABUENCA01-45,Sensoria-C1-EEA1,Right,Gait,1.0.5,40.3887119,-3.6292984,CB:AA:BC:3F:36:A5,SCKS,-0.179688,1.683595,-0.144531,-10.08,-15.68,161.279999,0.158848,0.784896,-0.289664,238,480,710,1.6993143062217773
2024-04-25 14:15:34.424000+00:00,2024-04-25 14:15:30+00:00,2024-04-25 14:17:30+00:00,TABUENCA01-45,Sensoria-C1-E90A,Left,Gait,1.0.5,40.3887119,-3.6292984,F0:75:B1:51:59:F6,SCKS,-0.65625,1.093749,0.8125,44.799999,209.440002,-232.960007,0.504576,0.504576,-0.242944,717,562,685,1.512318480843569
2024-04-25 14:15:34.433000+00:00,2024-04-25 14:15:30+00:00,2024-04-25 14:17:30+00:00,TABUENCA01-45,Sensoria-C1-EEA1,Right,Gait,1.0.5,40.3887119,-3.6292984,CB:AA:BC:3F:36:A5,SCKS,-0.324219,1.968751,0.011719,-14.56,5.6,188.160004,0.18688,0.79424,-0.308352,237,488,714,1.9953034342984024
2024-04-25 14:15:34.457000+00:00,2024-04-25 14:15:30+00:00,2024-04-25 14:17:30+00:00,TABUENCA01-45,Sensoria-C1-E90A,Left,Gait,1.0.5,40.3887119,-3.6292984,F0:75:B1:51:59:F6,SCKS,-0.125,1.749999,-0.09375,104.160004,21.280001,-212.800003,0.4672,0.579328,-0.28032,721,569,585,1.7569606035711218
2024-04-25 14:15:34.466000+00:00,2024-04-25 14:15:30+00:00,2024-04-25 14:17:30+00:00,TABUENCA01-45,Sensoria-C1-EEA1,Right,Gait,1.0.5,40.3887119,-3.6292984,CB:AA:BC:3F:36:A5,SCKS,-0.875001,1.996095,0.464844,-21.280001,35.84,218.399994,0.224256,0.803584,-0.299008,245,502,719,2.228475250785164
2024-04-25 14:15:34.482000+00:00,2024-04-25 14:15:30+00:00,2024-04-25 14:17:30+00:00,TABUENCA01-45,Sensoria-C1-EEA1,Right,Gait,1.0.5,40.3887119,-3.6292984,CB:AA:BC:3F:36:A5,SCKS,-1.242188,1.996095,0.558594,-39.200001,61.599998,250.880005,0.270976,0.803584,-0.299008,261,517,721,2.4164961272894687
2024-04-25 14:15:34.489000+00:00,2024-04-25 14:15:30+00:00,2024-04-25 14:17:30+00:00,TABUENCA01-45,Sensoria-C1-E90A,Left,Gait,1.0.5,40.3887119,-3.6292984,F0:75:B1:51:59:F6,SCKS,-0.9375,1.937499,0.34375,99.68,20.16,-202.720001,0.448512,0.60736,-0.261632,715,578,452,2.1796726101644257
2024-04-25 14:15:34.498000+00:00,2024-04-25 14:15:30+00:00,2024-04-25 14:17:30+00:00,TABUENCA01-45,Sensoria-C1-EEA1,Right,Gait,1.0.5,40.3887119,-3.6292984,CB:AA:BC:3F:36:A5,SCKS,-0.464844,1.996095,-0.234375,-23.52,31.360001,299.040009,0.270976,0.803584,-0.299008,294,554,723,2.062863745860594
2024-04-25 14:15:34.514000+00:00,2024-04-25 14:15:30+00:00,2024-04-25 14:17:30+00:00,TABUENCA01-45,Sensoria-C1-EEA1,Right,Gait,1.0.5,40.3887119,-3.6292984,CB:AA:BC:3F:36:A5,SCKS,-0.605469,1.996095,-0.542969,-25.76,-17.92,301.279999,0.32704,0.79424,-0.308352,348,609,725,2.155412557713024
2024-04-25 14:15:34.522000+00:00,2024-04-25 14:15:30+00:00,2024-04-25 14:17:30+00:00,TABUENCA01-45,Sensoria-C1-E90A,Left,Gait,1.0.5,40.3887119,-3.6292984,F0:75:B1:51:59:F6,SCKS,-0.21875,0.999999,-0.25,91.840004,-39.200001,-141.119995,0.429824,0.635392,-0.242944,692,572,391,1.053731257247786
2024-04-25 14:15:34.547000+00:00,2024-04-25 14:15:30+00:00,2024-04-25 14:17:30+00:00,TABUENCA01-45,Sensoria-C1-EEA1,Right,Gait,1.0.5,40.3887119,-3.6292984,CB:AA:BC:3F:36:A5,SCKS,-0.566407,1.332032,-0.5625,3.36,-59.360001,304.640015,0.383104,0.79424,-0.308352,414,659,726,1.5529109403545975
2024-04-25 14:15:34.554000+00:00,2024-04-25 14:15:30+00:00,2024-04-25 14:17:30+00:00,TABUENCA01-45,Sensoria-C1-E90A,Left,Gait,1.0.5,40.3887119,-3.6292984,F0:75:B1:51:59:F6,SCKS,-0.0625,0.9375,-0.1875,38.080002,-41.439999,-78.400002,0.411136,0.663424,-0.242944,652,540,368,0.9581068572972432
2024-04-25 14:15:34.563000+00:00,2024-04-25 14:15:30+00:00,2024-04-25 14:17:30+00:00,TABUENCA01-45,Sensoria-C1-EEA1,Right,Gait,1.0.5,40.3887119,-3.6292984,CB:AA:BC:3F:36:A5,SCKS,-0.378907,0.261719,-0.382813,3.36,8.96,243.040009,0.42048,0.784896,-0.317696,463,693,728,0.5988431702699798
2024-04-25 14:15:34.579000+00:00,2024-04-25 14:15:30+00:00,2024-04-25 14:17:30+00:00,TABUENCA01-45,Sensoria-C1-EEA1,Right,Gait,1.0.5,40.3887119,-3.6292984,CB:AA:BC:3F:36:A5,SCKS,0.398438,0.527344,-0.5625,8.96,99.68,152.320007,0.439168,0.775552,-0.308352,489,712,726,0.8679002155662827
2024-04-25 14:15:34.587000+00:00,2024-04-25 14:15:30+00:00,2024-04-25 14:17:30+00:00,TABUENCA01-45,Sensoria-C1-E90A,Left,Gait,1.0.5,40.3887119,-3.6292984,F0:75:B1:51:59:F6,SCKS,0.09375,0.999999,-0.09375,20.16,-40.32,-41.439999,0.401792,0.672768,-0.2336,619,507,369,1.008749783147932
2024-04-25 14:15:34.595000+00:00,2024-04-25 14:15:30+00:00,2024-04-25 14:17:30+00:00,TABUENCA01-45,Sensoria-C1-EEA1,Right,Gait,1.0.5,40.3887119,-3.6292984,CB:AA:BC:3F:36:A5,SCKS,-0.925782,0.332031,-0.46875,-40.32,131.039993,-31.360001,0.439168,0.775552,-0.308352,501,720,724,1.089515240363805
2024-04-25 14:15:34.619000+00:00,2024-04-25 14:15:30+00:00,2024-04-25 14:17:30+00:00,TABUENCA01-45,Sensoria-C1-E90A,Left,Gait,1.0.5,40.3887119,-3.6292984,F0:75:B1:51:59:F6,SCKS,0.0625,0.999999,-0.15625,12.32,-35.84,-33.599998,0.392448,0.682112,-0.224256,591,481,388,1.0140603100905783
2024-04-25 14:15:34.628000+00:00,2024-04-25 14:15:30+00:00,2024-04-25 14:17:30+00:00,TABUENCA01-45,Sensoria-C1-EEA1,Right,Gait,1.0.5,40.3887119,-3.6292984,CB:AA:BC:3F:36:A5,SCKS,-0.753907,-0.136719,-0.027344,-56.0,98.559998,-59.360001,0.429824,0.79424,-0.336384,509,725,723,0.7666912963807533
2024-04-25 14:15:34.644000+00:00,2024-04-25 14:15:30+00:00,2024-04-25 14:17:30+00:00,TABUENCA01-45,Sensoria-C1-EEA1,Right,Gait,1.0.5,40.3887119,-3.6292984,CB:AA:BC:3F:36:A5,SCKS,-0.433594,-0.21875,0.007813,-10.08,49.279999,-96.32,0.411136,0.784896,-0.32704,511,728,724,0.4857122216961397
2024-04-25 14:15:34.660000+00:00,2024-04-25 14:15:30+00:00,2024-04-25 14:17:30+00:00,TABUENCA01-45,Sensoria-C1-EEA1,Right,Gait,1.0.5,40.3887119,-3.6292984,CB:AA:BC:3F:36:A5,SCKS,-0.421875,-0.0625,-0.078125,23.52,29.120001,-141.119995,0.401792,0.803584,-0.336384,512,728,721,0.43357615392223775
2024-04-25 14:15:34.668000+00:00,2024-04-25 14:15:30+00:00,2024-04-25 14:17:30+00:00,TABUENCA01-45,Sensoria-C1-E90A,Left,Gait,1.0.5,40.3887119,-3.6292984,F0:75:B1:51:59:F6,SCKS,0.09375,0.968749,-0.28125,5.6,-51.52,-29.120001,0.383104,0.682112,-0.214912,569,460,433,1.0130968611149678
2024-04-25 14:15:34.677000+00:00,2024-04-25 14:15:30+00:00,2024-04-25 14:17:30+00:00,TABUENCA01-45,Sensoria-C1-EEA1,Right,Gait,1.0.5,40.3887119,-3.6292984,CB:AA:BC:3F:36:A5,SCKS,-0.460938,0.136719,-0.113281,28.0,14.56,-188.160004,0.364416,0.812928,-0.32704,513,729,719,0.49395193062280873
2024-04-25 14:15:34.693000+00:00,2024-04-25 14:15:30+00:00,2024-04-25 14:17:30+00:00,TABUENCA01-45,Sensoria-C1-EEA1,Right,Gait,1.0.5,40.3887119,-3.6292984,CB:AA:BC:3F:36:A5,SCKS,-0.496094,0.261719,-0.042969,26.880001,-10.08,-232.960007,0.364416,0.812928,-0.32704,514,729,720,0.5625410445096429
2024-04-25 14:15:34.716000+00:00,2024-04-25 14:15:30+00:00,2024-04-25 14:17:30+00:00,TABUENCA01-45,Sensoria-C1-E90A,Left,Gait,1.0.5,40.3887119,-3.6292984,F0:75:B1:51:59:F6,SCKS,0.0625,0.968749,-0.28125,-1.12,-51.52,-20.16,0.37376,0.691456,-0.205568,548,441,522,1.0106841432915628
2024-04-25 14:15:34.717000+00:00,2024-04-25 14:15:30+00:00,2024-04-25 14:17:30+00:00,TABUENCA01-45,Sensoria-C1-E90A,Left,Gait,1.0.5,40.3887119,-3.6292984,F0:75:B1:51:59:F6,SCKS,0.03125,0.9375,-0.21875,-2.24,-40.32,-23.52,0.364416,0.7008,-0.205568,535,430,576,0.9631896879639026
2024-04-25 14:15:34.725000+00:00,2024-04-25 14:15:30+00:00,2024-04-25 14:17:30+00:00,TABUENCA01-45,Sensoria-C1-EEA1,Right,Gait,1.0.5,40.3887119,-3.6292984,CB:AA:BC:3F:36:A5,SCKS,-0.46875,0.414063,-0.042969,38.080002,-44.799999,-273.279999,0.317696,0.812928,-0.32704,514,729,719,0.6269139218664712
2024-04-25 14:15:34.741000+00:00,2024-04-25 14:15:30+00:00,2024-04-25 14:17:30+00:00,TABUENCA01-45,Sensoria-C1-EEA1,Right,Gait,1.0.5,40.3887119,-3.6292984,CB:AA:BC:3F:36:A5,SCKS,-0.453125,0.621094,-0.054688,45.920002,-61.599998,-304.640015,0.261632,0.803584,-0.32704,513,728,720,0.7707598846625322
2024-04-25 14:15:34.749000+00:00,2024-04-25 14:15:30+00:00,2024-04-25 14:17:30+00:00,TABUENCA01-45,Sensoria-C1-E90A,Left,Gait,1.0.5,40.3887119,-3.6292984,F0:75:B1:51:59:F6,SCKS,0.03125,0.90625,-0.28125,7.84,-33.599998,-28.0,0.364416,0.7008,-0.196224,525,424,621,0.949403595685207
2024-04-25 14:15:34.758000+00:00,2024-04-25 14:15:30+00:00,2024-04-25 14:17:30+00:00,TABUENCA01-45,Sensoria-C1-EEA1,Right,Gait,1.0.5,40.3887119,-3.6292984,CB:AA:BC:3F:36:A5,SCKS,-0.460938,0.914063,-0.0625,45.920002,-63.84,-331.519989,0.205568,0.803584,-0.317696,513,727,718,1.0256126256111515
2024-04-25 14:15:34.765000+00:00,2024-04-25 14:15:30+00:00,2024-04-25 14:17:30+00:00,TABUENCA01-45,Sensoria-C1-E90A,Left,Gait,1.0.5,40.3887119,-3.6292984,F0:75:B1:51:59:F6,SCKS,0.0,0.9375,-0.21875,5.6,-32.48,-32.48,0.345728,0.7008,-0.18688,513,413,651,0.9626826125468352
2024-04-25 14:15:34.774000+00:00,2024-04-25 14:15:30+00:00,2024-04-25 14:17:30+00:00,TABUENCA01-45,Sensoria-C1-EEA1,Right,Gait,1.0.5,40.3887119,-3.6292984,CB:AA:BC:3F:36:A5,SCKS,-0.410157,1.222657,-0.050781,40.32,-58.240002,-357.279999,0.149504,0.784896,-0.317696,512,725,717,1.2906190817816852
2024-04-25 14:15:34.798000+00:00,2024-04-25 14:15:30+00:00,2024-04-25 14:17:30+00:00,TABUENCA01-45,Sensoria-C1-E90A,Left,Gait,1.0.5,40.3887119,-3.6292984,F0:75:B1:51:59:F6,SCKS,-0.03125,0.9375,-0.1875,5.6,-30.24,-39.200001,0.345728,0.710144,-0.177536,504,399,670,0.9565767415633729
2024-04-25 14:15:34.807000+00:00,2024-04-25 14:15:30+00:00,2024-04-25 14:17:30+00:00,TABUENCA01-45,Sensoria-C1-EEA1,Right,Gait,1.0.5,40.3887119,-3.6292984,CB:AA:BC:3F:36:A5,SCKS,-0.40625,1.69922,-0.019531,30.24,-45.920002,-379.679993,0.149504,0.784896,-0.317696,512,725,717,1.7472175396501146
2024-04-25 14:15:34.823000+00:00,2024-04-25 14:15:30+00:00,2024-04-25 14:17:30+00:00,TABUENCA01-45,Sensoria-C1-EEA1,Right,Gait,1.0.5,40.3887119,-3.6292984,CB:AA:BC:3F:36:A5,SCKS,-0.394532,1.996095,0.046875,14.56,-21.280001,-395.360016,0.09344,0.756864,-0.317696,511,724,717,2.035251339189831
2024-04-25 14:15:34.830000+00:00,2024-04-25 14:15:30+00:00,2024-04-25 14:17:30+00:00,TABUENCA01-45,Sensoria-C1-E90A,Left,Gait,1.0.5,40.3887119,-3.6292984,F0:75:B1:51:59:F6,SCKS,-0.0625,0.968749,-0.15625,5.6,-26.880001,-41.439999,0.32704,0.719488,-0.168192,491,381,684,0.9832573099148564
2024-04-25 14:15:34.839000+00:00,2024-04-25 14:15:30+00:00,2024-04-25 14:17:30+00:00,TABUENCA01-45,Sensoria-C1-EEA1,Right,Gait,1.0.5,40.3887119,-3.6292984,CB:AA:BC:3F:36:A5,SCKS,-0.101563,1.996095,-0.003906,40.32,-54.880001,-408.799988,0.028032,0.710144,-0.317696,513,724,717,1.998680952235749
2024-04-25 14:15:34.855000+00:00,2024-04-25 14:15:30+00:00,2024-04-25 14:17:30+00:00,TABUENCA01-45,Sensoria-C1-EEA1,Right,Gait,1.0.5,40.3887119,-3.6292984,CB:AA:BC:3F:36:A5,SCKS,0.632813,1.996095,0.054688,61.599998,-95.199997,-417.76001,-0.028032,0.65408,-0.317696,510,724,716,2.094716763511955
2024-04-25 14:15:34.863000+00:00,2024-04-25 14:15:30+00:00,2024-04-25 14:17:30+00:00,TABUENCA01-45,Sensoria-C1-E90A,Left,Gait,1.0.5,40.3887119,-3.6292984,F0:75:B1:51:59:F6,SCKS,-0.03125,0.999999,-0.21875,2.24,-28.0,-43.68,0.308352,0.728832,-0.177536,473,361,696,1.0241221240657776
2024-04-25 14:15:34.888000+00:00,2024-04-25 14:15:30+00:00,2024-04-25 14:17:30+00:00,TABUENCA01-45,Sensoria-C1-EEA1,Right,Gait,1.0.5,40.3887119,-3.6292984,CB:AA:BC:3F:36:A5,SCKS,1.816408,1.996095,-0.843751,40.32,-67.199997,-397.600006,-0.065408,0.598016,-0.317696,512,724,718,2.8276578685353715
2024-04-25 14:15:34.895000+00:00,2024-04-25 14:15:30+00:00,2024-04-25 14:17:30+00:00,TABUENCA01-45,Sensoria-C1-E90A,Left,Gait,1.0.5,40.3887119,-3.6292984,F0:75:B1:51:59:F6,SCKS,-0.03125,1.031249,-0.1875,4.48,-26.880001,-56.0,0.308352,0.738176,-0.177536,458,343,707,1.0486216250397473
2024-04-25 14:15:34.905000+00:00,2024-04-25 14:15:30+00:00,2024-04-25 14:17:30+00:00,TABUENCA01-45,Sensoria-C1-EEA1,Right,Gait,1.0.5,40.3887119,-3.6292984,CB:AA:BC:3F:36:A5,SCKS,1.996095,1.882814,-0.328125,38.080002,3.36,-268.799988,-0.065408,0.56064,-0.317696,509,724,719,2.7635212724431852
2024-04-25 14:15:34.920000+00:00,2024-04-25 14:15:30+00:00,2024-04-25 14:17:30+00:00,TABUENCA01-45,Sensoria-C1-EEA1,Right,Gait,1.0.5,40.3887119,-3.6292984,CB:AA:BC:3F:36:A5,SCKS,1.996095,1.828126,0.480469,48.16,90.720001,-73.919998,-0.084096,0.56064,-0.317696,509,726,721,2.749052633337892
2024-04-25 14:15:34.928000+00:00,2024-04-25 14:15:30+00:00,2024-04-25 14:17:30+00:00,TABUENCA01-45,Sensoria-C1-E90A,Left,Gait,1.0.5,40.3887119,-3.6292984,F0:75:B1:51:59:F6,SCKS,0.0625,1.156249,-0.15625,6.72,-23.52,-80.639999,0.289664,0.738176,-0.177536,446,333,715,1.1684314539163176
2024-04-25 14:15:34.937000+00:00,2024-04-25 14:15:30+00:00,2024-04-25 14:17:30+00:00,TABUENCA01-45,Sensoria-C1-EEA1,Right,Gait,1.0.5,40.3887119,-3.6292984,CB:AA:BC:3F:36:A5,SCKS,1.570314,1.996095,1.015626,-23.52,38.080002,86.239998,-0.084096,0.551296,-0.299008,509,727,722,2.7352838023680466
2024-04-25 14:15:34.953000+00:00,2024-04-25 14:15:30+00:00,2024-04-25 14:17:30+00:00,TABUENCA01-45,Sensoria-C1-EEA1,Right,Gait,1.0.5,40.3887119,-3.6292984,CB:AA:BC:3F:36:A5,SCKS,-2.000001,1.94922,-0.253906,-10.08,-91.840004,100.800003,-0.084096,0.569984,-0.299008,509,726,713,2.8042701127453826
2024-04-25 14:15:34.961000+00:00,2024-04-25 14:15:30+00:00,2024-04-25 14:17:30+00:00,TABUENCA01-45,Sensoria-C1-E90A,Left,Gait,1.0.5,40.3887119,-3.6292984,F0:75:B1:51:59:F6,SCKS,0.125,1.312499,-0.21875,15.68,-12.32,-112.0,0.270976,0.74752,-0.177536,438,327,721,1.3364618167014726
2024-04-25 14:15:34.986000+00:00,2024-04-25 14:15:30+00:00,2024-04-25 14:17:30+00:00,TABUENCA01-45,Sensoria-C1-EEA1,Right,Gait,1.0.5,40.3887119,-3.6292984,CB:AA:BC:3F:36:A5,SCKS,-0.335938,0.964844,1.703126,40.32,-171.360001,197.119995,-0.074752,0.588672,-0.336384,518,731,676,1.986055501756182
2024-04-25 14:15:34.994000+00:00,2024-04-25 14:15:30+00:00,2024-04-25 14:17:30+00:00,TABUENCA01-45,Sensoria-C1-E90A,Left,Gait,1.0.5,40.3887119,-3.6292984,F0:75:B1:51:59:F6,SCKS,0.28125,1.624999,-0.28125,12.32,-28.0,-146.720001,0.224256,0.766208,-0.158848,450,341,724,1.6729688804640093
2024-04-25 14:15:35.002000+00:00,2024-04-25 14:15:30+00:00,2024-04-25 14:17:30+00:00,TABUENCA01-45,Sensoria-C1-EEA1,Right,Gait,1.0.5,40.3887119,-3.6292984,CB:AA:BC:3F:36:A5,SCKS,0.53125,1.828126,0.195313,82.879997,-146.720001,277.76001,-0.056064,0.626048,-0.345728,528,736,608,1.9137446021726618
2024-04-25 14:15:35.018000+00:00,2024-04-25 14:15:30+00:00,2024-04-25 14:17:30+00:00,TABUENCA01-45,Sensoria-C1-EEA1,Right,Gait,1.0.5,40.3887119,-3.6292984,CB:AA:BC:3F:36:A5,SCKS,0.351563,1.535157,-0.425782,59.360001,28.0,244.160004,-0.056064,0.626048,-0.345728,532,738,518,1.6314392017914736
2024-04-25 14:15:35.026000+00:00,2024-04-25 14:15:30+00:00,2024-04-25 14:17:30+00:00,TABUENCA01-45,Sensoria-C1-E90A,Left,Gait,1.0.5,40.3887119,-3.6292984,F0:75:B1:51:59:F6,SCKS,1.124999,2.406249,0.0,-14.56,-53.760002,-209.440002,0.18688,0.775552,-0.158848,504,381,722,2.656248670588279
2024-04-25 14:15:35.050000+00:00,2024-04-25 14:15:30+00:00,2024-04-25 14:17:30+00:00,TABUENCA01-45,Sensoria-C1-EEA1,Right,Gait,1.0.5,40.3887119,-3.6292984,CB:AA:BC:3F:36:A5,SCKS,1.019532,1.898439,-0.214844,34.720001,-24.639999,219.520004,-0.037376,0.663424,-0.336384,522,736,444,2.165565533545683
2024-04-25 14:15:35.058000+00:00,2024-04-25 14:15:30+00:00,2024-04-25 14:17:30+00:00,TABUENCA01-45,Sensoria-C1-E90A,Left,Gait,1.0.5,40.3887119,-3.6292984,F0:75:B1:51:59:F6,SCKS,0.4375,2.406249,0.03125,-47.040001,-99.68,-226.240005,0.149504,0.79424,-0.158848,548,420,718,2.445898007379089
2024-04-25 14:15:35.067000+00:00,2024-04-25 14:15:30+00:00,2024-04-25 14:17:30+00:00,TABUENCA01-45,Sensoria-C1-EEA1,Right,Gait,1.0.5,40.3887119,-3.6292984,CB:AA:BC:3F:36:A5,SCKS,-0.136719,0.578125,0.066406,-35.84,89.599998,194.880005,-0.009344,0.691456,-0.32704,508,738,398,0.597771158071381
2024-04-25 14:15:35.083000+00:00,2024-04-25 14:15:30+00:00,2024-04-25 14:17:30+00:00,TABUENCA01-45,Sensoria-C1-EEA1,Right,Gait,1.0.5,40.3887119,-3.6292984,CB:AA:BC:3F:36:A5,SCKS,0.246094,1.144532,0.054688,0.0,4.48,144.479996,0.009344,0.710144,-0.32704,488,723,371,1.1719669505596138
2024-04-25 14:15:35.091000+00:00,2024-04-25 14:15:30+00:00,2024-04-25 14:17:30+00:00,TABUENCA01-45,Sensoria-C1-E90A,Left,Gait,1.0.5,40.3887119,-3.6292984,F0:75:B1:51:59:F6,SCKS,0.65625,2.124999,-0.9375,3.36,-51.52,-275.519989,0.102784,0.79424,-0.168192,606,487,717,2.413543258883296
2024-04-25 14:15:35.099000+00:00,2024-04-25 14:15:30+00:00,2024-04-25 14:17:30+00:00,TABUENCA01-45,Sensoria-C1-EEA1,Right,Gait,1.0.5,40.3887119,-3.6292984,CB:AA:BC:3F:36:A5,SCKS,-0.0625,0.960938,0.03125,6.72,7.84,107.520004,0.018688,0.719488,-0.317696,466,701,357,0.9634752992910612
2024-04-25 14:15:35.107000+00:00,2024-04-25 14:15:30+00:00,2024-04-25 14:17:30+00:00,TABUENCA01-45,Sensoria-C1-E90A,Left,Gait,1.0.5,40.3887119,-3.6292984,F0:75:B1:51:59:F6,SCKS,0.968749,0.71875,-0.34375,14.56,0.0,-230.720001,0.009344,0.784896,-0.177536,667,542,718,1.2542887426749074
2024-04-25 14:15:35.116000+00:00,2024-04-25 14:15:30+00:00,2024-04-25 14:17:30+00:00,TABUENCA01-45,Sensoria-C1-EEA1,Right,Gait,1.0.5,40.3887119,-3.6292984,CB:AA:BC:3F:36:A5,SCKS,-0.132813,0.972657,0.246094,15.68,-14.56,80.639999,0.018688,0.719488,-0.317696,445,672,352,1.0120588863569155
2024-04-25 14:15:35.148000+00:00,2024-04-25 14:15:30+00:00,2024-04-25 14:17:30+00:00,TABUENCA01-45,Sensoria-C1-EEA1,Right,Gait,1.0.5,40.3887119,-3.6292984,CB:AA:BC:3F:36:A5,SCKS,0.023438,1.132813,-0.179688,64.959999,-34.720001,73.919998,0.028032,0.728832,-0.32704,427,643,354,1.1472150670894277
2024-04-25 14:15:35.156000+00:00,2024-04-25 14:15:30+00:00,2024-04-25 14:17:30+00:00,TABUENCA01-45,Sensoria-C1-E90A,Left,Gait,1.0.5,40.3887119,-3.6292984,F0:75:B1:51:59:F6,SCKS,-0.968749,0.4375,-0.53125,34.720001,-67.199997,-122.080002,-0.018688,0.784896,-0.158848,695,561,719,1.188321268639504
2024-04-25 14:15:35.165000+00:00,2024-04-25 14:15:30+00:00,2024-04-25 14:17:30+00:00,TABUENCA01-45,Sensoria-C1-EEA1,Right,Gait,1.0.5,40.3887119,-3.6292984,CB:AA:BC:3F:36:A5,SCKS,-0.011719,0.898438,0.167969,15.68,-13.440001,56.0,0.037376,0.738176,-0.32704,412,616,365,0.9140797338121002
2024-04-25 14:15:35.172000+00:00,2024-04-25 14:15:30+00:00,2024-04-25 14:17:30+00:00,TABUENCA01-45,Sensoria-C1-E90A,Left,Gait,1.0.5,40.3887119,-3.6292984,F0:75:B1:51:59:F6,SCKS,0.90625,-0.03125,-0.03125,6.72,-73.919998,171.360001,0.009344,0.784896,-0.177536,710,565,716,0.9073269463098734
2024-04-25 14:15:35.181000+00:00,2024-04-25 14:15:30+00:00,2024-04-25 14:17:30+00:00,TABUENCA01-45,Sensoria-C1-EEA1,Right,Gait,1.0.5,40.3887119,-3.6292984,CB:AA:BC:3F:36:A5,SCKS,-0.019531,1.074219,-0.144531,14.56,-10.08,48.16,0.04672,0.738176,-0.308352,397,593,381,1.0840743193540745
2024-04-25 14:15:35.197000+00:00,2024-04-25 14:15:30+00:00,2024-04-25 14:17:30+00:00,TABUENCA01-45,Sensoria-C1-EEA1,Right,Gait,1.0.5,40.3887119,-3.6292984,CB:AA:BC:3F:36:A5,SCKS,-0.003906,0.972657,-0.0625,1.12,1.12,45.920002,0.04672,0.738176,-0.317696,387,575,404,0.974670788771778
2024-04-25 14:15:35.204000+00:00,2024-04-25 14:15:30+00:00,2024-04-25 14:17:30+00:00,TABUENCA01-45,Sensoria-C1-E90A,Left,Gait,1.0.5,40.3887119,-3.6292984,F0:75:B1:51:59:F6,SCKS,0.5,0.03125,0.125,0.0,-3.36,204.960007,0.037376,0.79424,-0.168192,714,564,713,0.516334738808072
2024-04-25 14:15:35.213000+00:00,2024-04-25 14:15:30+00:00,2024-04-25 14:17:30+00:00,TABUENCA01-45,Sensoria-C1-EEA1,Right,Gait,1.0.5,40.3887119,-3.6292984,CB:AA:BC:3F:36:A5,SCKS,0.027344,0.984376,-0.066406,-7.84,15.68,41.439999,0.04672,0.738176,-0.317696,377,559,432,0.9869921785647544
2024-04-25 14:15:35.237000+00:00,2024-04-25 14:15:30+00:00,2024-04-25 14:17:30+00:00,TABUENCA01-45,Sensoria-C1-E90A,Left,Gait,1.0.5,40.3887119,-3.6292984,F0:75:B1:51:59:F6,SCKS,0.3125,0.21875,0.0,11.2,20.16,255.360001,0.074752,0.79424,-0.18688,715,564,711,0.3814548629916782
2024-04-25 14:15:35.246000+00:00,2024-04-25 14:15:30+00:00,2024-04-25 14:17:30+00:00,TABUENCA01-45,Sensoria-C1-EEA1,Right,Gait,1.0.5,40.3887119,-3.6292984,CB:AA:BC:3F:36:A5,SCKS,0.035156,0.980469,-0.035156,-11.2,26.880001,33.599998,0.056064,0.74752,-0.336384,370,548,462,0.9817287551218006
2024-04-25 14:15:35.261000+00:00,2024-04-25 14:15:30+00:00,2024-04-25 14:17:30+00:00,TABUENCA01-45,Sensoria-C1-EEA1,Right,Gait,1.0.5,40.3887119,-3.6292984,CB:AA:BC:3F:36:A5,SCKS,0.007813,0.984376,-0.027344,-15.68,33.599998,30.24,0.065408,0.74752,-0.317696,363,536,493,0.9847867011089254
2024-04-25 14:15:35.269000+00:00,2024-04-25 14:15:30+00:00,2024-04-25 14:17:30+00:00,TABUENCA01-45,Sensoria-C1-E90A,Left,Gait,1.0.5,40.3887119,-3.6292984,F0:75:B1:51:59:F6,SCKS,0.25,0.625,-0.125,12.32,23.52,304.640015,0.130816,0.79424,-0.177536,716,565,711,0.6846531968814576
2024-04-25 14:15:35.278000+00:00,2024-04-25 14:15:30+00:00,2024-04-25 14:17:30+00:00,TABUENCA01-45,Sensoria-C1-EEA1,Right,Gait,1.0.5,40.3887119,-3.6292984,CB:AA:BC:3F:36:A5,SCKS,0.003906,0.992188,-0.097656,-11.2,25.76,30.24,0.065408,0.74752,-0.308352,357,530,524,0.9969899590848446
2024-04-25 14:15:35.294000+00:00,2024-04-25 14:15:30+00:00,2024-04-25 14:17:30+00:00,TABUENCA01-45,Sensoria-C1-EEA1,Right,Gait,1.0.5,40.3887119,-3.6292984,CB:AA:BC:3F:36:A5,SCKS,0.027344,0.976563,-0.121094,-5.6,19.040001,32.48,0.065408,0.74752,-0.317696,349,522,565,0.9844220355828083
2024-04-25 14:15:35.301000+00:00,2024-04-25 14:15:30+00:00,2024-04-25 14:17:30+00:00,TABUENCA01-45,Sensoria-C1-E90A,Left,Gait,1.0.5,40.3887119,-3.6292984,F0:75:B1:51:59:F6,SCKS,0.21875,0.968749,0.0,-4.48,32.48,352.799988,0.18688,0.784896,-0.177536,714,562,708,0.9931395609384414
2024-04-25 14:15:35.334000+00:00,2024-04-25 14:15:30+00:00,2024-04-25 14:17:30+00:00,TABUENCA01-45,Sensoria-C1-E90A,Left,Gait,1.0.5,40.3887119,-3.6292984,F0:75:B1:51:59:F6,SCKS,0.21875,1.499999,0.0,0.0,41.439999,397.600006,0.317696,0.719488,-0.177536,714,562,709,1.5158656149213887
2024-04-25 14:15:35.343000+00:00,2024-04-25 14:15:30+00:00,2024-04-25 14:17:30+00:00,TABUENCA01-45,Sensoria-C1-EEA1,Right,Gait,1.0.5,40.3887119,-3.6292984,CB:AA:BC:3F:36:A5,SCKS,0.054688,0.957032,-0.074219,-4.48,17.92,32.48,0.074752,0.74752,-0.317696,341,515,594,0.9614621606329601
2024-04-25 14:15:35.367000+00:00,2024-04-25 14:15:30+00:00,2024-04-25 14:17:30+00:00,TABUENCA01-45,Sensoria-C1-E90A,Left,Gait,1.0.5,40.3887119,-3.6292984,F0:75:B1:51:59:F6,SCKS,0.1875,2.156249,-0.03125,-12.32,31.360001,413.279999,0.383104,0.672768,-0.18688,714,562,707,2.1646114114318533
2024-04-25 14:15:35.391000+00:00,2024-04-25 14:15:30+00:00,2024-04-25 14:17:30+00:00,TABUENCA01-45,Sensoria-C1-EEA1,Right,Gait,1.0.5,40.3887119,-3.6292984,CB:AA:BC:3F:36:A5,SCKS,-0.003906,0.945313,0.0,-5.6,17.92,42.560001,0.084096,0.756864,-0.317696,334,506,617,0.9453210696927261
2024-04-25 14:15:35.399000+00:00,2024-04-25 14:15:30+00:00,2024-04-25 14:17:30+00:00,TABUENCA01-45,Sensoria-C1-E90A,Left,Gait,1.0.5,40.3887119,-3.6292984,F0:75:B1:51:59:F6,SCKS,-0.53125,2.906248,0.1875,-13.440001,103.040001,406.559998,0.429824,0.626048,-0.205568,713,561,708,2.9603479947472393
2024-04-25 14:15:35.407000+00:00,2024-04-25 14:15:30+00:00,2024-04-25 14:17:30+00:00,TABUENCA01-45,Sensoria-C1-EEA1,Right,Gait,1.0.5,40.3887119,-3.6292984,CB:AA:BC:3F:36:A5,SCKS,0.019531,0.933594,0.03125,-7.84,11.2,51.52,0.084096,0.756864,-0.317696,325,498,636,0.9343210258241008
2024-04-25 14:15:35.408000+00:00,2024-04-25 14:15:30+00:00,2024-04-25 14:17:30+00:00,TABUENCA01-45,Sensoria-C1-EEA1,Right,Gait,1.0.5,40.3887119,-3.6292984,CB:AA:BC:3F:36:A5,SCKS,0.042969,0.992188,0.039063,-11.2,3.36,59.360001,0.09344,0.756864,-0.317696,314,487,656,0.9938859493291974
2024-04-25 14:15:35.409000+00:00,2024-04-25 14:15:30+00:00,2024-04-25 14:17:30+00:00,TABUENCA01-45,Sensoria-C1-EEA1,Right,Gait,1.0.5,40.3887119,-3.6292984,CB:AA:BC:3F:36:A5,SCKS,0.050781,1.019532,0.050781,-14.56,-1.12,64.959999,0.102784,0.766208,-0.308352,302,474,672,1.0220581778675812
2024-04-25 14:15:35.432000+00:00,2024-04-25 14:15:30+00:00,2024-04-25 14:17:30+00:00,TABUENCA01-45,Sensoria-C1-E90A,Left,Gait,1.0.5,40.3887119,-3.6292984,F0:75:B1:51:59:F6,SCKS,-0.9375,2.999998,-0.5625,-50.400002,88.480003,379.679993,0.476544,0.56064,-0.224256,714,559,708,3.1930080645065715
2024-04-25 14:15:35.440000+00:00,2024-04-25 14:15:30+00:00,2024-04-25 14:17:30+00:00,TABUENCA01-45,Sensoria-C1-EEA1,Right,Gait,1.0.5,40.3887119,-3.6292984,CB:AA:BC:3F:36:A5,SCKS,0.0,1.121095,0.035156,-17.92,-3.36,70.559998,0.102784,0.775552,-0.308352,291,463,687,1.1216460865001043
2024-04-25 14:15:35.441000+00:00,2024-04-25 14:15:30+00:00,2024-04-25 14:17:30+00:00,TABUENCA01-45,Sensoria-C1-EEA1,Right,Gait,1.0.5,40.3887119,-3.6292984,CB:AA:BC:3F:36:A5,SCKS,0.003906,1.160157,-0.015625,-20.16,-13.440001,84.0,0.121472,0.775552,-0.317696,279,451,701,1.1602687887338865
2024-04-25 14:15:35.448000+00:00,2024-04-25 14:15:30+00:00,2024-04-25 14:17:30+00:00,TABUENCA01-45,Sensoria-C1-E90A,Left,Gait,1.0.5,40.3887119,-3.6292984,F0:75:B1:51:59:F6,SCKS,-3.468748,1.156249,-0.5625,-12.32,58.240002,155.680008,0.504576,0.51392,-0.2336,711,560,710,3.699395989550862
2024-04-25 14:15:35.456000+00:00,2024-04-25 14:15:30+00:00,2024-04-25 14:17:30+00:00,TABUENCA01-45,Sensoria-C1-EEA1,Right,Gait,1.0.5,40.3887119,-3.6292984,CB:AA:BC:3F:36:A5,SCKS,-0.015625,1.195313,0.089844,-24.639999,-15.68,100.800003,0.121472,0.775552,-0.317696,271,442,712,1.1987865752209608
2024-04-25 14:15:35.480000+00:00,2024-04-25 14:15:30+00:00,2024-04-25 14:17:30+00:00,TABUENCA01-45,Sensoria-C1-E90A,Left,Gait,1.0.5,40.3887119,-3.6292984,F0:75:B1:51:59:F6,SCKS,-2.562499,1.562499,-0.53125,22.4,-86.239998,3.36,0.51392,0.485888,-0.2336,710,559,714,3.0479551854484344
2024-04-25 14:15:35.489000+00:00,2024-04-25 14:15:30+00:00,2024-04-25 14:17:30+00:00,TABUENCA01-45,Sensoria-C1-EEA1,Right,Gait,1.0.5,40.3887119,-3.6292984,CB:AA:BC:3F:36:A5,SCKS,-0.027344,1.273438,0.09375,-28.0,-25.76,116.480003,0.130816,0.784896,-0.317696,265,434,721,1.2771770028778315
2024-04-25 14:15:35.505000+00:00,2024-04-25 14:15:30+00:00,2024-04-25 14:17:30+00:00,TABUENCA01-45,Sensoria-C1-EEA1,Right,Gait,1.0.5,40.3887119,-3.6292984,CB:AA:BC:3F:36:A5,SCKS,-0.023438,1.390626,-0.050781,-25.76,-28.0,134.399994,0.149504,0.784896,-0.317696,261,432,725,1.391750236817296
2024-04-25 14:15:35.513000+00:00,2024-04-25 14:15:30+00:00,2024-04-25 14:17:30+00:00,TABUENCA01-45,Sensoria-C1-E90A,Left,Gait,1.0.5,40.3887119,-3.6292984,F0:75:B1:51:59:F6,SCKS,4.062498,-0.1875,0.8125,38.080002,42.560001,-81.760002,0.504576,0.495232,-0.2336,713,560,696,4.147192122388834
2024-04-25 14:15:35.522000+00:00,2024-04-25 14:15:30+00:00,2024-04-25 14:17:30+00:00,TABUENCA01-45,Sensoria-C1-EEA1,Right,Gait,1.0.5,40.3887119,-3.6292984,CB:AA:BC:3F:36:A5,SCKS,-0.109375,1.601564,0.011719,-26.880001,-17.92,150.080002,0.177536,0.79424,-0.32704,261,442,728,1.6053371831743013
2024-04-25 14:15:35.538000+00:00,2024-04-25 14:15:30+00:00,2024-04-25 14:17:30+00:00,TABUENCA01-45,Sensoria-C1-EEA1,Right,Gait,1.0.5,40.3887119,-3.6292984,CB:AA:BC:3F:36:A5,SCKS,-0.3125,1.851564,0.132813,-33.599998,3.36,169.119995,0.205568,0.803584,-0.32704,266,460,730,1.8824411781155341
2024-04-25 14:15:35.546000+00:00,2024-04-25 14:15:30+00:00,2024-04-25 14:17:30+00:00,TABUENCA01-45,Sensoria-C1-E90A,Left,Gait,1.0.5,40.3887119,-3.6292984,F0:75:B1:51:59:F6,SCKS,-0.5,1.843749,0.0625,77.279999,128.800003,-236.320007,0.476544,0.56064,-0.270976,718,564,631,1.911365120797437
2024-04-25 14:15:35.554000+00:00,2024-04-25 14:15:30+00:00,2024-04-25 14:17:30+00:00,TABUENCA01-45,Sensoria-C1-EEA1,Right,Gait,1.0.5,40.3887119,-3.6292984,CB:AA:BC:3F:36:A5,SCKS,-0.777344,1.996095,0.433594,-48.16,47.040001,191.520004,0.205568,0.803584,-0.32704,269,479,729,2.1855577549442615
2024-04-25 14:15:35.578000+00:00,2024-04-25 14:15:30+00:00,2024-04-25 14:17:30+00:00,TABUENCA01-45,Sensoria-C1-E90A,Left,Gait,1.0.5,40.3887119,-3.6292984,F0:75:B1:51:59:F6,SCKS,-0.71875,1.562499,-1.374999,132.160004,43.68,-194.880005,0.457856,0.588672,-0.261632,715,571,482,2.2019597947060707
2024-04-25 14:15:35.587000+00:00,2024-04-25 14:15:30+00:00,2024-04-25 14:17:30+00:00,TABUENCA01-45,Sensoria-C1-EEA1,Right,Gait,1.0.5,40.3887119,-3.6292984,CB:AA:BC:3F:36:A5,SCKS,-1.031251,1.996095,0.300781,-52.639999,57.119999,231.839996,0.242944,0.803584,-0.345728,279,502,730,2.266791363135787
2024-04-25 14:15:35.603000+00:00,2024-04-25 14:15:30+00:00,2024-04-25 14:17:30+00:00,TABUENCA01-45,Sensoria-C1-EEA1,Right,Gait,1.0.5,40.3887119,-3.6292984,CB:AA:BC:3F:36:A5,SCKS,-0.578125,1.996095,-0.417969,-25.76,2.24,281.119995,0.289664,0.803584,-0.355072,310,543,729,2.1197457039963545
2024-04-25 14:15:35.611000+00:00,2024-04-25 14:15:30+00:00,2024-04-25 14:17:30+00:00,TABUENCA01-45,Sensoria-C1-E90A,Left,Gait,1.0.5,40.3887119,-3.6292984,F0:75:B1:51:59:F6,SCKS,-0.46875,0.875,0.1875,67.199997,-70.559998,-190.399994,0.429824,0.626048,-0.261632,692,570,388,1.0102018672027884
2024-04-25 14:15:35.619000+00:00,2024-04-25 14:15:30+00:00,2024-04-25 14:17:30+00:00,TABUENCA01-45,Sensoria-C1-EEA1,Right,Gait,1.0.5,40.3887119,-3.6292984,CB:AA:BC:3F:36:A5,SCKS,-0.621094,1.996095,-0.792969,-25.76,-52.639999,308.0,0.336384,0.803584,-0.345728,361,603,728,2.2358338133282625
2024-04-25 14:15:35.636000+00:00,2024-04-25 14:15:30+00:00,2024-04-25 14:17:30+00:00,TABUENCA01-45,Sensoria-C1-EEA1,Right,Gait,1.0.5,40.3887119,-3.6292984,CB:AA:BC:3F:36:A5,SCKS,-0.238281,1.363282,-0.738282,2.24,-12.32,278.880005,0.392448,0.79424,-0.345728,424,656,730,1.5685585605928138
2024-04-25 14:15:35.643000+00:00,2024-04-25 14:15:30+00:00,2024-04-25 14:17:30+00:00,TABUENCA01-45,Sensoria-C1-E90A,Left,Gait,1.0.5,40.3887119,-3.6292984,F0:75:B1:51:59:F6,SCKS,0.09375,0.968749,-0.34375,58.240002,-63.84,-94.080002,0.411136,0.644736,-0.2336,660,549,352,1.0321955967746617
2024-04-25 14:15:35.668000+00:00,2024-04-25 14:15:30+00:00,2024-04-25 14:17:30+00:00,TABUENCA01-45,Sensoria-C1-EEA1,Right,Gait,1.0.5,40.3887119,-3.6292984,CB:AA:BC:3F:36:A5,SCKS,0.433594,-0.058594,-0.902344,1.12,77.279999,171.360001,0.42048,0.79424,-0.345728,469,690,729,1.0028268584396811
2024-04-25 14:15:35.676000+00:00,2024-04-25 14:15:30+00:00,2024-04-25 14:17:30+00:00,TABUENCA01-45,Sensoria-C1-E90A,Left,Gait,1.0.5,40.3887119,-3.6292984,F0:75:B1:51:59:F6,SCKS,0.09375,0.968749,-0.21875,24.639999,-31.360001,-32.48,0.401792,0.65408,-0.224256,630,522,345,0.9975546350957425
2024-04-25 14:15:35.686000+00:00,2024-04-25 14:15:30+00:00,2024-04-25 14:17:30+00:00,TABUENCA01-45,Sensoria-C1-EEA1,Right,Gait,1.0.5,40.3887119,-3.6292984,CB:AA:BC:3F:36:A5,SCKS,-0.847657,0.472657,-0.492188,-21.280001,194.880005,82.879997,0.42048,0.79424,-0.345728,491,708,727,1.088198537327633
2024-04-25 14:15:35.701000+00:00,2024-04-25 14:15:30+00:00,2024-04-25 14:17:30+00:00,TABUENCA01-45,Sensoria-C1-EEA1,Right,Gait,1.0.5,40.3887119,-3.6292984,CB:AA:BC:3F:36:A5,SCKS,-1.035157,0.242188,-0.203125,-41.439999,160.160004,-3.36,0.439168,0.79424,-0.364416,503,718,725,1.0823422784027243
2024-04-25 14:15:35.708000+00:00,2024-04-25 14:15:30+00:00,2024-04-25 14:17:30+00:00,TABUENCA01-45,Sensoria-C1-E90A,Left,Gait,1.0.5,40.3887119,-3.6292984,F0:75:B1:51:59:F6,SCKS,0.09375,0.999999,-0.09375,3.36,-26.880001,-23.52,0.383104,0.672768,-0.214912,607,499,358,1.008749783147932
2024-04-25 14:15:35.717000+00:00,2024-04-25 14:15:30+00:00,2024-04-25 14:17:30+00:00,TABUENCA01-45,Sensoria-C1-EEA1,Right,Gait,1.0.5,40.3887119,-3.6292984,CB:AA:BC:3F:36:A5,SCKS,-0.589844,-0.167969,0.019531,-20.16,98.559998,-43.68,0.429824,0.79424,-0.37376,508,723,724,0.6136049130002139
2024-04-25 14:15:35.734000+00:00,2024-04-25 14:15:30+00:00,2024-04-25 14:17:30+00:00,TABUENCA01-45,Sensoria-C1-EEA1,Right,Gait,1.0.5,40.3887119,-3.6292984,CB:AA:BC:3F:36:A5,SCKS,-0.480469,-0.164063,0.023438,24.639999,42.560001,-90.720001,0.42048,0.79424,-0.383104,511,724,725,0.508248431157441
2024-04-25 14:15:35.741000+00:00,2024-04-25 14:15:30+00:00,2024-04-25 14:17:30+00:00,TABUENCA01-45,Sensoria-C1-E90A,Left,Gait,1.0.5,40.3887119,-3.6292984,F0:75:B1:51:59:F6,SCKS,0.125,0.999999,-0.09375,-3.36,-33.599998,-22.4,0.383104,0.672768,-0.214912,588,479,397,1.012132433281831
2024-04-25 14:15:35.766000+00:00,2024-04-25 14:15:30+00:00,2024-04-25 14:17:30+00:00,TABUENCA01-45,Sensoria-C1-EEA1,Right,Gait,1.0.5,40.3887119,-3.6292984,CB:AA:BC:3F:36:A5,SCKS,-0.554688,0.003906,-0.042969,48.16,-3.36,-144.479996,0.383104,0.803584,-0.383104,510,726,723,0.5563635224751888
2024-04-25 14:15:35.773000+00:00,2024-04-25 14:15:30+00:00,2024-04-25 14:17:30+00:00,TABUENCA01-45,Sensoria-C1-E90A,Left,Gait,1.0.5,40.3887119,-3.6292984,F0:75:B1:51:59:F6,SCKS,0.09375,0.968749,-0.21875,3.36,-41.439999,-22.4,0.383104,0.672768,-0.205568,578,465,457,0.9975546350957425
2024-04-25 14:15:35.782000+00:00,2024-04-25 14:15:30+00:00,2024-04-25 14:17:30+00:00,TABUENCA01-45,Sensoria-C1-EEA1,Right,Gait,1.0.5,40.3887119,-3.6292984,CB:AA:BC:3F:36:A5,SCKS,-0.511719,0.132813,-0.078125,58.240002,-42.560001,-196.0,0.383104,0.803584,-0.383104,512,728,723,0.5344147673436804
2024-04-25 14:15:35.789000+00:00,2024-04-25 14:15:30+00:00,2024-04-25 14:17:30+00:00,TABUENCA01-45,Sensoria-C1-E90A,Left,Gait,1.0.5,40.3887119,-3.6292984,F0:75:B1:51:59:F6,SCKS,0.09375,0.968749,-0.28125,8.96,-44.799999,-20.16,0.37376,0.672768,-0.205568,564,450,522,1.0130968611149678
2024-04-25 14:15:35.798000+00:00,2024-04-25 14:15:30+00:00,2024-04-25 14:17:30+00:00,TABUENCA01-45,Sensoria-C1-EEA1,Right,Gait,1.0.5,40.3887119,-3.6292984,CB:AA:BC:3F:36:A5,SCKS,-0.464844,0.253906,-0.070313,66.080002,-70.559998,-236.320007,0.355072,0.812928,-0.364416,512,725,722,0.5343146256102298
2024-04-25 14:15:35.814000+00:00,2024-04-25 14:15:30+00:00,2024-04-25 14:17:30+00:00,TABUENCA01-45,Sensoria-C1-EEA1,Right,Gait,1.0.5,40.3887119,-3.6292984,CB:AA:BC:3F:36:A5,SCKS,-0.410157,0.433594,-0.042969,73.919998,-86.239998,-271.040009,0.308352,0.812928,-0.364416,512,726,719,0.5983969054448728
2024-04-25 14:15:35.822000+00:00,2024-04-25 14:15:30+00:00,2024-04-25 14:17:30+00:00,TABUENCA01-45,Sensoria-C1-E90A,Left,Gait,1.0.5,40.3887119,-3.6292984,F0:75:B1:51:59:F6,SCKS,0.0625,0.9375,-0.25,11.2,-40.32,-23.52,0.37376,0.682112,-0.196224,554,436,580,0.9722718241315028
2024-04-25 14:15:35.847000+00:00,2024-04-25 14:15:30+00:00,2024-04-25 14:17:30+00:00,TABUENCA01-45,Sensoria-C1-EEA1,Right,Gait,1.0.5,40.3887119,-3.6292984,CB:AA:BC:3F:36:A5,SCKS,-0.390625,0.667969,-0.046875,76.160004,-86.239998,-302.399994,0.261632,0.803584,-0.32704,512,724,721,0.7752210918254224
2024-04-25 14:15:35.854000+00:00,2024-04-25 14:15:30+00:00,2024-04-25 14:17:30+00:00,TABUENCA01-45,Sensoria-C1-E90A,Left,Gait,1.0.5,40.3887119,-3.6292984,F0:75:B1:51:59:F6,SCKS,0.0625,0.90625,-0.21875,19.040001,-30.24,-34.720001,0.355072,0.691456,-0.18688,539,414,635,0.9343697742328784
2024-04-25 14:15:35.863000+00:00,2024-04-25 14:15:30+00:00,2024-04-25 14:17:30+00:00,TABUENCA01-45,Sensoria-C1-EEA1,Right,Gait,1.0.5,40.3887119,-3.6292984,CB:AA:BC:3F:36:A5,SCKS,-0.378907,0.945313,-0.007813,68.32,-75.040001,-329.279999,0.18688,0.79424,-0.32704,511,723,720,1.0184538406756587
2024-04-25 14:15:35.880000+00:00,2024-04-25 14:15:30+00:00,2024-04-25 14:17:30+00:00,TABUENCA01-45,Sensoria-C1-EEA1,Right,Gait,1.0.5,40.3887119,-3.6292984,CB:AA:BC:3F:36:A5,SCKS,-0.339844,1.250001,0.066406,54.880001,-56.0,-355.040009,0.18688,0.79424,-0.32704,511,722,718,1.2970760198126399
2024-04-25 14:15:35.887000+00:00,2024-04-25 14:15:30+00:00,2024-04-25 14:17:30+00:00,TABUENCA01-45,Sensoria-C1-E90A,Left,Gait,1.0.5,40.3887119,-3.6292984,F0:75:B1:51:59:F6,SCKS,0.0,0.9375,-0.1875,13.440001,-30.24,-44.799999,0.345728,0.7008,-0.177536,528,393,659,0.9560661587986472
2024-04-25 14:15:35.895000+00:00,2024-04-25 14:15:30+00:00,2024-04-25 14:17:30+00:00,TABUENCA01-45,Sensoria-C1-EEA1,Right,Gait,1.0.5,40.3887119,-3.6292984,CB:AA:BC:3F:36:A5,SCKS,-0.34375,1.726564,0.238281,32.48,-17.92,-375.200012,0.130816,0.775552,-0.317696,511,722,717,1.776503628917487
2024-04-25 14:15:35.912000+00:00,2024-04-25 14:15:30+00:00,2024-04-25 14:17:30+00:00,TABUENCA01-45,Sensoria-C1-EEA1,Right,Gait,1.0.5,40.3887119,-3.6292984,CB:AA:BC:3F:36:A5,SCKS,-0.402344,1.996095,0.371094,10.08,22.4,-377.440002,0.065408,0.738176,-0.317696,511,723,718,2.069779384426514
2024-04-25 14:15:35.919000+00:00,2024-04-25 14:15:30+00:00,2024-04-25 14:17:30+00:00,TABUENCA01-45,Sensoria-C1-E90A,Left,Gait,1.0.5,40.3887119,-3.6292984,F0:75:B1:51:59:F6,SCKS,-0.03125,0.968749,-0.15625,7.84,-32.48,-43.68,0.336384,0.710144,-0.158848,515,372,672,0.9817663927844545
2024-04-25 14:15:35.944000+00:00,2024-04-25 14:15:30+00:00,2024-04-25 14:17:30+00:00,TABUENCA01-45,Sensoria-C1-EEA1,Right,Gait,1.0.5,40.3887119,-3.6292984,CB:AA:BC:3F:36:A5,SCKS,-0.128906,1.996095,0.289063,45.920002,-73.919998,-405.440002,0.028032,0.7008,-0.317696,510,720,717,2.0210317720981035
2024-04-25 14:15:35.952000+00:00,2024-04-25 14:15:30+00:00,2024-04-25 14:17:30+00:00,TABUENCA01-45,Sensoria-C1-E90A,Left,Gait,1.0.5,40.3887119,-3.6292984,F0:75:B1:51:59:F6,SCKS,-0.0625,0.999999,-0.21875,1.12,-35.84,-43.68,0.32704,0.710144,-0.168192,502,352,684,1.0255514675046786
2024-04-25 14:15:35.960000+00:00,2024-04-25 14:15:30+00:00,2024-04-25 14:17:30+00:00,TABUENCA01-45,Sensoria-C1-EEA1,Right,Gait,1.0.5,40.3887119,-3.6292984,CB:AA:BC:3F:36:A5,SCKS,0.769532,1.996095,0.011719,21.280001,-78.400002,-416.640015,-0.037376,0.644736,-0.32704,510,720,720,2.139325146631526
2024-04-25 14:15:35.977000+00:00,2024-04-25 14:15:30+00:00,2024-04-25 14:17:30+00:00,TABUENCA01-45,Sensoria-C1-EEA1,Right,Gait,1.0.5,40.3887119,-3.6292984,CB:AA:BC:3F:36:A5,SCKS,1.847658,1.996095,-1.132813,10.08,-39.200001,-370.720001,-0.037376,0.644736,-0.32704,510,721,717,2.9464386345142164
2024-04-25 14:15:35.984000+00:00,2024-04-25 14:15:30+00:00,2024-04-25 14:17:30+00:00,TABUENCA01-45,Sensoria-C1-E90A,Left,Gait,1.0.5,40.3887119,-3.6292984,F0:75:B1:51:59:F6,SCKS,-0.03125,1.062499,-0.21875,-11.2,-44.799999,-48.16,0.317696,0.728832,-0.149504,484,336,697,1.0852337305857205
2024-04-25 14:15:35.993000+00:00,2024-04-25 14:15:30+00:00,2024-04-25 14:17:30+00:00,TABUENCA01-45,Sensoria-C1-EEA1,Right,Gait,1.0.5,40.3887119,-3.6292984,CB:AA:BC:3F:36:A5,SCKS,1.996095,1.410157,-0.132813,58.240002,7.84,-210.559998,-0.074752,0.588672,-0.32704,510,722,720,2.4475655878123064
2024-04-25 14:15:36.017000+00:00,2024-04-25 14:15:30+00:00,2024-04-25 14:17:30+00:00,TABUENCA01-45,Sensoria-C1-E90A,Left,Gait,1.0.5,40.3887119,-3.6292984,F0:75:B1:51:59:F6,SCKS,0.0,1.156249,-0.09375,-15.68,-44.799999,-70.559998,0.308352,0.728832,-0.168192,466,320,708,1.1600434528503663
2024-04-25 14:15:36.025000+00:00,2024-04-25 14:15:30+00:00,2024-04-25 14:17:30+00:00,TABUENCA01-45,Sensoria-C1-EEA1,Right,Gait,1.0.5,40.3887119,-3.6292984,CB:AA:BC:3F:36:A5,SCKS,1.996095,1.617189,0.449219,48.16,112.0,-109.760002,-0.084096,0.56064,-0.299008,510,723,721,2.607967258365603
2024-04-25 14:15:36.042000+00:00,2024-04-25 14:15:30+00:00,2024-04-25 14:17:30+00:00,TABUENCA01-45,Sensoria-C1-EEA1,Right,Gait,1.0.5,40.3887119,-3.6292984,CB:AA:BC:3F:36:A5,SCKS,1.996095,1.996095,0.972657,-12.32,69.440002,23.52,-0.084096,0.551296,-0.299008,509,723,724,2.985774964343261
2024-04-25 14:15:36.049000+00:00,2024-04-25 14:15:30+00:00,2024-04-25 14:17:30+00:00,TABUENCA01-45,Sensoria-C1-E90A,Left,Gait,1.0.5,40.3887119,-3.6292984,F0:75:B1:51:59:F6,SCKS,0.09375,1.249999,-0.1875,-10.08,-24.639999,-101.919998,0.270976,0.74752,-0.149504,457,315,716,1.2674552506897434
2024-04-25 14:15:36.058000+00:00,2024-04-25 14:15:30+00:00,2024-04-25 14:17:30+00:00,TABUENCA01-45,Sensoria-C1-EEA1,Right,Gait,1.0.5,40.3887119,-3.6292984,CB:AA:BC:3F:36:A5,SCKS,0.390625,1.996095,-0.058594,-30.24,-63.84,147.839996,-0.074752,0.56064,-0.299008,507,724,724,2.0348013162188585
2024-04-25 14:15:36.074000+00:00,2024-04-25 14:15:30+00:00,2024-04-25 14:17:30+00:00,TABUENCA01-45,Sensoria-C1-EEA1,Right,Gait,1.0.5,40.3887119,-3.6292984,CB:AA:BC:3F:36:A5,SCKS,-2.000001,0.867188,-0.085938,13.440001,-51.52,57.119999,-0.074752,0.579328,-0.317696,509,724,708,2.1816059147309352
2024-04-25 14:15:36.082000+00:00,2024-04-25 14:15:30+00:00,2024-04-25 14:17:30+00:00,TABUENCA01-45,Sensoria-C1-E90A,Left,Gait,1.0.5,40.3887119,-3.6292984,F0:75:B1:51:59:F6,SCKS,0.125,1.499999,-0.25,-1.12,-19.040001,-140.0,0.252288,0.756864,-0.168192,463,324,718,1.5258184688884193
2024-04-25 14:15:36.106000+00:00,2024-04-25 14:15:30+00:00,2024-04-25 14:17:30+00:00,TABUENCA01-45,Sensoria-C1-EEA1,Right,Gait,1.0.5,40.3887119,-3.6292984,CB:AA:BC:3F:36:A5,SCKS,0.726563,1.179688,1.421876,38.080002,-162.399994,249.759995,-0.074752,0.579328,-0.317696,521,728,667,1.9852679742767725
2024-04-25 14:15:36.114000+00:00,2024-04-25 14:15:30+00:00,2024-04-25 14:17:30+00:00,TABUENCA01-45,Sensoria-C1-E90A,Left,Gait,1.0.5,40.3887119,-3.6292984,F0:75:B1:51:59:F6,SCKS,0.46875,1.937499,-0.125,-6.72,-32.48,-174.720001,0.224256,0.766208,-0.158848,495,353,719,1.9973116776059263
2024-04-25 14:15:36.123000+00:00,2024-04-25 14:15:30+00:00,2024-04-25 14:17:30+00:00,TABUENCA01-45,Sensoria-C1-EEA1,Right,Gait,1.0.5,40.3887119,-3.6292984,CB:AA:BC:3F:36:A5,SCKS,0.621094,1.82422,0.300781,64.959999,-122.080002,238.559998,-0.056064,0.616704,-0.345728,530,731,598,1.9503860067168755
2024-04-25 14:15:36.140000+00:00,2024-04-25 14:15:30+00:00,2024-04-25 14:17:30+00:00,TABUENCA01-45,Sensoria-C1-EEA1,Right,Gait,1.0.5,40.3887119,-3.6292984,CB:AA:BC:3F:36:A5,SCKS,0.046875,1.437501,-0.171875,40.32,24.639999,230.720001,-0.037376,0.644736,-0.32704,534,735,514,1.4484983280111166
2024-04-25 14:15:36.146000+00:00,2024-04-25 14:15:30+00:00,2024-04-25 14:17:30+00:00,TABUENCA01-45,Sensoria-C1-E90A,Left,Gait,1.0.5,40.3887119,-3.6292984,F0:75:B1:51:59:F6,SCKS,0.9375,2.374999,0.1875,-49.279999,-75.040001,-194.880005,0.196224,0.775552,-0.158848,540,386,718,2.560211465875622
2024-04-25 14:15:36.155000+00:00,2024-04-25 14:15:30+00:00,2024-04-25 14:17:30+00:00,TABUENCA01-45,Sensoria-C1-EEA1,Right,Gait,1.0.5,40.3887119,-3.6292984,CB:AA:BC:3F:36:A5,SCKS,0.46875,1.335938,-0.640625,48.16,-3.36,198.240005,-0.018688,0.672768,-0.32704,529,735,444,1.5539811108790866
2024-04-25 14:15:36.163000+00:00,2024-04-25 14:15:30+00:00,2024-04-25 14:17:30+00:00,TABUENCA01-45,Sensoria-C1-E90A,Left,Gait,1.0.5,40.3887119,-3.6292984,F0:75:B1:51:59:F6,SCKS,0.6875,2.343749,-0.59375,-47.040001,-135.520004,-235.199997,0.149504,0.784896,-0.158848,575,428,718,2.513633761609077
2024-04-25 14:15:36.171000+00:00,2024-04-25 14:15:30+00:00,2024-04-25 14:17:30+00:00,TABUENCA01-45,Sensoria-C1-EEA1,Right,Gait,1.0.5,40.3887119,-3.6292984,CB:AA:BC:3F:36:A5,SCKS,0.257813,1.078126,0.367188,-39.200001,60.48,194.880005,0.0,0.7008,-0.32704,511,732,400,1.16775435866838
2024-04-25 14:15:36.196000+00:00,2024-04-25 14:15:30+00:00,2024-04-25 14:17:30+00:00,TABUENCA01-45,Sensoria-C1-E90A,Left,Gait,1.0.5,40.3887119,-3.6292984,F0:75:B1:51:59:F6,SCKS,0.8125,1.562499,-0.59375,-2.24,43.68,-297.920013,0.04672,0.784896,-0.168192,630,497,717,1.8585204969278657
2024-04-25 14:15:36.204000+00:00,2024-04-25 14:15:30+00:00,2024-04-25 14:17:30+00:00,TABUENCA01-45,Sensoria-C1-EEA1,Right,Gait,1.0.5,40.3887119,-3.6292984,CB:AA:BC:3F:36:A5,SCKS,0.082031,1.085938,0.097656,-5.6,41.439999,137.759995,0.0,0.7008,-0.32704,489,712,373,1.0934016275554925
2024-04-25 14:15:36.221000+00:00,2024-04-25 14:15:30+00:00,2024-04-25 14:17:30+00:00,TABUENCA01-45,Sensoria-C1-EEA1,Right,Gait,1.0.5,40.3887119,-3.6292984,CB:AA:BC:3F:36:A5,SCKS,0.03125,0.902344,0.007813,-3.36,22.4,108.639999,0.018688,0.719488,-0.317696,465,683,362,0.9029187670023257
2024-04-25 14:15:36.228000+00:00,2024-04-25 14:15:30+00:00,2024-04-25 14:17:30+00:00,TABUENCA01-45,Sensoria-C1-E90A,Left,Gait,1.0.5,40.3887119,-3.6292984,F0:75:B1:51:59:F6,SCKS,0.8125,0.375,-0.3125,0.0,5.6,-201.600006,0.009344,0.784896,-0.168192,680,545,716,0.9478594305064438
2024-04-25 14:15:36.237000+00:00,2024-04-25 14:15:30+00:00,2024-04-25 14:17:30+00:00,TABUENCA01-45,Sensoria-C1-EEA1,Right,Gait,1.0.5,40.3887119,-3.6292984,CB:AA:BC:3F:36:A5,SCKS,-0.097656,0.972657,0.152344,-2.24,4.48,84.0,0.028032,0.728832,-0.317696,443,654,357,0.9893467684896939
2024-04-25 14:15:36.253000+00:00,2024-04-25 14:15:30+00:00,2024-04-25 14:17:30+00:00,TABUENCA01-45,Sensoria-C1-EEA1,Right,Gait,1.0.5,40.3887119,-3.6292984,CB:AA:BC:3F:36:A5,SCKS,0.015625,0.976563,0.046875,15.68,1.12,53.760002,0.037376,0.738176,-0.317696,423,625,362,0.977812200383591
2024-04-25 14:15:36.260000+00:00,2024-04-25 14:15:30+00:00,2024-04-25 14:17:30+00:00,TABUENCA01-45,Sensoria-C1-E90A,Left,Gait,1.0.5,40.3887119,-3.6292984,F0:75:B1:51:59:F6,SCKS,-0.6875,0.40625,-0.25,4.48,-88.480003,-87.360001,-0.028032,0.775552,-0.177536,702,561,716,0.8367767399372428
2024-04-25 14:15:36.286000+00:00,2024-04-25 14:15:30+00:00,2024-04-25 14:17:30+00:00,TABUENCA01-45,Sensoria-C1-EEA1,Right,Gait,1.0.5,40.3887119,-3.6292984,CB:AA:BC:3F:36:A5,SCKS,-0.070313,1.046876,-0.023438,36.959999,-11.2,40.32,0.037376,0.738176,-0.317696,405,603,372,1.0494963635901746
2024-04-25 14:15:36.293000+00:00,2024-04-25 14:15:30+00:00,2024-04-25 14:17:30+00:00,TABUENCA01-45,Sensoria-C1-E90A,Left,Gait,1.0.5,40.3887119,-3.6292984,F0:75:B1:51:59:F6,SCKS,0.6875,0.125,-0.1875,-14.56,-70.559998,113.120003,-0.028032,0.784896,-0.18688,710,562,714,0.7234898064243891
2024-04-25 14:15:36.302000+00:00,2024-04-25 14:15:30+00:00,2024-04-25 14:17:30+00:00,TABUENCA01-45,Sensoria-C1-EEA1,Right,Gait,1.0.5,40.3887119,-3.6292984,CB:AA:BC:3F:36:A5,SCKS,-0.015625,1.015626,-0.144531,29.120001,-5.6,40.32,0.037376,0.74752,-0.317696,386,581,398,1.0259773498776665
2024-04-25 14:15:36.318000+00:00,2024-04-25 14:15:30+00:00,2024-04-25 14:17:30+00:00,TABUENCA01-45,Sensoria-C1-EEA1,Right,Gait,1.0.5,40.3887119,-3.6292984,CB:AA:BC:3F:36:A5,SCKS,-0.03125,0.992188,-0.125,14.56,4.48,36.959999,0.037376,0.74752,-0.317696,377,569,428,1.000519160158365
2024-04-25 14:15:36.326000+00:00,2024-04-25 14:15:30+00:00,2024-04-25 14:17:30+00:00,TABUENCA01-45,Sensoria-C1-E90A,Left,Gait,1.0.5,40.3887119,-3.6292984,F0:75:B1:51:59:F6,SCKS,0.625,0.0,-0.03125,-20.16,19.040001,176.960007,0.0,0.775552,-0.196224,714,562,712,0.6257807623281496
2024-04-25 14:15:36.335000+00:00,2024-04-25 14:15:30+00:00,2024-04-25 14:17:30+00:00,TABUENCA01-45,Sensoria-C1-EEA1,Right,Gait,1.0.5,40.3887119,-3.6292984,CB:AA:BC:3F:36:A5,SCKS,0.003906,0.972657,-0.074219,4.48,12.32,34.720001,0.04672,0.74752,-0.308352,370,560,457,0.9754923661649024
2024-04-25 14:15:36.358000+00:00,2024-04-25 14:15:30+00:00,2024-04-25 14:17:30+00:00,TABUENCA01-45,Sensoria-C1-E90A,Left,Gait,1.0.5,40.3887119,-3.6292984,F0:75:B1:51:59:F6,SCKS,0.25,0.21875,-0.15625,-12.32,40.32,262.079987,0.074752,0.79424,-0.196224,715,561,711,0.3671043788897103
2024-04-25 14:15:36.367000+00:00,2024-04-25 14:15:30+00:00,2024-04-25 14:17:30+00:00,TABUENCA01-45,Sensoria-C1-EEA1,Right,Gait,1.0.5,40.3887119,-3.6292984,CB:AA:BC:3F:36:A5,SCKS,0.019531,0.976563,-0.105469,0.0,22.4,28.0,0.056064,0.74752,-0.308352,365,553,490,0.9824359841185581
2024-04-25 14:15:36.384000+00:00,2024-04-25 14:15:30+00:00,2024-04-25 14:17:30+00:00,TABUENCA01-45,Sensoria-C1-EEA1,Right,Gait,1.0.5,40.3887119,-3.6292984,CB:AA:BC:3F:36:A5,SCKS,0.023438,0.972657,-0.105469,-5.6,24.639999,24.639999,0.056064,0.74752,-0.308352,359,548,522,0.97863920290064
2024-04-25 14:15:36.391000+00:00,2024-04-25 14:15:30+00:00,2024-04-25 14:17:30+00:00,TABUENCA01-45,Sensoria-C1-E90A,Left,Gait,1.0.5,40.3887119,-3.6292984,F0:75:B1:51:59:F6,SCKS,0.28125,0.59375,-0.21875,-6.72,14.56,304.640015,0.112128,0.79424,-0.196224,715,562,710,0.6924537439425106
2024-04-25 14:15:36.401000+00:00,2024-04-25 14:15:30+00:00,2024-04-25 14:17:30+00:00,TABUENCA01-45,Sensoria-C1-EEA1,Right,Gait,1.0.5,40.3887119,-3.6292984,CB:AA:BC:3F:36:A5,SCKS,-0.003906,0.937501,-0.046875,-6.72,24.639999,25.76,0.065408,0.74752,-0.299008,353,542,550,0.9386802690277452
2024-04-25 14:15:36.416000+00:00,2024-04-25 14:15:30+00:00,2024-04-25 14:17:30+00:00,TABUENCA01-45,Sensoria-C1-EEA1,Right,Gait,1.0.5,40.3887119,-3.6292984,CB:AA:BC:3F:36:A5,SCKS,0.0,0.921876,-0.054688,-5.6,23.52,29.120001,0.065408,0.74752,-0.299008,346,539,575,0.9234966901510802
2024-04-25 14:15:36.423000+00:00,2024-04-25 14:15:30+00:00,2024-04-25 14:17:30+00:00,TABUENCA01-45,Sensoria-C1-E90A,Left,Gait,1.0.5,40.3887119,-3.6292984,F0:75:B1:51:59:F6,SCKS,0.25,0.875,-0.125,-10.08,11.2,355.040009,0.2336,0.766208,-0.196224,713,559,709,0.9185586535436918
2024-04-25 14:15:36.432000+00:00,2024-04-25 14:15:30+00:00,2024-04-25 14:17:30+00:00,TABUENCA01-45,Sensoria-C1-EEA1,Right,Gait,1.0.5,40.3887119,-3.6292984,CB:AA:BC:3F:36:A5,SCKS,-0.003906,0.960938,-0.070313,-5.6,20.16,35.84,0.065408,0.74752,-0.299008,336,534,598,0.9635149270504323
2024-04-25 14:15:36.440000+00:00,2024-04-25 14:15:30+00:00,2024-04-25 14:17:30+00:00,TABUENCA01-45,Sensoria-C1-E90A,Left,Gait,1.0.5,40.3887119,-3.6292984,F0:75:B1:51:59:F6,SCKS,0.40625,1.406249,-0.125,2.24,7.84,398.720001,0.299008,0.728832,-0.205568,714,559,709,1.4690814519627562
2024-04-25 14:15:36.465000+00:00,2024-04-25 14:15:30+00:00,2024-04-25 14:17:30+00:00,TABUENCA01-45,Sensoria-C1-EEA1,Right,Gait,1.0.5,40.3887119,-3.6292984,CB:AA:BC:3F:36:A5,SCKS,0.007813,0.953126,-0.078125,-5.6,13.440001,44.799999,0.065408,0.74752,-0.289664,326,529,619,0.9563543958543821
2024-04-25 14:15:36.473000+00:00,2024-04-25 14:15:30+00:00,2024-04-25 14:17:30+00:00,TABUENCA01-45,Sensoria-C1-E90A,Left,Gait,1.0.5,40.3887119,-3.6292984,F0:75:B1:51:59:F6,SCKS,0.375,2.281249,-0.0625,10.08,33.599998,421.119995,0.355072,0.691456,-0.205568,714,560,708,2.312710152613379
2024-04-25 14:15:36.497000+00:00,2024-04-25 14:15:30+00:00,2024-04-25 14:17:30+00:00,TABUENCA01-45,Sensoria-C1-EEA1,Right,Gait,1.0.5,40.3887119,-3.6292984,CB:AA:BC:3F:36:A5,SCKS,0.007813,0.941407,-0.050781,-2.24,3.36,54.880001,0.074752,0.756864,-0.289664,315,521,633,0.942807982878274
2024-04-25 14:15:36.505000+00:00,2024-04-25 14:15:30+00:00,2024-04-25 14:17:30+00:00,TABUENCA01-45,Sensoria-C1-E90A,Left,Gait,1.0.5,40.3887119,-3.6292984,F0:75:B1:51:59:F6,SCKS,-0.09375,3.093748,0.1875,20.16,101.919998,436.799988,0.411136,0.635392,-0.205568,712,557,706,3.1008421436771014
2024-04-25 14:15:36.538000+00:00,2024-04-25 14:15:30+00:00,2024-04-25 14:17:30+00:00,TABUENCA01-45,Sensoria-C1-E90A,Left,Gait,1.0.5,40.3887119,-3.6292984,F0:75:B1:51:59:F6,SCKS,-0.71875,3.281248,-0.65625,-26.880001,103.040001,412.160004,0.4672,0.569984,-0.224256,712,559,709,3.422550812260353
2024-04-25 14:15:36.561000+00:00,2024-04-25 14:15:30+00:00,2024-04-25 14:17:30+00:00,TABUENCA01-45,Sensoria-C1-EEA1,Right,Gait,1.0.5,40.3887119,-3.6292984,CB:AA:BC:3F:36:A5,SCKS,0.027344,0.980469,-0.050781,-3.36,-3.36,61.599998,0.084096,0.756864,-0.289664,302,512,651,0.9821638683325711
2024-04-25 14:15:36.563000+00:00,2024-04-25 14:15:30+00:00,2024-04-25 14:17:30+00:00,TABUENCA01-45,Sensoria-C1-EEA1,Right,Gait,1.0.5,40.3887119,-3.6292984,CB:AA:BC:3F:36:A5,SCKS,0.042969,1.023438,-0.035156,-7.84,-4.48,68.32,0.09344,0.766208,-0.289664,293,500,666,1.0249427394449897
2024-04-25 14:15:36.564000+00:00,2024-04-25 14:15:30+00:00,2024-04-25 14:17:30+00:00,TABUENCA01-45,Sensoria-C1-EEA1,Right,Gait,1.0.5,40.3887119,-3.6292984,CB:AA:BC:3F:36:A5,SCKS,0.007813,1.058594,0.054688,-11.2,-6.72,75.040001,0.09344,0.766208,-0.289664,282,486,681,1.060034469792846
2024-04-25 14:15:36.566000+00:00,2024-04-25 14:15:30+00:00,2024-04-25 14:17:30+00:00,TABUENCA01-45,Sensoria-C1-EEA1,Right,Gait,1.0.5,40.3887119,-3.6292984,CB:AA:BC:3F:36:A5,SCKS,-0.042969,1.132813,0.0,-14.56,-12.32,87.360001,0.102784,0.775552,-0.299008,273,470,694,1.1336276407754002
2024-04-25 14:15:36.569000+00:00,2024-04-25 14:15:30+00:00,2024-04-25 14:17:30+00:00,TABUENCA01-45,Sensoria-C1-E90A,Left,Gait,1.0.5,40.3887119,-3.6292984,F0:75:B1:51:59:F6,SCKS,-3.468748,1.499999,-0.65625,14.56,117.599998,235.199997,0.51392,0.4672,-0.252288,710,558,713,3.835736402570568
2024-04-25 14:15:36.578000+00:00,2024-04-25 14:15:30+00:00,2024-04-25 14:17:30+00:00,TABUENCA01-45,Sensoria-C1-EEA1,Right,Gait,1.0.5,40.3887119,-3.6292984,CB:AA:BC:3F:36:A5,SCKS,-0.007813,1.195313,0.058594,-19.040001,-16.799999,103.040001,0.121472,0.775552,-0.299008,264,458,707,1.1967737746850906
2024-04-25 14:15:36.594000+00:00,2024-04-25 14:15:30+00:00,2024-04-25 14:17:30+00:00,TABUENCA01-45,Sensoria-C1-EEA1,Right,Gait,1.0.5,40.3887119,-3.6292984,CB:AA:BC:3F:36:A5,SCKS,0.003906,1.257813,0.050781,-21.280001,-22.4,118.720001,0.14016,0.784896,-0.299008,256,449,718,1.25884371935757
2024-04-25 14:15:36.602000+00:00,2024-04-25 14:15:30+00:00,2024-04-25 14:17:30+00:00,TABUENCA01-45,Sensoria-C1-E90A,Left,Gait,1.0.5,40.3887119,-3.6292984,F0:75:B1:51:59:F6,SCKS,-3.249998,1.499999,-0.28125,26.880001,-85.120003,34.720001,0.51392,0.4672,-0.242944,708,559,716,3.5904854215697632
2024-04-25 14:15:36.627000+00:00,2024-04-25 14:15:30+00:00,2024-04-25 14:17:30+00:00,TABUENCA01-45,Sensoria-C1-EEA1,Right,Gait,1.0.5,40.3887119,-3.6292984,CB:AA:BC:3F:36:A5,SCKS,-0.066406,1.433595,-0.191406,-23.52,-23.52,132.160004,0.158848,0.79424,-0.308352,251,444,726,1.4478399903639214
2024-04-25 14:15:36.634000+00:00,2024-04-25 14:15:30+00:00,2024-04-25 14:17:30+00:00,TABUENCA01-45,Sensoria-C1-E90A,Left,Gait,1.0.5,40.3887119,-3.6292984,F0:75:B1:51:59:F6,SCKS,2.968748,1.249999,0.15625,13.440001,20.16,-126.559998,0.51392,0.485888,-0.252288,708,557,709,3.224961433878706
2024-04-25 14:15:36.643000+00:00,2024-04-25 14:15:30+00:00,2024-04-25 14:17:30+00:00,TABUENCA01-45,Sensoria-C1-EEA1,Right,Gait,1.0.5,40.3887119,-3.6292984,CB:AA:BC:3F:36:A5,SCKS,-0.074219,1.57422,-0.085938,-25.76,-12.32,150.080002,0.158848,0.79424,-0.308352,248,448,731,1.578309984827125
2024-04-25 14:15:36.659000+00:00,2024-04-25 14:15:30+00:00,2024-04-25 14:17:30+00:00,TABUENCA01-45,Sensoria-C1-EEA1,Right,Gait,1.0.5,40.3887119,-3.6292984,CB:AA:BC:3F:36:A5,SCKS,-0.289063,1.847658,0.121094,-24.639999,2.24,166.880005,0.18688,0.79424,-0.308352,250,466,731,1.8740494283153262
2024-04-25 14:15:36.667000+00:00,2024-04-25 14:15:30+00:00,2024-04-25 14:17:30+00:00,TABUENCA01-45,Sensoria-C1-E90A,Left,Gait,1.0.5,40.3887119,-3.6292984,F0:75:B1:51:59:F6,SCKS,-0.65625,1.281249,0.5625,45.920002,184.800003,-220.639999,0.504576,0.504576,-0.252288,717,563,676,1.5455320483577817
2024-04-25 14:15:36.676000+00:00,2024-04-25 14:15:30+00:00,2024-04-25 14:17:30+00:00,TABUENCA01-45,Sensoria-C1-EEA1,Right,Gait,1.0.5,40.3887119,-3.6292984,CB:AA:BC:3F:36:A5,SCKS,-1.019532,1.996095,0.507813,-47.040001,60.48,192.639999,0.214912,0.79424,-0.317696,254,485,732,2.2981981618254768
2024-04-25 14:15:36.692000+00:00,2024-04-25 14:15:30+00:00,2024-04-25 14:17:30+00:00,TABUENCA01-45,Sensoria-C1-EEA1,Right,Gait,1.0.5,40.3887119,-3.6292984,CB:AA:BC:3F:36:A5,SCKS,-0.750001,1.996095,0.300781,-51.52,48.16,238.559998,0.261632,0.803584,-0.317696,265,512,730,2.1534544246366116
2024-04-25 14:15:36.699000+00:00,2024-04-25 14:15:30+00:00,2024-04-25 14:17:30+00:00,TABUENCA01-45,Sensoria-C1-E90A,Left,Gait,1.0.5,40.3887119,-3.6292984,F0:75:B1:51:59:F6,SCKS,-1.343749,1.906249,-1.281249,147.839996,60.48,-185.919998,0.4672,0.579328,-0.270976,716,570,496,2.661023416846045
2024-04-25 14:15:36.724000+00:00,2024-04-25 14:15:30+00:00,2024-04-25 14:17:30+00:00,TABUENCA01-45,Sensoria-C1-EEA1,Right,Gait,1.0.5,40.3887119,-3.6292984,CB:AA:BC:3F:36:A5,SCKS,-0.476563,1.996095,-0.542969,-14.56,10.08,290.079987,0.308352,0.79424,-0.317696,293,557,730,2.122810136812758
2024-04-25 14:15:36.732000+00:00,2024-04-25 14:15:30+00:00,2024-04-25 14:17:30+00:00,TABUENCA01-45,Sensoria-C1-E90A,Left,Gait,1.0.5,40.3887119,-3.6292984,F0:75:B1:51:59:F6,SCKS,-0.125,0.90625,0.03125,78.400002,-100.800003,-191.520004,0.439168,0.616704,-0.261632,695,571,402,0.9153636572423006
2024-04-25 14:15:36.741000+00:00,2024-04-25 14:15:30+00:00,2024-04-25 14:17:30+00:00,TABUENCA01-45,Sensoria-C1-EEA1,Right,Gait,1.0.5,40.3887119,-3.6292984,CB:AA:BC:3F:36:A5,SCKS,-0.335938,1.996095,-0.765626,-13.440001,-44.799999,304.640015,0.308352,0.79424,-0.317696,347,611,730,2.1641240169512
2024-04-25 14:15:36.758000+00:00,2024-04-25 14:15:30+00:00,2024-04-25 14:17:30+00:00,TABUENCA01-45,Sensoria-C1-EEA1,Right,Gait,1.0.5,40.3887119,-3.6292984,CB:AA:BC:3F:36:A5,SCKS,-0.273438,0.628907,-0.613282,4.48,-33.599998,290.079987,0.364416,0.79424,-0.32704,415,661,731,0.9200038945662132
2024-04-25 14:15:36.765000+00:00,2024-04-25 14:15:30+00:00,2024-04-25 14:17:30+00:00,TABUENCA01-45,Sensoria-C1-E90A,Left,Gait,1.0.5,40.3887119,-3.6292984,F0:75:B1:51:59:F6,SCKS,0.125,0.968749,-0.3125,56.0,-58.240002,-101.919998,0.411136,0.644736,-0.242944,659,546,368,1.025551497976089
2024-04-25 14:15:36.773000+00:00,2024-04-25 14:15:30+00:00,2024-04-25 14:17:30+00:00,TABUENCA01-45,Sensoria-C1-EEA1,Right,Gait,1.0.5,40.3887119,-3.6292984,CB:AA:BC:3F:36:A5,SCKS,-0.25,0.066406,-0.625,-2.24,41.439999,213.919998,0.401792,0.79424,-0.32704,463,694,731,0.6764131554279529
2024-04-25 14:15:36.780000+00:00,2024-04-25 14:15:30+00:00,2024-04-25 14:17:30+00:00,TABUENCA01-45,Sensoria-C1-E90A,Left,Gait,1.0.5,40.3887119,-3.6292984,F0:75:B1:51:59:F6,SCKS,0.125,0.999999,-0.28125,26.880001,-36.959999,-51.52,0.392448,0.663424,-0.224256,625,517,363,1.0462908594176858
2024-04-25 14:15:36.805000+00:00,2024-04-25 14:15:30+00:00,2024-04-25 14:17:30+00:00,TABUENCA01-45,Sensoria-C1-EEA1,Right,Gait,1.0.5,40.3887119,-3.6292984,CB:AA:BC:3F:36:A5,SCKS,-0.242188,0.675782,-0.554688,6.72,166.880005,118.720001,0.429824,0.784896,-0.317696,486,709,731,0.9072018056706016
2024-04-25 14:15:36.813000+00:00,2024-04-25 14:15:30+00:00,2024-04-25 14:17:30+00:00,TABUENCA01-45,Sensoria-C1-E90A,Left,Gait,1.0.5,40.3887119,-3.6292984,F0:75:B1:51:59:F6,SCKS,0.09375,0.999999,-0.09375,11.2,-33.599998,-36.959999,0.383104,0.663424,-0.214912,596,489,381,1.008749783147932
2024-04-25 14:15:36.822000+00:00,2024-04-25 14:15:30+00:00,2024-04-25 14:17:30+00:00,TABUENCA01-45,Sensoria-C1-EEA1,Right,Gait,1.0.5,40.3887119,-3.6292984,CB:AA:BC:3F:36:A5,SCKS,-1.101563,0.363282,-0.472657,-15.68,157.919998,-12.32,0.439168,0.784896,-0.345728,500,719,730,1.2525252469080215
2024-04-25 14:15:36.838000+00:00,2024-04-25 14:15:30+00:00,2024-04-25 14:17:30+00:00,TABUENCA01-45,Sensoria-C1-EEA1,Right,Gait,1.0.5,40.3887119,-3.6292984,CB:AA:BC:3F:36:A5,SCKS,-0.878907,0.027344,-0.085938,-42.560001,128.800003,-44.799999,0.429824,0.79424,-0.355072,506,726,727,0.8835216742270673
2024-04-25 14:15:36.845000+00:00,2024-04-25 14:15:30+00:00,2024-04-25 14:17:30+00:00,TABUENCA01-45,Sensoria-C1-E90A,Left,Gait,1.0.5,40.3887119,-3.6292984,F0:75:B1:51:59:F6,SCKS,0.125,0.968749,-0.21875,6.72,-31.360001,-30.24,0.383104,0.672768,-0.214912,572,466,423,1.0009751183226285
2024-04-25 14:15:36.855000+00:00,2024-04-25 14:15:30+00:00,2024-04-25 14:17:30+00:00,TABUENCA01-45,Sensoria-C1-EEA1,Right,Gait,1.0.5,40.3887119,-3.6292984,CB:AA:BC:3F:36:A5,SCKS,-0.457032,-0.277344,0.066406,-5.6,75.040001,-79.519997,0.429824,0.79424,-0.355072,509,728,727,0.5387092909872633
2024-04-25 14:15:36.878000+00:00,2024-04-25 14:15:30+00:00,2024-04-25 14:17:30+00:00,TABUENCA01-45,Sensoria-C1-E90A,Left,Gait,1.0.5,40.3887119,-3.6292984,F0:75:B1:51:59:F6,SCKS,0.0625,0.9375,-0.1875,12.32,-41.439999,-30.24,0.37376,0.682112,-0.196224,556,449,482,0.9581068572972432
2024-04-25 14:15:36.887000+00:00,2024-04-25 14:15:30+00:00,2024-04-25 14:17:30+00:00,TABUENCA01-45,Sensoria-C1-EEA1,Right,Gait,1.0.5,40.3887119,-3.6292984,CB:AA:BC:3F:36:A5,SCKS,-0.441407,-0.179688,-0.035156,39.200001,44.799999,-128.800003,0.411136,0.784896,-0.345728,509,727,728,0.47787431541044345
2024-04-25 14:15:36.903000+00:00,2024-04-25 14:15:30+00:00,2024-04-25 14:17:30+00:00,TABUENCA01-45,Sensoria-C1-EEA1,Right,Gait,1.0.5,40.3887119,-3.6292984,CB:AA:BC:3F:36:A5,SCKS,-0.625,0.085938,-0.117188,53.760002,26.880001,-184.800003,0.37376,0.803584,-0.336384,509,728,725,0.6416723207276437
2024-04-25 14:15:36.910000+00:00,2024-04-25 14:15:30+00:00,2024-04-25 14:17:30+00:00,TABUENCA01-45,Sensoria-C1-E90A,Left,Gait,1.0.5,40.3887119,-3.6292984,F0:75:B1:51:59:F6,SCKS,0.0625,0.9375,-0.28125,8.96,-51.52,-21.280001,0.37376,0.691456,-0.196224,543,437,542,0.980772176654701
2024-04-25 14:15:36.919000+00:00,2024-04-25 14:15:30+00:00,2024-04-25 14:17:30+00:00,TABUENCA01-45,Sensoria-C1-EEA1,Right,Gait,1.0.5,40.3887119,-3.6292984,CB:AA:BC:3F:36:A5,SCKS,-0.625,0.210938,-0.019531,56.0,-4.48,-228.479996,0.32704,0.803584,-0.336384,511,729,725,0.659925222888927
2024-04-25 14:15:36.936000+00:00,2024-04-25 14:15:30+00:00,2024-04-25 14:17:30+00:00,TABUENCA01-45,Sensoria-C1-EEA1,Right,Gait,1.0.5,40.3887119,-3.6292984,CB:AA:BC:3F:36:A5,SCKS,-0.554688,0.355469,0.035156,66.080002,-38.080002,-265.440002,0.28032,0.803584,-0.317696,510,727,725,0.6597521744117255
2024-04-25 14:15:36.943000+00:00,2024-04-25 14:15:30+00:00,2024-04-25 14:17:30+00:00,TABUENCA01-45,Sensoria-C1-E90A,Left,Gait,1.0.5,40.3887119,-3.6292984,F0:75:B1:51:59:F6,SCKS,0.03125,0.9375,-0.25,4.48,-36.959999,-21.280001,0.355072,0.691456,-0.196224,533,426,592,0.9707640354380667
2024-04-25 14:15:36.952000+00:00,2024-04-25 14:15:30+00:00,2024-04-25 14:17:30+00:00,TABUENCA01-45,Sensoria-C1-EEA1,Right,Gait,1.0.5,40.3887119,-3.6292984,CB:AA:BC:3F:36:A5,SCKS,-0.496094,0.585938,0.019531,75.040001,-60.48,-301.279999,0.28032,0.803584,-0.317696,511,728,723,0.767993526431701
2024-04-25 14:15:36.975000+00:00,2024-04-25 14:15:30+00:00,2024-04-25 14:17:30+00:00,TABUENCA01-45,Sensoria-C1-E90A,Left,Gait,1.0.5,40.3887119,-3.6292984,F0:75:B1:51:59:F6,SCKS,0.03125,0.9375,-0.25,2.24,-34.720001,-22.4,0.355072,0.691456,-0.18688,524,417,630,0.9707640354380667
2024-04-25 14:15:36.984000+00:00,2024-04-25 14:15:30+00:00,2024-04-25 14:17:30+00:00,TABUENCA01-45,Sensoria-C1-EEA1,Right,Gait,1.0.5,40.3887119,-3.6292984,CB:AA:BC:3F:36:A5,SCKS,-0.453125,1.066407,0.027344,68.32,-63.84,-350.559998,0.224256,0.803584,-0.317696,510,726,723,1.1590055433905397
2024-04-25 14:15:37.001000+00:00,2024-04-25 14:15:30+00:00,2024-04-25 14:17:30+00:00,TABUENCA01-45,Sensoria-C1-EEA1,Right,Gait,1.0.5,40.3887119,-3.6292984,CB:AA:BC:3F:36:A5,SCKS,-0.4375,1.472657,0.089844,51.52,-44.799999,-376.320007,0.158848,0.775552,-0.317696,510,725,723,1.538894679302323
2024-04-25 14:15:37.017000+00:00,2024-04-25 14:15:30+00:00,2024-04-25 14:17:30+00:00,TABUENCA01-45,Sensoria-C1-EEA1,Right,Gait,1.0.5,40.3887119,-3.6292984,CB:AA:BC:3F:36:A5,SCKS,-0.457032,1.996095,0.183594,26.880001,-7.84,-388.640015,0.112128,0.756864,-0.299008,510,724,722,2.05596212389358
2024-04-25 14:15:37.033000+00:00,2024-04-25 14:15:30+00:00,2024-04-25 14:17:30+00:00,TABUENCA01-45,Sensoria-C1-EEA1,Right,Gait,1.0.5,40.3887119,-3.6292984,CB:AA:BC:3F:36:A5,SCKS,-0.304688,1.996095,0.289063,38.080002,-29.120001,-397.600006,0.04672,0.719488,-0.289664,509,723,722,2.0398008344782093
2024-04-25 14:15:37.041000+00:00,2024-04-25 14:15:30+00:00,2024-04-25 14:17:30+00:00,TABUENCA01-45,Sensoria-C1-E90A,Left,Gait,1.0.5,40.3887119,-3.6292984,F0:75:B1:51:59:F6,SCKS,-0.03125,0.9375,-0.15625,4.48,-29.120001,-29.120001,0.336384,0.7008,-0.177536,506,383,677,0.9509452534189337
2024-04-25 14:15:37.066000+00:00,2024-04-25 14:15:30+00:00,2024-04-25 14:17:30+00:00,TABUENCA01-45,Sensoria-C1-EEA1,Right,Gait,1.0.5,40.3887119,-3.6292984,CB:AA:BC:3F:36:A5,SCKS,0.402344,1.996095,0.425782,59.360001,-89.599998,-421.119995,0.04672,0.719488,-0.289664,509,722,722,2.0802803308412545
2024-04-25 14:15:37.073000+00:00,2024-04-25 14:15:30+00:00,2024-04-25 14:17:30+00:00,TABUENCA01-45,Sensoria-C1-E90A,Left,Gait,1.0.5,40.3887119,-3.6292984,F0:75:B1:51:59:F6,SCKS,-0.03125,0.9375,-0.1875,0.0,-29.120001,-35.84,0.32704,0.710144,-0.168192,491,363,688,0.9565767415633729
2024-04-25 14:15:37.082000+00:00,2024-04-25 14:15:30+00:00,2024-04-25 14:17:30+00:00,TABUENCA01-45,Sensoria-C1-EEA1,Right,Gait,1.0.5,40.3887119,-3.6292984,CB:AA:BC:3F:36:A5,SCKS,0.992188,1.996095,-0.046875,25.76,-89.599998,-418.880005,-0.009344,0.663424,-0.317696,509,723,723,2.22958057535358
2024-04-25 14:15:37.098000+00:00,2024-04-25 14:15:30+00:00,2024-04-25 14:17:30+00:00,TABUENCA01-45,Sensoria-C1-EEA1,Right,Gait,1.0.5,40.3887119,-3.6292984,CB:AA:BC:3F:36:A5,SCKS,1.996095,1.996095,-1.300782,25.76,-59.360001,-355.040009,-0.056064,0.60736,-0.32704,509,722,722,3.1081866593842142
2024-04-25 14:15:37.106000+00:00,2024-04-25 14:15:30+00:00,2024-04-25 14:17:30+00:00,TABUENCA01-45,Sensoria-C1-E90A,Left,Gait,1.0.5,40.3887119,-3.6292984,F0:75:B1:51:59:F6,SCKS,0.0,1.062499,-0.1875,-6.72,-35.84,-44.799999,0.317696,0.719488,-0.177536,469,338,698,1.0789162965684596
2024-04-25 14:15:37.115000+00:00,2024-04-25 14:15:30+00:00,2024-04-25 14:17:30+00:00,TABUENCA01-45,Sensoria-C1-EEA1,Right,Gait,1.0.5,40.3887119,-3.6292984,CB:AA:BC:3F:36:A5,SCKS,1.996095,1.10547,0.207031,48.16,32.48,-171.360001,-0.074752,0.569984,-0.317696,508,723,722,2.2911396738055934
2024-04-25 14:15:37.122000+00:00,2024-04-25 14:15:30+00:00,2024-04-25 14:17:30+00:00,TABUENCA01-45,Sensoria-C1-E90A,Left,Gait,1.0.5,40.3887119,-3.6292984,F0:75:B1:51:59:F6,SCKS,0.0625,1.187499,-0.09375,-8.96,-35.84,-67.199997,0.308352,0.719488,-0.177536,450,317,709,1.192832422220741
2024-04-25 14:15:37.148000+00:00,2024-04-25 14:15:30+00:00,2024-04-25 14:17:30+00:00,TABUENCA01-45,Sensoria-C1-EEA1,Right,Gait,1.0.5,40.3887119,-3.6292984,CB:AA:BC:3F:36:A5,SCKS,1.996095,1.91797,0.503907,56.0,117.599998,-86.239998,-0.074752,0.56064,-0.299008,507,724,726,2.8137033309455353
2024-04-25 14:15:37.155000+00:00,2024-04-25 14:15:30+00:00,2024-04-25 14:17:30+00:00,TABUENCA01-45,Sensoria-C1-E90A,Left,Gait,1.0.5,40.3887119,-3.6292984,F0:75:B1:51:59:F6,SCKS,0.0625,1.187499,-0.03125,-3.36,-17.92,-99.68,0.289664,0.728832,-0.168192,435,302,719,1.1895531461439628
2024-04-25 14:15:37.164000+00:00,2024-04-25 14:15:30+00:00,2024-04-25 14:17:30+00:00,TABUENCA01-45,Sensoria-C1-EEA1,Right,Gait,1.0.5,40.3887119,-3.6292984,CB:AA:BC:3F:36:A5,SCKS,1.191407,1.996095,0.878907,-11.2,30.24,61.599998,-0.074752,0.56064,-0.299008,507,726,728,2.4852209968779437
2024-04-25 14:15:37.180000+00:00,2024-04-25 14:15:30+00:00,2024-04-25 14:17:30+00:00,TABUENCA01-45,Sensoria-C1-EEA1,Right,Gait,1.0.5,40.3887119,-3.6292984,CB:AA:BC:3F:36:A5,SCKS,-2.000001,1.98047,-0.359375,15.68,-133.279999,104.160004,-0.074752,0.56064,-0.308352,509,724,710,2.8375016848498964
2024-04-25 14:15:37.187000+00:00,2024-04-25 14:15:30+00:00,2024-04-25 14:17:30+00:00,TABUENCA01-45,Sensoria-C1-E90A,Left,Gait,1.0.5,40.3887119,-3.6292984,F0:75:B1:51:59:F6,SCKS,0.25,1.593749,-0.3125,0.0,-15.68,-145.600006,0.252288,0.756864,-0.158848,437,302,724,1.6432261332515985
2024-04-25 14:15:37.196000+00:00,2024-04-25 14:15:30+00:00,2024-04-25 14:17:30+00:00,TABUENCA01-45,Sensoria-C1-EEA1,Right,Gait,1.0.5,40.3887119,-3.6292984,CB:AA:BC:3F:36:A5,SCKS,-0.4375,0.882813,1.722657,35.84,-160.160004,174.720001,-0.074752,0.579328,-0.317696,519,727,666,1.98451812352974
2024-04-25 14:15:37.213000+00:00,2024-04-25 14:15:30+00:00,2024-04-25 14:17:30+00:00,TABUENCA01-45,Sensoria-C1-EEA1,Right,Gait,1.0.5,40.3887119,-3.6292984,CB:AA:BC:3F:36:A5,SCKS,0.476563,1.601564,0.222656,70.559998,-151.199997,256.480011,-0.056064,0.616704,-0.345728,527,732,601,1.6857328475772786
2024-04-25 14:15:37.220000+00:00,2024-04-25 14:15:30+00:00,2024-04-25 14:17:30+00:00,TABUENCA01-45,Sensoria-C1-E90A,Left,Gait,1.0.5,40.3887119,-3.6292984,F0:75:B1:51:59:F6,SCKS,0.625,2.093749,-0.09375,-10.08,-32.48,-185.919998,0.224256,0.766208,-0.177536,482,340,724,2.187052568527103
2024-04-25 14:15:37.245000+00:00,2024-04-25 14:15:30+00:00,2024-04-25 14:17:30+00:00,TABUENCA01-45,Sensoria-C1-EEA1,Right,Gait,1.0.5,40.3887119,-3.6292984,CB:AA:BC:3F:36:A5,SCKS,0.355469,1.48047,-0.238281,43.68,30.24,229.600006,-0.037376,0.644736,-0.32704,530,734,522,1.5410799673676898
2024-04-25 14:15:37.252000+00:00,2024-04-25 14:15:30+00:00,2024-04-25 14:17:30+00:00,TABUENCA01-45,Sensoria-C1-E90A,Left,Gait,1.0.5,40.3887119,-3.6292984,F0:75:B1:51:59:F6,SCKS,1.093749,2.406249,0.125,-41.439999,-56.0,-206.080002,0.18688,0.775552,-0.168192,538,378,721,2.6461190685609743
2024-04-25 14:15:37.262000+00:00,2024-04-25 14:15:30+00:00,2024-04-25 14:17:30+00:00,TABUENCA01-45,Sensoria-C1-EEA1,Right,Gait,1.0.5,40.3887119,-3.6292984,CB:AA:BC:3F:36:A5,SCKS,0.285156,1.351563,-0.359375,21.280001,31.360001,207.199997,-0.009344,0.682112,-0.336384,530,735,462,1.4273005562704724
2024-04-25 14:15:37.278000+00:00,2024-04-25 14:15:30+00:00,2024-04-25 14:17:30+00:00,TABUENCA01-45,Sensoria-C1-EEA1,Right,Gait,1.0.5,40.3887119,-3.6292984,CB:AA:BC:3F:36:A5,SCKS,-0.042969,0.921876,-0.210938,-1.12,29.120001,159.039993,-0.009344,0.682112,-0.336384,518,735,423,0.9466765731658305
2024-04-25 14:15:37.286000+00:00,2024-04-25 14:15:30+00:00,2024-04-25 14:17:30+00:00,TABUENCA01-45,Sensoria-C1-E90A,Left,Gait,1.0.5,40.3887119,-3.6292984,F0:75:B1:51:59:F6,SCKS,0.53125,2.281249,-0.75,-52.639999,-124.32,-247.520004,0.102784,0.79424,-0.196224,586,435,720,2.459435618694053
2024-04-25 14:15:37.294000+00:00,2024-04-25 14:15:30+00:00,2024-04-25 14:17:30+00:00,TABUENCA01-45,Sensoria-C1-EEA1,Right,Gait,1.0.5,40.3887119,-3.6292984,CB:AA:BC:3F:36:A5,SCKS,0.054688,1.046876,0.046875,-20.16,25.76,135.520004,0.009344,0.7008,-0.32704,497,724,390,1.0493509433668986
2024-04-25 14:15:37.317000+00:00,2024-04-25 14:15:30+00:00,2024-04-25 14:17:30+00:00,TABUENCA01-45,Sensoria-C1-E90A,Left,Gait,1.0.5,40.3887119,-3.6292984,F0:75:B1:51:59:F6,SCKS,0.75,0.999999,-0.40625,21.280001,38.080002,-256.480011,0.04672,0.784896,-0.18688,648,508,718,1.3143580419737233
2024-04-25 14:15:37.326000+00:00,2024-04-25 14:15:30+00:00,2024-04-25 14:17:30+00:00,TABUENCA01-45,Sensoria-C1-EEA1,Right,Gait,1.0.5,40.3887119,-3.6292984,CB:AA:BC:3F:36:A5,SCKS,0.058594,0.878907,0.070313,-14.56,16.799999,98.559998,0.018688,0.710144,-0.32704,478,701,374,0.8836598267738552
2024-04-25 14:15:37.342000+00:00,2024-04-25 14:15:30+00:00,2024-04-25 14:17:30+00:00,TABUENCA01-45,Sensoria-C1-EEA1,Right,Gait,1.0.5,40.3887119,-3.6292984,CB:AA:BC:3F:36:A5,SCKS,-0.109375,0.957032,0.238281,4.48,-8.96,73.919998,0.037376,0.719488,-0.317696,458,675,368,0.9922958100334799
2024-04-25 14:15:37.350000+00:00,2024-04-25 14:15:30+00:00,2024-04-25 14:17:30+00:00,TABUENCA01-45,Sensoria-C1-E90A,Left,Gait,1.0.5,40.3887119,-3.6292984,F0:75:B1:51:59:F6,SCKS,-0.125,0.5,-0.40625,25.76,-26.880001,-147.839996,0.009344,0.784896,-0.18688,686,546,719,0.65625
2024-04-25 14:15:37.359000+00:00,2024-04-25 14:15:30+00:00,2024-04-25 14:17:30+00:00,TABUENCA01-45,Sensoria-C1-EEA1,Right,Gait,1.0.5,40.3887119,-3.6292984,CB:AA:BC:3F:36:A5,SCKS,0.0,1.082032,-0.121094,58.240002,-23.52,64.959999,0.037376,0.728832,-0.317696,441,651,368,1.0887869423629217
2024-04-25 14:15:37.374000+00:00,2024-04-25 14:15:30+00:00,2024-04-25 14:17:30+00:00,TABUENCA01-45,Sensoria-C1-EEA1,Right,Gait,1.0.5,40.3887119,-3.6292984,CB:AA:BC:3F:36:A5,SCKS,-0.066406,0.953126,0.148438,25.76,-16.799999,51.52,0.037376,0.728832,-0.299008,427,629,374,0.9668985306411423
2024-04-25 14:15:37.382000+00:00,2024-04-25 14:15:30+00:00,2024-04-25 14:17:30+00:00,TABUENCA01-45,Sensoria-C1-E90A,Left,Gait,1.0.5,40.3887119,-3.6292984,F0:75:B1:51:59:F6,SCKS,0.28125,0.125,-0.25,14.56,-106.400002,22.4,-0.009344,0.775552,-0.18688,703,559,718,0.3965180481390475
2024-04-25 14:15:37.408000+00:00,2024-04-25 14:15:30+00:00,2024-04-25 14:17:30+00:00,TABUENCA01-45,Sensoria-C1-EEA1,Right,Gait,1.0.5,40.3887119,-3.6292984,CB:AA:BC:3F:36:A5,SCKS,-0.054688,1.046876,-0.21875,10.08,-7.84,50.400002,0.037376,0.728832,-0.299008,414,612,387,1.0708836067565886
2024-04-25 14:15:37.415000+00:00,2024-04-25 14:15:30+00:00,2024-04-25 14:17:30+00:00,TABUENCA01-45,Sensoria-C1-E90A,Left,Gait,1.0.5,40.3887119,-3.6292984,F0:75:B1:51:59:F6,SCKS,0.75,-0.03125,-0.09375,2.24,-19.040001,159.039993,-0.009344,0.775552,-0.177536,710,560,716,0.7564824023068878
2024-04-25 14:15:37.423000+00:00,2024-04-25 14:15:30+00:00,2024-04-25 14:17:30+00:00,TABUENCA01-45,Sensoria-C1-EEA1,Right,Gait,1.0.5,40.3887119,-3.6292984,CB:AA:BC:3F:36:A5,SCKS,-0.011719,0.941407,-0.109375,0.0,-1.12,51.52,0.04672,0.738176,-0.308352,404,595,405,0.9478118828306596
2024-04-25 14:15:37.440000+00:00,2024-04-25 14:15:30+00:00,2024-04-25 14:17:30+00:00,TABUENCA01-45,Sensoria-C1-EEA1,Right,Gait,1.0.5,40.3887119,-3.6292984,CB:AA:BC:3F:36:A5,SCKS,0.046875,0.964844,-0.035156,-4.48,8.96,47.040001,0.056064,0.738176,-0.308352,396,581,426,0.9666215155359413
2024-04-25 14:15:37.448000+00:00,2024-04-25 14:15:30+00:00,2024-04-25 14:17:30+00:00,TABUENCA01-45,Sensoria-C1-E90A,Left,Gait,1.0.5,40.3887119,-3.6292984,F0:75:B1:51:59:F6,SCKS,0.40625,0.03125,0.0625,-4.48,31.360001,200.479996,0.04672,0.784896,-0.177536,713,559,714,0.41221581119602874
2024-04-25 14:15:37.456000+00:00,2024-04-25 14:15:30+00:00,2024-04-25 14:17:30+00:00,TABUENCA01-45,Sensoria-C1-EEA1,Right,Gait,1.0.5,40.3887119,-3.6292984,CB:AA:BC:3F:36:A5,SCKS,0.019531,0.972657,-0.019531,-6.72,19.040001,40.32,0.065408,0.74752,-0.317696,390,566,447,0.9730491043986425
2024-04-25 14:15:37.464000+00:00,2024-04-25 14:15:30+00:00,2024-04-25 14:17:30+00:00,TABUENCA01-45,Sensoria-C1-E90A,Left,Gait,1.0.5,40.3887119,-3.6292984,F0:75:B1:51:59:F6,SCKS,0.375,0.21875,-0.03125,-1.12,25.76,256.480011,0.09344,0.784896,-0.177536,714,560,712,0.4352621336620037
2024-04-25 14:15:37.473000+00:00,2024-04-25 14:15:30+00:00,2024-04-25 14:17:30+00:00,TABUENCA01-45,Sensoria-C1-EEA1,Right,Gait,1.0.5,40.3887119,-3.6292984,CB:AA:BC:3F:36:A5,SCKS,0.015625,0.988282,-0.070313,-7.84,21.280001,35.84,0.065408,0.74752,-0.299008,382,555,468,0.9909033101761241
2024-04-25 14:15:37.496000+00:00,2024-04-25 14:15:30+00:00,2024-04-25 14:17:30+00:00,TABUENCA01-45,Sensoria-C1-E90A,Left,Gait,1.0.5,40.3887119,-3.6292984,F0:75:B1:51:59:F6,SCKS,0.34375,0.59375,-0.09375,5.6,19.040001,292.320007,0.14016,0.775552,-0.18688,714,559,712,0.6924537439425106
2024-04-25 14:15:37.505000+00:00,2024-04-25 14:15:30+00:00,2024-04-25 14:17:30+00:00,TABUENCA01-45,Sensoria-C1-EEA1,Right,Gait,1.0.5,40.3887119,-3.6292984,CB:AA:BC:3F:36:A5,SCKS,0.03125,0.980469,-0.074219,-8.96,19.040001,34.720001,0.065408,0.74752,-0.299008,374,544,491,0.9837705435832078
2024-04-25 14:15:37.522000+00:00,2024-04-25 14:15:30+00:00,2024-04-25 14:17:30+00:00,TABUENCA01-45,Sensoria-C1-EEA1,Right,Gait,1.0.5,40.3887119,-3.6292984,CB:AA:BC:3F:36:A5,SCKS,0.042969,0.968751,-0.0625,-8.96,17.92,32.48,0.074752,0.74752,-0.299008,370,534,512,0.9717155370590717
2024-04-25 14:15:37.529000+00:00,2024-04-25 14:15:30+00:00,2024-04-25 14:17:30+00:00,TABUENCA01-45,Sensoria-C1-E90A,Left,Gait,1.0.5,40.3887119,-3.6292984,F0:75:B1:51:59:F6,SCKS,0.34375,1.187499,0.0,-17.92,28.0,379.679993,0.252288,0.74752,-0.177536,714,557,709,1.236251567239047
2024-04-25 14:15:37.537000+00:00,2024-04-25 14:15:30+00:00,2024-04-25 14:17:30+00:00,TABUENCA01-45,Sensoria-C1-EEA1,Right,Gait,1.0.5,40.3887119,-3.6292984,CB:AA:BC:3F:36:A5,SCKS,0.050781,0.968751,-0.082031,-7.84,16.799999,30.24,0.074752,0.74752,-0.308352,362,525,533,0.9735431654133267
2024-04-25 14:15:37.554000+00:00,2024-04-25 14:15:30+00:00,2024-04-25 14:17:30+00:00,TABUENCA01-45,Sensoria-C1-EEA1,Right,Gait,1.0.5,40.3887119,-3.6292984,CB:AA:BC:3F:36:A5,SCKS,0.019531,0.957032,-0.0625,-5.6,15.68,32.48,0.084096,0.74752,-0.299008,353,515,554,0.959269492366457
2024-04-25 14:15:37.562000+00:00,2024-04-25 14:15:30+00:00,2024-04-25 14:17:30+00:00,TABUENCA01-45,Sensoria-C1-E90A,Left,Gait,1.0.5,40.3887119,-3.6292984,F0:75:B1:51:59:F6,SCKS,0.5,1.937499,-0.03125,-21.280001,26.880001,416.640015,0.317696,0.710144,-0.177536,712,555,709,2.0012193626639236
2024-04-25 14:15:37.586000+00:00,2024-04-25 14:15:30+00:00,2024-04-25 14:17:30+00:00,TABUENCA01-45,Sensoria-C1-EEA1,Right,Gait,1.0.5,40.3887119,-3.6292984,CB:AA:BC:3F:36:A5,SCKS,0.039063,0.925782,-0.023438,-6.72,13.440001,38.080002,0.084096,0.74752,-0.299008,343,506,572,0.9269021357926628
2024-04-25 14:15:37.593000+00:00,2024-04-25 14:15:30+00:00,2024-04-25 14:17:30+00:00,TABUENCA01-45,Sensoria-C1-E90A,Left,Gait,1.0.5,40.3887119,-3.6292984,F0:75:B1:51:59:F6,SCKS,0.25,2.843749,-0.28125,-8.96,85.120003,425.600006,0.383104,0.663424,-0.196224,712,556,708,2.868537944232392
2024-04-25 14:15:37.602000+00:00,2024-04-25 14:15:30+00:00,2024-04-25 14:17:30+00:00,TABUENCA01-45,Sensoria-C1-EEA1,Right,Gait,1.0.5,40.3887119,-3.6292984,CB:AA:BC:3F:36:A5,SCKS,0.015625,0.937501,0.003906,-7.84,8.96,44.799999,0.09344,0.756864,-0.299008,331,498,589,0.9376393349588102
2024-04-25 14:15:37.619000+00:00,2024-04-25 14:15:30+00:00,2024-04-25 14:17:30+00:00,TABUENCA01-45,Sensoria-C1-EEA1,Right,Gait,1.0.5,40.3887119,-3.6292984,CB:AA:BC:3F:36:A5,SCKS,0.0,1.039063,-0.042969,-11.2,2.24,54.880001,0.09344,0.756864,-0.299008,319,485,608,1.039951081988956
2024-04-25 14:15:37.626000+00:00,2024-04-25 14:15:30+00:00,2024-04-25 14:17:30+00:00,TABUENCA01-45,Sensoria-C1-E90A,Left,Gait,1.0.5,40.3887119,-3.6292984,F0:75:B1:51:59:F6,SCKS,-0.84375,3.312498,-0.1875,-38.080002,76.160004,420.0,0.439168,0.60736,-0.196224,712,557,708,3.42340668231281
2024-04-25 14:15:37.635000+00:00,2024-04-25 14:15:30+00:00,2024-04-25 14:17:30+00:00,TABUENCA01-45,Sensoria-C1-EEA1,Right,Gait,1.0.5,40.3887119,-3.6292984,CB:AA:BC:3F:36:A5,SCKS,0.027344,1.050782,-0.003906,-14.56,-1.12,67.199997,0.09344,0.766208,-0.308352,305,471,629,1.051144977011259
2024-04-25 14:15:37.659000+00:00,2024-04-25 14:15:30+00:00,2024-04-25 14:17:30+00:00,TABUENCA01-45,Sensoria-C1-E90A,Left,Gait,1.0.5,40.3887119,-3.6292984,F0:75:B1:51:59:F6,SCKS,-2.093749,2.124999,-1.093749,8.96,129.919998,288.959991,0.504576,0.504576,-0.242944,710,557,711,3.177371948639787
2024-04-25 14:15:37.668000+00:00,2024-04-25 14:15:30+00:00,2024-04-25 14:17:30+00:00,TABUENCA01-45,Sensoria-C1-EEA1,Right,Gait,1.0.5,40.3887119,-3.6292984,CB:AA:BC:3F:36:A5,SCKS,0.0,1.117188,-0.035156,-21.280001,-1.12,79.519997,0.112128,0.766208,-0.308352,291,456,655,1.1177410127932141
2024-04-25 14:15:37.684000+00:00,2024-04-25 14:15:30+00:00,2024-04-25 14:17:30+00:00,TABUENCA01-45,Sensoria-C1-EEA1,Right,Gait,1.0.5,40.3887119,-3.6292984,CB:AA:BC:3F:36:A5,SCKS,-0.074219,1.16797,0.109375,-28.0,-5.6,97.440002,0.121472,0.775552,-0.308352,280,441,679,1.1754255703727055
2024-04-25 14:15:37.691000+00:00,2024-04-25 14:15:30+00:00,2024-04-25 14:17:30+00:00,TABUENCA01-45,Sensoria-C1-E90A,Left,Gait,1.0.5,40.3887119,-3.6292984,F0:75:B1:51:59:F6,SCKS,-3.812498,1.374999,-0.75,14.56,-31.360001,107.520004,0.51392,0.476544,-0.242944,709,558,714,4.12168208987605
2024-04-25 14:15:37.699000+00:00,2024-04-25 14:15:30+00:00,2024-04-25 14:17:30+00:00,TABUENCA01-45,Sensoria-C1-EEA1,Right,Gait,1.0.5,40.3887119,-3.6292984,CB:AA:BC:3F:36:A5,SCKS,-0.0625,1.289063,0.117188,-31.360001,-19.040001,117.599998,0.14016,0.784896,-0.308352,272,429,699,1.295886837387046
2024-04-25 14:15:37.715000+00:00,2024-04-25 14:15:30+00:00,2024-04-25 14:17:30+00:00,TABUENCA01-45,Sensoria-C1-EEA1,Right,Gait,1.0.5,40.3887119,-3.6292984,CB:AA:BC:3F:36:A5,SCKS,-0.070313,1.54297,-0.078125,-28.0,-24.639999,146.720001,0.14016,0.784896,-0.308352,264,422,711,1.546545781570659
2024-04-25 14:15:37.723000+00:00,2024-04-25 14:15:30+00:00,2024-04-25 14:17:30+00:00,TABUENCA01-45,Sensoria-C1-E90A,Left,Gait,1.0.5,40.3887119,-3.6292984,F0:75:B1:51:59:F6,SCKS,-0.03125,3.218748,-0.34375,24.639999,-31.360001,-120.959999,0.51392,0.485888,-0.2336,705,557,716,3.2372023897964737
2024-04-25 14:15:37.732000+00:00,2024-04-25 14:15:30+00:00,2024-04-25 14:17:30+00:00,TABUENCA01-45,Sensoria-C1-EEA1,Right,Gait,1.0.5,40.3887119,-3.6292984,CB:AA:BC:3F:36:A5,SCKS,-0.183594,1.773439,0.0,-23.52,-11.2,168.0,0.158848,0.79424,-0.317696,261,423,719,1.7829168919377594
2024-04-25 14:15:37.755000+00:00,2024-04-25 14:15:30+00:00,2024-04-25 14:17:30+00:00,TABUENCA01-45,Sensoria-C1-E90A,Left,Gait,1.0.5,40.3887119,-3.6292984,F0:75:B1:51:59:F6,SCKS,1.249999,0.5625,0.84375,44.799999,128.800003,-140.0,0.504576,0.504576,-0.224256,711,558,693,1.6096017558703768
2024-04-25 14:15:37.765000+00:00,2024-04-25 14:15:30+00:00,2024-04-25 14:17:30+00:00,TABUENCA01-45,Sensoria-C1-EEA1,Right,Gait,1.0.5,40.3887119,-3.6292984,CB:AA:BC:3F:36:A5,SCKS,-0.4375,1.996095,0.1875,-21.280001,5.6,192.639999,0.196224,0.79424,-0.32704,265,439,724,2.052061828752974
2024-04-25 14:15:37.788000+00:00,2024-04-25 14:15:30+00:00,2024-04-25 14:17:30+00:00,TABUENCA01-45,Sensoria-C1-E90A,Left,Gait,1.0.5,40.3887119,-3.6292984,F0:75:B1:51:59:F6,SCKS,0.15625,1.406249,0.21875,79.519997,52.639999,-216.160004,0.485888,0.541952,-0.261632,716,563,623,1.4317129164050313
2024-04-25 14:15:37.796000+00:00,2024-04-25 14:15:30+00:00,2024-04-25 14:17:30+00:00,TABUENCA01-45,Sensoria-C1-EEA1,Right,Gait,1.0.5,40.3887119,-3.6292984,CB:AA:BC:3F:36:A5,SCKS,-1.054688,1.996095,0.441407,-35.84,47.040001,216.160004,0.2336,0.803584,-0.32704,275,461,727,2.3003482705925204
2024-04-25 14:15:37.798000+00:00,2024-04-25 14:15:30+00:00,2024-04-25 14:17:30+00:00,TABUENCA01-45,Sensoria-C1-EEA1,Right,Gait,1.0.5,40.3887119,-3.6292984,CB:AA:BC:3F:36:A5,SCKS,-0.949219,1.996095,0.121094,-56.0,66.080002,254.240005,0.28032,0.803584,-0.336384,286,484,727,2.2136114645126863
2024-04-25 14:15:37.805000+00:00,2024-04-25 14:15:30+00:00,2024-04-25 14:17:30+00:00,TABUENCA01-45,Sensoria-C1-E90A,Left,Gait,1.0.5,40.3887119,-3.6292984,F0:75:B1:51:59:F6,SCKS,-1.999999,2.281249,-0.90625,157.919998,88.480003,-180.320007,0.448512,0.60736,-0.270976,711,571,479,3.166288373237978
2024-04-25 14:15:37.813000+00:00,2024-04-25 14:15:30+00:00,2024-04-25 14:17:30+00:00,TABUENCA01-45,Sensoria-C1-EEA1,Right,Gait,1.0.5,40.3887119,-3.6292984,CB:AA:BC:3F:36:A5,SCKS,-0.636719,1.996095,-0.523438,-35.84,26.880001,301.279999,0.28032,0.803584,-0.336384,315,531,730,2.159581828463557
2024-04-25 14:15:37.837000+00:00,2024-04-25 14:15:30+00:00,2024-04-25 14:17:30+00:00,TABUENCA01-45,Sensoria-C1-E90A,Left,Gait,1.0.5,40.3887119,-3.6292984,F0:75:B1:51:59:F6,SCKS,0.0625,0.999999,-0.28125,64.959999,-73.919998,-103.040001,0.42048,0.635392,-0.242944,667,560,372,1.0406756519209046
2024-04-25 14:15:37.846000+00:00,2024-04-25 14:15:30+00:00,2024-04-25 14:17:30+00:00,TABUENCA01-45,Sensoria-C1-EEA1,Right,Gait,1.0.5,40.3887119,-3.6292984,CB:AA:BC:3F:36:A5,SCKS,-0.691407,1.996095,-0.730469,-19.040001,-33.599998,306.880005,0.336384,0.79424,-0.345728,368,592,730,2.2351787061966655
2024-04-25 14:15:37.862000+00:00,2024-04-25 14:15:30+00:00,2024-04-25 14:17:30+00:00,TABUENCA01-45,Sensoria-C1-EEA1,Right,Gait,1.0.5,40.3887119,-3.6292984,CB:AA:BC:3F:36:A5,SCKS,-0.292969,0.1875,-0.734376,19.040001,-36.959999,284.480011,0.383104,0.79424,-0.336384,429,650,729,0.8125854997087999
2024-04-25 14:15:37.869000+00:00,2024-04-25 14:15:30+00:00,2024-04-25 14:17:30+00:00,TABUENCA01-45,Sensoria-C1-E90A,Left,Gait,1.0.5,40.3887119,-3.6292984,F0:75:B1:51:59:F6,SCKS,0.09375,0.999999,-0.1875,25.76,-45.920002,-57.119999,0.401792,0.65408,-0.205568,633,536,354,1.0217354415410087
2024-04-25 14:15:37.878000+00:00,2024-04-25 14:15:30+00:00,2024-04-25 14:17:30+00:00,TABUENCA01-45,Sensoria-C1-EEA1,Right,Gait,1.0.5,40.3887119,-3.6292984,CB:AA:BC:3F:36:A5,SCKS,-0.21875,-0.5,-0.667969,2.24,75.040001,197.119995,0.42048,0.784896,-0.336384,474,687,731,0.8625741402691134
2024-04-25 14:15:37.894000+00:00,2024-04-25 14:15:30+00:00,2024-04-25 14:17:30+00:00,TABUENCA01-45,Sensoria-C1-EEA1,Right,Gait,1.0.5,40.3887119,-3.6292984,CB:AA:BC:3F:36:A5,SCKS,-0.425782,0.734376,-0.625,8.96,173.600006,90.720001,0.429824,0.784896,-0.345728,495,705,729,1.054145825253793
2024-04-25 14:15:37.902000+00:00,2024-04-25 14:15:30+00:00,2024-04-25 14:17:30+00:00,TABUENCA01-45,Sensoria-C1-E90A,Left,Gait,1.0.5,40.3887119,-3.6292984,F0:75:B1:51:59:F6,SCKS,0.09375,0.999999,-0.15625,8.96,-31.360001,-32.48,0.392448,0.663424,-0.205568,607,514,357,1.0164650141549387
2024-04-25 14:15:37.928000+00:00,2024-04-25 14:15:30+00:00,2024-04-25 14:17:30+00:00,TABUENCA01-45,Sensoria-C1-EEA1,Right,Gait,1.0.5,40.3887119,-3.6292984,CB:AA:BC:3F:36:A5,SCKS,-1.242188,0.242188,-0.46875,-21.280001,157.919998,-41.439999,0.429824,0.784896,-0.345728,506,717,727,1.3495972055350443
2024-04-25 14:15:37.934000+00:00,2024-04-25 14:15:30+00:00,2024-04-25 14:17:30+00:00,TABUENCA01-45,Sensoria-C1-E90A,Left,Gait,1.0.5,40.3887119,-3.6292984,F0:75:B1:51:59:F6,SCKS,0.125,0.999999,-0.15625,-1.12,-26.880001,-23.52,0.383104,0.672768,-0.205568,589,496,380,1.019822073942803
2024-04-25 14:15:37.944000+00:00,2024-04-25 14:15:30+00:00,2024-04-25 14:17:30+00:00,TABUENCA01-45,Sensoria-C1-EEA1,Right,Gait,1.0.5,40.3887119,-3.6292984,CB:AA:BC:3F:36:A5,SCKS,-0.910157,-0.039063,0.027344,-44.799999,123.199997,-64.959999,0.42048,0.79424,-0.355072,511,724,725,0.9114051661879035
2024-04-25 14:15:37.960000+00:00,2024-04-25 14:15:30+00:00,2024-04-25 14:17:30+00:00,TABUENCA01-45,Sensoria-C1-EEA1,Right,Gait,1.0.5,40.3887119,-3.6292984,CB:AA:BC:3F:36:A5,SCKS,-0.457032,-0.160156,0.070313,21.280001,42.560001,-98.559998,0.411136,0.79424,-0.355072,514,725,724,0.48935887784835375
2024-04-25 14:15:37.968000+00:00,2024-04-25 14:15:30+00:00,2024-04-25 14:17:30+00:00,TABUENCA01-45,Sensoria-C1-E90A,Left,Gait,1.0.5,40.3887119,-3.6292984,F0:75:B1:51:59:F6,SCKS,0.09375,0.968749,-0.15625,-4.48,-38.080002,-25.76,0.37376,0.672768,-0.205568,576,483,428,0.9857371607081676
2024-04-25 14:15:37.976000+00:00,2024-04-25 14:15:30+00:00,2024-04-25 14:17:30+00:00,TABUENCA01-45,Sensoria-C1-EEA1,Right,Gait,1.0.5,40.3887119,-3.6292984,CB:AA:BC:3F:36:A5,SCKS,-0.441407,-0.03125,-0.019531,58.240002,6.72,-144.479996,0.37376,0.79424,-0.345728,514,725,722,0.4429426171751822
2024-04-25 14:15:37.992000+00:00,2024-04-25 14:15:30+00:00,2024-04-25 14:17:30+00:00,TABUENCA01-45,Sensoria-C1-EEA1,Right,Gait,1.0.5,40.3887119,-3.6292984,CB:AA:BC:3F:36:A5,SCKS,-0.527344,0.21875,-0.066406,67.199997,-19.040001,-192.639999,0.345728,0.803584,-0.345728,514,727,723,0.5747634414887572
2024-04-25 14:15:38+00:00,2024-04-25 14:15:30+00:00,2024-04-25 14:17:30+00:00,TABUENCA01-45,Sensoria-C1-E90A,Left,Gait,1.0.5,40.3887119,-3.6292984,F0:75:B1:51:59:F6,SCKS,0.0625,0.9375,-0.1875,0.0,-50.400002,-24.639999,0.37376,0.682112,-0.196224,564,471,481,0.9581068572972432
2024-04-25 14:15:38.025000+00:00,2024-04-25 14:15:30+00:00,2024-04-25 14:17:30+00:00,TABUENCA01-45,Sensoria-C1-EEA1,Right,Gait,1.0.5,40.3887119,-3.6292984,CB:AA:BC:3F:36:A5,SCKS,-0.460938,0.378907,0.003906,64.959999,-59.360001,-259.839996,0.299008,0.812928,-0.345728,514,728,722,0.5966989285468846
2024-04-25 14:15:38.032000+00:00,2024-04-25 14:15:30+00:00,2024-04-25 14:17:30+00:00,TABUENCA01-45,Sensoria-C1-E90A,Left,Gait,1.0.5,40.3887119,-3.6292984,F0:75:B1:51:59:F6,SCKS,0.0625,0.9375,-0.25,4.48,-45.920002,-22.4,0.364416,0.682112,-0.177536,553,458,540,0.9722718241315028
2024-04-25 14:15:38.041000+00:00,2024-04-25 14:15:30+00:00,2024-04-25 14:17:30+00:00,TABUENCA01-45,Sensoria-C1-EEA1,Right,Gait,1.0.5,40.3887119,-3.6292984,CB:AA:BC:3F:36:A5,SCKS,-0.429688,0.578125,0.011719,70.559998,-79.519997,-299.040009,0.299008,0.812928,-0.345728,514,725,719,0.7204148998528557
2024-04-25 14:15:38.057000+00:00,2024-04-25 14:15:30+00:00,2024-04-25 14:17:30+00:00,TABUENCA01-45,Sensoria-C1-EEA1,Right,Gait,1.0.5,40.3887119,-3.6292984,CB:AA:BC:3F:36:A5,SCKS,-0.429688,0.855469,-0.027344,71.68,-81.760002,-331.519989,0.242944,0.803584,-0.32704,513,723,720,0.9577090798572393
2024-04-25 14:15:38.064000+00:00,2024-04-25 14:15:30+00:00,2024-04-25 14:17:30+00:00,TABUENCA01-45,Sensoria-C1-E90A,Left,Gait,1.0.5,40.3887119,-3.6292984,F0:75:B1:51:59:F6,SCKS,0.03125,0.90625,-0.21875,6.72,-38.080002,-25.76,0.355072,0.691456,-0.18688,541,445,578,0.9328007222874563
2024-04-25 14:15:38.073000+00:00,2024-04-25 14:15:30+00:00,2024-04-25 14:17:30+00:00,TABUENCA01-45,Sensoria-C1-EEA1,Right,Gait,1.0.5,40.3887119,-3.6292984,CB:AA:BC:3F:36:A5,SCKS,-0.390625,1.207032,-0.007813,62.720001,-70.559998,-356.160004,0.18688,0.79424,-0.317696,512,725,720,1.26869034150103
2024-04-25 14:15:38.097000+00:00,2024-04-25 14:15:30+00:00,2024-04-25 14:17:30+00:00,TABUENCA01-45,Sensoria-C1-E90A,Left,Gait,1.0.5,40.3887119,-3.6292984,F0:75:B1:51:59:F6,SCKS,0.03125,0.9375,-0.15625,7.84,-35.84,-30.24,0.345728,0.691456,-0.196224,530,429,604,0.9509452534189337
2024-04-25 14:15:38.106000+00:00,2024-04-25 14:15:30+00:00,2024-04-25 14:17:30+00:00,TABUENCA01-45,Sensoria-C1-EEA1,Right,Gait,1.0.5,40.3887119,-3.6292984,CB:AA:BC:3F:36:A5,SCKS,-0.347656,1.617189,0.070313,41.439999,-39.200001,-375.200012,0.121472,0.766208,-0.308352,512,723,719,1.6556294494922466
2024-04-25 14:15:38.123000+00:00,2024-04-25 14:15:30+00:00,2024-04-25 14:17:30+00:00,TABUENCA01-45,Sensoria-C1-EEA1,Right,Gait,1.0.5,40.3887119,-3.6292984,CB:AA:BC:3F:36:A5,SCKS,-0.425782,1.996095,0.25,10.08,25.76,-377.440002,0.065408,0.738176,-0.317696,512,721,719,2.056255227482474
2024-04-25 14:15:38.130000+00:00,2024-04-25 14:15:30+00:00,2024-04-25 14:17:30+00:00,TABUENCA01-45,Sensoria-C1-E90A,Left,Gait,1.0.5,40.3887119,-3.6292984,F0:75:B1:51:59:F6,SCKS,-0.03125,0.9375,-0.125,10.08,-26.880001,-35.84,0.345728,0.7008,-0.158848,519,406,621,0.94631274560792
2024-04-25 14:15:38.138000+00:00,2024-04-25 14:15:30+00:00,2024-04-25 14:17:30+00:00,TABUENCA01-45,Sensoria-C1-EEA1,Right,Gait,1.0.5,40.3887119,-3.6292984,CB:AA:BC:3F:36:A5,SCKS,0.007813,1.996095,0.265625,49.279999,-16.799999,-379.679993,0.065408,0.738176,-0.317696,514,722,718,2.013706267711108
2024-04-25 14:15:38.146000+00:00,2024-04-25 14:15:30+00:00,2024-04-25 14:17:30+00:00,TABUENCA01-45,Sensoria-C1-E90A,Left,Gait,1.0.5,40.3887119,-3.6292984,F0:75:B1:51:59:F6,SCKS,-0.03125,0.9375,-0.1875,8.96,-22.4,-36.959999,0.32704,0.7008,-0.177536,499,381,634,0.9565767415633729
2024-04-25 14:15:38.154000+00:00,2024-04-25 14:15:30+00:00,2024-04-25 14:17:30+00:00,TABUENCA01-45,Sensoria-C1-EEA1,Right,Gait,1.0.5,40.3887119,-3.6292984,CB:AA:BC:3F:36:A5,SCKS,0.707032,1.996095,0.421875,60.48,-41.439999,-390.880005,0.009344,0.691456,-0.317696,512,722,720,2.1592285691130524
2024-04-25 14:15:38.171000+00:00,2024-04-25 14:15:30+00:00,2024-04-25 14:17:30+00:00,TABUENCA01-45,Sensoria-C1-EEA1,Right,Gait,1.0.5,40.3887119,-3.6292984,CB:AA:BC:3F:36:A5,SCKS,1.472657,1.996095,0.125,39.200001,-51.52,-384.160004,-0.028032,0.635392,-0.317696,512,721,720,2.483694604550648
2024-04-25 14:15:38.178000+00:00,2024-04-25 14:15:30+00:00,2024-04-25 14:17:30+00:00,TABUENCA01-45,Sensoria-C1-E90A,Left,Gait,1.0.5,40.3887119,-3.6292984,F0:75:B1:51:59:F6,SCKS,-0.03125,0.999999,-0.21875,3.36,-25.76,-40.32,0.317696,0.710144,-0.168192,479,356,646,1.0241221240657776
2024-04-25 14:15:38.203000+00:00,2024-04-25 14:15:30+00:00,2024-04-25 14:17:30+00:00,TABUENCA01-45,Sensoria-C1-EEA1,Right,Gait,1.0.5,40.3887119,-3.6292984,CB:AA:BC:3F:36:A5,SCKS,1.996095,1.996095,-0.996094,19.040001,-36.959999,-315.839996,-0.065408,0.588672,-0.308352,511,722,721,2.993491899919891
2024-04-25 14:15:38.219000+00:00,2024-04-25 14:15:30+00:00,2024-04-25 14:17:30+00:00,TABUENCA01-45,Sensoria-C1-EEA1,Right,Gait,1.0.5,40.3887119,-3.6292984,CB:AA:BC:3F:36:A5,SCKS,1.996095,1.054688,0.253906,70.559998,-14.56,-150.080002,-0.074752,0.569984,-0.317696,511,722,722,2.271834123171188
2024-04-25 14:15:38.227000+00:00,2024-04-25 14:15:30+00:00,2024-04-25 14:17:30+00:00,TABUENCA01-45,Sensoria-C1-E90A,Left,Gait,1.0.5,40.3887119,-3.6292984,F0:75:B1:51:59:F6,SCKS,0.09375,1.062499,-0.25,0.0,-31.360001,-58.240002,0.308352,0.710144,-0.158848,458,329,667,1.0955332890884695
2024-04-25 14:15:38.235000+00:00,2024-04-25 14:15:30+00:00,2024-04-25 14:17:30+00:00,TABUENCA01-45,Sensoria-C1-EEA1,Right,Gait,1.0.5,40.3887119,-3.6292984,CB:AA:BC:3F:36:A5,SCKS,1.996095,1.902345,0.640625,47.040001,57.119999,-45.920002,-0.074752,0.569984,-0.317696,509,722,726,2.8308500735070727
2024-04-25 14:15:38.243000+00:00,2024-04-25 14:15:30+00:00,2024-04-25 14:17:30+00:00,TABUENCA01-45,Sensoria-C1-E90A,Left,Gait,1.0.5,40.3887119,-3.6292984,F0:75:B1:51:59:F6,SCKS,0.09375,1.187499,0.0,1.12,-26.880001,-87.360001,0.299008,0.728832,-0.177536,438,307,691,1.1911939126359739
2024-04-25 14:15:38.251000+00:00,2024-04-25 14:15:30+00:00,2024-04-25 14:17:30+00:00,TABUENCA01-45,Sensoria-C1-EEA1,Right,Gait,1.0.5,40.3887119,-3.6292984,CB:AA:BC:3F:36:A5,SCKS,0.617188,1.996095,0.886719,-17.92,-2.24,88.480003,-0.074752,0.56064,-0.299008,508,722,727,2.2697107439781834
2024-04-25 14:15:38.276000+00:00,2024-04-25 14:15:30+00:00,2024-04-25 14:17:30+00:00,TABUENCA01-45,Sensoria-C1-E90A,Left,Gait,1.0.5,40.3887119,-3.6292984,F0:75:B1:51:59:F6,SCKS,0.21875,1.406249,-0.3125,5.6,-16.799999,-118.720001,0.28032,0.738176,-0.158848,424,292,703,1.4570669382361952
2024-04-25 14:15:38.284000+00:00,2024-04-25 14:15:30+00:00,2024-04-25 14:17:30+00:00,TABUENCA01-45,Sensoria-C1-EEA1,Right,Gait,1.0.5,40.3887119,-3.6292984,CB:AA:BC:3F:36:A5,SCKS,-2.000001,1.843751,-0.671875,12.32,-132.160004,91.840004,-0.065408,0.569984,-0.299008,512,720,707,2.801934646922908
2024-04-25 14:15:38.300000+00:00,2024-04-25 14:15:30+00:00,2024-04-25 14:17:30+00:00,TABUENCA01-45,Sensoria-C1-EEA1,Right,Gait,1.0.5,40.3887119,-3.6292984,CB:AA:BC:3F:36:A5,SCKS,0.847657,1.375001,0.937501,56.0,-188.160004,253.119995,-0.065408,0.598016,-0.336384,525,727,648,1.8676344033699421
2024-04-25 14:15:38.317000+00:00,2024-04-25 14:15:30+00:00,2024-04-25 14:17:30+00:00,TABUENCA01-45,Sensoria-C1-EEA1,Right,Gait,1.0.5,40.3887119,-3.6292984,CB:AA:BC:3F:36:A5,SCKS,0.816407,1.847658,0.417969,50.400002,-53.760002,225.119995,-0.04672,0.635392,-0.355072,532,731,574,2.062779328860458
2024-04-25 14:15:38.324000+00:00,2024-04-25 14:15:30+00:00,2024-04-25 14:17:30+00:00,TABUENCA01-45,Sensoria-C1-E90A,Left,Gait,1.0.5,40.3887119,-3.6292984,F0:75:B1:51:59:F6,SCKS,0.28125,1.749999,-0.25,0.0,-29.120001,-153.440002,0.224256,0.756864,-0.177536,432,300,711,1.7899994587990804
2024-04-25 14:15:38.333000+00:00,2024-04-25 14:15:30+00:00,2024-04-25 14:17:30+00:00,TABUENCA01-45,Sensoria-C1-EEA1,Right,Gait,1.0.5,40.3887119,-3.6292984,CB:AA:BC:3F:36:A5,SCKS,0.222656,1.437501,-0.332031,42.560001,38.080002,213.919998,-0.028032,0.663424,-0.336384,534,731,496,1.4920554293651427
2024-04-25 14:15:38.357000+00:00,2024-04-25 14:15:30+00:00,2024-04-25 14:17:30+00:00,TABUENCA01-45,Sensoria-C1-E90A,Left,Gait,1.0.5,40.3887119,-3.6292984,F0:75:B1:51:59:F6,SCKS,1.187499,2.656249,0.09375,-34.720001,-60.48,-221.759995,0.18688,0.766208,-0.168192,519,373,711,2.911116914090192
2024-04-25 14:15:38.365000+00:00,2024-04-25 14:15:30+00:00,2024-04-25 14:17:30+00:00,TABUENCA01-45,Sensoria-C1-EEA1,Right,Gait,1.0.5,40.3887119,-3.6292984,CB:AA:BC:3F:36:A5,SCKS,0.257813,1.304688,-0.363282,6.72,11.2,197.119995,0.0,0.691456,-0.345728,527,732,441,1.3786414079944793
2024-04-25 14:15:38.373000+00:00,2024-04-25 14:15:30+00:00,2024-04-25 14:17:30+00:00,TABUENCA01-45,Sensoria-C1-E90A,Left,Gait,1.0.5,40.3887119,-3.6292984,F0:75:B1:51:59:F6,SCKS,0.78125,2.281249,-0.78125,-53.760002,-132.160004,-243.040009,0.09344,0.784896,-0.18688,574,429,712,2.534718943985901
2024-04-25 14:15:38.382000+00:00,2024-04-25 14:15:30+00:00,2024-04-25 14:17:30+00:00,TABUENCA01-45,Sensoria-C1-EEA1,Right,Gait,1.0.5,40.3887119,-3.6292984,CB:AA:BC:3F:36:A5,SCKS,0.171875,0.851563,0.175781,-7.84,31.360001,166.880005,0.0,0.691456,-0.345728,511,733,405,0.8863405206550132
2024-04-25 14:15:38.398000+00:00,2024-04-25 14:15:30+00:00,2024-04-25 14:17:30+00:00,TABUENCA01-45,Sensoria-C1-EEA1,Right,Gait,1.0.5,40.3887119,-3.6292984,CB:AA:BC:3F:36:A5,SCKS,-0.058594,1.019532,0.058594,-8.96,30.24,133.279999,0.018688,0.710144,-0.336384,488,721,382,1.0228939401013188
2024-04-25 14:15:38.405000+00:00,2024-04-25 14:15:30+00:00,2024-04-25 14:17:30+00:00,TABUENCA01-45,Sensoria-C1-E90A,Left,Gait,1.0.5,40.3887119,-3.6292984,F0:75:B1:51:59:F6,SCKS,0.78125,1.249999,-0.4375,1.12,48.16,-292.320007,0.04672,0.784896,-0.18688,637,503,717,1.5376135120702472
2024-04-25 14:15:38.414000+00:00,2024-04-25 14:15:30+00:00,2024-04-25 14:17:30+00:00,TABUENCA01-45,Sensoria-C1-EEA1,Right,Gait,1.0.5,40.3887119,-3.6292984,CB:AA:BC:3F:36:A5,SCKS,0.148438,0.953126,-0.007813,-6.72,5.6,105.279999,0.037376,0.719488,-0.32704,464,697,369,0.9646471140728096
2024-04-25 14:15:38.438000+00:00,2024-04-25 14:15:30+00:00,2024-04-25 14:17:30+00:00,TABUENCA01-45,Sensoria-C1-E90A,Left,Gait,1.0.5,40.3887119,-3.6292984,F0:75:B1:51:59:F6,SCKS,0.65625,0.0625,-0.40625,5.6,-12.32,-180.320007,0.009344,0.775552,-0.177536,682,546,717,0.7743444808352417
2024-04-25 14:15:38.446000+00:00,2024-04-25 14:15:30+00:00,2024-04-25 14:17:30+00:00,TABUENCA01-45,Sensoria-C1-EEA1,Right,Gait,1.0.5,40.3887119,-3.6292984,CB:AA:BC:3F:36:A5,SCKS,0.019531,1.050782,0.015625,0.0,-1.12,72.800003,0.037376,0.728832,-0.336384,444,672,369,1.051079641183293
2024-04-25 14:15:38.463000+00:00,2024-04-25 14:15:30+00:00,2024-04-25 14:17:30+00:00,TABUENCA01-45,Sensoria-C1-EEA1,Right,Gait,1.0.5,40.3887119,-3.6292984,CB:AA:BC:3F:36:A5,SCKS,0.0,0.980469,0.078125,-1.12,5.6,56.0,0.04672,0.738176,-0.32704,424,644,370,0.9835766241559425
2024-04-25 14:15:38.470000+00:00,2024-04-25 14:15:30+00:00,2024-04-25 14:17:30+00:00,TABUENCA01-45,Sensoria-C1-E90A,Left,Gait,1.0.5,40.3887119,-3.6292984,F0:75:B1:51:59:F6,SCKS,-0.28125,0.21875,-0.375,17.92,-103.040001,-32.48,-0.018688,0.766208,-0.177536,702,561,716,0.517279542413964
2024-04-25 14:15:38.486000+00:00,2024-04-25 14:15:30+00:00,2024-04-25 14:17:30+00:00,TABUENCA01-45,Sensoria-C1-E90A,Left,Gait,1.0.5,40.3887119,-3.6292984,F0:75:B1:51:59:F6,SCKS,0.9375,-0.03125,-0.1875,-1.12,-51.52,155.680008,-0.018688,0.775552,-0.18688,711,562,713,0.9565767415633729
2024-04-25 14:15:38.495000+00:00,2024-04-25 14:15:30+00:00,2024-04-25 14:17:30+00:00,TABUENCA01-45,Sensoria-C1-EEA1,Right,Gait,1.0.5,40.3887119,-3.6292984,CB:AA:BC:3F:36:A5,SCKS,-0.046875,1.035157,0.003906,2.24,1.12,43.68,0.04672,0.738176,-0.32704,410,624,376,1.0362251382349301
2024-04-25 14:15:38.496000+00:00,2024-04-25 14:15:30+00:00,2024-04-25 14:17:30+00:00,TABUENCA01-45,Sensoria-C1-EEA1,Right,Gait,1.0.5,40.3887119,-3.6292984,CB:AA:BC:3F:36:A5,SCKS,-0.015625,1.007813,-0.074219,2.24,1.12,40.32,0.056064,0.738176,-0.317696,397,610,390,1.0106629722884874
2024-04-25 14:15:38.511000+00:00,2024-04-25 14:15:30+00:00,2024-04-25 14:17:30+00:00,TABUENCA01-45,Sensoria-C1-EEA1,Right,Gait,1.0.5,40.3887119,-3.6292984,CB:AA:BC:3F:36:A5,SCKS,-0.003906,0.976563,-0.054688,-1.12,5.6,36.959999,0.065408,0.738176,-0.317696,387,600,409,0.9781008777978885
2024-04-25 14:15:38.519000+00:00,2024-04-25 14:15:30+00:00,2024-04-25 14:17:30+00:00,TABUENCA01-45,Sensoria-C1-E90A,Left,Gait,1.0.5,40.3887119,-3.6292984,F0:75:B1:51:59:F6,SCKS,0.5,-0.03125,0.0,-12.32,34.720001,192.639999,0.04672,0.784896,-0.177536,714,563,711,0.5009756106837937
2024-04-25 14:15:38.544000+00:00,2024-04-25 14:15:30+00:00,2024-04-25 14:17:30+00:00,TABUENCA01-45,Sensoria-C1-EEA1,Right,Gait,1.0.5,40.3887119,-3.6292984,CB:AA:BC:3F:36:A5,SCKS,0.003906,0.976563,-0.054688,-1.12,13.440001,33.599998,0.065408,0.74752,-0.32704,378,593,432,0.9781008777978885
2024-04-25 14:15:38.551000+00:00,2024-04-25 14:15:30+00:00,2024-04-25 14:17:30+00:00,TABUENCA01-45,Sensoria-C1-E90A,Left,Gait,1.0.5,40.3887119,-3.6292984,F0:75:B1:51:59:F6,SCKS,0.40625,0.15625,-0.09375,-6.72,25.76,252.0,0.09344,0.784896,-0.18688,716,561,709,0.44524396402421895
2024-04-25 14:15:38.560000+00:00,2024-04-25 14:15:30+00:00,2024-04-25 14:17:30+00:00,TABUENCA01-45,Sensoria-C1-EEA1,Right,Gait,1.0.5,40.3887119,-3.6292984,CB:AA:BC:3F:36:A5,SCKS,0.007813,0.976563,-0.03125,-3.36,20.16,31.360001,0.065408,0.738176,-0.32704,370,585,460,0.9770941093047281
2024-04-25 14:15:38.577000+00:00,2024-04-25 14:15:30+00:00,2024-04-25 14:17:30+00:00,TABUENCA01-45,Sensoria-C1-EEA1,Right,Gait,1.0.5,40.3887119,-3.6292984,CB:AA:BC:3F:36:A5,SCKS,-0.007813,0.988282,-0.0625,-1.12,22.4,31.360001,0.065408,0.738176,-0.32704,361,580,484,0.9902871323474823
2024-04-25 14:15:38.585000+00:00,2024-04-25 14:15:30+00:00,2024-04-25 14:17:30+00:00,TABUENCA01-45,Sensoria-C1-E90A,Left,Gait,1.0.5,40.3887119,-3.6292984,F0:75:B1:51:59:F6,SCKS,0.34375,0.65625,-0.1875,0.0,16.799999,312.480011,0.14016,0.775552,-0.177536,715,561,712,0.7641887037898427
2024-04-25 14:15:38.593000+00:00,2024-04-25 14:15:30+00:00,2024-04-25 14:17:30+00:00,TABUENCA01-45,Sensoria-C1-EEA1,Right,Gait,1.0.5,40.3887119,-3.6292984,CB:AA:BC:3F:36:A5,SCKS,0.007813,0.984376,-0.085938,-1.12,20.16,31.360001,0.065408,0.74752,-0.308352,353,577,512,0.9881510472539105
2024-04-25 14:15:38.617000+00:00,2024-04-25 14:15:30+00:00,2024-04-25 14:17:30+00:00,TABUENCA01-45,Sensoria-C1-E90A,Left,Gait,1.0.5,40.3887119,-3.6292984,F0:75:B1:51:59:F6,SCKS,0.40625,1.031249,-0.0625,-7.84,28.0,358.399994,0.196224,0.766208,-0.177536,715,560,707,1.1101440503380633
2024-04-25 14:15:38.641000+00:00,2024-04-25 14:15:30+00:00,2024-04-25 14:17:30+00:00,TABUENCA01-45,Sensoria-C1-EEA1,Right,Gait,1.0.5,40.3887119,-3.6292984,CB:AA:BC:3F:36:A5,SCKS,0.027344,0.957032,-0.050781,0.0,19.040001,32.48,0.074752,0.74752,-0.308352,344,572,538,0.9587683001231319
2024-04-25 14:15:38.643000+00:00,2024-04-25 14:15:30+00:00,2024-04-25 14:17:30+00:00,TABUENCA01-45,Sensoria-C1-EEA1,Right,Gait,1.0.5,40.3887119,-3.6292984,CB:AA:BC:3F:36:A5,SCKS,0.027344,0.949219,-0.042969,2.24,16.799999,36.959999,0.084096,0.74752,-0.32704,337,564,561,0.9505844198481269
2024-04-25 14:15:38.650000+00:00,2024-04-25 14:15:30+00:00,2024-04-25 14:17:30+00:00,TABUENCA01-45,Sensoria-C1-E90A,Left,Gait,1.0.5,40.3887119,-3.6292984,F0:75:B1:51:59:F6,SCKS,0.4375,1.593749,-0.09375,-4.48,38.080002,403.200012,0.261632,0.74752,-0.168192,714,558,706,1.6553643669902407
2024-04-25 14:15:38.673000+00:00,2024-04-25 14:15:30+00:00,2024-04-25 14:17:30+00:00,TABUENCA01-45,Sensoria-C1-EEA1,Right,Gait,1.0.5,40.3887119,-3.6292984,CB:AA:BC:3F:36:A5,SCKS,-0.027344,0.917969,0.019531,1.12,14.56,43.68,0.084096,0.74752,-0.317696,325,558,582,0.9185838226629076
2024-04-25 14:15:38.675000+00:00,2024-04-25 14:15:30+00:00,2024-04-25 14:17:30+00:00,TABUENCA01-45,Sensoria-C1-EEA1,Right,Gait,1.0.5,40.3887119,-3.6292984,CB:AA:BC:3F:36:A5,SCKS,-0.039063,0.933594,0.023438,6.72,-1.12,53.760002,0.084096,0.74752,-0.317696,314,548,601,0.9347047740591679
2024-04-25 14:15:38.682000+00:00,2024-04-25 14:15:30+00:00,2024-04-25 14:17:30+00:00,TABUENCA01-45,Sensoria-C1-E90A,Left,Gait,1.0.5,40.3887119,-3.6292984,F0:75:B1:51:59:F6,SCKS,0.28125,2.843749,-0.25,0.0,66.080002,431.200012,0.383104,0.65408,-0.18688,711,557,703,2.868537944232392
2024-04-25 14:15:38.691000+00:00,2024-04-25 14:15:30+00:00,2024-04-25 14:17:30+00:00,TABUENCA01-45,Sensoria-C1-EEA1,Right,Gait,1.0.5,40.3887119,-3.6292984,CB:AA:BC:3F:36:A5,SCKS,0.027344,1.027344,0.011719,13.440001,-17.92,63.84,0.09344,0.756864,-0.308352,302,534,619,1.0277746463271997
2024-04-25 14:15:38.723000+00:00,2024-04-25 14:15:30+00:00,2024-04-25 14:17:30+00:00,TABUENCA01-45,Sensoria-C1-EEA1,Right,Gait,1.0.5,40.3887119,-3.6292984,CB:AA:BC:3F:36:A5,SCKS,0.074219,1.035157,-0.007813,6.72,-17.92,71.68,0.102784,0.766208,-0.308352,287,519,641,1.037843686486072
2024-04-25 14:15:38.731000+00:00,2024-04-25 14:15:30+00:00,2024-04-25 14:17:30+00:00,TABUENCA01-45,Sensoria-C1-E90A,Left,Gait,1.0.5,40.3887119,-3.6292984,F0:75:B1:51:59:F6,SCKS,-0.59375,3.281248,-0.03125,-25.76,70.559998,426.720001,0.439168,0.598016,-0.18688,713,557,704,3.334682003205703
2024-04-25 14:15:38.740000+00:00,2024-04-25 14:15:30+00:00,2024-04-25 14:17:30+00:00,TABUENCA01-45,Sensoria-C1-EEA1,Right,Gait,1.0.5,40.3887119,-3.6292984,CB:AA:BC:3F:36:A5,SCKS,0.003906,1.121095,-0.003906,0.0,-16.799999,85.120003,0.112128,0.766208,-0.308352,275,501,664,1.121108608787302
2024-04-25 14:15:38.747000+00:00,2024-04-25 14:15:30+00:00,2024-04-25 14:17:30+00:00,TABUENCA01-45,Sensoria-C1-E90A,Left,Gait,1.0.5,40.3887119,-3.6292984,F0:75:B1:51:59:F6,SCKS,-1.968749,2.281249,-1.249999,20.16,138.880005,308.0,0.495232,0.485888,-0.242944,711,558,710,3.2622947636599307
2024-04-25 14:15:38.756000+00:00,2024-04-25 14:15:30+00:00,2024-04-25 14:17:30+00:00,TABUENCA01-45,Sensoria-C1-EEA1,Right,Gait,1.0.5,40.3887119,-3.6292984,CB:AA:BC:3F:36:A5,SCKS,-0.046875,1.218751,0.058594,-6.72,-21.280001,104.160004,0.121472,0.775552,-0.317696,263,483,686,1.22105877109253
2024-04-25 14:15:38.780000+00:00,2024-04-25 14:15:30+00:00,2024-04-25 14:17:30+00:00,TABUENCA01-45,Sensoria-C1-E90A,Left,Gait,1.0.5,40.3887119,-3.6292984,F0:75:B1:51:59:F6,SCKS,-3.906248,1.281249,-0.59375,12.32,-38.080002,120.959999,0.504576,0.4672,-0.242944,710,557,713,4.153662420082426
2024-04-25 14:15:38.788000+00:00,2024-04-25 14:15:30+00:00,2024-04-25 14:17:30+00:00,TABUENCA01-45,Sensoria-C1-EEA1,Right,Gait,1.0.5,40.3887119,-3.6292984,CB:AA:BC:3F:36:A5,SCKS,-0.023438,1.277345,0.046875,-12.32,-24.639999,120.959999,0.14016,0.784896,-0.317696,254,470,704,1.2784196707239763
2024-04-25 14:15:38.804000+00:00,2024-04-25 14:15:30+00:00,2024-04-25 14:17:30+00:00,TABUENCA01-45,Sensoria-C1-EEA1,Right,Gait,1.0.5,40.3887119,-3.6292984,CB:AA:BC:3F:36:A5,SCKS,-0.035156,1.44922,-0.214844,-13.440001,-29.120001,138.880005,0.14016,0.784896,-0.317696,248,459,715,1.4654802956955784
2024-04-25 14:15:38.812000+00:00,2024-04-25 14:15:30+00:00,2024-04-25 14:17:30+00:00,TABUENCA01-45,Sensoria-C1-E90A,Left,Gait,1.0.5,40.3887119,-3.6292984,F0:75:B1:51:59:F6,SCKS,2.749999,1.468749,0.25,6.72,34.720001,-134.399994,0.504576,0.476544,-0.224256,709,558,710,3.12765377319837
2024-04-25 14:15:38.821000+00:00,2024-04-25 14:15:30+00:00,2024-04-25 14:17:30+00:00,TABUENCA01-45,Sensoria-C1-EEA1,Right,Gait,1.0.5,40.3887119,-3.6292984,CB:AA:BC:3F:36:A5,SCKS,-0.101563,1.664064,-0.144531,-15.68,-12.32,162.399994,0.168192,0.79424,-0.317696,242,458,723,1.6734136514998317
2024-04-25 14:15:38.828000+00:00,2024-04-25 14:15:30+00:00,2024-04-25 14:17:30+00:00,TABUENCA01-45,Sensoria-C1-E90A,Left,Gait,1.0.5,40.3887119,-3.6292984,F0:75:B1:51:59:F6,SCKS,-0.84375,1.312499,0.5625,40.32,193.759995,-236.320007,0.495232,0.495232,-0.224256,715,559,684,1.6586060223877763
2024-04-25 14:15:38.837000+00:00,2024-04-25 14:15:30+00:00,2024-04-25 14:17:30+00:00,TABUENCA01-45,Sensoria-C1-EEA1,Right,Gait,1.0.5,40.3887119,-3.6292984,CB:AA:BC:3F:36:A5,SCKS,-0.363282,1.992189,0.082031,-16.799999,13.440001,185.919998,0.196224,0.79424,-0.317696,244,471,727,2.026701731436079
2024-04-25 14:15:38.853000+00:00,2024-04-25 14:15:30+00:00,2024-04-25 14:17:30+00:00,TABUENCA01-45,Sensoria-C1-EEA1,Right,Gait,1.0.5,40.3887119,-3.6292984,CB:AA:BC:3F:36:A5,SCKS,-0.894532,1.996095,0.625,-31.360001,58.240002,206.080002,0.2336,0.803584,-0.32704,249,494,729,2.274908294426173
2024-04-25 14:15:38.861000+00:00,2024-04-25 14:15:30+00:00,2024-04-25 14:17:30+00:00,TABUENCA01-45,Sensoria-C1-E90A,Left,Gait,1.0.5,40.3887119,-3.6292984,F0:75:B1:51:59:F6,SCKS,-0.03125,1.468749,-0.1875,106.400002,22.4,-219.520004,0.485888,0.541952,-0.270976,718,565,583,1.4809984596551748
2024-04-25 14:15:38.886000+00:00,2024-04-25 14:15:30+00:00,2024-04-25 14:17:30+00:00,TABUENCA01-45,Sensoria-C1-EEA1,Right,Gait,1.0.5,40.3887119,-3.6292984,CB:AA:BC:3F:36:A5,SCKS,-1.128907,1.996095,0.609375,-52.639999,85.120003,235.199997,0.270976,0.803584,-0.32704,262,522,728,2.3727966946830907
2024-04-25 14:15:38.893000+00:00,2024-04-25 14:15:30+00:00,2024-04-25 14:17:30+00:00,TABUENCA01-45,Sensoria-C1-E90A,Left,Gait,1.0.5,40.3887119,-3.6292984,F0:75:B1:51:59:F6,SCKS,-0.5625,2.406249,0.875,70.559998,-3.36,-229.600006,0.439168,0.60736,-0.252288,704,568,443,2.621462473506153
2024-04-25 14:15:38.902000+00:00,2024-04-25 14:15:30+00:00,2024-04-25 14:17:30+00:00,TABUENCA01-45,Sensoria-C1-EEA1,Right,Gait,1.0.5,40.3887119,-3.6292984,CB:AA:BC:3F:36:A5,SCKS,-0.640625,1.996095,-0.441407,-31.360001,42.560001,280.0,0.270976,0.803584,-0.32704,293,565,727,2.1423435250442444
2024-04-25 14:15:38.918000+00:00,2024-04-25 14:15:30+00:00,2024-04-25 14:17:30+00:00,TABUENCA01-45,Sensoria-C1-EEA1,Right,Gait,1.0.5,40.3887119,-3.6292984,CB:AA:BC:3F:36:A5,SCKS,-0.480469,1.996095,-0.808594,-17.92,-58.240002,310.23999,0.32704,0.79424,-0.336384,345,621,726,2.2065969196529753
2024-04-25 14:15:38.925000+00:00,2024-04-25 14:15:30+00:00,2024-04-25 14:17:30+00:00,TABUENCA01-45,Sensoria-C1-E90A,Left,Gait,1.0.5,40.3887119,-3.6292984,F0:75:B1:51:59:F6,SCKS,0.03125,0.90625,-0.3125,78.400002,-73.919998,-125.440002,0.411136,0.635392,-0.224256,674,557,376,0.9591255783264254
2024-04-25 14:15:38.934000+00:00,2024-04-25 14:15:30+00:00,2024-04-25 14:17:30+00:00,TABUENCA01-45,Sensoria-C1-EEA1,Right,Gait,1.0.5,40.3887119,-3.6292984,CB:AA:BC:3F:36:A5,SCKS,-0.394532,0.804688,-0.605469,-1.12,-52.639999,306.880005,0.383104,0.803584,-0.336384,413,668,728,1.0815595158515319
2024-04-25 14:15:38.950000+00:00,2024-04-25 14:15:30+00:00,2024-04-25 14:17:30+00:00,TABUENCA01-45,Sensoria-C1-EEA1,Right,Gait,1.0.5,40.3887119,-3.6292984,CB:AA:BC:3F:36:A5,SCKS,-0.699219,-0.035156,-0.347656,-7.84,29.120001,225.119995,0.411136,0.784896,-0.336384,462,698,727,0.7816699102773498
2024-04-25 14:15:38.958000+00:00,2024-04-25 14:15:30+00:00,2024-04-25 14:17:30+00:00,TABUENCA01-45,Sensoria-C1-E90A,Left,Gait,1.0.5,40.3887119,-3.6292984,F0:75:B1:51:59:F6,SCKS,0.0,0.968749,-0.21875,30.24,-48.16,-76.160004,0.401792,0.65408,-0.224256,638,528,356,0.9931395609384414
2024-04-25 14:15:38.983000+00:00,2024-04-25 14:15:30+00:00,2024-04-25 14:17:30+00:00,TABUENCA01-45,Sensoria-C1-EEA1,Right,Gait,1.0.5,40.3887119,-3.6292984,CB:AA:BC:3F:36:A5,SCKS,-0.128906,0.703125,-0.550782,8.96,127.68,134.399994,0.429824,0.784896,-0.32704,488,713,727,0.9024202646134449
2024-04-25 14:15:38.990000+00:00,2024-04-25 14:15:30+00:00,2024-04-25 14:17:30+00:00,TABUENCA01-45,Sensoria-C1-E90A,Left,Gait,1.0.5,40.3887119,-3.6292984,F0:75:B1:51:59:F6,SCKS,0.0625,0.999999,-0.15625,11.2,-51.52,-43.68,0.401792,0.65408,-0.205568,610,501,364,1.0140603100905783
2024-04-25 14:15:38.999000+00:00,2024-04-25 14:15:30+00:00,2024-04-25 14:17:30+00:00,TABUENCA01-45,Sensoria-C1-EEA1,Right,Gait,1.0.5,40.3887119,-3.6292984,CB:AA:BC:3F:36:A5,SCKS,-1.160157,0.265625,-0.464844,-13.440001,141.119995,-7.84,0.429824,0.784896,-0.32704,499,722,726,1.2777326988106708
2024-04-25 14:15:39.015000+00:00,2024-04-25 14:15:30+00:00,2024-04-25 14:17:30+00:00,TABUENCA01-45,Sensoria-C1-EEA1,Right,Gait,1.0.5,40.3887119,-3.6292984,CB:AA:BC:3F:36:A5,SCKS,-1.000001,-0.0625,-0.09375,-48.16,117.599998,-59.360001,0.429824,0.784896,-0.336384,504,724,724,1.0063286304686954
2024-04-25 14:15:39.023000+00:00,2024-04-25 14:15:30+00:00,2024-04-25 14:17:30+00:00,TABUENCA01-45,Sensoria-C1-E90A,Left,Gait,1.0.5,40.3887119,-3.6292984,F0:75:B1:51:59:F6,SCKS,0.125,0.999999,-0.25,4.48,-47.040001,-30.24,0.383104,0.672768,-0.205568,580,473,405,1.0383270197779695
2024-04-25 14:15:39.031000+00:00,2024-04-25 14:15:30+00:00,2024-04-25 14:17:30+00:00,TABUENCA01-45,Sensoria-C1-EEA1,Right,Gait,1.0.5,40.3887119,-3.6292984,CB:AA:BC:3F:36:A5,SCKS,-0.53125,-0.300781,0.054688,-16.799999,63.84,-95.199997,0.411136,0.784896,-0.355072,508,725,722,0.6129327449280223
2024-04-25 14:15:39.055000+00:00,2024-04-25 14:15:30+00:00,2024-04-25 14:17:30+00:00,TABUENCA01-45,Sensoria-C1-E90A,Left,Gait,1.0.5,40.3887119,-3.6292984,F0:75:B1:51:59:F6,SCKS,0.09375,0.968749,-0.21875,0.0,-47.040001,-31.360001,0.37376,0.672768,-0.18688,561,456,462,0.9975546350957425
2024-04-25 14:15:39.064000+00:00,2024-04-25 14:15:30+00:00,2024-04-25 14:17:30+00:00,TABUENCA01-45,Sensoria-C1-EEA1,Right,Gait,1.0.5,40.3887119,-3.6292984,CB:AA:BC:3F:36:A5,SCKS,-0.542969,-0.023438,-0.121094,34.720001,33.599998,-180.320007,0.383104,0.79424,-0.345728,508,728,721,0.5568019680649486
2024-04-25 14:15:39.080000+00:00,2024-04-25 14:15:30+00:00,2024-04-25 14:17:30+00:00,TABUENCA01-45,Sensoria-C1-EEA1,Right,Gait,1.0.5,40.3887119,-3.6292984,CB:AA:BC:3F:36:A5,SCKS,-0.660157,0.210938,-0.125,40.32,14.56,-230.720001,0.336384,0.803584,-0.355072,508,728,719,0.7042209202324226
2024-04-25 14:15:39.088000+00:00,2024-04-25 14:15:30+00:00,2024-04-25 14:17:30+00:00,TABUENCA01-45,Sensoria-C1-E90A,Left,Gait,1.0.5,40.3887119,-3.6292984,F0:75:B1:51:59:F6,SCKS,0.03125,0.968749,-0.25,6.72,-40.32,-29.120001,0.364416,0.672768,-0.177536,546,441,525,1.0009751183226285
2024-04-25 14:15:39.097000+00:00,2024-04-25 14:15:30+00:00,2024-04-25 14:17:30+00:00,TABUENCA01-45,Sensoria-C1-EEA1,Right,Gait,1.0.5,40.3887119,-3.6292984,CB:AA:BC:3F:36:A5,SCKS,-0.535157,0.351563,-0.035156,43.68,-13.440001,-265.440002,0.336384,0.803584,-0.355072,509,729,719,0.6412686659692644
2024-04-25 14:15:39.113000+00:00,2024-04-25 14:15:30+00:00,2024-04-25 14:17:30+00:00,TABUENCA01-45,Sensoria-C1-EEA1,Right,Gait,1.0.5,40.3887119,-3.6292984,CB:AA:BC:3F:36:A5,SCKS,-0.449219,0.523438,-0.015625,52.639999,-32.48,-296.799988,0.299008,0.803584,-0.345728,508,728,718,0.6899486868093887
2024-04-25 14:15:39.120000+00:00,2024-04-25 14:15:30+00:00,2024-04-25 14:17:30+00:00,TABUENCA01-45,Sensoria-C1-E90A,Left,Gait,1.0.5,40.3887119,-3.6292984,F0:75:B1:51:59:F6,SCKS,0.03125,0.9375,-0.21875,3.36,-33.599998,-26.880001,0.355072,0.682112,-0.177536,532,430,580,0.9631896879639026
2024-04-25 14:15:39.136000+00:00,2024-04-25 14:15:30+00:00,2024-04-25 14:17:30+00:00,TABUENCA01-45,Sensoria-C1-E90A,Left,Gait,1.0.5,40.3887119,-3.6292984,F0:75:B1:51:59:F6,SCKS,0.0,0.90625,-0.25,2.24,-32.48,-29.120001,0.355072,0.691456,-0.177536,521,419,620,0.9401005597807077
2024-04-25 14:15:39.145000+00:00,2024-04-25 14:15:30+00:00,2024-04-25 14:17:30+00:00,TABUENCA01-45,Sensoria-C1-EEA1,Right,Gait,1.0.5,40.3887119,-3.6292984,CB:AA:BC:3F:36:A5,SCKS,-0.488282,0.835938,-0.035156,57.119999,-43.68,-330.399994,0.2336,0.803584,-0.336384,509,726,716,0.9687350492802457
2024-04-25 14:15:39.161000+00:00,2024-04-25 14:15:30+00:00,2024-04-25 14:17:30+00:00,TABUENCA01-45,Sensoria-C1-EEA1,Right,Gait,1.0.5,40.3887119,-3.6292984,CB:AA:BC:3F:36:A5,SCKS,-0.488282,1.207032,-0.019531,52.639999,-45.920002,-361.76001,0.177536,0.784896,-0.32704,510,725,716,1.30220083724017
2024-04-25 14:15:39.169000+00:00,2024-04-25 14:15:30+00:00,2024-04-25 14:17:30+00:00,TABUENCA01-45,Sensoria-C1-E90A,Left,Gait,1.0.5,40.3887119,-3.6292984,F0:75:B1:51:59:F6,SCKS,-0.03125,0.9375,-0.15625,-1.12,-31.360001,-29.120001,0.336384,0.691456,-0.177536,505,397,660,0.9509452534189337
2024-04-25 14:15:39.201000+00:00,2024-04-25 14:15:30+00:00,2024-04-25 14:17:30+00:00,TABUENCA01-45,Sensoria-C1-E90A,Left,Gait,1.0.5,40.3887119,-3.6292984,F0:75:B1:51:59:F6,SCKS,-0.0625,0.9375,-0.15625,-1.12,-26.880001,-31.360001,0.336384,0.691456,-0.168192,494,381,675,0.9524844158830107
2024-04-25 14:15:39.210000+00:00,2024-04-25 14:15:30+00:00,2024-04-25 14:17:30+00:00,TABUENCA01-45,Sensoria-C1-EEA1,Right,Gait,1.0.5,40.3887119,-3.6292984,CB:AA:BC:3F:36:A5,SCKS,-0.421875,1.996095,0.144531,19.040001,20.16,-383.040009,0.065408,0.728832,-0.308352,509,722,714,2.0453026608820024
2024-04-25 14:15:39.211000+00:00,2024-04-25 14:15:30+00:00,2024-04-25 14:17:30+00:00,TABUENCA01-45,Sensoria-C1-EEA1,Right,Gait,1.0.5,40.3887119,-3.6292984,CB:AA:BC:3F:36:A5,SCKS,0.015625,1.996095,0.144531,67.199997,-42.560001,-393.119995,0.065408,0.728832,-0.308352,508,723,716,2.0013816726479234
2024-04-25 14:15:39.234000+00:00,2024-04-25 14:15:30+00:00,2024-04-25 14:17:30+00:00,TABUENCA01-45,Sensoria-C1-E90A,Left,Gait,1.0.5,40.3887119,-3.6292984,F0:75:B1:51:59:F6,SCKS,-0.0625,0.968749,-0.1875,1.12,-23.52,-32.48,0.32704,0.710144,-0.168192,480,361,687,0.9887047714060047
2024-04-25 14:15:39.244000+00:00,2024-04-25 14:15:30+00:00,2024-04-25 14:17:30+00:00,TABUENCA01-45,Sensoria-C1-EEA1,Right,Gait,1.0.5,40.3887119,-3.6292984,CB:AA:BC:3F:36:A5,SCKS,0.640625,1.996095,0.285156,72.800003,-75.040001,-412.160004,0.0,0.682112,-0.317696,510,723,715,2.1156818248465434
2024-04-25 14:15:39.260000+00:00,2024-04-25 14:15:30+00:00,2024-04-25 14:17:30+00:00,TABUENCA01-45,Sensoria-C1-EEA1,Right,Gait,1.0.5,40.3887119,-3.6292984,CB:AA:BC:3F:36:A5,SCKS,1.535157,1.996095,-0.128906,44.799999,-79.519997,-402.079987,-0.04672,0.626048,-0.317696,508,722,716,2.52145176842826
2024-04-25 14:15:39.267000+00:00,2024-04-25 14:15:30+00:00,2024-04-25 14:17:30+00:00,TABUENCA01-45,Sensoria-C1-E90A,Left,Gait,1.0.5,40.3887119,-3.6292984,F0:75:B1:51:59:F6,SCKS,0.0,1.031249,-0.21875,-2.24,-22.4,-41.439999,0.317696,0.710144,-0.158848,465,343,698,1.0541945088554578
2024-04-25 14:15:39.276000+00:00,2024-04-25 14:15:30+00:00,2024-04-25 14:17:30+00:00,TABUENCA01-45,Sensoria-C1-EEA1,Right,Gait,1.0.5,40.3887119,-3.6292984,CB:AA:BC:3F:36:A5,SCKS,1.996095,1.996095,-0.585938,44.799999,-42.560001,-303.519989,-0.074752,0.588672,-0.317696,508,722,717,2.883073678887517
2024-04-25 14:15:39.299000+00:00,2024-04-25 14:15:30+00:00,2024-04-25 14:17:30+00:00,TABUENCA01-45,Sensoria-C1-E90A,Left,Gait,1.0.5,40.3887119,-3.6292984,F0:75:B1:51:59:F6,SCKS,0.09375,1.156249,-0.09375,0.0,-20.16,-67.199997,0.299008,0.719488,-0.158848,451,322,709,1.1638255346060251
2024-04-25 14:15:39.324000+00:00,2024-04-25 14:15:30+00:00,2024-04-25 14:17:30+00:00,TABUENCA01-45,Sensoria-C1-EEA1,Right,Gait,1.0.5,40.3887119,-3.6292984,CB:AA:BC:3F:36:A5,SCKS,1.996095,1.871095,0.773438,39.200001,87.360001,-43.68,-0.084096,0.56064,-0.308352,507,723,721,2.843166911719043
2024-04-25 14:15:39.332000+00:00,2024-04-25 14:15:30+00:00,2024-04-25 14:17:30+00:00,TABUENCA01-45,Sensoria-C1-E90A,Left,Gait,1.0.5,40.3887119,-3.6292984,F0:75:B1:51:59:F6,SCKS,0.09375,1.281249,-0.125,7.84,-5.6,-101.919998,0.28032,0.728832,-0.168192,437,304,717,1.2907412841080896
2024-04-25 14:15:39.341000+00:00,2024-04-25 14:15:30+00:00,2024-04-25 14:17:30+00:00,TABUENCA01-45,Sensoria-C1-EEA1,Right,Gait,1.0.5,40.3887119,-3.6292984,CB:AA:BC:3F:36:A5,SCKS,0.417969,1.996095,0.785157,-22.4,14.56,97.440002,-0.084096,0.56064,-0.289664,507,725,722,2.1853065800099993
2024-04-25 14:15:39.357000+00:00,2024-04-25 14:15:30+00:00,2024-04-25 14:17:30+00:00,TABUENCA01-45,Sensoria-C1-EEA1,Right,Gait,1.0.5,40.3887119,-3.6292984,CB:AA:BC:3F:36:A5,SCKS,-2.000001,0.839844,0.996094,21.280001,-119.840004,67.199997,-0.074752,0.569984,-0.32704,514,723,687,2.386953120857844
2024-04-25 14:15:39.365000+00:00,2024-04-25 14:15:30+00:00,2024-04-25 14:17:30+00:00,TABUENCA01-45,Sensoria-C1-E90A,Left,Gait,1.0.5,40.3887119,-3.6292984,F0:75:B1:51:59:F6,SCKS,0.15625,1.468749,-0.3125,1.12,-14.56,-133.279999,0.270976,0.738176,-0.168192,433,298,721,1.5097330682941936
2024-04-25 14:15:39.373000+00:00,2024-04-25 14:15:30+00:00,2024-04-25 14:17:30+00:00,TABUENCA01-45,Sensoria-C1-EEA1,Right,Gait,1.0.5,40.3887119,-3.6292984,CB:AA:BC:3F:36:A5,SCKS,1.308595,1.44922,0.730469,57.119999,-172.479996,278.880005,-0.065408,0.60736,-0.355072,524,730,629,2.0847648410278796
2024-04-25 14:15:39.397000+00:00,2024-04-25 14:15:30+00:00,2024-04-25 14:17:30+00:00,TABUENCA01-45,Sensoria-C1-E90A,Left,Gait,1.0.5,40.3887119,-3.6292984,F0:75:B1:51:59:F6,SCKS,0.34375,1.906249,-0.15625,-10.08,-36.959999,-171.360001,0.214912,0.756864,-0.18688,460,323,722,1.9432867454395402
2024-04-25 14:15:39.406000+00:00,2024-04-25 14:15:30+00:00,2024-04-25 14:17:30+00:00,TABUENCA01-45,Sensoria-C1-EEA1,Right,Gait,1.0.5,40.3887119,-3.6292984,CB:AA:BC:3F:36:A5,SCKS,0.667969,1.839845,0.199219,58.240002,-31.360001,228.479996,-0.04672,0.644736,-0.345728,530,733,547,1.9674603983173333
2024-04-25 14:15:39.422000+00:00,2024-04-25 14:15:30+00:00,2024-04-25 14:17:30+00:00,TABUENCA01-45,Sensoria-C1-EEA1,Right,Gait,1.0.5,40.3887119,-3.6292984,CB:AA:BC:3F:36:A5,SCKS,0.460938,1.44922,-0.625,56.0,6.72,215.040009,-0.028032,0.672768,-0.32704,528,734,467,1.644179871012901
2024-04-25 14:15:39.429000+00:00,2024-04-25 14:15:30+00:00,2024-04-25 14:17:30+00:00,TABUENCA01-45,Sensoria-C1-E90A,Left,Gait,1.0.5,40.3887119,-3.6292984,F0:75:B1:51:59:F6,SCKS,1.249999,2.718749,0.15625,-31.360001,-58.240002,-219.520004,0.168192,0.766208,-0.168192,522,370,719,2.9964158068435696
2024-04-25 14:15:39.438000+00:00,2024-04-25 14:15:30+00:00,2024-04-25 14:17:30+00:00,TABUENCA01-45,Sensoria-C1-EEA1,Right,Gait,1.0.5,40.3887119,-3.6292984,CB:AA:BC:3F:36:A5,SCKS,0.292969,1.265626,0.046875,-39.200001,49.279999,213.919998,-0.028032,0.672768,-0.32704,516,738,419,1.2999374109786976
2024-04-25 14:15:39.454000+00:00,2024-04-25 14:15:30+00:00,2024-04-25 14:17:30+00:00,TABUENCA01-45,Sensoria-C1-EEA1,Right,Gait,1.0.5,40.3887119,-3.6292984,CB:AA:BC:3F:36:A5,SCKS,0.085938,0.742188,-0.011719,7.84,30.24,143.360001,0.0,0.691456,-0.32704,498,733,391,0.7472387183149706
2024-04-25 14:15:39.462000+00:00,2024-04-25 14:15:30+00:00,2024-04-25 14:17:30+00:00,TABUENCA01-45,Sensoria-C1-E90A,Left,Gait,1.0.5,40.3887119,-3.6292984,F0:75:B1:51:59:F6,SCKS,0.5,2.156249,-0.25,-72.800003,-140.0,-217.279999,0.130816,0.775552,-0.177536,567,421,717,2.227534455401532
2024-04-25 14:15:39.471000+00:00,2024-04-25 14:15:30+00:00,2024-04-25 14:17:30+00:00,TABUENCA01-45,Sensoria-C1-EEA1,Right,Gait,1.0.5,40.3887119,-3.6292984,CB:AA:BC:3F:36:A5,SCKS,-0.089844,0.945313,0.019531,-11.2,20.16,103.040001,0.009344,0.710144,-0.317696,477,715,375,0.9497736952906203
2024-04-25 14:15:39.478000+00:00,2024-04-25 14:15:30+00:00,2024-04-25 14:17:30+00:00,TABUENCA01-45,Sensoria-C1-E90A,Left,Gait,1.0.5,40.3887119,-3.6292984,F0:75:B1:51:59:F6,SCKS,0.59375,1.749999,-0.78125,7.84,30.24,-295.679993,0.084096,0.784896,-0.18688,628,493,718,2.006336742673323
2024-04-25 14:15:39.510000+00:00,2024-04-25 14:15:30+00:00,2024-04-25 14:17:30+00:00,TABUENCA01-45,Sensoria-C1-E90A,Left,Gait,1.0.5,40.3887119,-3.6292984,F0:75:B1:51:59:F6,SCKS,-0.65625,0.0,-0.4375,15.68,-33.599998,-123.199997,0.0,0.784896,-0.168192,691,553,718,0.7887143415077477
2024-04-25 14:15:39.519000+00:00,2024-04-25 14:15:30+00:00,2024-04-25 14:17:30+00:00,TABUENCA01-45,Sensoria-C1-EEA1,Right,Gait,1.0.5,40.3887119,-3.6292984,CB:AA:BC:3F:36:A5,SCKS,-0.085938,0.957032,0.113281,-13.440001,5.6,79.519997,0.028032,0.719488,-0.32704,457,692,367,0.9675371692234878
2024-04-25 14:15:39.520000+00:00,2024-04-25 14:15:30+00:00,2024-04-25 14:17:30+00:00,TABUENCA01-45,Sensoria-C1-EEA1,Right,Gait,1.0.5,40.3887119,-3.6292984,CB:AA:BC:3F:36:A5,SCKS,-0.050781,1.027344,0.027344,5.6,-11.2,62.720001,0.028032,0.728832,-0.317696,441,669,365,1.028961660429095
2024-04-25 14:15:39.536000+00:00,2024-04-25 14:15:30+00:00,2024-04-25 14:17:30+00:00,TABUENCA01-45,Sensoria-C1-EEA1,Right,Gait,1.0.5,40.3887119,-3.6292984,CB:AA:BC:3F:36:A5,SCKS,-0.015625,0.980469,0.046875,10.08,-3.36,48.16,0.037376,0.728832,-0.317696,425,647,369,0.981713230129349
2024-04-25 14:15:39.543000+00:00,2024-04-25 14:15:30+00:00,2024-04-25 14:17:30+00:00,TABUENCA01-45,Sensoria-C1-E90A,Left,Gait,1.0.5,40.3887119,-3.6292984,F0:75:B1:51:59:F6,SCKS,0.999999,0.09375,-0.28125,15.68,-136.639999,76.160004,-0.009344,0.775552,-0.177536,706,564,718,1.0430189955130251
2024-04-25 14:15:39.552000+00:00,2024-04-25 14:15:30+00:00,2024-04-25 14:17:30+00:00,TABUENCA01-45,Sensoria-C1-EEA1,Right,Gait,1.0.5,40.3887119,-3.6292984,CB:AA:BC:3F:36:A5,SCKS,-0.109375,1.031251,-0.011719,20.16,-7.84,39.200001,0.037376,0.728832,-0.317696,413,631,378,1.0371011766394829
2024-04-25 14:15:39.576000+00:00,2024-04-25 14:15:30+00:00,2024-04-25 14:17:30+00:00,TABUENCA01-45,Sensoria-C1-E90A,Left,Gait,1.0.5,40.3887119,-3.6292984,F0:75:B1:51:59:F6,SCKS,0.875,-0.0625,-0.03125,-6.72,-7.84,155.680008,0.0,0.775552,-0.158848,712,563,716,0.8777857440742587
2024-04-25 14:15:39.584000+00:00,2024-04-25 14:15:30+00:00,2024-04-25 14:17:30+00:00,TABUENCA01-45,Sensoria-C1-EEA1,Right,Gait,1.0.5,40.3887119,-3.6292984,CB:AA:BC:3F:36:A5,SCKS,-0.03125,1.015626,-0.160156,13.440001,1.12,42.560001,0.037376,0.738176,-0.317696,404,619,393,1.0286509022559598
2024-04-25 14:15:39.601000+00:00,2024-04-25 14:15:30+00:00,2024-04-25 14:17:30+00:00,TABUENCA01-45,Sensoria-C1-EEA1,Right,Gait,1.0.5,40.3887119,-3.6292984,CB:AA:BC:3F:36:A5,SCKS,-0.039063,0.945313,-0.050781,2.24,7.84,44.799999,0.04672,0.738176,-0.32704,396,608,415,0.9474815543845695
2024-04-25 14:15:39.608000+00:00,2024-04-25 14:15:30+00:00,2024-04-25 14:17:30+00:00,TABUENCA01-45,Sensoria-C1-E90A,Left,Gait,1.0.5,40.3887119,-3.6292984,F0:75:B1:51:59:F6,SCKS,0.28125,-0.03125,0.09375,-6.72,34.720001,208.320007,0.065408,0.784896,-0.18688,714,563,714,0.2981060004427955
2024-04-25 14:15:39.617000+00:00,2024-04-25 14:15:30+00:00,2024-04-25 14:17:30+00:00,TABUENCA01-45,Sensoria-C1-EEA1,Right,Gait,1.0.5,40.3887119,-3.6292984,CB:AA:BC:3F:36:A5,SCKS,0.007813,0.968751,-0.023438,3.36,10.08,45.920002,0.04672,0.738176,-0.317696,389,595,436,0.9690659847574881
2024-04-25 14:15:39.633000+00:00,2024-04-25 14:15:30+00:00,2024-04-25 14:17:30+00:00,TABUENCA01-45,Sensoria-C1-EEA1,Right,Gait,1.0.5,40.3887119,-3.6292984,CB:AA:BC:3F:36:A5,SCKS,0.007813,0.976563,-0.046875,2.24,15.68,43.68,0.056064,0.74752,-0.317696,381,582,460,0.9777185697136983
2024-04-25 14:15:39.640000+00:00,2024-04-25 14:15:30+00:00,2024-04-25 14:17:30+00:00,TABUENCA01-45,Sensoria-C1-E90A,Left,Gait,1.0.5,40.3887119,-3.6292984,F0:75:B1:51:59:F6,SCKS,0.46875,0.34375,-0.125,20.16,15.68,281.119995,0.112128,0.784896,-0.168192,714,563,711,0.594571799701264
2024-04-25 14:15:39.665000+00:00,2024-04-25 14:15:30+00:00,2024-04-25 14:17:30+00:00,TABUENCA01-45,Sensoria-C1-EEA1,Right,Gait,1.0.5,40.3887119,-3.6292984,CB:AA:BC:3F:36:A5,SCKS,0.007813,0.972657,-0.046875,1.12,19.040001,41.439999,0.056064,0.74752,-0.317696,375,570,483,0.9738172047376242
2024-04-25 14:15:39.673000+00:00,2024-04-25 14:15:30+00:00,2024-04-25 14:17:30+00:00,TABUENCA01-45,Sensoria-C1-E90A,Left,Gait,1.0.5,40.3887119,-3.6292984,F0:75:B1:51:59:F6,SCKS,0.40625,0.75,-0.03125,7.84,30.24,318.079987,0.158848,0.775552,-0.177536,715,561,711,0.8535312677342289
2024-04-25 14:15:39.681000+00:00,2024-04-25 14:15:30+00:00,2024-04-25 14:17:30+00:00,TABUENCA01-45,Sensoria-C1-EEA1,Right,Gait,1.0.5,40.3887119,-3.6292984,CB:AA:BC:3F:36:A5,SCKS,0.007813,0.964844,-0.039063,-2.24,14.56,42.560001,0.065408,0.74752,-0.308352,369,558,507,0.9656660423117301
2024-04-25 14:15:39.698000+00:00,2024-04-25 14:15:30+00:00,2024-04-25 14:17:30+00:00,TABUENCA01-45,Sensoria-C1-EEA1,Right,Gait,1.0.5,40.3887119,-3.6292984,CB:AA:BC:3F:36:A5,SCKS,0.035156,0.964844,-0.042969,-1.12,10.08,42.560001,0.074752,0.74752,-0.308352,362,545,525,0.9664399741489381
2024-04-25 14:15:39.705000+00:00,2024-04-25 14:15:30+00:00,2024-04-25 14:17:30+00:00,TABUENCA01-45,Sensoria-C1-E90A,Left,Gait,1.0.5,40.3887119,-3.6292984,F0:75:B1:51:59:F6,SCKS,0.34375,1.093749,0.0625,0.0,49.279999,370.720001,0.224256,0.756864,-0.177536,715,560,709,1.1481973643503107
2024-04-25 14:15:39.714000+00:00,2024-04-25 14:15:30+00:00,2024-04-25 14:17:30+00:00,TABUENCA01-45,Sensoria-C1-EEA1,Right,Gait,1.0.5,40.3887119,-3.6292984,CB:AA:BC:3F:36:A5,SCKS,0.027344,0.976563,-0.035156,-2.24,12.32,42.560001,0.065408,0.756864,-0.308352,351,533,547,0.9775780949064887
2024-04-25 14:15:39.731000+00:00,2024-04-25 14:15:30+00:00,2024-04-25 14:17:30+00:00,TABUENCA01-45,Sensoria-C1-EEA1,Right,Gait,1.0.5,40.3887119,-3.6292984,CB:AA:BC:3F:36:A5,SCKS,0.015625,0.976563,-0.003906,-5.6,11.2,45.920002,0.084096,0.74752,-0.308352,340,520,568,0.9766958024021604
2024-04-25 14:15:39.738000+00:00,2024-04-25 14:15:30+00:00,2024-04-25 14:17:30+00:00,TABUENCA01-45,Sensoria-C1-E90A,Left,Gait,1.0.5,40.3887119,-3.6292984,F0:75:B1:51:59:F6,SCKS,0.5625,1.812499,-0.03125,-11.2,50.400002,417.76001,0.289664,0.728832,-0.168192,713,558,709,1.8980346249478697
2024-04-25 14:15:39.765000+00:00,2024-04-25 14:15:30+00:00,2024-04-25 14:17:30+00:00,TABUENCA01-45,Sensoria-C1-EEA1,Right,Gait,1.0.5,40.3887119,-3.6292984,CB:AA:BC:3F:36:A5,SCKS,0.019531,0.957032,0.011719,-6.72,6.72,49.279999,0.084096,0.74752,-0.308352,327,509,587,0.9573030052945619
2024-04-25 14:15:39.770000+00:00,2024-04-25 14:15:30+00:00,2024-04-25 14:17:30+00:00,TABUENCA01-45,Sensoria-C1-E90A,Left,Gait,1.0.5,40.3887119,-3.6292984,F0:75:B1:51:59:F6,SCKS,0.4375,2.812499,-0.21875,-21.280001,61.599998,436.799988,0.42048,0.635392,-0.205568,712,557,708,2.854716875191128
2024-04-25 14:15:39.779000+00:00,2024-04-25 14:15:30+00:00,2024-04-25 14:17:30+00:00,TABUENCA01-45,Sensoria-C1-EEA1,Right,Gait,1.0.5,40.3887119,-3.6292984,CB:AA:BC:3F:36:A5,SCKS,0.042969,1.015626,0.003906,-6.72,-4.48,57.119999,0.084096,0.756864,-0.308352,315,493,607,1.0165420619300511
2024-04-25 14:15:39.803000+00:00,2024-04-25 14:15:30+00:00,2024-04-25 14:17:30+00:00,TABUENCA01-45,Sensoria-C1-E90A,Left,Gait,1.0.5,40.3887119,-3.6292984,F0:75:B1:51:59:F6,SCKS,-0.59375,3.218748,0.1875,-33.599998,64.959999,433.440002,0.4672,0.569984,-0.205568,713,558,707,3.2784194362533907
2024-04-25 14:15:39.819000+00:00,2024-04-25 14:15:30+00:00,2024-04-25 14:17:30+00:00,TABUENCA01-45,Sensoria-C1-E90A,Left,Gait,1.0.5,40.3887119,-3.6292984,F0:75:B1:51:59:F6,SCKS,-1.562499,2.562499,-1.406249,4.48,128.800003,276.640015,0.495232,0.51392,-0.224256,711,557,710,3.3144140507792623
2024-04-25 14:15:39.828000+00:00,2024-04-25 14:15:30+00:00,2024-04-25 14:17:30+00:00,TABUENCA01-45,Sensoria-C1-EEA1,Right,Gait,1.0.5,40.3887119,-3.6292984,CB:AA:BC:3F:36:A5,SCKS,-0.023438,1.13672,-0.023438,-10.08,-11.2,76.160004,0.102784,0.766208,-0.308352,289,466,655,1.1372031648250016
2024-04-25 14:15:39.852000+00:00,2024-04-25 14:15:30+00:00,2024-04-25 14:17:30+00:00,TABUENCA01-45,Sensoria-C1-E90A,Left,Gait,1.0.5,40.3887119,-3.6292984,F0:75:B1:51:59:F6,SCKS,-3.343748,1.593749,-0.5,20.16,-89.599998,10.08,0.51392,0.4672,-0.205568,708,558,716,3.737738161308922
2024-04-25 14:15:39.860000+00:00,2024-04-25 14:15:30+00:00,2024-04-25 14:17:30+00:00,TABUENCA01-45,Sensoria-C1-EEA1,Right,Gait,1.0.5,40.3887119,-3.6292984,CB:AA:BC:3F:36:A5,SCKS,-0.054688,1.179688,0.128906,-17.92,-16.799999,94.080002,0.121472,0.775552,-0.317696,278,451,680,1.1879694068131554
2024-04-25 14:15:39.862000+00:00,2024-04-25 14:15:30+00:00,2024-04-25 14:17:30+00:00,TABUENCA01-45,Sensoria-C1-EEA1,Right,Gait,1.0.5,40.3887119,-3.6292984,CB:AA:BC:3F:36:A5,SCKS,-0.03125,1.222657,0.128906,-21.280001,-31.360001,113.120003,0.121472,0.775552,-0.317696,270,441,698,1.229830662727597
2024-04-25 14:15:39.877000+00:00,2024-04-25 14:15:30+00:00,2024-04-25 14:17:30+00:00,TABUENCA01-45,Sensoria-C1-EEA1,Right,Gait,1.0.5,40.3887119,-3.6292984,CB:AA:BC:3F:36:A5,SCKS,-0.074219,1.382813,-0.214844,-25.76,-36.959999,131.039993,0.14016,0.775552,-0.32704,262,436,712,1.4013701143045687
2024-04-25 14:15:39.884000+00:00,2024-04-25 14:15:30+00:00,2024-04-25 14:17:30+00:00,TABUENCA01-45,Sensoria-C1-E90A,Left,Gait,1.0.5,40.3887119,-3.6292984,F0:75:B1:51:59:F6,SCKS,4.249998,1.281249,0.09375,5.6,31.360001,-116.480003,0.504576,0.485888,-0.224256,708,556,706,4.439917911685417
2024-04-25 14:15:39.893000+00:00,2024-04-25 14:15:30+00:00,2024-04-25 14:17:30+00:00,TABUENCA01-45,Sensoria-C1-EEA1,Right,Gait,1.0.5,40.3887119,-3.6292984,CB:AA:BC:3F:36:A5,SCKS,-0.035156,1.617189,-0.179688,-23.52,-24.639999,153.440002,0.158848,0.784896,-0.336384,257,436,719,1.6275208088995359
2024-04-25 14:15:39.917000+00:00,2024-04-25 14:15:30+00:00,2024-04-25 14:17:30+00:00,TABUENCA01-45,Sensoria-C1-E90A,Left,Gait,1.0.5,40.3887119,-3.6292984,F0:75:B1:51:59:F6,SCKS,-0.90625,1.531249,0.625,49.279999,180.320007,-249.759995,0.504576,0.51392,-0.242944,714,560,662,1.8859049717578562
2024-04-25 14:15:39.925000+00:00,2024-04-25 14:15:30+00:00,2024-04-25 14:17:30+00:00,TABUENCA01-45,Sensoria-C1-EEA1,Right,Gait,1.0.5,40.3887119,-3.6292984,CB:AA:BC:3F:36:A5,SCKS,-0.269531,1.941408,0.011719,-23.52,1.12,175.839996,0.18688,0.79424,-0.32704,259,450,724,1.960063600342091
2024-04-25 14:15:39.941000+00:00,2024-04-25 14:15:30+00:00,2024-04-25 14:17:30+00:00,TABUENCA01-45,Sensoria-C1-EEA1,Right,Gait,1.0.5,40.3887119,-3.6292984,CB:AA:BC:3F:36:A5,SCKS,-0.683594,1.996095,0.402344,-34.720001,31.360001,198.240005,0.224256,0.79424,-0.336384,267,469,726,2.147923811543836
2024-04-25 14:15:39.949000+00:00,2024-04-25 14:15:30+00:00,2024-04-25 14:17:30+00:00,TABUENCA01-45,Sensoria-C1-E90A,Left,Gait,1.0.5,40.3887119,-3.6292984,F0:75:B1:51:59:F6,SCKS,-0.09375,1.593749,-0.4375,107.520004,21.280001,-215.040009,0.485888,0.551296,-0.261632,716,565,533,1.6553643669902407
2024-04-25 14:15:39.958000+00:00,2024-04-25 14:15:30+00:00,2024-04-25 14:17:30+00:00,TABUENCA01-45,Sensoria-C1-EEA1,Right,Gait,1.0.5,40.3887119,-3.6292984,CB:AA:BC:3F:36:A5,SCKS,-1.16797,1.996095,0.394532,-48.16,68.32,227.360001,0.261632,0.803584,-0.345728,279,491,725,2.346104147080645
2024-04-25 14:15:39.974000+00:00,2024-04-25 14:15:30+00:00,2024-04-25 14:17:30+00:00,TABUENCA01-45,Sensoria-C1-EEA1,Right,Gait,1.0.5,40.3887119,-3.6292984,CB:AA:BC:3F:36:A5,SCKS,-0.367188,1.996095,-0.28125,-39.200001,22.4,281.119995,0.261632,0.803584,-0.345728,306,529,727,2.0489811709405727
2024-04-25 14:15:39.982000+00:00,2024-04-25 14:15:30+00:00,2024-04-25 14:17:30+00:00,TABUENCA01-45,Sensoria-C1-E90A,Left,Gait,1.0.5,40.3887119,-3.6292984,F0:75:B1:51:59:F6,SCKS,0.15625,1.374999,0.71875,44.799999,-92.959999,-216.160004,0.439168,0.626048,-0.224256,703,573,414,1.5593709869691048
2024-04-25 14:15:39.990000+00:00,2024-04-25 14:15:30+00:00,2024-04-25 14:17:30+00:00,TABUENCA01-45,Sensoria-C1-EEA1,Right,Gait,1.0.5,40.3887119,-3.6292984,CB:AA:BC:3F:36:A5,SCKS,-0.667969,1.996095,-0.859376,-26.880001,-3.36,305.76001,0.317696,0.803584,-0.336384,355,586,727,2.2735665689312903
2024-04-25 14:15:40.014000+00:00,2024-04-25 14:15:30+00:00,2024-04-25 14:17:30+00:00,TABUENCA01-45,Sensoria-C1-E90A,Left,Gait,1.0.5,40.3887119,-3.6292984,F0:75:B1:51:59:F6,SCKS,0.09375,0.9375,-0.25,54.880001,-62.720001,-98.559998,0.42048,0.635392,-0.214912,666,556,363,0.9747796225301388
2024-04-25 14:15:40.023000+00:00,2024-04-25 14:15:30+00:00,2024-04-25 14:17:30+00:00,TABUENCA01-45,Sensoria-C1-EEA1,Right,Gait,1.0.5,40.3887119,-3.6292984,CB:AA:BC:3F:36:A5,SCKS,-0.265625,1.210938,-0.707032,-2.24,-24.639999,318.079987,0.364416,0.803584,-0.345728,418,644,730,1.427172634789849
2024-04-25 14:15:40.039000+00:00,2024-04-25 14:15:30+00:00,2024-04-25 14:17:30+00:00,TABUENCA01-45,Sensoria-C1-EEA1,Right,Gait,1.0.5,40.3887119,-3.6292984,CB:AA:BC:3F:36:A5,SCKS,-0.417969,0.226563,-0.507813,12.32,60.48,235.199997,0.401792,0.79424,-0.336384,464,682,726,0.6956313110398352
2024-04-25 14:15:40.047000+00:00,2024-04-25 14:15:30+00:00,2024-04-25 14:17:30+00:00,TABUENCA01-45,Sensoria-C1-E90A,Left,Gait,1.0.5,40.3887119,-3.6292984,F0:75:B1:51:59:F6,SCKS,0.1875,0.968749,-0.25,24.639999,-40.32,-44.799999,0.411136,0.65408,-0.214912,631,528,359,1.0179051404728243
2024-04-25 14:15:40.055000+00:00,2024-04-25 14:15:30+00:00,2024-04-25 14:17:30+00:00,TABUENCA01-45,Sensoria-C1-EEA1,Right,Gait,1.0.5,40.3887119,-3.6292984,CB:AA:BC:3F:36:A5,SCKS,-0.210938,0.863282,-0.566407,3.36,136.639999,127.68,0.42048,0.79424,-0.345728,489,704,724,1.0538346839125197
2024-04-25 14:15:40.072000+00:00,2024-04-25 14:15:30+00:00,2024-04-25 14:17:30+00:00,TABUENCA01-45,Sensoria-C1-EEA1,Right,Gait,1.0.5,40.3887119,-3.6292984,CB:AA:BC:3F:36:A5,SCKS,-1.328126,0.195313,-0.425782,-20.16,161.279999,-22.4,0.42048,0.79424,-0.345728,502,716,722,1.4083167794814488
2024-04-25 14:15:40.079000+00:00,2024-04-25 14:15:30+00:00,2024-04-25 14:17:30+00:00,TABUENCA01-45,Sensoria-C1-E90A,Left,Gait,1.0.5,40.3887119,-3.6292984,F0:75:B1:51:59:F6,SCKS,0.09375,0.999999,-0.09375,7.84,-29.120001,-31.360001,0.401792,0.65408,-0.205568,604,502,375,1.008749783147932
2024-04-25 14:15:40.104000+00:00,2024-04-25 14:15:30+00:00,2024-04-25 14:17:30+00:00,TABUENCA01-45,Sensoria-C1-EEA1,Right,Gait,1.0.5,40.3887119,-3.6292984,CB:AA:BC:3F:36:A5,SCKS,-0.792969,-0.242188,0.042969,-3.36,57.119999,-58.240002,0.42048,0.784896,-0.364416,508,721,721,0.8302416499224788
2024-04-25 14:15:40.112000+00:00,2024-04-25 14:15:30+00:00,2024-04-25 14:17:30+00:00,TABUENCA01-45,Sensoria-C1-E90A,Left,Gait,1.0.5,40.3887119,-3.6292984,F0:75:B1:51:59:F6,SCKS,0.15625,0.999999,-0.21875,-3.36,-31.360001,-25.76,0.392448,0.663424,-0.196224,579,480,413,1.0355016296467137
2024-04-25 14:15:40.121000+00:00,2024-04-25 14:15:30+00:00,2024-04-25 14:17:30+00:00,TABUENCA01-45,Sensoria-C1-EEA1,Right,Gait,1.0.5,40.3887119,-3.6292984,CB:AA:BC:3F:36:A5,SCKS,-0.5625,-0.214844,0.019531,34.720001,16.799999,-110.879997,0.401792,0.79424,-0.364416,511,724,721,0.6024497110108029
2024-04-25 14:15:40.137000+00:00,2024-04-25 14:15:30+00:00,2024-04-25 14:17:30+00:00,TABUENCA01-45,Sensoria-C1-EEA1,Right,Gait,1.0.5,40.3887119,-3.6292984,CB:AA:BC:3F:36:A5,SCKS,-0.675782,0.082031,-0.097656,58.240002,-20.16,-170.240005,0.37376,0.812928,-0.355072,513,725,719,0.687711488068216
2024-04-25 14:15:40.144000+00:00,2024-04-25 14:15:30+00:00,2024-04-25 14:17:30+00:00,TABUENCA01-45,Sensoria-C1-E90A,Left,Gait,1.0.5,40.3887119,-3.6292984,F0:75:B1:51:59:F6,SCKS,0.09375,0.968749,-0.15625,-8.96,-40.32,-29.120001,0.383104,0.672768,-0.196224,563,463,471,0.9857371607081676
2024-04-25 14:15:40.153000+00:00,2024-04-25 14:15:30+00:00,2024-04-25 14:17:30+00:00,TABUENCA01-45,Sensoria-C1-EEA1,Right,Gait,1.0.5,40.3887119,-3.6292984,CB:AA:BC:3F:36:A5,SCKS,-0.597657,0.246094,-0.070313,58.240002,-47.040001,-219.520004,0.336384,0.812928,-0.336384,512,725,718,0.6501538775197762
2024-04-25 14:15:40.160000+00:00,2024-04-25 14:15:30+00:00,2024-04-25 14:17:30+00:00,TABUENCA01-45,Sensoria-C1-E90A,Left,Gait,1.0.5,40.3887119,-3.6292984,F0:75:B1:51:59:F6,SCKS,0.0625,0.9375,-0.21875,-4.48,-49.279999,-25.76,0.383104,0.672768,-0.196224,548,450,531,0.9647093150270707
2024-04-25 14:15:40.186000+00:00,2024-04-25 14:15:30+00:00,2024-04-25 14:17:30+00:00,TABUENCA01-45,Sensoria-C1-EEA1,Right,Gait,1.0.5,40.3887119,-3.6292984,CB:AA:BC:3F:36:A5,SCKS,-0.445313,0.378907,-0.039063,59.360001,-67.199997,-260.959991,0.336384,0.812928,-0.336384,512,726,718,0.5860034987839237
2024-04-25 14:15:40.193000+00:00,2024-04-25 14:15:30+00:00,2024-04-25 14:17:30+00:00,TABUENCA01-45,Sensoria-C1-E90A,Left,Gait,1.0.5,40.3887119,-3.6292984,F0:75:B1:51:59:F6,SCKS,0.0625,0.9375,-0.21875,0.0,-50.400002,-23.52,0.37376,0.682112,-0.18688,537,439,581,0.9647093150270707
2024-04-25 14:15:40.202000+00:00,2024-04-25 14:15:30+00:00,2024-04-25 14:17:30+00:00,TABUENCA01-45,Sensoria-C1-EEA1,Right,Gait,1.0.5,40.3887119,-3.6292984,CB:AA:BC:3F:36:A5,SCKS,-0.46875,0.625,-0.039063,59.360001,-71.68,-297.920013,0.289664,0.812928,-0.317696,510,726,716,0.7822259778791548
2024-04-25 14:15:40.218000+00:00,2024-04-25 14:15:30+00:00,2024-04-25 14:17:30+00:00,TABUENCA01-45,Sensoria-C1-EEA1,Right,Gait,1.0.5,40.3887119,-3.6292984,CB:AA:BC:3F:36:A5,SCKS,-0.453125,0.902344,-0.03125,53.760002,-64.959999,-327.040009,0.2336,0.803584,-0.32704,509,724,716,1.0102096428271707
2024-04-25 14:15:40.226000+00:00,2024-04-25 14:15:30+00:00,2024-04-25 14:17:30+00:00,TABUENCA01-45,Sensoria-C1-E90A,Left,Gait,1.0.5,40.3887119,-3.6292984,F0:75:B1:51:59:F6,SCKS,0.03125,0.90625,-0.1875,3.36,-47.040001,-29.120001,0.364416,0.682112,-0.177536,525,426,617,0.9259707743768159
2024-04-25 14:15:40.234000+00:00,2024-04-25 14:15:30+00:00,2024-04-25 14:17:30+00:00,TABUENCA01-45,Sensoria-C1-EEA1,Right,Gait,1.0.5,40.3887119,-3.6292984,CB:AA:BC:3F:36:A5,SCKS,-0.402344,1.226563,0.0,42.560001,-52.639999,-352.799988,0.177536,0.79424,-0.317696,511,723,715,1.290866951821527
2024-04-25 14:15:40.251000+00:00,2024-04-25 14:15:30+00:00,2024-04-25 14:17:30+00:00,TABUENCA01-45,Sensoria-C1-EEA1,Right,Gait,1.0.5,40.3887119,-3.6292984,CB:AA:BC:3F:36:A5,SCKS,-0.359375,1.66797,0.074219,22.4,-19.040001,-367.360016,0.112128,0.766208,-0.299008,511,722,715,1.7078591193321537
2024-04-25 14:15:40.258000+00:00,2024-04-25 14:15:30+00:00,2024-04-25 14:17:30+00:00,TABUENCA01-45,Sensoria-C1-E90A,Left,Gait,1.0.5,40.3887119,-3.6292984,F0:75:B1:51:59:F6,SCKS,0.03125,0.9375,-0.15625,5.6,-41.439999,-35.84,0.345728,0.691456,-0.177536,511,413,642,0.9509452534189337
2024-04-25 14:15:40.291000+00:00,2024-04-25 14:15:30+00:00,2024-04-25 14:17:30+00:00,TABUENCA01-45,Sensoria-C1-E90A,Left,Gait,1.0.5,40.3887119,-3.6292984,F0:75:B1:51:59:F6,SCKS,-0.03125,0.9375,-0.125,6.72,-33.599998,-40.32,0.345728,0.691456,-0.158848,499,392,659,0.94631274560792
2024-04-25 14:15:40.315000+00:00,2024-04-25 14:15:30+00:00,2024-04-25 14:17:30+00:00,TABUENCA01-45,Sensoria-C1-EEA1,Right,Gait,1.0.5,40.3887119,-3.6292984,CB:AA:BC:3F:36:A5,SCKS,-0.417969,1.996095,0.257813,4.48,24.639999,-371.839996,0.112128,0.766208,-0.299008,511,722,714,2.055616909094445
2024-04-25 14:15:40.317000+00:00,2024-04-25 14:15:30+00:00,2024-04-25 14:17:30+00:00,TABUENCA01-45,Sensoria-C1-EEA1,Right,Gait,1.0.5,40.3887119,-3.6292984,CB:AA:BC:3F:36:A5,SCKS,0.476563,1.996095,0.210938,52.639999,-39.200001,-402.079987,0.0,0.682112,-0.317696,510,721,715,2.0630080905895642
2024-04-25 14:15:40.323000+00:00,2024-04-25 14:15:30+00:00,2024-04-25 14:17:30+00:00,TABUENCA01-45,Sensoria-C1-E90A,Left,Gait,1.0.5,40.3887119,-3.6292984,F0:75:B1:51:59:F6,SCKS,0.0,0.999999,-0.15625,7.84,-26.880001,-41.439999,0.336384,0.7008,-0.168192,481,369,670,1.012132433281831
2024-04-25 14:15:40.332000+00:00,2024-04-25 14:15:30+00:00,2024-04-25 14:17:30+00:00,TABUENCA01-45,Sensoria-C1-EEA1,Right,Gait,1.0.5,40.3887119,-3.6292984,CB:AA:BC:3F:36:A5,SCKS,1.003907,1.996095,0.085938,35.84,-43.68,-405.440002,-0.037376,0.626048,-0.308352,511,720,715,2.2359807363924227
2024-04-25 14:15:40.356000+00:00,2024-04-25 14:15:30+00:00,2024-04-25 14:17:30+00:00,TABUENCA01-45,Sensoria-C1-E90A,Left,Gait,1.0.5,40.3887119,-3.6292984,F0:75:B1:51:59:F6,SCKS,0.03125,1.093749,-0.21875,5.6,-21.280001,-58.240002,0.317696,0.710144,-0.168192,453,331,690,1.1158472117637792
2024-04-25 14:15:40.364000+00:00,2024-04-25 14:15:30+00:00,2024-04-25 14:17:30+00:00,TABUENCA01-45,Sensoria-C1-EEA1,Right,Gait,1.0.5,40.3887119,-3.6292984,CB:AA:BC:3F:36:A5,SCKS,1.914064,1.996095,-0.589844,32.48,-15.68,-341.600006,-0.074752,0.579328,-0.308352,510,722,715,2.8277114756383828
2024-04-25 14:15:40.380000+00:00,2024-04-25 14:15:30+00:00,2024-04-25 14:17:30+00:00,TABUENCA01-45,Sensoria-C1-EEA1,Right,Gait,1.0.5,40.3887119,-3.6292984,CB:AA:BC:3F:36:A5,SCKS,1.996095,1.496095,0.316406,64.959999,8.96,-192.639999,-0.074752,0.579328,-0.308352,509,722,715,2.5145194878715893
2024-04-25 14:15:40.388000+00:00,2024-04-25 14:15:30+00:00,2024-04-25 14:17:30+00:00,TABUENCA01-45,Sensoria-C1-E90A,Left,Gait,1.0.5,40.3887119,-3.6292984,F0:75:B1:51:59:F6,SCKS,0.09375,1.187499,-0.0625,3.36,-19.040001,-78.400002,0.308352,0.719488,-0.158848,434,310,703,1.192832422220741
2024-04-25 14:15:40.396000+00:00,2024-04-25 14:15:30+00:00,2024-04-25 14:17:30+00:00,TABUENCA01-45,Sensoria-C1-EEA1,Right,Gait,1.0.5,40.3887119,-3.6292984,CB:AA:BC:3F:36:A5,SCKS,1.996095,1.808595,0.574219,47.040001,57.119999,-95.199997,-0.084096,0.551296,-0.308352,509,724,718,2.7541130301806787
2024-04-25 14:15:40.413000+00:00,2024-04-25 14:15:30+00:00,2024-04-25 14:17:30+00:00,TABUENCA01-45,Sensoria-C1-EEA1,Right,Gait,1.0.5,40.3887119,-3.6292984,CB:AA:BC:3F:36:A5,SCKS,1.726564,1.996095,1.140626,-23.52,32.48,61.599998,-0.084096,0.551296,-0.289664,507,725,719,2.8751428081048425
2024-04-25 14:15:40.421000+00:00,2024-04-25 14:15:30+00:00,2024-04-25 14:17:30+00:00,TABUENCA01-45,Sensoria-C1-E90A,Left,Gait,1.0.5,40.3887119,-3.6292984,F0:75:B1:51:59:F6,SCKS,0.1875,1.343749,-0.28125,5.6,-10.08,-117.599998,0.289664,0.728832,-0.168192,419,294,712,1.385611485049471
2024-04-25 14:15:40.429000+00:00,2024-04-25 14:15:30+00:00,2024-04-25 14:17:30+00:00,TABUENCA01-45,Sensoria-C1-EEA1,Right,Gait,1.0.5,40.3887119,-3.6292984,CB:AA:BC:3F:36:A5,SCKS,-1.88672,1.941408,-0.5,-3.36,-78.400002,123.199997,-0.074752,0.56064,-0.308352,509,722,705,2.7529579329993403
2024-04-25 14:15:40.453000+00:00,2024-04-25 14:15:30+00:00,2024-04-25 14:17:30+00:00,TABUENCA01-45,Sensoria-C1-E90A,Left,Gait,1.0.5,40.3887119,-3.6292984,F0:75:B1:51:59:F6,SCKS,0.25,1.624999,-0.1875,0.0,-20.16,-148.960007,0.270976,0.74752,-0.158848,421,295,716,1.6547743048527797
2024-04-25 14:15:40.461000+00:00,2024-04-25 14:15:30+00:00,2024-04-25 14:17:30+00:00,TABUENCA01-45,Sensoria-C1-EEA1,Right,Gait,1.0.5,40.3887119,-3.6292984,CB:AA:BC:3F:36:A5,SCKS,-1.285157,0.976563,1.226563,17.92,-103.040001,145.600006,-0.065408,0.598016,-0.32704,519,725,668,2.027254448900532
2024-04-25 14:15:40.478000+00:00,2024-04-25 14:15:30+00:00,2024-04-25 14:17:30+00:00,TABUENCA01-45,Sensoria-C1-EEA1,Right,Gait,1.0.5,40.3887119,-3.6292984,CB:AA:BC:3F:36:A5,SCKS,0.578125,1.808595,0.40625,51.52,-52.639999,226.240005,-0.056064,0.635392,-0.32704,533,729,570,1.9417217751650209
2024-04-25 14:15:40.485000+00:00,2024-04-25 14:15:30+00:00,2024-04-25 14:17:30+00:00,TABUENCA01-45,Sensoria-C1-E90A,Left,Gait,1.0.5,40.3887119,-3.6292984,F0:75:B1:51:59:F6,SCKS,0.71875,2.218749,-0.09375,-17.92,-32.48,-196.0,0.205568,0.766208,-0.158848,465,335,716,2.3341460429889556
2024-04-25 14:15:40.494000+00:00,2024-04-25 14:15:30+00:00,2024-04-25 14:17:30+00:00,TABUENCA01-45,Sensoria-C1-EEA1,Right,Gait,1.0.5,40.3887119,-3.6292984,CB:AA:BC:3F:36:A5,SCKS,0.09375,1.390626,-0.300781,41.439999,33.599998,209.440002,-0.037376,0.663424,-0.308352,536,732,495,1.4258677864153462
2024-04-25 14:15:40.501000+00:00,2024-04-25 14:15:30+00:00,2024-04-25 14:17:30+00:00,TABUENCA01-45,Sensoria-C1-E90A,Left,Gait,1.0.5,40.3887119,-3.6292984,F0:75:B1:51:59:F6,SCKS,0.999999,2.249999,-0.0625,-52.639999,-66.080002,-207.199997,0.168192,0.775552,-0.168192,529,381,714,2.463006242379828
2024-04-25 14:15:40.510000+00:00,2024-04-25 14:15:30+00:00,2024-04-25 14:17:30+00:00,TABUENCA01-45,Sensoria-C1-EEA1,Right,Gait,1.0.5,40.3887119,-3.6292984,CB:AA:BC:3F:36:A5,SCKS,0.417969,1.226563,-0.425782,3.36,-25.76,189.279999,-0.037376,0.663424,-0.308352,530,731,437,1.3639813743061158
2024-04-25 14:15:40.534000+00:00,2024-04-25 14:15:30+00:00,2024-04-25 14:17:30+00:00,TABUENCA01-45,Sensoria-C1-E90A,Left,Gait,1.0.5,40.3887119,-3.6292984,F0:75:B1:51:59:F6,SCKS,0.8125,2.593749,-1.249999,-41.439999,-147.839996,-247.520004,0.121472,0.784896,-0.168192,581,438,714,2.9916864182266827
2024-04-25 14:15:40.543000+00:00,2024-04-25 14:15:30+00:00,2024-04-25 14:17:30+00:00,TABUENCA01-45,Sensoria-C1-EEA1,Right,Gait,1.0.5,40.3887119,-3.6292984,CB:AA:BC:3F:36:A5,SCKS,0.152344,0.867188,0.25,-28.0,30.24,156.800003,-0.009344,0.682112,-0.317696,514,733,396,0.9152724849354972
2024-04-25 14:15:40.559000+00:00,2024-04-25 14:15:30+00:00,2024-04-25 14:17:30+00:00,TABUENCA01-45,Sensoria-C1-EEA1,Right,Gait,1.0.5,40.3887119,-3.6292984,CB:AA:BC:3F:36:A5,SCKS,-0.046875,1.042969,-0.003906,-20.16,33.599998,117.599998,0.0,0.710144,-0.317696,497,721,368,1.0440291458680644
2024-04-25 14:15:40.566000+00:00,2024-04-25 14:15:30+00:00,2024-04-25 14:17:30+00:00,TABUENCA01-45,Sensoria-C1-E90A,Left,Gait,1.0.5,40.3887119,-3.6292984,F0:75:B1:51:59:F6,SCKS,0.75,1.156249,-0.53125,13.440001,70.559998,-277.76001,0.074752,0.784896,-0.177536,645,512,716,1.4770370044453862
2024-04-25 14:15:40.575000+00:00,2024-04-25 14:15:30+00:00,2024-04-25 14:17:30+00:00,TABUENCA01-45,Sensoria-C1-EEA1,Right,Gait,1.0.5,40.3887119,-3.6292984,CB:AA:BC:3F:36:A5,SCKS,-0.027344,0.941407,0.074219,-20.16,31.360001,87.360001,0.018688,0.719488,-0.317696,484,700,355,0.9447239247240434
2024-04-25 14:15:40.592000+00:00,2024-04-25 14:15:30+00:00,2024-04-25 14:17:30+00:00,TABUENCA01-45,Sensoria-C1-EEA1,Right,Gait,1.0.5,40.3887119,-3.6292984,CB:AA:BC:3F:36:A5,SCKS,-0.070313,1.011719,0.164063,-12.32,12.32,61.599998,0.018688,0.719488,-0.308352,470,679,349,1.0273441102663705
2024-04-25 14:15:40.599000+00:00,2024-04-25 14:15:30+00:00,2024-04-25 14:17:30+00:00,TABUENCA01-45,Sensoria-C1-E90A,Left,Gait,1.0.5,40.3887119,-3.6292984,F0:75:B1:51:59:F6,SCKS,0.125,0.21875,-0.375,16.799999,-21.280001,-141.119995,0.028032,0.784896,-0.168192,687,550,717,0.45177600921253
2024-04-25 14:15:40.624000+00:00,2024-04-25 14:15:30+00:00,2024-04-25 14:17:30+00:00,TABUENCA01-45,Sensoria-C1-EEA1,Right,Gait,1.0.5,40.3887119,-3.6292984,CB:AA:BC:3F:36:A5,SCKS,-0.039063,1.011719,-0.070313,2.24,7.84,49.279999,0.018688,0.719488,-0.308352,458,661,352,1.0149114103698904
2024-04-25 14:15:40.632000+00:00,2024-04-25 14:15:30+00:00,2024-04-25 14:17:30+00:00,TABUENCA01-45,Sensoria-C1-E90A,Left,Gait,1.0.5,40.3887119,-3.6292984,F0:75:B1:51:59:F6,SCKS,0.968749,0.15625,-0.21875,22.4,-164.639999,42.560001,-0.009344,0.775552,-0.168192,704,559,717,1.005355782795822
2024-04-25 14:15:40.640000+00:00,2024-04-25 14:15:30+00:00,2024-04-25 14:17:30+00:00,TABUENCA01-45,Sensoria-C1-EEA1,Right,Gait,1.0.5,40.3887119,-3.6292984,CB:AA:BC:3F:36:A5,SCKS,-0.054688,0.968751,0.078125,-2.24,11.2,40.32,0.028032,0.719488,-0.308352,449,650,357,0.9734335072155674
2024-04-25 14:15:40.657000+00:00,2024-04-25 14:15:30+00:00,2024-04-25 14:17:30+00:00,TABUENCA01-45,Sensoria-C1-EEA1,Right,Gait,1.0.5,40.3887119,-3.6292984,CB:AA:BC:3F:36:A5,SCKS,-0.121094,1.003907,-0.074219,5.6,0.0,38.080002,0.028032,0.728832,-0.308352,440,638,370,1.0139040790163536
2024-04-25 14:15:40.664000+00:00,2024-04-25 14:15:30+00:00,2024-04-25 14:17:30+00:00,TABUENCA01-45,Sensoria-C1-E90A,Left,Gait,1.0.5,40.3887119,-3.6292984,F0:75:B1:51:59:F6,SCKS,1.093749,-0.03125,0.0,-4.48,-28.0,144.479996,0.018688,0.784896,-0.177536,709,563,713,1.0941953379086389
2024-04-25 14:15:40.673000+00:00,2024-04-25 14:15:30+00:00,2024-04-25 14:17:30+00:00,TABUENCA01-45,Sensoria-C1-EEA1,Right,Gait,1.0.5,40.3887119,-3.6292984,CB:AA:BC:3F:36:A5,SCKS,-0.035156,0.988282,-0.171875,-1.12,6.72,43.68,0.037376,0.728832,-0.299008,432,629,388,1.0037321711915983
2024-04-25 14:15:40.689000+00:00,2024-04-25 14:15:30+00:00,2024-04-25 14:17:30+00:00,TABUENCA01-45,Sensoria-C1-EEA1,Right,Gait,1.0.5,40.3887119,-3.6292984,CB:AA:BC:3F:36:A5,SCKS,-0.019531,0.941407,-0.078125,-11.2,16.799999,44.799999,0.04672,0.738176,-0.308352,424,621,408,0.9448450218078095
2024-04-25 14:15:40.697000+00:00,2024-04-25 14:15:30+00:00,2024-04-25 14:17:30+00:00,TABUENCA01-45,Sensoria-C1-E90A,Left,Gait,1.0.5,40.3887119,-3.6292984,F0:75:B1:51:59:F6,SCKS,0.34375,0.15625,-0.09375,19.040001,33.599998,253.119995,0.084096,0.784896,-0.177536,712,563,713,0.3890593624371479
2024-04-25 14:15:40.722000+00:00,2024-04-25 14:15:30+00:00,2024-04-25 14:17:30+00:00,TABUENCA01-45,Sensoria-C1-EEA1,Right,Gait,1.0.5,40.3887119,-3.6292984,CB:AA:BC:3F:36:A5,SCKS,-0.007813,0.968751,0.015625,-11.2,24.639999,43.68,0.04672,0.738176,-0.308352,416,610,423,0.9689085011470382
2024-04-25 14:15:40.729000+00:00,2024-04-25 14:15:30+00:00,2024-04-25 14:17:30+00:00,TABUENCA01-45,Sensoria-C1-E90A,Left,Gait,1.0.5,40.3887119,-3.6292984,F0:75:B1:51:59:F6,SCKS,0.5,0.65625,-0.125,13.440001,30.24,308.0,0.14016,0.784896,-0.177536,715,560,711,0.8344393701761681
2024-04-25 14:15:40.738000+00:00,2024-04-25 14:15:30+00:00,2024-04-25 14:17:30+00:00,TABUENCA01-45,Sensoria-C1-EEA1,Right,Gait,1.0.5,40.3887119,-3.6292984,CB:AA:BC:3F:36:A5,SCKS,-0.015625,0.976563,-0.003906,-10.08,28.0,43.68,0.04672,0.738176,-0.308352,406,601,442,0.9766958024021604
2024-04-25 14:15:40.754000+00:00,2024-04-25 14:15:30+00:00,2024-04-25 14:17:30+00:00,TABUENCA01-45,Sensoria-C1-EEA1,Right,Gait,1.0.5,40.3887119,-3.6292984,CB:AA:BC:3F:36:A5,SCKS,-0.019531,0.980469,-0.015625,-10.08,22.4,42.560001,0.056064,0.738176,-0.308352,397,589,459,0.980787979405845
2024-04-25 14:15:40.762000+00:00,2024-04-25 14:15:30+00:00,2024-04-25 14:17:30+00:00,TABUENCA01-45,Sensoria-C1-E90A,Left,Gait,1.0.5,40.3887119,-3.6292984,F0:75:B1:51:59:F6,SCKS,0.375,0.90625,0.03125,2.24,51.52,352.799988,0.196224,0.766208,-0.177536,713,560,709,0.9812699042567239
2024-04-25 14:15:40.787000+00:00,2024-04-25 14:15:30+00:00,2024-04-25 14:17:30+00:00,TABUENCA01-45,Sensoria-C1-EEA1,Right,Gait,1.0.5,40.3887119,-3.6292984,CB:AA:BC:3F:36:A5,SCKS,0.007813,0.953126,-0.011719,-12.32,17.92,42.560001,0.065408,0.738176,-0.308352,387,576,474,0.9532300613209804
2024-04-25 14:15:40.794000+00:00,2024-04-25 14:15:30+00:00,2024-04-25 14:17:30+00:00,TABUENCA01-45,Sensoria-C1-E90A,Left,Gait,1.0.5,40.3887119,-3.6292984,F0:75:B1:51:59:F6,SCKS,0.40625,1.406249,0.0,-7.84,50.400002,400.959991,0.270976,0.74752,-0.177536,713,559,708,1.4637538428646397
2024-04-25 14:15:40.803000+00:00,2024-04-25 14:15:30+00:00,2024-04-25 14:17:30+00:00,TABUENCA01-45,Sensoria-C1-EEA1,Right,Gait,1.0.5,40.3887119,-3.6292984,CB:AA:BC:3F:36:A5,SCKS,0.015625,0.964844,-0.035156,-8.96,6.72,44.799999,0.065408,0.74752,-0.308352,375,565,491,0.9656107027663893
2024-04-25 14:15:40.819000+00:00,2024-04-25 14:15:30+00:00,2024-04-25 14:17:30+00:00,TABUENCA01-45,Sensoria-C1-EEA1,Right,Gait,1.0.5,40.3887119,-3.6292984,CB:AA:BC:3F:36:A5,SCKS,0.0,0.968751,-0.011719,4.48,-5.6,49.279999,0.074752,0.756864,-0.308352,363,551,506,0.9688218798943385
2024-04-25 14:15:40.827000+00:00,2024-04-25 14:15:30+00:00,2024-04-25 14:17:30+00:00,TABUENCA01-45,Sensoria-C1-E90A,Left,Gait,1.0.5,40.3887119,-3.6292984,F0:75:B1:51:59:F6,SCKS,0.5625,2.343749,-0.09375,-20.16,41.439999,434.559998,0.32704,0.710144,-0.177536,711,557,707,2.4121265902727824
2024-04-25 14:15:40.836000+00:00,2024-04-25 14:15:30+00:00,2024-04-25 14:17:30+00:00,TABUENCA01-45,Sensoria-C1-EEA1,Right,Gait,1.0.5,40.3887119,-3.6292984,CB:AA:BC:3F:36:A5,SCKS,0.015625,0.980469,0.003906,10.08,-13.440001,53.760002,0.074752,0.756864,-0.308352,349,536,522,0.9806012734144292
2024-04-25 14:15:40.843000+00:00,2024-04-25 14:15:30+00:00,2024-04-25 14:17:30+00:00,TABUENCA01-45,Sensoria-C1-E90A,Left,Gait,1.0.5,40.3887119,-3.6292984,F0:75:B1:51:59:F6,SCKS,-0.09375,3.156248,0.21875,0.0,103.040001,443.519989,0.448512,0.598016,-0.196224,709,555,706,3.1652080599075947
2024-04-25 14:15:40.852000+00:00,2024-04-25 14:15:30+00:00,2024-04-25 14:17:30+00:00,TABUENCA01-45,Sensoria-C1-EEA1,Right,Gait,1.0.5,40.3887119,-3.6292984,CB:AA:BC:3F:36:A5,SCKS,0.070313,1.027344,-0.019531,5.6,-14.56,57.119999,0.084096,0.756864,-0.299008,335,519,539,1.0299325571443987
2024-04-25 14:15:40.876000+00:00,2024-04-25 14:15:30+00:00,2024-04-25 14:17:30+00:00,TABUENCA01-45,Sensoria-C1-E90A,Left,Gait,1.0.5,40.3887119,-3.6292984,F0:75:B1:51:59:F6,SCKS,-0.84375,3.499998,-0.9375,-26.880001,116.480003,415.519989,0.495232,0.532608,-0.224256,711,557,708,3.720323415041225
2024-04-25 14:15:40.900000+00:00,2024-04-25 14:15:30+00:00,2024-04-25 14:17:30+00:00,TABUENCA01-45,Sensoria-C1-EEA1,Right,Gait,1.0.5,40.3887119,-3.6292984,CB:AA:BC:3F:36:A5,SCKS,0.042969,1.070313,0.019531,0.0,-8.96,61.599998,0.084096,0.756864,-0.299008,317,501,563,1.0713532157467958
2024-04-25 14:15:40.901000+00:00,2024-04-25 14:15:30+00:00,2024-04-25 14:17:30+00:00,TABUENCA01-45,Sensoria-C1-EEA1,Right,Gait,1.0.5,40.3887119,-3.6292984,CB:AA:BC:3F:36:A5,SCKS,-0.035156,1.125001,-0.007813,-3.36,-11.2,73.919998,0.102784,0.766208,-0.308352,302,484,594,1.1255772906850954
2024-04-25 14:15:40.908000+00:00,2024-04-25 14:15:30+00:00,2024-04-25 14:17:30+00:00,TABUENCA01-45,Sensoria-C1-E90A,Left,Gait,1.0.5,40.3887119,-3.6292984,F0:75:B1:51:59:F6,SCKS,-3.531248,1.531249,-0.59375,1.12,92.959999,231.839996,0.51392,0.476544,-0.252288,709,556,711,3.894480067994315
2024-04-25 14:15:40.917000+00:00,2024-04-25 14:15:30+00:00,2024-04-25 14:17:30+00:00,TABUENCA01-45,Sensoria-C1-EEA1,Right,Gait,1.0.5,40.3887119,-3.6292984,CB:AA:BC:3F:36:A5,SCKS,-0.082031,1.16797,0.082031,-13.440001,-13.440001,95.199997,0.112128,0.775552,-0.299008,289,466,634,1.1737172107547882
2024-04-25 14:15:40.933000+00:00,2024-04-25 14:15:30+00:00,2024-04-25 14:17:30+00:00,TABUENCA01-45,Sensoria-C1-EEA1,Right,Gait,1.0.5,40.3887119,-3.6292984,CB:AA:BC:3F:36:A5,SCKS,-0.058594,1.246095,0.09375,-23.52,-25.76,115.360001,0.112128,0.775552,-0.299008,276,450,666,1.2509896355929573
2024-04-25 14:15:40.941000+00:00,2024-04-25 14:15:30+00:00,2024-04-25 14:17:30+00:00,TABUENCA01-45,Sensoria-C1-E90A,Left,Gait,1.0.5,40.3887119,-3.6292984,F0:75:B1:51:59:F6,SCKS,-3.593748,1.593749,-0.65625,31.360001,-52.639999,38.080002,0.523264,0.457856,-0.242944,707,555,713,3.9856899810453146
2024-04-25 14:15:40.950000+00:00,2024-04-25 14:15:30+00:00,2024-04-25 14:17:30+00:00,TABUENCA01-45,Sensoria-C1-EEA1,Right,Gait,1.0.5,40.3887119,-3.6292984,CB:AA:BC:3F:36:A5,SCKS,0.011719,1.500001,-0.175781,-30.24,-34.720001,132.160004,0.130816,0.784896,-0.308352,267,441,687,1.5103109927836054
2024-04-25 14:15:40.973000+00:00,2024-04-25 14:15:30+00:00,2024-04-25 14:17:30+00:00,TABUENCA01-45,Sensoria-C1-E90A,Left,Gait,1.0.5,40.3887119,-3.6292984,F0:75:B1:51:59:F6,SCKS,3.093748,1.499999,0.1875,19.040001,49.279999,-131.039993,0.51392,0.4672,-0.242944,707,555,706,3.44331670595445
2024-04-25 14:15:40.982000+00:00,2024-04-25 14:15:30+00:00,2024-04-25 14:17:30+00:00,TABUENCA01-45,Sensoria-C1-EEA1,Right,Gait,1.0.5,40.3887119,-3.6292984,CB:AA:BC:3F:36:A5,SCKS,-0.136719,1.679689,-0.148438,-38.080002,-13.440001,150.080002,0.149504,0.784896,-0.308352,259,440,703,1.691768619382095
2024-04-25 14:15:40.998000+00:00,2024-04-25 14:15:30+00:00,2024-04-25 14:17:30+00:00,TABUENCA01-45,Sensoria-C1-EEA1,Right,Gait,1.0.5,40.3887119,-3.6292984,CB:AA:BC:3F:36:A5,SCKS,-0.363282,1.984376,-0.007813,-35.84,0.0,178.080002,0.177536,0.79424,-0.317696,259,453,712,2.017370309058057
2024-04-25 14:15:41.014000+00:00,2024-04-25 14:15:30+00:00,2024-04-25 14:17:30+00:00,TABUENCA01-45,Sensoria-C1-EEA1,Right,Gait,1.0.5,40.3887119,-3.6292984,CB:AA:BC:3F:36:A5,SCKS,-0.753907,1.996095,0.332031,-33.599998,17.92,208.320007,0.214912,0.803584,-0.32704,271,484,715,2.1594016760748795
2024-04-25 14:15:41.031000+00:00,2024-04-25 14:15:30+00:00,2024-04-25 14:17:30+00:00,TABUENCA01-45,Sensoria-C1-EEA1,Right,Gait,1.0.5,40.3887119,-3.6292984,CB:AA:BC:3F:36:A5,SCKS,-1.046876,1.996095,0.335938,-44.799999,52.639999,244.160004,0.214912,0.803584,-0.32704,291,513,718,2.2788591330411365
2024-04-25 14:15:41.038000+00:00,2024-04-25 14:15:30+00:00,2024-04-25 14:17:30+00:00,TABUENCA01-45,Sensoria-C1-E90A,Left,Gait,1.0.5,40.3887119,-3.6292984,F0:75:B1:51:59:F6,SCKS,0.03125,1.499999,-1.062499,131.039993,5.6,-218.399994,0.476544,0.569984,-0.28032,716,567,520,1.8384443661699421
2024-04-25 14:15:41.063000+00:00,2024-04-25 14:15:30+00:00,2024-04-25 14:17:30+00:00,TABUENCA01-45,Sensoria-C1-EEA1,Right,Gait,1.0.5,40.3887119,-3.6292984,CB:AA:BC:3F:36:A5,SCKS,-0.585938,1.996095,-0.355469,-31.360001,49.279999,299.040009,0.261632,0.803584,-0.32704,324,558,722,2.110468383755132
2024-04-25 14:15:41.070000+00:00,2024-04-25 14:15:30+00:00,2024-04-25 14:17:30+00:00,TABUENCA01-45,Sensoria-C1-E90A,Left,Gait,1.0.5,40.3887119,-3.6292984,F0:75:B1:51:59:F6,SCKS,0.25,0.999999,0.6875,33.599998,-148.960007,-222.880005,0.457856,0.60736,-0.270976,701,572,411,1.239013418006843
2024-04-25 14:15:41.079000+00:00,2024-04-25 14:15:30+00:00,2024-04-25 14:17:30+00:00,TABUENCA01-45,Sensoria-C1-EEA1,Right,Gait,1.0.5,40.3887119,-3.6292984,CB:AA:BC:3F:36:A5,SCKS,-0.757813,1.996095,-0.882813,-43.68,11.2,319.200012,0.317696,0.803584,-0.345728,378,615,721,2.3104187033875485
2024-04-25 14:15:41.096000+00:00,2024-04-25 14:15:30+00:00,2024-04-25 14:17:30+00:00,TABUENCA01-45,Sensoria-C1-EEA1,Right,Gait,1.0.5,40.3887119,-3.6292984,CB:AA:BC:3F:36:A5,SCKS,-0.734376,0.949219,-0.734376,-14.56,2.24,333.76001,0.37376,0.803584,-0.336384,438,665,724,1.4069942887989986
2024-04-25 14:15:41.103000+00:00,2024-04-25 14:15:30+00:00,2024-04-25 14:17:30+00:00,TABUENCA01-45,Sensoria-C1-E90A,Left,Gait,1.0.5,40.3887119,-3.6292984,F0:75:B1:51:59:F6,SCKS,0.15625,0.90625,-0.21875,67.199997,-78.400002,-113.120003,0.411136,0.65408,-0.2336,666,553,372,0.9452802163908859
2024-04-25 14:15:41.111000+00:00,2024-04-25 14:15:30+00:00,2024-04-25 14:17:30+00:00,TABUENCA01-45,Sensoria-C1-EEA1,Right,Gait,1.0.5,40.3887119,-3.6292984,CB:AA:BC:3F:36:A5,SCKS,0.046875,-0.398438,-0.527344,15.68,63.84,171.360001,0.411136,0.803584,-0.336384,478,695,720,0.6626022938422415
2024-04-25 14:15:41.135000+00:00,2024-04-25 14:15:30+00:00,2024-04-25 14:17:30+00:00,TABUENCA01-45,Sensoria-C1-E90A,Left,Gait,1.0.5,40.3887119,-3.6292984,F0:75:B1:51:59:F6,SCKS,0.21875,0.999999,-0.28125,35.84,-44.799999,-58.240002,0.401792,0.672768,-0.214912,624,520,373,1.0615795424747971
2024-04-25 14:15:41.144000+00:00,2024-04-25 14:15:30+00:00,2024-04-25 14:17:30+00:00,TABUENCA01-45,Sensoria-C1-EEA1,Right,Gait,1.0.5,40.3887119,-3.6292984,CB:AA:BC:3F:36:A5,SCKS,-1.085938,0.175781,-0.351563,-14.56,171.360001,75.040001,0.429824,0.79424,-0.345728,500,710,718,1.1548839087865066
2024-04-25 14:15:41.160000+00:00,2024-04-25 14:15:30+00:00,2024-04-25 14:17:30+00:00,TABUENCA01-45,Sensoria-C1-EEA1,Right,Gait,1.0.5,40.3887119,-3.6292984,CB:AA:BC:3F:36:A5,SCKS,-1.546876,0.132813,-0.175781,-22.4,108.639999,-38.080002,0.429824,0.79424,-0.345728,510,719,717,1.5624863558783482
2024-04-25 14:15:41.168000+00:00,2024-04-25 14:15:30+00:00,2024-04-25 14:17:30+00:00,TABUENCA01-45,Sensoria-C1-E90A,Left,Gait,1.0.5,40.3887119,-3.6292984,F0:75:B1:51:59:F6,SCKS,0.03125,0.999999,-0.125,21.280001,-25.76,-50.400002,0.401792,0.672768,-0.224256,584,485,401,1.008265621005199
2024-04-25 14:15:41.176000+00:00,2024-04-25 14:15:30+00:00,2024-04-25 14:17:30+00:00,TABUENCA01-45,Sensoria-C1-EEA1,Right,Gait,1.0.5,40.3887119,-3.6292984,CB:AA:BC:3F:36:A5,SCKS,-0.859376,-0.230469,-0.03125,17.92,16.799999,-80.639999,0.42048,0.784896,-0.364416,514,723,715,0.8902918801365091
2024-04-25 14:15:41.184000+00:00,2024-04-25 14:15:30+00:00,2024-04-25 14:17:30+00:00,TABUENCA01-45,Sensoria-C1-E90A,Left,Gait,1.0.5,40.3887119,-3.6292984,F0:75:B1:51:59:F6,SCKS,0.0625,0.968749,-0.15625,5.6,-32.48,-38.080002,0.37376,0.682112,-0.214912,547,448,477,0.9832573099148564
2024-04-25 14:15:41.193000+00:00,2024-04-25 14:15:30+00:00,2024-04-25 14:17:30+00:00,TABUENCA01-45,Sensoria-C1-EEA1,Right,Gait,1.0.5,40.3887119,-3.6292984,CB:AA:BC:3F:36:A5,SCKS,-0.574219,-0.203125,-0.054688,49.279999,-14.56,-133.279999,0.401792,0.79424,-0.345728,516,726,714,0.6115374092645519
2024-04-25 14:15:41.209000+00:00,2024-04-25 14:15:30+00:00,2024-04-25 14:17:30+00:00,TABUENCA01-45,Sensoria-C1-EEA1,Right,Gait,1.0.5,40.3887119,-3.6292984,CB:AA:BC:3F:36:A5,SCKS,-0.691407,0.152344,-0.148438,67.199997,-33.599998,-193.759995,0.364416,0.803584,-0.336384,518,725,711,0.7233852181438324
2024-04-25 14:15:41.216000+00:00,2024-04-25 14:15:30+00:00,2024-04-25 14:17:30+00:00,TABUENCA01-45,Sensoria-C1-E90A,Left,Gait,1.0.5,40.3887119,-3.6292984,F0:75:B1:51:59:F6,SCKS,0.0625,0.999999,-0.1875,8.96,-45.920002,-31.360001,0.364416,0.691456,-0.196224,528,434,540,1.019343170870831
2024-04-25 14:15:41.242000+00:00,2024-04-25 14:15:30+00:00,2024-04-25 14:17:30+00:00,TABUENCA01-45,Sensoria-C1-EEA1,Right,Gait,1.0.5,40.3887119,-3.6292984,CB:AA:BC:3F:36:A5,SCKS,-0.613282,0.292969,-0.058594,59.360001,-43.68,-244.160004,0.32704,0.803584,-0.32704,517,726,711,0.6821868536706054
2024-04-25 14:15:41.249000+00:00,2024-04-25 14:15:30+00:00,2024-04-25 14:17:30+00:00,TABUENCA01-45,Sensoria-C1-E90A,Left,Gait,1.0.5,40.3887119,-3.6292984,F0:75:B1:51:59:F6,SCKS,0.03125,0.968749,-0.21875,2.24,-51.52,-24.639999,0.364416,0.691456,-0.205568,518,425,594,0.9936310935155964
2024-04-25 14:15:41.258000+00:00,2024-04-25 14:15:30+00:00,2024-04-25 14:17:30+00:00,TABUENCA01-45,Sensoria-C1-EEA1,Right,Gait,1.0.5,40.3887119,-3.6292984,CB:AA:BC:3F:36:A5,SCKS,-0.496094,0.496094,-0.027344,58.240002,-52.639999,-288.959991,0.32704,0.803584,-0.32704,516,724,710,0.7021155232638002
2024-04-25 14:15:41.274000+00:00,2024-04-25 14:15:30+00:00,2024-04-25 14:17:30+00:00,TABUENCA01-45,Sensoria-C1-EEA1,Right,Gait,1.0.5,40.3887119,-3.6292984,CB:AA:BC:3F:36:A5,SCKS,-0.492188,0.773438,-0.019531,57.119999,-49.279999,-323.679993,0.261632,0.803584,-0.308352,518,725,710,0.9169715519845749
2024-04-25 14:15:41.281000+00:00,2024-04-25 14:15:30+00:00,2024-04-25 14:17:30+00:00,TABUENCA01-45,Sensoria-C1-E90A,Left,Gait,1.0.5,40.3887119,-3.6292984,F0:75:B1:51:59:F6,SCKS,0.03125,0.9375,-0.25,3.36,-36.959999,-26.880001,0.355072,0.7008,-0.177536,511,417,634,0.9707640354380667
2024-04-25 14:15:41.314000+00:00,2024-04-25 14:15:30+00:00,2024-04-25 14:17:30+00:00,TABUENCA01-45,Sensoria-C1-E90A,Left,Gait,1.0.5,40.3887119,-3.6292984,F0:75:B1:51:59:F6,SCKS,-0.03125,0.90625,-0.21875,1.12,-30.24,-29.120001,0.345728,0.7008,-0.18688,506,413,658,0.9328007222874563
2024-04-25 14:15:41.323000+00:00,2024-04-25 14:15:30+00:00,2024-04-25 14:17:30+00:00,TABUENCA01-45,Sensoria-C1-EEA1,Right,Gait,1.0.5,40.3887119,-3.6292984,CB:AA:BC:3F:36:A5,SCKS,-0.425782,1.503907,0.113281,33.599998,-13.440001,-370.720001,0.149504,0.775552,-0.308352,517,723,709,1.5671181069511004
2024-04-25 14:15:41.339000+00:00,2024-04-25 14:15:30+00:00,2024-04-25 14:17:30+00:00,TABUENCA01-45,Sensoria-C1-EEA1,Right,Gait,1.0.5,40.3887119,-3.6292984,CB:AA:BC:3F:36:A5,SCKS,-0.382813,1.945314,0.230469,13.440001,30.24,-375.200012,0.149504,0.775552,-0.308352,517,722,709,1.9959730237470645
2024-04-25 14:15:41.347000+00:00,2024-04-25 14:15:30+00:00,2024-04-25 14:17:30+00:00,TABUENCA01-45,Sensoria-C1-E90A,Left,Gait,1.0.5,40.3887119,-3.6292984,F0:75:B1:51:59:F6,SCKS,-0.0625,0.9375,-0.15625,-2.24,-32.48,-31.360001,0.336384,0.710144,-0.177536,500,400,674,0.9524844158830107
2024-04-25 14:15:41.355000+00:00,2024-04-25 14:15:30+00:00,2024-04-25 14:17:30+00:00,TABUENCA01-45,Sensoria-C1-EEA1,Right,Gait,1.0.5,40.3887119,-3.6292984,CB:AA:BC:3F:36:A5,SCKS,-0.207031,1.996095,0.277344,43.68,0.0,-383.040009,0.09344,0.74752,-0.289664,515,722,708,2.0258767924831953
2024-04-25 14:15:41.371000+00:00,2024-04-25 14:15:30+00:00,2024-04-25 14:17:30+00:00,TABUENCA01-45,Sensoria-C1-EEA1,Right,Gait,1.0.5,40.3887119,-3.6292984,CB:AA:BC:3F:36:A5,SCKS,0.070313,1.996095,0.0625,57.119999,-29.120001,-404.320007,0.028032,0.719488,-0.289664,515,720,708,1.9983106407648437
2024-04-25 14:15:41.395000+00:00,2024-04-25 14:15:30+00:00,2024-04-25 14:17:30+00:00,TABUENCA01-45,Sensoria-C1-E90A,Left,Gait,1.0.5,40.3887119,-3.6292984,F0:75:B1:51:59:F6,SCKS,-0.09375,0.90625,-0.09375,2.24,-30.24,-36.959999,0.32704,0.710144,-0.177536,492,386,685,0.9158969306095528
2024-04-25 14:15:41.404000+00:00,2024-04-25 14:15:30+00:00,2024-04-25 14:17:30+00:00,TABUENCA01-45,Sensoria-C1-EEA1,Right,Gait,1.0.5,40.3887119,-3.6292984,CB:AA:BC:3F:36:A5,SCKS,0.628907,1.996095,0.328125,41.439999,-38.080002,-423.360016,-0.018688,0.65408,-0.28032,515,721,708,2.118392144835087
2024-04-25 14:15:41.411000+00:00,2024-04-25 14:15:30+00:00,2024-04-25 14:17:30+00:00,TABUENCA01-45,Sensoria-C1-E90A,Left,Gait,1.0.5,40.3887119,-3.6292984,F0:75:B1:51:59:F6,SCKS,-0.03125,0.968749,-0.1875,4.48,-25.76,-45.920002,0.32704,0.719488,-0.177536,477,366,697,0.9872220811453722
2024-04-25 14:15:41.420000+00:00,2024-04-25 14:15:30+00:00,2024-04-25 14:17:30+00:00,TABUENCA01-45,Sensoria-C1-EEA1,Right,Gait,1.0.5,40.3887119,-3.6292984,CB:AA:BC:3F:36:A5,SCKS,1.472657,1.996095,-0.003906,33.599998,-29.120001,-386.399994,-0.065408,0.598016,-0.289664,514,722,709,2.480550169924003
2024-04-25 14:15:41.436000+00:00,2024-04-25 14:15:30+00:00,2024-04-25 14:17:30+00:00,TABUENCA01-45,Sensoria-C1-EEA1,Right,Gait,1.0.5,40.3887119,-3.6292984,CB:AA:BC:3F:36:A5,SCKS,1.996095,1.968751,-0.253906,69.440002,-49.279999,-253.119995,-0.065408,0.598016,-0.289664,514,722,711,2.815109945608164
2024-04-25 14:15:41.444000+00:00,2024-04-25 14:15:30+00:00,2024-04-25 14:17:30+00:00,TABUENCA01-45,Sensoria-C1-E90A,Left,Gait,1.0.5,40.3887119,-3.6292984,F0:75:B1:51:59:F6,SCKS,0.03125,1.093749,-0.1875,1.12,-22.4,-67.199997,0.317696,0.719488,-0.177536,463,341,708,1.1101439940390616
2024-04-25 14:15:41.453000+00:00,2024-04-25 14:15:30+00:00,2024-04-25 14:17:30+00:00,TABUENCA01-45,Sensoria-C1-EEA1,Right,Gait,1.0.5,40.3887119,-3.6292984,CB:AA:BC:3F:36:A5,SCKS,1.996095,1.351563,0.539063,59.360001,25.76,-122.080002,-0.084096,0.56064,-0.289664,512,722,711,2.4701632962140376
2024-04-25 14:15:41.469000+00:00,2024-04-25 14:15:30+00:00,2024-04-25 14:17:30+00:00,TABUENCA01-45,Sensoria-C1-EEA1,Right,Gait,1.0.5,40.3887119,-3.6292984,CB:AA:BC:3F:36:A5,SCKS,1.996095,1.929689,0.851563,17.92,22.4,2.24,-0.084096,0.551296,-0.289664,511,724,714,2.904006616506753
2024-04-25 14:15:41.477000+00:00,2024-04-25 14:15:30+00:00,2024-04-25 14:17:30+00:00,TABUENCA01-45,Sensoria-C1-E90A,Left,Gait,1.0.5,40.3887119,-3.6292984,F0:75:B1:51:59:F6,SCKS,0.0625,1.187499,0.0,4.48,-17.92,-94.080002,0.299008,0.728832,-0.18688,447,318,718,1.1891426007847
2024-04-25 14:15:41.502000+00:00,2024-04-25 14:15:30+00:00,2024-04-25 14:17:30+00:00,TABUENCA01-45,Sensoria-C1-EEA1,Right,Gait,1.0.5,40.3887119,-3.6292984,CB:AA:BC:3F:36:A5,SCKS,1.523439,0.925782,0.171875,-4.48,-75.040001,122.080002,-0.074752,0.569984,-0.28032,515,723,708,1.7909438053356113
2024-04-25 14:15:41.510000+00:00,2024-04-25 14:15:30+00:00,2024-04-25 14:17:30+00:00,TABUENCA01-45,Sensoria-C1-E90A,Left,Gait,1.0.5,40.3887119,-3.6292984,F0:75:B1:51:59:F6,SCKS,0.25,1.468749,-0.3125,7.84,-8.96,-133.279999,0.252288,0.756864,-0.168192,439,308,721,1.5222942800263688
2024-04-25 14:15:41.518000+00:00,2024-04-25 14:15:30+00:00,2024-04-25 14:17:30+00:00,TABUENCA01-45,Sensoria-C1-EEA1,Right,Gait,1.0.5,40.3887119,-3.6292984,CB:AA:BC:3F:36:A5,SCKS,-2.000001,1.523439,0.3125,13.440001,-103.040001,92.959999,-0.074752,0.588672,-0.299008,522,723,673,2.533481130129451
2024-04-25 14:15:41.526000+00:00,2024-04-25 14:15:30+00:00,2024-04-25 14:17:30+00:00,TABUENCA01-45,Sensoria-C1-E90A,Left,Gait,1.0.5,40.3887119,-3.6292984,F0:75:B1:51:59:F6,SCKS,0.625,2.218749,-0.125,-4.48,-32.48,-193.759995,0.2336,0.766208,-0.168192,487,343,721,2.3084837285545245
2024-04-25 14:15:41.535000+00:00,2024-04-25 14:15:30+00:00,2024-04-25 14:17:30+00:00,TABUENCA01-45,Sensoria-C1-EEA1,Right,Gait,1.0.5,40.3887119,-3.6292984,CB:AA:BC:3F:36:A5,SCKS,0.492188,1.765626,0.050781,64.959999,-39.200001,241.919998,-0.056064,0.626048,-0.317696,533,731,559,1.833647433172746
2024-04-25 14:15:41.551000+00:00,2024-04-25 14:15:30+00:00,2024-04-25 14:17:30+00:00,TABUENCA01-45,Sensoria-C1-EEA1,Right,Gait,1.0.5,40.3887119,-3.6292984,CB:AA:BC:3F:36:A5,SCKS,0.644532,1.367188,-0.707032,68.32,2.24,234.080002,-0.037376,0.663424,-0.299008,533,732,469,1.6686877405290663
2024-04-25 14:15:41.558000+00:00,2024-04-25 14:15:30+00:00,2024-04-25 14:17:30+00:00,TABUENCA01-45,Sensoria-C1-E90A,Left,Gait,1.0.5,40.3887119,-3.6292984,F0:75:B1:51:59:F6,SCKS,1.187499,2.562499,0.125,-47.040001,-76.160004,-220.639999,0.14016,0.79424,-0.177536,540,383,720,2.827044393001638
2024-04-25 14:15:41.583000+00:00,2024-04-25 14:15:30+00:00,2024-04-25 14:17:30+00:00,TABUENCA01-45,Sensoria-C1-EEA1,Right,Gait,1.0.5,40.3887119,-3.6292984,CB:AA:BC:3F:36:A5,SCKS,0.222656,1.359376,0.019531,-43.68,49.279999,235.199997,-0.018688,0.691456,-0.317696,517,733,405,1.3776284926180207
2024-04-25 14:15:41.591000+00:00,2024-04-25 14:15:30+00:00,2024-04-25 14:17:30+00:00,TABUENCA01-45,Sensoria-C1-E90A,Left,Gait,1.0.5,40.3887119,-3.6292984,F0:75:B1:51:59:F6,SCKS,0.90625,2.593749,-1.124999,-45.920002,-155.680008,-255.360001,0.102784,0.79424,-0.18688,589,443,718,2.968913216566291
2024-04-25 14:15:41.599000+00:00,2024-04-25 14:15:30+00:00,2024-04-25 14:17:30+00:00,TABUENCA01-45,Sensoria-C1-EEA1,Right,Gait,1.0.5,40.3887119,-3.6292984,CB:AA:BC:3F:36:A5,SCKS,0.164063,0.835938,0.101563,2.24,47.040001,153.440002,-0.018688,0.691456,-0.317696,496,716,371,0.8579184406352389
2024-04-25 14:15:41.616000+00:00,2024-04-25 14:15:30+00:00,2024-04-25 14:17:30+00:00,TABUENCA01-45,Sensoria-C1-EEA1,Right,Gait,1.0.5,40.3887119,-3.6292984,CB:AA:BC:3F:36:A5,SCKS,-0.1875,0.898438,-0.066406,-20.16,62.720001,117.599998,0.0,0.710144,-0.317696,474,690,352,0.9201939179759884
2024-04-25 14:15:41.623000+00:00,2024-04-25 14:15:30+00:00,2024-04-25 14:17:30+00:00,TABUENCA01-45,Sensoria-C1-E90A,Left,Gait,1.0.5,40.3887119,-3.6292984,F0:75:B1:51:59:F6,SCKS,0.84375,1.124999,-0.40625,11.2,63.84,-292.320007,0.04672,0.79424,-0.18688,653,517,718,1.4637540350075897
2024-04-25 14:15:41.632000+00:00,2024-04-25 14:15:30+00:00,2024-04-25 14:17:30+00:00,TABUENCA01-45,Sensoria-C1-EEA1,Right,Gait,1.0.5,40.3887119,-3.6292984,CB:AA:BC:3F:36:A5,SCKS,0.140625,0.988282,-0.03125,-12.32,29.120001,86.239998,0.028032,0.719488,-0.308352,454,667,345,0.9987258205578746
2024-04-25 14:15:41.656000+00:00,2024-04-25 14:15:30+00:00,2024-04-25 14:17:30+00:00,TABUENCA01-45,Sensoria-C1-E90A,Left,Gait,1.0.5,40.3887119,-3.6292984,F0:75:B1:51:59:F6,SCKS,0.09375,0.34375,-0.28125,7.84,-26.880001,-112.0,0.009344,0.775552,-0.177536,691,551,719,0.4539324701979359
2024-04-25 14:15:41.664000+00:00,2024-04-25 14:15:30+00:00,2024-04-25 14:17:30+00:00,TABUENCA01-45,Sensoria-C1-EEA1,Right,Gait,1.0.5,40.3887119,-3.6292984,CB:AA:BC:3F:36:A5,SCKS,-0.042969,1.042969,0.011719,-3.36,15.68,68.32,0.028032,0.728832,-0.289664,438,644,344,1.0439195394679612
2024-04-25 14:15:41.681000+00:00,2024-04-25 14:15:30+00:00,2024-04-25 14:17:30+00:00,TABUENCA01-45,Sensoria-C1-EEA1,Right,Gait,1.0.5,40.3887119,-3.6292984,CB:AA:BC:3F:36:A5,SCKS,0.003906,1.007813,-0.035156,0.0,15.68,58.240002,0.037376,0.738176,-0.299008,421,623,355,1.0084335596066802
2024-04-25 14:15:41.688000+00:00,2024-04-25 14:15:30+00:00,2024-04-25 14:17:30+00:00,TABUENCA01-45,Sensoria-C1-E90A,Left,Gait,1.0.5,40.3887119,-3.6292984,F0:75:B1:51:59:F6,SCKS,1.218749,0.1875,-0.25,5.6,-115.360001,103.040001,-0.009344,0.784896,-0.18688,708,562,716,1.2581754150359958
2024-04-25 14:15:41.697000+00:00,2024-04-25 14:15:30+00:00,2024-04-25 14:17:30+00:00,TABUENCA01-45,Sensoria-C1-EEA1,Right,Gait,1.0.5,40.3887119,-3.6292984,CB:AA:BC:3F:36:A5,SCKS,-0.035156,1.019532,0.054688,-2.24,13.440001,47.040001,0.037376,0.738176,-0.299008,404,607,368,1.0216027705052488
2024-04-25 14:15:41.713000+00:00,2024-04-25 14:15:30+00:00,2024-04-25 14:17:30+00:00,TABUENCA01-45,Sensoria-C1-EEA1,Right,Gait,1.0.5,40.3887119,-3.6292984,CB:AA:BC:3F:36:A5,SCKS,-0.027344,1.007813,-0.167969,0.0,10.08,43.68,0.037376,0.738176,-0.289664,392,598,390,1.022080389336377
2024-04-25 14:15:41.721000+00:00,2024-04-25 14:15:30+00:00,2024-04-25 14:17:30+00:00,TABUENCA01-45,Sensoria-C1-E90A,Left,Gait,1.0.5,40.3887119,-3.6292984,F0:75:B1:51:59:F6,SCKS,0.6875,-0.03125,0.03125,-17.92,25.76,156.800003,0.018688,0.79424,-0.196224,712,562,716,0.6889189901577688
2024-04-25 14:15:41.729000+00:00,2024-04-25 14:15:30+00:00,2024-04-25 14:17:30+00:00,TABUENCA01-45,Sensoria-C1-EEA1,Right,Gait,1.0.5,40.3887119,-3.6292984,CB:AA:BC:3F:36:A5,SCKS,0.019531,0.957032,-0.109375,-6.72,22.4,44.799999,0.04672,0.738176,-0.299008,380,590,416,0.9634597031583625
2024-04-25 14:15:41.753000+00:00,2024-04-25 14:15:30+00:00,2024-04-25 14:17:30+00:00,TABUENCA01-45,Sensoria-C1-E90A,Left,Gait,1.0.5,40.3887119,-3.6292984,F0:75:B1:51:59:F6,SCKS,0.25,0.0625,0.03125,-17.92,56.0,209.440002,0.056064,0.79424,-0.205568,715,562,713,0.25958199571618984
2024-04-25 14:15:41.762000+00:00,2024-04-25 14:15:30+00:00,2024-04-25 14:17:30+00:00,TABUENCA01-45,Sensoria-C1-EEA1,Right,Gait,1.0.5,40.3887119,-3.6292984,CB:AA:BC:3F:36:A5,SCKS,0.003906,0.960938,-0.03125,-6.72,25.76,40.32,0.056064,0.738176,-0.289664,371,584,445,0.9614539298271134
2024-04-25 14:15:41.778000+00:00,2024-04-25 14:15:30+00:00,2024-04-25 14:17:30+00:00,TABUENCA01-45,Sensoria-C1-EEA1,Right,Gait,1.0.5,40.3887119,-3.6292984,CB:AA:BC:3F:36:A5,SCKS,0.003906,1.000001,-0.042969,-5.6,24.639999,35.84,0.065408,0.74752,-0.270976,361,578,474,1.0009313621812437
2024-04-25 14:15:41.786000+00:00,2024-04-25 14:15:30+00:00,2024-04-25 14:17:30+00:00,TABUENCA01-45,Sensoria-C1-E90A,Left,Gait,1.0.5,40.3887119,-3.6292984,F0:75:B1:51:59:F6,SCKS,0.28125,0.375,-0.25,-1.12,44.799999,276.640015,0.09344,0.79424,-0.18688,714,559,711,0.53125
2024-04-25 14:15:41.794000+00:00,2024-04-25 14:15:30+00:00,2024-04-25 14:17:30+00:00,TABUENCA01-45,Sensoria-C1-EEA1,Right,Gait,1.0.5,40.3887119,-3.6292984,CB:AA:BC:3F:36:A5,SCKS,0.0,0.984376,-0.070313,-3.36,19.040001,38.080002,0.065408,0.74752,-0.270976,353,572,506,0.9868839989304721
2024-04-25 14:15:41.811000+00:00,2024-04-25 14:15:30+00:00,2024-04-25 14:17:30+00:00,TABUENCA01-45,Sensoria-C1-EEA1,Right,Gait,1.0.5,40.3887119,-3.6292984,CB:AA:BC:3F:36:A5,SCKS,0.007813,0.976563,-0.082031,5.6,11.2,43.68,0.074752,0.74752,-0.270976,344,570,535,0.9800333774412991
2024-04-25 14:15:41.818000+00:00,2024-04-25 14:15:30+00:00,2024-04-25 14:17:30+00:00,TABUENCA01-45,Sensoria-C1-E90A,Left,Gait,1.0.5,40.3887119,-3.6292984,F0:75:B1:51:59:F6,SCKS,0.40625,0.6875,-0.1875,-16.799999,30.24,325.920013,0.149504,0.79424,-0.196224,715,560,712,0.820275296775418
2024-04-25 14:15:41.843000+00:00,2024-04-25 14:15:30+00:00,2024-04-25 14:17:30+00:00,TABUENCA01-45,Sensoria-C1-EEA1,Right,Gait,1.0.5,40.3887119,-3.6292984,CB:AA:BC:3F:36:A5,SCKS,0.03125,0.953126,-0.050781,7.84,3.36,50.400002,0.074752,0.74752,-0.28032,336,562,564,0.9549892378121336
2024-04-25 14:15:41.850000+00:00,2024-04-25 14:15:30+00:00,2024-04-25 14:17:30+00:00,TABUENCA01-45,Sensoria-C1-E90A,Left,Gait,1.0.5,40.3887119,-3.6292984,F0:75:B1:51:59:F6,SCKS,0.34375,1.031249,-0.03125,-14.56,45.920002,376.320007,0.214912,0.775552,-0.196224,716,558,709,1.0874810917901057
2024-04-25 14:15:41.859000+00:00,2024-04-25 14:15:30+00:00,2024-04-25 14:17:30+00:00,TABUENCA01-45,Sensoria-C1-EEA1,Right,Gait,1.0.5,40.3887119,-3.6292984,CB:AA:BC:3F:36:A5,SCKS,0.042969,0.937501,-0.046875,10.08,-3.36,54.880001,0.084096,0.756864,-0.28032,326,553,589,0.9396551099137385
2024-04-25 14:15:41.867000+00:00,2024-04-25 14:15:30+00:00,2024-04-25 14:17:30+00:00,TABUENCA01-45,Sensoria-C1-E90A,Left,Gait,1.0.5,40.3887119,-3.6292984,F0:75:B1:51:59:F6,SCKS,0.4375,1.999999,-0.0625,-15.68,39.200001,427.839996,0.345728,0.710144,-0.196224,714,556,707,2.0482452245766374
2024-04-25 14:15:41.875000+00:00,2024-04-25 14:15:30+00:00,2024-04-25 14:17:30+00:00,TABUENCA01-45,Sensoria-C1-EEA1,Right,Gait,1.0.5,40.3887119,-3.6292984,CB:AA:BC:3F:36:A5,SCKS,0.050781,0.917969,-0.039063,12.32,-12.32,59.360001,0.09344,0.756864,-0.28032,318,544,612,0.9202019957004006
2024-04-25 14:15:41.891000+00:00,2024-04-25 14:15:30+00:00,2024-04-25 14:17:30+00:00,TABUENCA01-45,Sensoria-C1-EEA1,Right,Gait,1.0.5,40.3887119,-3.6292984,CB:AA:BC:3F:36:A5,SCKS,0.0625,0.949219,-0.003906,8.96,-16.799999,64.959999,0.09344,0.766208,-0.28032,310,530,634,0.9512824064372262
2024-04-25 14:15:41.899000+00:00,2024-04-25 14:15:30+00:00,2024-04-25 14:17:30+00:00,TABUENCA01-45,Sensoria-C1-E90A,Left,Gait,1.0.5,40.3887119,-3.6292984,F0:75:B1:51:59:F6,SCKS,-0.25,3.187498,0.25,-2.24,101.919998,455.839996,0.401792,0.65408,-0.224256,713,555,707,3.2070459148574724
2024-04-25 14:15:41.924000+00:00,2024-04-25 14:15:30+00:00,2024-04-25 14:17:30+00:00,TABUENCA01-45,Sensoria-C1-EEA1,Right,Gait,1.0.5,40.3887119,-3.6292984,CB:AA:BC:3F:36:A5,SCKS,0.089844,0.988282,0.015625,-3.36,-13.440001,68.32,0.09344,0.766208,-0.28032,304,514,652,0.9924804262477925
2024-04-25 14:15:41.931000+00:00,2024-04-25 14:15:30+00:00,2024-04-25 14:17:30+00:00,TABUENCA01-45,Sensoria-C1-E90A,Left,Gait,1.0.5,40.3887119,-3.6292984,F0:75:B1:51:59:F6,SCKS,-1.093749,3.374998,-0.40625,-33.599998,114.239998,400.959991,0.504576,0.523264,-0.242944,712,555,707,3.5709854994812007
2024-04-25 14:15:41.940000+00:00,2024-04-25 14:15:30+00:00,2024-04-25 14:17:30+00:00,TABUENCA01-45,Sensoria-C1-EEA1,Right,Gait,1.0.5,40.3887119,-3.6292984,CB:AA:BC:3F:36:A5,SCKS,0.085938,1.019532,0.035156,-11.2,-8.96,71.68,0.112128,0.775552,-0.28032,293,498,668,1.0237513287923001
2024-04-25 14:15:41.957000+00:00,2024-04-25 14:15:30+00:00,2024-04-25 14:17:30+00:00,TABUENCA01-45,Sensoria-C1-EEA1,Right,Gait,1.0.5,40.3887119,-3.6292984,CB:AA:BC:3F:36:A5,SCKS,0.039063,1.140626,-0.0625,-17.92,-11.2,77.279999,0.121472,0.775552,-0.28032,284,479,683,1.1430047418296216
2024-04-25 14:15:41.964000+00:00,2024-04-25 14:15:30+00:00,2024-04-25 14:17:30+00:00,TABUENCA01-45,Sensoria-C1-E90A,Left,Gait,1.0.5,40.3887119,-3.6292984,F0:75:B1:51:59:F6,SCKS,-3.968748,1.218749,-0.65625,3.36,77.279999,217.279999,0.51392,0.476544,-0.28032,711,555,712,4.203209948956274
2024-04-25 14:15:41.973000+00:00,2024-04-25 14:15:30+00:00,2024-04-25 14:17:30+00:00,TABUENCA01-45,Sensoria-C1-EEA1,Right,Gait,1.0.5,40.3887119,-3.6292984,CB:AA:BC:3F:36:A5,SCKS,0.035156,1.222657,0.09375,-22.4,-12.32,90.720001,0.130816,0.775552,-0.289664,276,462,697,1.2267498304401758
2024-04-25 14:15:41.989000+00:00,2024-04-25 14:15:30+00:00,2024-04-25 14:17:30+00:00,TABUENCA01-45,Sensoria-C1-EEA1,Right,Gait,1.0.5,40.3887119,-3.6292984,CB:AA:BC:3F:36:A5,SCKS,0.003906,1.26172,0.109375,-21.280001,-17.92,104.160004,0.149504,0.784896,-0.289664,268,449,711,1.2664578579096106
2024-04-25 14:15:41.996000+00:00,2024-04-25 14:15:30+00:00,2024-04-25 14:17:30+00:00,TABUENCA01-45,Sensoria-C1-E90A,Left,Gait,1.0.5,40.3887119,-3.6292984,F0:75:B1:51:59:F6,SCKS,-3.281248,1.656249,-0.59375,20.16,-112.0,8.96,0.523264,0.457856,-0.252288,709,554,714,3.723209401847417
2024-04-25 14:15:42.021000+00:00,2024-04-25 14:15:30+00:00,2024-04-25 14:17:30+00:00,TABUENCA01-45,Sensoria-C1-EEA1,Right,Gait,1.0.5,40.3887119,-3.6292984,CB:AA:BC:3F:36:A5,SCKS,-0.039063,1.496095,-0.003906,-17.92,-22.4,118.720001,0.149504,0.784896,-0.289664,261,442,719,1.4966099771917865
2024-04-25 14:15:42.029000+00:00,2024-04-25 14:15:30+00:00,2024-04-25 14:17:30+00:00,TABUENCA01-45,Sensoria-C1-E90A,Left,Gait,1.0.5,40.3887119,-3.6292984,F0:75:B1:51:59:F6,SCKS,4.249998,1.187499,0.0625,38.080002,36.959999,-92.959999,0.51392,0.495232,-0.252288,710,553,698,4.413223665871128
2024-04-25 14:15:42.038000+00:00,2024-04-25 14:15:30+00:00,2024-04-25 14:17:30+00:00,TABUENCA01-45,Sensoria-C1-EEA1,Right,Gait,1.0.5,40.3887119,-3.6292984,CB:AA:BC:3F:36:A5,SCKS,-0.101563,1.664064,-0.101563,-29.120001,-14.56,143.360001,0.168192,0.784896,-0.299008,255,446,724,1.6702512032727295
2024-04-25 14:15:42.054000+00:00,2024-04-25 14:15:30+00:00,2024-04-25 14:17:30+00:00,TABUENCA01-45,Sensoria-C1-EEA1,Right,Gait,1.0.5,40.3887119,-3.6292984,CB:AA:BC:3F:36:A5,SCKS,-0.367188,1.996095,-0.066406,-31.360001,3.36,169.119995,0.18688,0.803584,-0.299008,253,466,727,2.030672803088917
2024-04-25 14:15:42.062000+00:00,2024-04-25 14:15:30+00:00,2024-04-25 14:17:30+00:00,TABUENCA01-45,Sensoria-C1-E90A,Left,Gait,1.0.5,40.3887119,-3.6292984,F0:75:B1:51:59:F6,SCKS,-0.4375,2.031249,0.125,87.360001,123.199997,-266.559998,0.485888,0.541952,-0.289664,714,563,632,2.081586834605033
2024-04-25 14:15:42.070000+00:00,2024-04-25 14:15:30+00:00,2024-04-25 14:17:30+00:00,TABUENCA01-45,Sensoria-C1-EEA1,Right,Gait,1.0.5,40.3887119,-3.6292984,CB:AA:BC:3F:36:A5,SCKS,-0.765626,1.996095,0.230469,-40.32,33.599998,203.839996,0.224256,0.803584,-0.308352,261,493,727,2.1502777450510897
2024-04-25 14:15:42.094000+00:00,2024-04-25 14:15:30+00:00,2024-04-25 14:17:30+00:00,TABUENCA01-45,Sensoria-C1-E90A,Left,Gait,1.0.5,40.3887119,-3.6292984,F0:75:B1:51:59:F6,SCKS,-0.40625,1.374999,-1.187499,131.039993,26.880001,-225.119995,0.4672,0.579328,-0.270976,716,563,497,1.8616699996245305
2024-04-25 14:15:42.104000+00:00,2024-04-25 14:15:30+00:00,2024-04-25 14:17:30+00:00,TABUENCA01-45,Sensoria-C1-EEA1,Right,Gait,1.0.5,40.3887119,-3.6292984,CB:AA:BC:3F:36:A5,SCKS,-1.097657,1.996095,0.242188,-51.52,61.599998,241.919998,0.270976,0.812928,-0.317696,279,515,726,2.2908297985703783
2024-04-25 14:15:42.119000+00:00,2024-04-25 14:15:30+00:00,2024-04-25 14:17:30+00:00,TABUENCA01-45,Sensoria-C1-EEA1,Right,Gait,1.0.5,40.3887119,-3.6292984,CB:AA:BC:3F:36:A5,SCKS,-0.484375,1.996095,-0.394532,-30.24,28.0,296.799988,0.270976,0.812928,-0.317696,313,558,726,2.0915711531463614
2024-04-25 14:15:42.127000+00:00,2024-04-25 14:15:30+00:00,2024-04-25 14:17:30+00:00,TABUENCA01-45,Sensoria-C1-E90A,Left,Gait,1.0.5,40.3887119,-3.6292984,F0:75:B1:51:59:F6,SCKS,-0.15625,0.9375,0.0,73.919998,-105.279999,-194.880005,0.439168,0.616704,-0.261632,700,571,399,0.9504316453590969
2024-04-25 14:15:42.135000+00:00,2024-04-25 14:15:30+00:00,2024-04-25 14:17:30+00:00,TABUENCA01-45,Sensoria-C1-EEA1,Right,Gait,1.0.5,40.3887119,-3.6292984,CB:AA:BC:3F:36:A5,SCKS,-0.804688,1.996095,-0.828126,-32.48,-2.24,304.640015,0.32704,0.803584,-0.317696,368,616,727,2.3060161964403028
2024-04-25 14:15:42.152000+00:00,2024-04-25 14:15:30+00:00,2024-04-25 14:17:30+00:00,TABUENCA01-45,Sensoria-C1-EEA1,Right,Gait,1.0.5,40.3887119,-3.6292984,CB:AA:BC:3F:36:A5,SCKS,-0.542969,0.785157,-0.765626,24.639999,-4.48,269.920013,0.383104,0.803584,-0.317696,431,664,726,1.2237115761019832
2024-04-25 14:15:42.159000+00:00,2024-04-25 14:15:30+00:00,2024-04-25 14:17:30+00:00,TABUENCA01-45,Sensoria-C1-E90A,Left,Gait,1.0.5,40.3887119,-3.6292984,F0:75:B1:51:59:F6,SCKS,0.15625,0.9375,-0.3125,56.0,-70.559998,-101.919998,0.42048,0.644736,-0.261632,673,555,360,1.0004881620988826
2024-04-25 14:15:42.175000+00:00,2024-04-25 14:15:30+00:00,2024-04-25 14:17:30+00:00,TABUENCA01-45,Sensoria-C1-E90A,Left,Gait,1.0.5,40.3887119,-3.6292984,F0:75:B1:51:59:F6,SCKS,0.09375,0.999999,-0.125,30.24,-44.799999,-50.400002,0.392448,0.663424,-0.2336,638,524,353,1.012132433281831
2024-04-25 14:15:42.184000+00:00,2024-04-25 14:15:30+00:00,2024-04-25 14:17:30+00:00,TABUENCA01-45,Sensoria-C1-EEA1,Right,Gait,1.0.5,40.3887119,-3.6292984,CB:AA:BC:3F:36:A5,SCKS,0.128906,-0.257813,-0.953126,28.0,95.199997,183.680008,0.411136,0.803584,-0.308352,474,696,726,0.995757737444706
2024-04-25 14:15:42.201000+00:00,2024-04-25 14:15:30+00:00,2024-04-25 14:17:30+00:00,TABUENCA01-45,Sensoria-C1-EEA1,Right,Gait,1.0.5,40.3887119,-3.6292984,CB:AA:BC:3F:36:A5,SCKS,-0.996094,0.449219,-0.535157,8.96,216.160004,76.160004,0.439168,0.79424,-0.317696,496,711,724,1.216714420661644
2024-04-25 14:15:42.209000+00:00,2024-04-25 14:15:30+00:00,2024-04-25 14:17:30+00:00,TABUENCA01-45,Sensoria-C1-E90A,Left,Gait,1.0.5,40.3887119,-3.6292984,F0:75:B1:51:59:F6,SCKS,0.0625,0.968749,-0.09375,14.56,-39.200001,-41.439999,0.383104,0.672768,-0.224256,610,492,371,0.975279415091388
2024-04-25 14:15:42.217000+00:00,2024-04-25 14:15:30+00:00,2024-04-25 14:17:30+00:00,TABUENCA01-45,Sensoria-C1-EEA1,Right,Gait,1.0.5,40.3887119,-3.6292984,CB:AA:BC:3F:36:A5,SCKS,-1.429689,0.226563,-0.257813,-30.24,168.0,-38.080002,0.439168,0.79424,-0.317696,506,719,724,1.4703091418674508
2024-04-25 14:15:42.233000+00:00,2024-04-25 14:15:30+00:00,2024-04-25 14:17:30+00:00,TABUENCA01-45,Sensoria-C1-EEA1,Right,Gait,1.0.5,40.3887119,-3.6292984,CB:AA:BC:3F:36:A5,SCKS,-0.859376,-0.164063,0.003906,-5.6,82.879997,-71.68,0.429824,0.79424,-0.336384,513,723,721,0.8749051572490586
2024-04-25 14:15:42.241000+00:00,2024-04-25 14:15:30+00:00,2024-04-25 14:17:30+00:00,TABUENCA01-45,Sensoria-C1-E90A,Left,Gait,1.0.5,40.3887119,-3.6292984,F0:75:B1:51:59:F6,SCKS,0.09375,0.999999,-0.21875,6.72,-36.959999,-33.599998,0.383104,0.682112,-0.214912,584,463,409,1.0279292898837935
2024-04-25 14:15:42.266000+00:00,2024-04-25 14:15:30+00:00,2024-04-25 14:17:30+00:00,TABUENCA01-45,Sensoria-C1-EEA1,Right,Gait,1.0.5,40.3887119,-3.6292984,CB:AA:BC:3F:36:A5,SCKS,-0.546875,-0.140625,-0.003906,45.920002,25.76,-117.599998,0.42048,0.79424,-0.336384,515,726,719,0.564679478187405
2024-04-25 14:15:42.273000+00:00,2024-04-25 14:15:30+00:00,2024-04-25 14:17:30+00:00,TABUENCA01-45,Sensoria-C1-E90A,Left,Gait,1.0.5,40.3887119,-3.6292984,F0:75:B1:51:59:F6,SCKS,0.0625,0.9375,-0.25,3.36,-49.279999,-31.360001,0.37376,0.691456,-0.205568,565,444,465,0.9722718241315028
2024-04-25 14:15:42.282000+00:00,2024-04-25 14:15:30+00:00,2024-04-25 14:17:30+00:00,TABUENCA01-45,Sensoria-C1-EEA1,Right,Gait,1.0.5,40.3887119,-3.6292984,CB:AA:BC:3F:36:A5,SCKS,-0.605469,0.113281,-0.097656,72.800003,-8.96,-171.360001,0.392448,0.803584,-0.32704,516,726,718,0.6236681723945836
2024-04-25 14:15:42.305000+00:00,2024-04-25 14:15:30+00:00,2024-04-25 14:17:30+00:00,TABUENCA01-45,Sensoria-C1-E90A,Left,Gait,1.0.5,40.3887119,-3.6292984,F0:75:B1:51:59:F6,SCKS,0.03125,0.968749,-0.21875,6.72,-45.920002,-24.639999,0.364416,0.682112,-0.196224,552,428,525,0.9936310935155964
2024-04-25 14:15:42.314000+00:00,2024-04-25 14:15:30+00:00,2024-04-25 14:17:30+00:00,TABUENCA01-45,Sensoria-C1-EEA1,Right,Gait,1.0.5,40.3887119,-3.6292984,CB:AA:BC:3F:36:A5,SCKS,-0.542969,0.457032,0.046875,69.440002,-64.959999,-269.920013,0.345728,0.803584,-0.317696,515,726,717,0.711260043591653
2024-04-25 14:15:42.330000+00:00,2024-04-25 14:15:30+00:00,2024-04-25 14:17:30+00:00,TABUENCA01-45,Sensoria-C1-EEA1,Right,Gait,1.0.5,40.3887119,-3.6292984,CB:AA:BC:3F:36:A5,SCKS,-0.503907,0.703125,0.054688,70.559998,-87.360001,-311.360016,0.299008,0.812928,-0.299008,516,726,715,0.8667743694976219
2024-04-25 14:15:42.338000+00:00,2024-04-25 14:15:30+00:00,2024-04-25 14:17:30+00:00,TABUENCA01-45,Sensoria-C1-E90A,Left,Gait,1.0.5,40.3887119,-3.6292984,F0:75:B1:51:59:F6,SCKS,0.03125,0.968749,-0.1875,-4.48,-43.68,-20.16,0.364416,0.7008,-0.196224,539,415,578,0.9872220811453722
2024-04-25 14:15:42.363000+00:00,2024-04-25 14:15:30+00:00,2024-04-25 14:17:30+00:00,TABUENCA01-45,Sensoria-C1-EEA1,Right,Gait,1.0.5,40.3887119,-3.6292984,CB:AA:BC:3F:36:A5,SCKS,-0.507813,1.019532,0.039063,64.959999,-90.720001,-341.600006,0.242944,0.803584,-0.289664,515,725,716,1.1396690133376446
2024-04-25 14:15:42.370000+00:00,2024-04-25 14:15:30+00:00,2024-04-25 14:17:30+00:00,TABUENCA01-45,Sensoria-C1-E90A,Left,Gait,1.0.5,40.3887119,-3.6292984,F0:75:B1:51:59:F6,SCKS,-0.0625,0.9375,-0.25,-2.24,-32.48,-29.120001,0.355072,0.7008,-0.196224,526,399,636,0.9722718241315028
2024-04-25 14:15:42.379000+00:00,2024-04-25 14:15:30+00:00,2024-04-25 14:17:30+00:00,TABUENCA01-45,Sensoria-C1-EEA1,Right,Gait,1.0.5,40.3887119,-3.6292984,CB:AA:BC:3F:36:A5,SCKS,-0.386719,1.277345,0.066406,45.920002,-80.639999,-365.119995,0.168192,0.784896,-0.289664,517,722,714,1.3362528169556838
2024-04-25 14:15:42.396000+00:00,2024-04-25 14:15:30+00:00,2024-04-25 14:17:30+00:00,TABUENCA01-45,Sensoria-C1-EEA1,Right,Gait,1.0.5,40.3887119,-3.6292984,CB:AA:BC:3F:36:A5,SCKS,-0.34375,1.683595,0.109375,26.880001,-49.279999,-380.799988,0.112128,0.766208,-0.28032,515,722,714,1.7218069221460344
2024-04-25 14:15:42.403000+00:00,2024-04-25 14:15:30+00:00,2024-04-25 14:17:30+00:00,TABUENCA01-45,Sensoria-C1-E90A,Left,Gait,1.0.5,40.3887119,-3.6292984,F0:75:B1:51:59:F6,SCKS,-0.03125,0.90625,-0.21875,-1.12,-35.84,-34.720001,0.345728,0.710144,-0.196224,517,389,659,0.9328007222874563
2024-04-25 14:15:42.412000+00:00,2024-04-25 14:15:30+00:00,2024-04-25 14:17:30+00:00,TABUENCA01-45,Sensoria-C1-EEA1,Right,Gait,1.0.5,40.3887119,-3.6292984,CB:AA:BC:3F:36:A5,SCKS,-0.382813,1.996095,0.246094,7.84,-7.84,-387.519989,0.112128,0.766208,-0.28032,514,721,714,2.0473161208836315
2024-04-25 14:15:42.436000+00:00,2024-04-25 14:15:30+00:00,2024-04-25 14:17:30+00:00,TABUENCA01-45,Sensoria-C1-E90A,Left,Gait,1.0.5,40.3887119,-3.6292984,F0:75:B1:51:59:F6,SCKS,-0.0625,0.90625,-0.15625,2.24,-35.84,-43.68,0.336384,0.710144,-0.18688,507,374,674,0.9217425752345391
2024-04-25 14:15:42.444000+00:00,2024-04-25 14:15:30+00:00,2024-04-25 14:17:30+00:00,TABUENCA01-45,Sensoria-C1-EEA1,Right,Gait,1.0.5,40.3887119,-3.6292984,CB:AA:BC:3F:36:A5,SCKS,-0.125,1.996095,0.128906,34.720001,-43.68,-397.600006,0.056064,0.728832,-0.299008,514,722,712,2.0041549355928048
2024-04-25 14:15:42.469000+00:00,2024-04-25 14:15:30+00:00,2024-04-25 14:17:30+00:00,TABUENCA01-45,Sensoria-C1-E90A,Left,Gait,1.0.5,40.3887119,-3.6292984,F0:75:B1:51:59:F6,SCKS,-0.0625,0.968749,-0.15625,0.0,-34.720001,-49.279999,0.317696,0.719488,-0.18688,489,353,687,0.9832573099148564
2024-04-25 14:15:42.476000+00:00,2024-04-25 14:15:30+00:00,2024-04-25 14:17:30+00:00,TABUENCA01-45,Sensoria-C1-EEA1,Right,Gait,1.0.5,40.3887119,-3.6292984,CB:AA:BC:3F:36:A5,SCKS,0.65625,1.996095,0.179688,39.200001,-62.720001,-414.399994,0.0,0.682112,-0.289664,513,720,714,2.1088734169857135
2024-04-25 14:15:42.477000+00:00,2024-04-25 14:15:30+00:00,2024-04-25 14:17:30+00:00,TABUENCA01-45,Sensoria-C1-EEA1,Right,Gait,1.0.5,40.3887119,-3.6292984,CB:AA:BC:3F:36:A5,SCKS,1.476564,1.996095,-0.40625,28.0,-57.119999,-404.320007,-0.04672,0.626048,-0.289664,512,722,714,2.515884647121366
2024-04-25 14:15:42.493000+00:00,2024-04-25 14:15:30+00:00,2024-04-25 14:17:30+00:00,TABUENCA01-45,Sensoria-C1-EEA1,Right,Gait,1.0.5,40.3887119,-3.6292984,CB:AA:BC:3F:36:A5,SCKS,1.996095,1.976564,-0.453125,44.799999,-14.56,-304.640015,-0.084096,0.579328,-0.299008,512,722,715,2.845438939908217
2024-04-25 14:15:42.501000+00:00,2024-04-25 14:15:30+00:00,2024-04-25 14:17:30+00:00,TABUENCA01-45,Sensoria-C1-E90A,Left,Gait,1.0.5,40.3887119,-3.6292984,F0:75:B1:51:59:F6,SCKS,0.0,1.093749,-0.15625,-6.72,-34.720001,-59.360001,0.308352,0.728832,-0.177536,470,331,700,1.104853355654496
2024-04-25 14:15:42.510000+00:00,2024-04-25 14:15:30+00:00,2024-04-25 14:17:30+00:00,TABUENCA01-45,Sensoria-C1-EEA1,Right,Gait,1.0.5,40.3887119,-3.6292984,CB:AA:BC:3F:36:A5,SCKS,1.996095,1.390626,0.339844,59.360001,48.16,-169.119995,-0.084096,0.579328,-0.299008,512,723,717,2.456365173429431
2024-04-25 14:15:42.517000+00:00,2024-04-25 14:15:30+00:00,2024-04-25 14:17:30+00:00,TABUENCA01-45,Sensoria-C1-E90A,Left,Gait,1.0.5,40.3887119,-3.6292984,F0:75:B1:51:59:F6,SCKS,0.09375,1.218749,-0.09375,0.0,-22.4,-86.239998,0.289664,0.738176,-0.18688,452,311,711,1.2259393337359725
2024-04-25 14:15:42.542000+00:00,2024-04-25 14:15:30+00:00,2024-04-25 14:17:30+00:00,TABUENCA01-45,Sensoria-C1-EEA1,Right,Gait,1.0.5,40.3887119,-3.6292984,CB:AA:BC:3F:36:A5,SCKS,1.996095,1.859376,0.628907,41.439999,54.880001,-63.84,-0.084096,0.56064,-0.28032,511,724,719,2.7994996647704746
2024-04-25 14:15:42.549000+00:00,2024-04-25 14:15:30+00:00,2024-04-25 14:17:30+00:00,TABUENCA01-45,Sensoria-C1-E90A,Left,Gait,1.0.5,40.3887119,-3.6292984,F0:75:B1:51:59:F6,SCKS,0.1875,1.374999,-0.21875,16.799999,-3.36,-120.959999,0.28032,0.74752,-0.177536,443,301,717,1.4048594458169117
2024-04-25 14:15:42.558000+00:00,2024-04-25 14:15:30+00:00,2024-04-25 14:17:30+00:00,TABUENCA01-45,Sensoria-C1-EEA1,Right,Gait,1.0.5,40.3887119,-3.6292984,CB:AA:BC:3F:36:A5,SCKS,1.703126,1.996095,0.515625,-15.68,-21.280001,80.639999,-0.084096,0.56064,-0.28032,513,724,717,2.674117155534888
2024-04-25 14:15:42.574000+00:00,2024-04-25 14:15:30+00:00,2024-04-25 14:17:30+00:00,TABUENCA01-45,Sensoria-C1-EEA1,Right,Gait,1.0.5,40.3887119,-3.6292984,CB:AA:BC:3F:36:A5,SCKS,-2.000001,1.996095,1.046876,11.2,-108.639999,89.599998,-0.074752,0.579328,-0.289664,518,725,687,3.0133616789894306
2024-04-25 14:15:42.582000+00:00,2024-04-25 14:15:30+00:00,2024-04-25 14:17:30+00:00,TABUENCA01-45,Sensoria-C1-E90A,Left,Gait,1.0.5,40.3887119,-3.6292984,F0:75:B1:51:59:F6,SCKS,0.28125,1.749999,-0.21875,7.84,-21.280001,-157.919998,0.224256,0.766208,-0.168192,456,316,718,1.7859030278828132
2024-04-25 14:15:42.592000+00:00,2024-04-25 14:15:30+00:00,2024-04-25 14:17:30+00:00,TABUENCA01-45,Sensoria-C1-EEA1,Right,Gait,1.0.5,40.3887119,-3.6292984,CB:AA:BC:3F:36:A5,SCKS,1.675782,1.796876,0.320313,70.559998,-180.320007,312.480011,-0.065408,0.616704,-0.308352,528,728,626,2.477823457970523
2024-04-25 14:15:42.623000+00:00,2024-04-25 14:15:30+00:00,2024-04-25 14:17:30+00:00,TABUENCA01-45,Sensoria-C1-EEA1,Right,Gait,1.0.5,40.3887119,-3.6292984,CB:AA:BC:3F:36:A5,SCKS,0.296875,1.796876,-0.007813,48.16,21.280001,239.680008,-0.065408,0.616704,-0.308352,534,732,537,1.8212520879795855
2024-04-25 14:15:42.630000+00:00,2024-04-25 14:15:30+00:00,2024-04-25 14:17:30+00:00,TABUENCA01-45,Sensoria-C1-E90A,Left,Gait,1.0.5,40.3887119,-3.6292984,F0:75:B1:51:59:F6,SCKS,0.968749,2.406249,0.0,-22.4,-49.279999,-208.320007,0.196224,0.775552,-0.168192,509,359,716,2.5939369450705616
2024-04-25 14:15:42.639000+00:00,2024-04-25 14:15:30+00:00,2024-04-25 14:17:30+00:00,TABUENCA01-45,Sensoria-C1-EEA1,Right,Gait,1.0.5,40.3887119,-3.6292984,CB:AA:BC:3F:36:A5,SCKS,0.460938,1.26172,-0.710938,52.639999,16.799999,224.0,-0.04672,0.65408,-0.308352,532,731,454,1.5198138169157431
2024-04-25 14:15:42.646000+00:00,2024-04-25 14:15:30+00:00,2024-04-25 14:17:30+00:00,TABUENCA01-45,Sensoria-C1-E90A,Left,Gait,1.0.5,40.3887119,-3.6292984,F0:75:B1:51:59:F6,SCKS,0.90625,2.031249,0.125,-75.040001,-114.239998,-213.919998,0.149504,0.784896,-0.177536,552,402,716,2.227753703285217
2024-04-25 14:15:42.655000+00:00,2024-04-25 14:15:30+00:00,2024-04-25 14:17:30+00:00,TABUENCA01-45,Sensoria-C1-EEA1,Right,Gait,1.0.5,40.3887119,-3.6292984,CB:AA:BC:3F:36:A5,SCKS,0.476563,1.29297,-0.195313,-21.280001,10.08,209.440002,-0.028032,0.672768,-0.308352,517,735,399,1.3917725682876494
2024-04-25 14:15:42.671000+00:00,2024-04-25 14:15:30+00:00,2024-04-25 14:17:30+00:00,TABUENCA01-45,Sensoria-C1-EEA1,Right,Gait,1.0.5,40.3887119,-3.6292984,CB:AA:BC:3F:36:A5,SCKS,0.121094,1.164063,-0.015625,-11.2,29.120001,128.800003,0.0,0.7008,-0.308352,488,713,353,1.1704488734797434
2024-04-25 14:15:42.679000+00:00,2024-04-25 14:15:30+00:00,2024-04-25 14:17:30+00:00,TABUENCA01-45,Sensoria-C1-E90A,Left,Gait,1.0.5,40.3887119,-3.6292984,F0:75:B1:51:59:F6,SCKS,0.8125,2.593749,-1.531249,-5.6,-90.720001,-271.040009,0.102784,0.784896,-0.196224,609,473,716,3.1196816544323878
2024-04-25 14:15:42.704000+00:00,2024-04-25 14:15:30+00:00,2024-04-25 14:17:30+00:00,TABUENCA01-45,Sensoria-C1-EEA1,Right,Gait,1.0.5,40.3887119,-3.6292984,CB:AA:BC:3F:36:A5,SCKS,-0.015625,0.945313,0.035156,-19.040001,36.959999,89.599998,0.009344,0.710144,-0.299008,472,691,340,0.9460955305517514
2024-04-25 14:15:42.711000+00:00,2024-04-25 14:15:30+00:00,2024-04-25 14:17:30+00:00,TABUENCA01-45,Sensoria-C1-E90A,Left,Gait,1.0.5,40.3887119,-3.6292984,F0:75:B1:51:59:F6,SCKS,0.125,0.40625,-0.28125,5.6,-5.6,-147.839996,0.0,0.784896,-0.18688,686,550,718,0.5096720759468778
2024-04-25 14:15:42.720000+00:00,2024-04-25 14:15:30+00:00,2024-04-25 14:17:30+00:00,TABUENCA01-45,Sensoria-C1-EEA1,Right,Gait,1.0.5,40.3887119,-3.6292984,CB:AA:BC:3F:36:A5,SCKS,-0.105469,0.992188,0.121094,-14.56,22.4,61.599998,0.018688,0.719488,-0.289664,457,670,334,1.0050992459160437
2024-04-25 14:15:42.740000+00:00,2024-04-25 14:15:30+00:00,2024-04-25 14:17:30+00:00,TABUENCA01-45,Sensoria-C1-EEA1,Right,Gait,1.0.5,40.3887119,-3.6292984,CB:AA:BC:3F:36:A5,SCKS,-0.070313,1.023438,0.003906,-3.36,13.440001,47.040001,0.028032,0.728832,-0.289664,446,654,338,1.0258579407739652
2024-04-25 14:15:42.745000+00:00,2024-04-25 14:15:30+00:00,2024-04-25 14:17:30+00:00,TABUENCA01-45,Sensoria-C1-E90A,Left,Gait,1.0.5,40.3887119,-3.6292984,F0:75:B1:51:59:F6,SCKS,0.90625,0.21875,-0.25,6.72,-159.039993,36.959999,-0.018688,0.784896,-0.177536,704,561,716,0.9652153257175313
2024-04-25 14:15:42.754000+00:00,2024-04-25 14:15:30+00:00,2024-04-25 14:17:30+00:00,TABUENCA01-45,Sensoria-C1-EEA1,Right,Gait,1.0.5,40.3887119,-3.6292984,CB:AA:BC:3F:36:A5,SCKS,-0.074219,0.992188,0.027344,-6.72,20.16,36.959999,0.037376,0.728832,-0.270976,437,642,347,0.9953357130340497
2024-04-25 14:15:42.769000+00:00,2024-04-25 14:15:30+00:00,2024-04-25 14:17:30+00:00,TABUENCA01-45,Sensoria-C1-EEA1,Right,Gait,1.0.5,40.3887119,-3.6292984,CB:AA:BC:3F:36:A5,SCKS,-0.117188,1.027344,-0.058594,-4.48,8.96,31.360001,0.037376,0.728832,-0.270976,429,635,364,1.0356649933815472
2024-04-25 14:15:42.776000+00:00,2024-04-25 14:15:30+00:00,2024-04-25 14:17:30+00:00,TABUENCA01-45,Sensoria-C1-E90A,Left,Gait,1.0.5,40.3887119,-3.6292984,F0:75:B1:51:59:F6,SCKS,1.062499,0.0,0.0,-21.280001,-24.639999,136.639999,0.0,0.79424,-0.196224,713,564,716,1.062499
2024-04-25 14:15:42.801000+00:00,2024-04-25 14:15:30+00:00,2024-04-25 14:17:30+00:00,TABUENCA01-45,Sensoria-C1-EEA1,Right,Gait,1.0.5,40.3887119,-3.6292984,CB:AA:BC:3F:36:A5,SCKS,-0.078125,0.988282,-0.148438,-6.72,14.56,35.84,0.037376,0.728832,-0.289664,421,632,386,1.002416413968267
2024-04-25 14:15:42.809000+00:00,2024-04-25 14:15:30+00:00,2024-04-25 14:17:30+00:00,TABUENCA01-45,Sensoria-C1-E90A,Left,Gait,1.0.5,40.3887119,-3.6292984,F0:75:B1:51:59:F6,SCKS,0.1875,-0.0625,0.09375,-25.76,59.360001,183.680008,0.04672,0.79424,-0.205568,714,563,712,0.21875
2024-04-25 14:15:42.818000+00:00,2024-04-25 14:15:30+00:00,2024-04-25 14:17:30+00:00,TABUENCA01-45,Sensoria-C1-EEA1,Right,Gait,1.0.5,40.3887119,-3.6292984,CB:AA:BC:3F:36:A5,SCKS,-0.050781,0.949219,-0.113281,-12.32,20.16,39.200001,0.037376,0.728832,-0.28032,413,628,411,0.9573024625911082
2024-04-25 14:15:42.834000+00:00,2024-04-25 14:15:30+00:00,2024-04-25 14:17:30+00:00,TABUENCA01-45,Sensoria-C1-EEA1,Right,Gait,1.0.5,40.3887119,-3.6292984,CB:AA:BC:3F:36:A5,SCKS,-0.007813,0.945313,-0.027344,-12.32,25.76,39.200001,0.04672,0.738176,-0.289664,404,622,436,0.9457406649150707
2024-04-25 14:15:42.842000+00:00,2024-04-25 14:15:30+00:00,2024-04-25 14:17:30+00:00,TABUENCA01-45,Sensoria-C1-E90A,Left,Gait,1.0.5,40.3887119,-3.6292984,F0:75:B1:51:59:F6,SCKS,0.4375,0.25,-0.25,2.24,34.720001,265.440002,0.09344,0.803584,-0.214912,716,561,711,0.5625
2024-04-25 14:15:42.850000+00:00,2024-04-25 14:15:30+00:00,2024-04-25 14:17:30+00:00,TABUENCA01-45,Sensoria-C1-EEA1,Right,Gait,1.0.5,40.3887119,-3.6292984,CB:AA:BC:3F:36:A5,SCKS,-0.015625,0.953126,-0.015625,-10.08,28.0,35.84,0.056064,0.738176,-0.28032,396,616,457,0.9533821128624137
2024-04-25 14:15:42.858000+00:00,2024-04-25 14:15:30+00:00,2024-04-25 14:17:30+00:00,TABUENCA01-45,Sensoria-C1-E90A,Left,Gait,1.0.5,40.3887119,-3.6292984,F0:75:B1:51:59:F6,SCKS,0.375,0.5625,-0.21875,-14.56,44.799999,303.519989,0.149504,0.79424,-0.205568,715,561,709,0.7105510625563796
2024-04-25 14:15:42.883000+00:00,2024-04-25 14:15:30+00:00,2024-04-25 14:17:30+00:00,TABUENCA01-45,Sensoria-C1-EEA1,Right,Gait,1.0.5,40.3887119,-3.6292984,CB:AA:BC:3F:36:A5,SCKS,-0.019531,0.937501,-0.0625,-4.48,21.280001,36.959999,0.056064,0.738176,-0.28032,387,607,478,0.939784994007672
2024-04-25 14:15:42.891000+00:00,2024-04-25 14:15:30+00:00,2024-04-25 14:17:30+00:00,TABUENCA01-45,Sensoria-C1-E90A,Left,Gait,1.0.5,40.3887119,-3.6292984,F0:75:B1:51:59:F6,SCKS,0.25,0.78125,-0.15625,-15.68,49.279999,352.799988,0.205568,0.775552,-0.205568,716,557,709,0.8350243259929617
2024-04-25 14:15:42.899000+00:00,2024-04-25 14:15:30+00:00,2024-04-25 14:17:30+00:00,TABUENCA01-45,Sensoria-C1-EEA1,Right,Gait,1.0.5,40.3887119,-3.6292984,CB:AA:BC:3F:36:A5,SCKS,0.015625,0.917969,-0.058594,-2.24,16.799999,41.439999,0.056064,0.738176,-0.28032,376,599,493,0.91996982690847
2024-04-25 14:15:42.916000+00:00,2024-04-25 14:15:30+00:00,2024-04-25 14:17:30+00:00,TABUENCA01-45,Sensoria-C1-EEA1,Right,Gait,1.0.5,40.3887119,-3.6292984,CB:AA:BC:3F:36:A5,SCKS,-0.035156,0.921876,-0.039063,2.24,6.72,47.040001,0.065408,0.74752,-0.28032,365,589,506,0.9233727425482086
2024-04-25 14:15:42.923000+00:00,2024-04-25 14:15:30+00:00,2024-04-25 14:17:30+00:00,TABUENCA01-45,Sensoria-C1-E90A,Left,Gait,1.0.5,40.3887119,-3.6292984,F0:75:B1:51:59:F6,SCKS,0.46875,1.437499,-0.21875,-15.68,34.720001,408.799988,0.270976,0.74752,-0.205568,715,558,709,1.527737379264185
2024-04-25 14:15:42.932000+00:00,2024-04-25 14:15:30+00:00,2024-04-25 14:17:30+00:00,TABUENCA01-45,Sensoria-C1-EEA1,Right,Gait,1.0.5,40.3887119,-3.6292984,CB:AA:BC:3F:36:A5,SCKS,-0.019531,0.972657,0.003906,1.12,-2.24,56.0,0.074752,0.74752,-0.270976,354,578,515,0.9728609132070216
2024-04-25 14:15:42.956000+00:00,2024-04-25 14:15:30+00:00,2024-04-25 14:17:30+00:00,TABUENCA01-45,Sensoria-C1-E90A,Left,Gait,1.0.5,40.3887119,-3.6292984,F0:75:B1:51:59:F6,SCKS,0.40625,2.749999,-0.15625,-11.2,31.360001,453.600006,0.401792,0.65408,-0.2336,713,557,708,2.7842319632173247
2024-04-25 14:15:42.980000+00:00,2024-04-25 14:15:30+00:00,2024-04-25 14:17:30+00:00,TABUENCA01-45,Sensoria-C1-EEA1,Right,Gait,1.0.5,40.3887119,-3.6292984,CB:AA:BC:3F:36:A5,SCKS,-0.050781,1.000001,0.035156,-3.36,-8.96,64.959999,0.084096,0.756864,-0.289664,342,562,522,1.0019065097592688
2024-04-25 14:15:42.981000+00:00,2024-04-25 14:15:30+00:00,2024-04-25 14:17:30+00:00,TABUENCA01-45,Sensoria-C1-EEA1,Right,Gait,1.0.5,40.3887119,-3.6292984,CB:AA:BC:3F:36:A5,SCKS,0.015625,1.070313,0.027344,-3.36,-15.68,73.919998,0.084096,0.756864,-0.289664,326,544,529,1.070776238497101
2024-04-25 14:15:42.988000+00:00,2024-04-25 14:15:30+00:00,2024-04-25 14:17:30+00:00,TABUENCA01-45,Sensoria-C1-E90A,Left,Gait,1.0.5,40.3887119,-3.6292984,F0:75:B1:51:59:F6,SCKS,-0.375,3.406248,0.15625,-21.280001,52.639999,455.839996,0.457856,0.579328,-0.242944,712,557,705,3.430388389090075
2024-04-25 14:15:42.997000+00:00,2024-04-25 14:15:30+00:00,2024-04-25 14:17:30+00:00,TABUENCA01-45,Sensoria-C1-EEA1,Right,Gait,1.0.5,40.3887119,-3.6292984,CB:AA:BC:3F:36:A5,SCKS,0.015625,1.062501,0.023438,-11.2,-8.96,81.760002,0.09344,0.756864,-0.299008,308,522,546,1.0628743366315698
2024-04-25 14:15:43.013000+00:00,2024-04-25 14:15:30+00:00,2024-04-25 14:17:30+00:00,TABUENCA01-45,Sensoria-C1-EEA1,Right,Gait,1.0.5,40.3887119,-3.6292984,CB:AA:BC:3F:36:A5,SCKS,-0.046875,1.203126,-0.027344,-10.08,-16.799999,92.959999,0.102784,0.766208,-0.289664,293,499,576,1.2043492565850655
2024-04-25 14:15:43.021000+00:00,2024-04-25 14:15:30+00:00,2024-04-25 14:17:30+00:00,TABUENCA01-45,Sensoria-C1-E90A,Left,Gait,1.0.5,40.3887119,-3.6292984,F0:75:B1:51:59:F6,SCKS,-1.624999,2.624999,-1.843749,-17.92,108.639999,355.040009,0.504576,0.523264,-0.252288,710,556,709,3.595921561297326
2024-04-25 14:15:43.029000+00:00,2024-04-25 14:15:30+00:00,2024-04-25 14:17:30+00:00,TABUENCA01-45,Sensoria-C1-EEA1,Right,Gait,1.0.5,40.3887119,-3.6292984,CB:AA:BC:3F:36:A5,SCKS,-0.027344,1.246095,0.015625,-10.08,-21.280001,112.0,0.121472,0.766208,-0.289664,277,475,622,1.2464929137327656
2024-04-25 14:15:43.053000+00:00,2024-04-25 14:15:30+00:00,2024-04-25 14:17:30+00:00,TABUENCA01-45,Sensoria-C1-E90A,Left,Gait,1.0.5,40.3887119,-3.6292984,F0:75:B1:51:59:F6,SCKS,-4.656248,0.968749,-0.46875,-5.6,-38.080002,126.559998,0.523264,0.457856,-0.261632,710,556,712,4.779000588512727
2024-04-25 14:15:43.062000+00:00,2024-04-25 14:15:30+00:00,2024-04-25 14:17:30+00:00,TABUENCA01-45,Sensoria-C1-EEA1,Right,Gait,1.0.5,40.3887119,-3.6292984,CB:AA:BC:3F:36:A5,SCKS,-0.089844,1.363282,0.144531,-14.56,-22.4,126.559998,0.14016,0.784896,-0.289664,261,453,661,1.3738627900270828
2024-04-25 14:15:43.078000+00:00,2024-04-25 14:15:30+00:00,2024-04-25 14:17:30+00:00,TABUENCA01-45,Sensoria-C1-EEA1,Right,Gait,1.0.5,40.3887119,-3.6292984,CB:AA:BC:3F:36:A5,SCKS,-0.09375,1.54297,0.003906,-16.799999,-28.0,145.600006,0.158848,0.784896,-0.28032,252,441,685,1.5458204100852078
2024-04-25 14:15:43.086000+00:00,2024-04-25 14:15:30+00:00,2024-04-25 14:17:30+00:00,TABUENCA01-45,Sensoria-C1-E90A,Left,Gait,1.0.5,40.3887119,-3.6292984,F0:75:B1:51:59:F6,SCKS,-0.71875,4.156248,0.5625,13.440001,-1.12,-134.399994,0.523264,0.476544,-0.2336,706,555,713,4.255279691160617
2024-04-25 14:15:43.094000+00:00,2024-04-25 14:15:30+00:00,2024-04-25 14:17:30+00:00,TABUENCA01-45,Sensoria-C1-EEA1,Right,Gait,1.0.5,40.3887119,-3.6292984,CB:AA:BC:3F:36:A5,SCKS,-0.21875,1.753908,-0.066406,-20.16,-21.280001,166.880005,0.158848,0.784896,-0.28032,243,444,700,1.7687437891905091
2024-04-25 14:15:43.111000+00:00,2024-04-25 14:15:30+00:00,2024-04-25 14:17:30+00:00,TABUENCA01-45,Sensoria-C1-EEA1,Right,Gait,1.0.5,40.3887119,-3.6292984,CB:AA:BC:3F:36:A5,SCKS,-0.429688,1.996095,0.035156,-20.16,-1.12,189.279999,0.18688,0.79424,-0.308352,242,468,711,2.0421221733052604
2024-04-25 14:15:43.118000+00:00,2024-04-25 14:15:30+00:00,2024-04-25 14:17:30+00:00,TABUENCA01-45,Sensoria-C1-E90A,Left,Gait,1.0.5,40.3887119,-3.6292984,F0:75:B1:51:59:F6,SCKS,-0.6875,1.156249,0.968749,48.16,216.160004,-204.960007,0.504576,0.504576,-0.261632,713,555,684,1.6577221193559553
2024-04-25 14:15:43.143000+00:00,2024-04-25 14:15:30+00:00,2024-04-25 14:17:30+00:00,TABUENCA01-45,Sensoria-C1-EEA1,Right,Gait,1.0.5,40.3887119,-3.6292984,CB:AA:BC:3F:36:A5,SCKS,-1.015626,1.996095,0.464844,-38.080002,44.799999,218.399994,0.224256,0.803584,-0.308352,253,497,713,2.2873502935136543
2024-04-25 14:15:43.151000+00:00,2024-04-25 14:15:30+00:00,2024-04-25 14:17:30+00:00,TABUENCA01-45,Sensoria-C1-E90A,Left,Gait,1.0.5,40.3887119,-3.6292984,F0:75:B1:51:59:F6,SCKS,-0.21875,1.499999,-0.0625,100.800003,40.32,-246.399994,0.495232,0.541952,-0.299008,717,561,605,1.517153523049332
2024-04-25 14:15:43.159000+00:00,2024-04-25 14:15:30+00:00,2024-04-25 14:17:30+00:00,TABUENCA01-45,Sensoria-C1-EEA1,Right,Gait,1.0.5,40.3887119,-3.6292984,CB:AA:BC:3F:36:A5,SCKS,-1.179688,1.996095,0.496094,-50.400002,58.240002,253.119995,0.270976,0.803584,-0.308352,273,526,718,2.371111191657827
2024-04-25 14:15:43.176000+00:00,2024-04-25 14:15:30+00:00,2024-04-25 14:17:30+00:00,TABUENCA01-45,Sensoria-C1-EEA1,Right,Gait,1.0.5,40.3887119,-3.6292984,CB:AA:BC:3F:36:A5,SCKS,-0.445313,1.996095,-0.34375,-33.599998,-1.12,314.720001,0.32704,0.803584,-0.317696,315,574,721,2.073852207726963
2024-04-25 14:15:43.183000+00:00,2024-04-25 14:15:30+00:00,2024-04-25 14:17:30+00:00,TABUENCA01-45,Sensoria-C1-E90A,Left,Gait,1.0.5,40.3887119,-3.6292984,F0:75:B1:51:59:F6,SCKS,-1.374999,2.374999,0.40625,145.600006,88.480003,-216.160004,0.4672,0.579328,-0.28032,710,568,467,2.7742172882638445
2024-04-25 14:15:43.192000+00:00,2024-04-25 14:15:30+00:00,2024-04-25 14:17:30+00:00,TABUENCA01-45,Sensoria-C1-EEA1,Right,Gait,1.0.5,40.3887119,-3.6292984,CB:AA:BC:3F:36:A5,SCKS,-0.753907,1.988283,-0.734376,-23.52,-73.919998,327.040009,0.32704,0.803584,-0.317696,376,630,722,2.2496562319861226
2024-04-25 14:15:43.199000+00:00,2024-04-25 14:15:30+00:00,2024-04-25 14:17:30+00:00,TABUENCA01-45,Sensoria-C1-E90A,Left,Gait,1.0.5,40.3887119,-3.6292984,F0:75:B1:51:59:F6,SCKS,0.03125,0.968749,-0.375,79.519997,-72.800003,-126.559998,0.42048,0.65408,-0.252288,668,550,370,1.0392671396233983
2024-04-25 14:15:43.208000+00:00,2024-04-25 14:15:30+00:00,2024-04-25 14:17:30+00:00,TABUENCA01-45,Sensoria-C1-EEA1,Right,Gait,1.0.5,40.3887119,-3.6292984,CB:AA:BC:3F:36:A5,SCKS,-0.628907,0.429688,-0.589844,7.84,-45.920002,266.559998,0.383104,0.803584,-0.317696,439,676,724,0.9633647991955073
2024-04-25 14:15:43.241000+00:00,2024-04-25 14:15:30+00:00,2024-04-25 14:17:30+00:00,TABUENCA01-45,Sensoria-C1-EEA1,Right,Gait,1.0.5,40.3887119,-3.6292984,CB:AA:BC:3F:36:A5,SCKS,0.906251,-0.164063,-0.902344,-4.48,67.199997,173.600006,0.42048,0.79424,-0.317696,477,702,723,1.2893534183093478
2024-04-25 14:15:43.248000+00:00,2024-04-25 14:15:30+00:00,2024-04-25 14:17:30+00:00,TABUENCA01-45,Sensoria-C1-E90A,Left,Gait,1.0.5,40.3887119,-3.6292984,F0:75:B1:51:59:F6,SCKS,0.03125,0.999999,-0.1875,43.68,-49.279999,-71.68,0.401792,0.663424,-0.252288,631,518,362,1.017905109772517
2024-04-25 14:15:43.257000+00:00,2024-04-25 14:15:30+00:00,2024-04-25 14:17:30+00:00,TABUENCA01-45,Sensoria-C1-EEA1,Right,Gait,1.0.5,40.3887119,-3.6292984,CB:AA:BC:3F:36:A5,SCKS,-1.148438,0.347656,-0.550782,-16.799999,184.800003,44.799999,0.439168,0.784896,-0.32704,497,714,720,1.3202785106575052
2024-04-25 14:15:43.264000+00:00,2024-04-25 14:15:30+00:00,2024-04-25 14:17:30+00:00,TABUENCA01-45,Sensoria-C1-E90A,Left,Gait,1.0.5,40.3887119,-3.6292984,F0:75:B1:51:59:F6,SCKS,0.03125,0.999999,-0.125,36.959999,-42.560001,-54.880001,0.383104,0.682112,-0.224256,595,486,381,1.008265621005199
2024-04-25 14:15:43.273000+00:00,2024-04-25 14:15:30+00:00,2024-04-25 14:17:30+00:00,TABUENCA01-45,Sensoria-C1-EEA1,Right,Gait,1.0.5,40.3887119,-3.6292984,CB:AA:BC:3F:36:A5,SCKS,-1.382813,0.144531,-0.25,-57.119999,160.160004,-47.040001,0.429824,0.79424,-0.345728,508,722,720,1.412643268107699
2024-04-25 14:15:43.296000+00:00,2024-04-25 14:15:30+00:00,2024-04-25 14:17:30+00:00,TABUENCA01-45,Sensoria-C1-E90A,Left,Gait,1.0.5,40.3887119,-3.6292984,F0:75:B1:51:59:F6,SCKS,0.0625,0.968749,-0.28125,22.4,-41.439999,-38.080002,0.37376,0.691456,-0.205568,566,457,422,1.0106841432915628
2024-04-25 14:15:43.321000+00:00,2024-04-25 14:15:30+00:00,2024-04-25 14:17:30+00:00,TABUENCA01-45,Sensoria-C1-EEA1,Right,Gait,1.0.5,40.3887119,-3.6292984,CB:AA:BC:3F:36:A5,SCKS,-0.394532,-0.226563,-0.0625,20.16,32.48,-131.039993,0.42048,0.803584,-0.355072,513,725,717,0.45923038008498523
2024-04-25 14:15:43.329000+00:00,2024-04-25 14:15:30+00:00,2024-04-25 14:17:30+00:00,TABUENCA01-45,Sensoria-C1-E90A,Left,Gait,1.0.5,40.3887119,-3.6292984,F0:75:B1:51:59:F6,SCKS,0.03125,0.968749,-0.1875,-1.12,-45.920002,-30.24,0.37376,0.691456,-0.214912,548,435,478,0.9872220811453722
2024-04-25 14:15:43.361000+00:00,2024-04-25 14:15:30+00:00,2024-04-25 14:17:30+00:00,TABUENCA01-45,Sensoria-C1-E90A,Left,Gait,1.0.5,40.3887119,-3.6292984,F0:75:B1:51:59:F6,SCKS,0.03125,0.968749,-0.25,-1.12,-36.959999,-19.040001,0.364416,0.691456,-0.205568,534,421,538,1.0009751183226285
2024-04-25 14:15:43.370000+00:00,2024-04-25 14:15:30+00:00,2024-04-25 14:17:30+00:00,TABUENCA01-45,Sensoria-C1-EEA1,Right,Gait,1.0.5,40.3887119,-3.6292984,CB:AA:BC:3F:36:A5,SCKS,-0.632813,0.296875,-0.171875,44.799999,-20.16,-252.0,0.345728,0.812928,-0.336384,515,725,715,0.7198111378820141
2024-04-25 14:15:43.371000+00:00,2024-04-25 14:15:30+00:00,2024-04-25 14:17:30+00:00,TABUENCA01-45,Sensoria-C1-EEA1,Right,Gait,1.0.5,40.3887119,-3.6292984,CB:AA:BC:3F:36:A5,SCKS,-0.46875,0.386719,-0.128906,49.279999,-41.439999,-292.320007,0.345728,0.812928,-0.336384,514,724,716,0.6212043981629557
2024-04-25 14:15:43.394000+00:00,2024-04-25 14:15:30+00:00,2024-04-25 14:17:30+00:00,TABUENCA01-45,Sensoria-C1-E90A,Left,Gait,1.0.5,40.3887119,-3.6292984,F0:75:B1:51:59:F6,SCKS,0.0,0.9375,-0.25,-5.6,-29.120001,-15.68,0.355072,0.7008,-0.196224,527,410,590,0.9702609185162515
2024-04-25 14:15:43.403000+00:00,2024-04-25 14:15:30+00:00,2024-04-25 14:17:30+00:00,TABUENCA01-45,Sensoria-C1-EEA1,Right,Gait,1.0.5,40.3887119,-3.6292984,CB:AA:BC:3F:36:A5,SCKS,-0.5,0.660157,-0.117188,58.240002,-53.760002,-329.279999,0.289664,0.812928,-0.345728,513,724,715,0.8363852533330558
2024-04-25 14:15:43.419000+00:00,2024-04-25 14:15:30+00:00,2024-04-25 14:17:30+00:00,TABUENCA01-45,Sensoria-C1-EEA1,Right,Gait,1.0.5,40.3887119,-3.6292984,CB:AA:BC:3F:36:A5,SCKS,-0.503907,1.003907,-0.101563,60.48,-52.639999,-361.76001,0.224256,0.803584,-0.32704,514,723,714,1.1278592874410354
2024-04-25 14:15:43.426000+00:00,2024-04-25 14:15:30+00:00,2024-04-25 14:17:30+00:00,TABUENCA01-45,Sensoria-C1-E90A,Left,Gait,1.0.5,40.3887119,-3.6292984,F0:75:B1:51:59:F6,SCKS,0.03125,0.968749,-0.3125,-4.48,-28.0,-16.799999,0.345728,0.7008,-0.196224,521,403,631,1.0183847197896285
2024-04-25 14:15:43.435000+00:00,2024-04-25 14:15:30+00:00,2024-04-25 14:17:30+00:00,TABUENCA01-45,Sensoria-C1-EEA1,Right,Gait,1.0.5,40.3887119,-3.6292984,CB:AA:BC:3F:36:A5,SCKS,-0.472657,1.414063,-0.054688,52.639999,-36.959999,-387.519989,0.158848,0.79424,-0.317696,513,724,713,1.4919683592362138
2024-04-25 14:15:43.451000+00:00,2024-04-25 14:15:30+00:00,2024-04-25 14:17:30+00:00,TABUENCA01-45,Sensoria-C1-EEA1,Right,Gait,1.0.5,40.3887119,-3.6292984,CB:AA:BC:3F:36:A5,SCKS,-0.347656,1.94922,0.078125,33.599998,6.72,-398.720001,0.09344,0.766208,-0.317696,513,723,712,1.981521339365539
2024-04-25 14:15:43.468000+00:00,2024-04-25 14:15:30+00:00,2024-04-25 14:17:30+00:00,TABUENCA01-45,Sensoria-C1-EEA1,Right,Gait,1.0.5,40.3887119,-3.6292984,CB:AA:BC:3F:36:A5,SCKS,-0.371094,1.996095,0.222656,35.84,31.360001,-397.600006,0.037376,0.728832,-0.299008,513,723,714,2.042469510224571
2024-04-25 14:15:43.475000+00:00,2024-04-25 14:15:30+00:00,2024-04-25 14:17:30+00:00,TABUENCA01-45,Sensoria-C1-E90A,Left,Gait,1.0.5,40.3887119,-3.6292984,F0:75:B1:51:59:F6,SCKS,-0.03125,0.9375,-0.25,-2.24,-31.360001,-21.280001,0.345728,0.710144,-0.196224,517,393,660,0.9707640354380667
2024-04-25 14:15:43.491000+00:00,2024-04-25 14:15:30+00:00,2024-04-25 14:17:30+00:00,TABUENCA01-45,Sensoria-C1-E90A,Left,Gait,1.0.5,40.3887119,-3.6292984,F0:75:B1:51:59:F6,SCKS,-0.0625,0.875,-0.125,1.12,-34.720001,-29.120001,0.336384,0.710144,-0.205568,509,381,678,0.8860904299223641
2024-04-25 14:15:43.500000+00:00,2024-04-25 14:15:30+00:00,2024-04-25 14:17:30+00:00,TABUENCA01-45,Sensoria-C1-EEA1,Right,Gait,1.0.5,40.3887119,-3.6292984,CB:AA:BC:3F:36:A5,SCKS,0.367188,1.996095,0.363282,85.120003,-35.84,-404.320007,0.037376,0.728832,-0.299008,512,722,713,2.0618428863259686
2024-04-25 14:15:43.516000+00:00,2024-04-25 14:15:30+00:00,2024-04-25 14:17:30+00:00,TABUENCA01-45,Sensoria-C1-EEA1,Right,Gait,1.0.5,40.3887119,-3.6292984,CB:AA:BC:3F:36:A5,SCKS,0.660157,1.996095,0.429688,58.240002,-42.560001,-417.76001,-0.009344,0.672768,-0.308352,513,722,714,2.14588776291259
2024-04-25 14:15:43.524000+00:00,2024-04-25 14:15:30+00:00,2024-04-25 14:17:30+00:00,TABUENCA01-45,Sensoria-C1-E90A,Left,Gait,1.0.5,40.3887119,-3.6292984,F0:75:B1:51:59:F6,SCKS,0.0,0.968749,-0.21875,3.36,-32.48,-50.400002,0.317696,0.719488,-0.177536,491,350,699,0.9931395609384414
2024-04-25 14:15:43.533000+00:00,2024-04-25 14:15:30+00:00,2024-04-25 14:17:30+00:00,TABUENCA01-45,Sensoria-C1-EEA1,Right,Gait,1.0.5,40.3887119,-3.6292984,CB:AA:BC:3F:36:A5,SCKS,1.734376,1.996095,-0.347656,26.880001,-53.760002,-384.160004,-0.065408,0.616704,-0.289664,511,724,714,2.6670808110623496
2024-04-25 14:15:43.549000+00:00,2024-04-25 14:15:30+00:00,2024-04-25 14:17:30+00:00,TABUENCA01-45,Sensoria-C1-EEA1,Right,Gait,1.0.5,40.3887119,-3.6292984,CB:AA:BC:3F:36:A5,SCKS,1.996095,1.812501,-0.417969,68.32,-59.360001,-234.080002,-0.084096,0.579328,-0.289664,510,723,715,2.7284158790380544
2024-04-25 14:15:43.557000+00:00,2024-04-25 14:15:30+00:00,2024-04-25 14:17:30+00:00,TABUENCA01-45,Sensoria-C1-E90A,Left,Gait,1.0.5,40.3887119,-3.6292984,F0:75:B1:51:59:F6,SCKS,0.03125,1.156249,-0.125,-2.24,-33.599998,-69.440002,0.308352,0.728832,-0.177536,471,323,710,1.1634059104633259
2024-04-25 14:15:43.573000+00:00,2024-04-25 14:15:30+00:00,2024-04-25 14:17:30+00:00,TABUENCA01-45,Sensoria-C1-E90A,Left,Gait,1.0.5,40.3887119,-3.6292984,F0:75:B1:51:59:F6,SCKS,0.03125,1.218749,0.0,0.0,-26.880001,-96.32,0.289664,0.738176,-0.177536,457,302,719,1.219149575524267
2024-04-25 14:15:43.582000+00:00,2024-04-25 14:15:30+00:00,2024-04-25 14:17:30+00:00,TABUENCA01-45,Sensoria-C1-EEA1,Right,Gait,1.0.5,40.3887119,-3.6292984,CB:AA:BC:3F:36:A5,SCKS,1.996095,1.351563,0.386719,58.240002,54.880001,-118.720001,-0.084096,0.56064,-0.289664,510,724,717,2.4414482130397523
2024-04-25 14:15:43.598000+00:00,2024-04-25 14:15:30+00:00,2024-04-25 14:17:30+00:00,TABUENCA01-45,Sensoria-C1-EEA1,Right,Gait,1.0.5,40.3887119,-3.6292984,CB:AA:BC:3F:36:A5,SCKS,1.996095,1.976564,0.949219,26.880001,22.4,8.96,-0.084096,0.56064,-0.289664,510,725,718,2.9651673148545936
2024-04-25 14:15:43.605000+00:00,2024-04-25 14:15:30+00:00,2024-04-25 14:17:30+00:00,TABUENCA01-45,Sensoria-C1-E90A,Left,Gait,1.0.5,40.3887119,-3.6292984,F0:75:B1:51:59:F6,SCKS,0.28125,1.468749,-0.34375,7.84,-14.56,-134.399994,0.28032,0.74752,-0.177536,447,295,722,1.5344345049564678
2024-04-25 14:15:43.614000+00:00,2024-04-25 14:15:30+00:00,2024-04-25 14:17:30+00:00,TABUENCA01-45,Sensoria-C1-EEA1,Right,Gait,1.0.5,40.3887119,-3.6292984,CB:AA:BC:3F:36:A5,SCKS,-2.000001,1.996095,0.363282,22.4,-170.240005,98.559998,-0.084096,0.569984,-0.299008,514,725,701,2.8489248955614817
2024-04-25 14:15:43.631000+00:00,2024-04-25 14:15:30+00:00,2024-04-25 14:17:30+00:00,TABUENCA01-45,Sensoria-C1-EEA1,Right,Gait,1.0.5,40.3887119,-3.6292984,CB:AA:BC:3F:36:A5,SCKS,0.914063,1.140626,1.76172,50.400002,-194.880005,216.160004,-0.084096,0.579328,-0.32704,522,726,655,2.2891474828514218
2024-04-25 14:15:43.638000+00:00,2024-04-25 14:15:30+00:00,2024-04-25 14:17:30+00:00,TABUENCA01-45,Sensoria-C1-E90A,Left,Gait,1.0.5,40.3887119,-3.6292984,F0:75:B1:51:59:F6,SCKS,0.46875,2.031249,-0.34375,6.72,-26.880001,-184.800003,0.252288,0.756864,-0.18688,466,317,721,2.112785631577657
2024-04-25 14:15:43.663000+00:00,2024-04-25 14:15:30+00:00,2024-04-25 14:17:30+00:00,TABUENCA01-45,Sensoria-C1-EEA1,Right,Gait,1.0.5,40.3887119,-3.6292984,CB:AA:BC:3F:36:A5,SCKS,0.472657,1.988283,0.203125,68.32,-81.760002,271.040009,-0.056064,0.616704,-0.336384,530,731,582,2.0537608656713178
2024-04-25 14:15:43.670000+00:00,2024-04-25 14:15:30+00:00,2024-04-25 14:17:30+00:00,TABUENCA01-45,Sensoria-C1-E90A,Left,Gait,1.0.5,40.3887119,-3.6292984,F0:75:B1:51:59:F6,SCKS,1.406249,2.874999,-0.09375,-26.880001,-71.68,-235.199997,0.177536,0.784896,-0.177536,521,360,720,3.2018657939554553
2024-04-25 14:15:43.679000+00:00,2024-04-25 14:15:30+00:00,2024-04-25 14:17:30+00:00,TABUENCA01-45,Sensoria-C1-EEA1,Right,Gait,1.0.5,40.3887119,-3.6292984,CB:AA:BC:3F:36:A5,SCKS,0.320313,1.484376,-0.414063,53.760002,49.279999,245.279999,-0.037376,0.663424,-0.32704,532,732,496,1.5739824317043694
2024-04-25 14:15:43.695000+00:00,2024-04-25 14:15:30+00:00,2024-04-25 14:17:30+00:00,TABUENCA01-45,Sensoria-C1-EEA1,Right,Gait,1.0.5,40.3887119,-3.6292984,CB:AA:BC:3F:36:A5,SCKS,0.628907,1.339845,-0.488282,20.16,-4.48,219.520004,-0.037376,0.663424,-0.32704,526,733,433,1.5585659916083117
2024-04-25 14:15:43.703000+00:00,2024-04-25 14:15:30+00:00,2024-04-25 14:17:30+00:00,TABUENCA01-45,Sensoria-C1-E90A,Left,Gait,1.0.5,40.3887119,-3.6292984,F0:75:B1:51:59:F6,SCKS,0.5625,2.281249,-0.4375,-61.599998,-151.199997,-241.919998,0.121472,0.79424,-0.177536,564,408,718,2.3899601461114366
2024-04-25 14:15:43.712000+00:00,2024-04-25 14:15:30+00:00,2024-04-25 14:17:30+00:00,TABUENCA01-45,Sensoria-C1-EEA1,Right,Gait,1.0.5,40.3887119,-3.6292984,CB:AA:BC:3F:36:A5,SCKS,0.082031,0.750001,0.242188,-17.92,52.639999,182.559998,-0.018688,0.691456,-0.317696,508,735,391,0.7923923348354652
2024-04-25 14:15:43.728000+00:00,2024-04-25 14:15:30+00:00,2024-04-25 14:17:30+00:00,TABUENCA01-45,Sensoria-C1-EEA1,Right,Gait,1.0.5,40.3887119,-3.6292984,CB:AA:BC:3F:36:A5,SCKS,0.109375,1.097657,0.046875,-10.08,16.799999,133.279999,0.0,0.710144,-0.317696,484,723,363,1.1040883324711843
2024-04-25 14:15:43.736000+00:00,2024-04-25 14:15:30+00:00,2024-04-25 14:17:30+00:00,TABUENCA01-45,Sensoria-C1-E90A,Left,Gait,1.0.5,40.3887119,-3.6292984,F0:75:B1:51:59:F6,SCKS,0.90625,1.624999,-0.625,4.48,20.16,-299.040009,0.065408,0.79424,-0.177536,624,482,718,1.9627877655266248
2024-04-25 14:15:43.761000+00:00,2024-04-25 14:15:30+00:00,2024-04-25 14:17:30+00:00,TABUENCA01-45,Sensoria-C1-EEA1,Right,Gait,1.0.5,40.3887119,-3.6292984,CB:AA:BC:3F:36:A5,SCKS,0.007813,0.976563,0.144531,-10.08,21.280001,98.559998,0.009344,0.719488,-0.317696,461,704,345,0.9872312524930519
2024-04-25 14:15:43.768000+00:00,2024-04-25 14:15:30+00:00,2024-04-25 14:17:30+00:00,TABUENCA01-45,Sensoria-C1-E90A,Left,Gait,1.0.5,40.3887119,-3.6292984,F0:75:B1:51:59:F6,SCKS,0.5625,0.15625,-0.3125,21.280001,-20.16,-173.600006,0.028032,0.784896,-0.196224,675,539,720,0.6621756281380341
2024-04-25 14:15:43.777000+00:00,2024-04-25 14:15:30+00:00,2024-04-25 14:17:30+00:00,TABUENCA01-45,Sensoria-C1-EEA1,Right,Gait,1.0.5,40.3887119,-3.6292984,CB:AA:BC:3F:36:A5,SCKS,-0.035156,0.996094,0.144531,30.24,-26.880001,58.240002,0.028032,0.728832,-0.317696,437,670,338,1.0071387248701145
2024-04-25 14:15:43.793000+00:00,2024-04-25 14:15:30+00:00,2024-04-25 14:17:30+00:00,TABUENCA01-45,Sensoria-C1-EEA1,Right,Gait,1.0.5,40.3887119,-3.6292984,CB:AA:BC:3F:36:A5,SCKS,0.023438,1.085938,-0.144531,45.920002,-25.76,54.880001,0.028032,0.728832,-0.317696,427,653,340,1.0957645229012483
2024-04-25 14:15:43.801000+00:00,2024-04-25 14:15:30+00:00,2024-04-25 14:17:30+00:00,TABUENCA01-45,Sensoria-C1-E90A,Left,Gait,1.0.5,40.3887119,-3.6292984,F0:75:B1:51:59:F6,SCKS,0.6875,0.40625,-0.25,25.76,-191.520004,10.08,0.0,0.784896,-0.18688,699,557,719,0.8367767399372428
2024-04-25 14:15:43.810000+00:00,2024-04-25 14:15:30+00:00,2024-04-25 14:17:30+00:00,TABUENCA01-45,Sensoria-C1-EEA1,Right,Gait,1.0.5,40.3887119,-3.6292984,CB:AA:BC:3F:36:A5,SCKS,-0.039063,0.992188,-0.042969,11.2,-7.84,42.560001,0.028032,0.738176,-0.308352,419,639,350,0.9938859493291974
2024-04-25 14:15:43.833000+00:00,2024-04-25 14:15:30+00:00,2024-04-25 14:17:30+00:00,TABUENCA01-45,Sensoria-C1-E90A,Left,Gait,1.0.5,40.3887119,-3.6292984,F0:75:B1:51:59:F6,SCKS,1.437499,0.03125,0.0,-6.72,-75.040001,147.839996,0.018688,0.79424,-0.196224,709,562,718,1.437838634027129
2024-04-25 14:15:43.857000+00:00,2024-04-25 14:15:30+00:00,2024-04-25 14:17:30+00:00,TABUENCA01-45,Sensoria-C1-EEA1,Right,Gait,1.0.5,40.3887119,-3.6292984,CB:AA:BC:3F:36:A5,SCKS,-0.046875,0.984376,0.019531,3.36,-4.48,39.200001,0.037376,0.738176,-0.308352,412,627,363,0.9856849572566277
2024-04-25 14:15:43.859000+00:00,2024-04-25 14:15:30+00:00,2024-04-25 14:17:30+00:00,TABUENCA01-45,Sensoria-C1-EEA1,Right,Gait,1.0.5,40.3887119,-3.6292984,CB:AA:BC:3F:36:A5,SCKS,-0.007813,0.984376,-0.039063,-5.6,1.12,35.84,0.037376,0.738176,-0.308352,408,619,381,0.9851817448136156
2024-04-25 14:15:43.866000+00:00,2024-04-25 14:15:30+00:00,2024-04-25 14:17:30+00:00,TABUENCA01-45,Sensoria-C1-E90A,Left,Gait,1.0.5,40.3887119,-3.6292984,F0:75:B1:51:59:F6,SCKS,0.34375,0.15625,0.03125,26.880001,42.560001,253.119995,0.037376,0.79424,-0.18688,712,563,713,0.3788861141556919
2024-04-25 14:15:43.874000+00:00,2024-04-25 14:15:30+00:00,2024-04-25 14:17:30+00:00,TABUENCA01-45,Sensoria-C1-EEA1,Right,Gait,1.0.5,40.3887119,-3.6292984,CB:AA:BC:3F:36:A5,SCKS,-0.015625,0.964844,-0.097656,-11.2,13.440001,33.599998,0.037376,0.74752,-0.317696,405,612,399,0.9698993655513958
2024-04-25 14:15:43.882000+00:00,2024-04-25 14:15:30+00:00,2024-04-25 14:17:30+00:00,TABUENCA01-45,Sensoria-C1-E90A,Left,Gait,1.0.5,40.3887119,-3.6292984,F0:75:B1:51:59:F6,SCKS,0.59375,0.6875,0.0,13.440001,51.52,318.079987,0.149504,0.79424,-0.177536,714,562,713,0.9084026158592896
2024-04-25 14:15:43.914000+00:00,2024-04-25 14:15:30+00:00,2024-04-25 14:17:30+00:00,TABUENCA01-45,Sensoria-C1-E90A,Left,Gait,1.0.5,40.3887119,-3.6292984,F0:75:B1:51:59:F6,SCKS,0.28125,0.90625,0.15625,0.0,73.919998,364.0,0.214912,0.775552,-0.18688,713,559,711,0.9616676595893199
2024-04-25 14:15:43.922000+00:00,2024-04-25 14:15:30+00:00,2024-04-25 14:17:30+00:00,TABUENCA01-45,Sensoria-C1-EEA1,Right,Gait,1.0.5,40.3887119,-3.6292984,CB:AA:BC:3F:36:A5,SCKS,0.019531,0.953126,-0.0625,-16.799999,28.0,28.0,0.04672,0.74752,-0.308352,401,610,417,0.9553726403016783
2024-04-25 14:15:43.924000+00:00,2024-04-25 14:15:30+00:00,2024-04-25 14:17:30+00:00,TABUENCA01-45,Sensoria-C1-EEA1,Right,Gait,1.0.5,40.3887119,-3.6292984,CB:AA:BC:3F:36:A5,SCKS,-0.023438,0.960938,-0.035156,-4.48,21.280001,22.4,0.056064,0.74752,-0.308352,398,604,433,0.9618664793119677
2024-04-25 14:15:43.947000+00:00,2024-04-25 14:15:30+00:00,2024-04-25 14:17:30+00:00,TABUENCA01-45,Sensoria-C1-E90A,Left,Gait,1.0.5,40.3887119,-3.6292984,F0:75:B1:51:59:F6,SCKS,0.40625,1.437499,0.0625,-16.799999,48.16,412.160004,0.289664,0.74752,-0.18688,714,559,710,1.4951082527700128
2024-04-25 14:15:43.955000+00:00,2024-04-25 14:15:30+00:00,2024-04-25 14:17:30+00:00,TABUENCA01-45,Sensoria-C1-EEA1,Right,Gait,1.0.5,40.3887119,-3.6292984,CB:AA:BC:3F:36:A5,SCKS,-0.007813,0.964844,-0.082031,-2.24,10.08,20.16,0.065408,0.74752,-0.317696,393,596,444,0.9683563766847411
2024-04-25 14:15:43.971000+00:00,2024-04-25 14:15:30+00:00,2024-04-25 14:17:30+00:00,TABUENCA01-45,Sensoria-C1-EEA1,Right,Gait,1.0.5,40.3887119,-3.6292984,CB:AA:BC:3F:36:A5,SCKS,-0.011719,0.957032,-0.015625,-11.2,3.36,20.16,0.065408,0.74752,-0.317696,388,590,453,0.9572312806265788
2024-04-25 14:15:43.972000+00:00,2024-04-25 14:15:30+00:00,2024-04-25 14:17:30+00:00,TABUENCA01-45,Sensoria-C1-EEA1,Right,Gait,1.0.5,40.3887119,-3.6292984,CB:AA:BC:3F:36:A5,SCKS,-0.058594,0.921876,0.027344,-13.440001,6.72,29.120001,0.056064,0.74752,-0.317696,381,580,459,0.9241408499509153
2024-04-25 14:15:43.979000+00:00,2024-04-25 14:15:30+00:00,2024-04-25 14:17:30+00:00,TABUENCA01-45,Sensoria-C1-E90A,Left,Gait,1.0.5,40.3887119,-3.6292984,F0:75:B1:51:59:F6,SCKS,0.46875,2.281249,0.09375,-43.68,12.32,437.920013,0.345728,0.710144,-0.18688,712,558,710,2.3307965644819797
2024-04-25 14:15:43.989000+00:00,2024-04-25 14:15:30+00:00,2024-04-25 14:17:30+00:00,TABUENCA01-45,Sensoria-C1-EEA1,Right,Gait,1.0.5,40.3887119,-3.6292984,CB:AA:BC:3F:36:A5,SCKS,-0.164063,0.949219,0.074219,-13.440001,3.36,50.400002,0.065408,0.74752,-0.308352,370,569,463,0.9661479378909837
2024-04-25 14:15:44.012000+00:00,2024-04-25 14:15:30+00:00,2024-04-25 14:17:30+00:00,TABUENCA01-45,Sensoria-C1-E90A,Left,Gait,1.0.5,40.3887119,-3.6292984,F0:75:B1:51:59:F6,SCKS,-0.34375,3.218748,0.3125,-32.48,34.720001,443.519989,0.457856,0.588672,-0.224256,712,558,707,3.2521007056983953
2024-04-25 14:15:44.036000+00:00,2024-04-25 14:15:30+00:00,2024-04-25 14:17:30+00:00,TABUENCA01-45,Sensoria-C1-EEA1,Right,Gait,1.0.5,40.3887119,-3.6292984,CB:AA:BC:3F:36:A5,SCKS,-0.039063,1.011719,0.054688,-13.440001,-10.08,73.919998,0.074752,0.756864,-0.317696,357,552,465,1.0139487315806457
2024-04-25 14:15:44.037000+00:00,2024-04-25 14:15:30+00:00,2024-04-25 14:17:30+00:00,TABUENCA01-45,Sensoria-C1-EEA1,Right,Gait,1.0.5,40.3887119,-3.6292984,CB:AA:BC:3F:36:A5,SCKS,0.039063,1.074219,0.019531,-19.040001,-10.08,84.0,0.084096,0.756864,-0.317696,340,529,468,1.0751064309597445
2024-04-25 14:15:44.044000+00:00,2024-04-25 14:15:30+00:00,2024-04-25 14:17:30+00:00,TABUENCA01-45,Sensoria-C1-E90A,Left,Gait,1.0.5,40.3887119,-3.6292984,F0:75:B1:51:59:F6,SCKS,-1.312499,3.124998,-0.375,-58.240002,51.52,381.920013,0.495232,0.523264,-0.224256,711,558,709,3.410115998760893
2024-04-25 14:15:44.068000+00:00,2024-04-25 14:15:30+00:00,2024-04-25 14:17:30+00:00,TABUENCA01-45,Sensoria-C1-EEA1,Right,Gait,1.0.5,40.3887119,-3.6292984,CB:AA:BC:3F:36:A5,SCKS,-0.023438,1.210938,0.0,-30.24,1.12,87.360001,0.084096,0.756864,-0.317696,321,506,481,1.211164802860453
2024-04-25 14:15:44.069000+00:00,2024-04-25 14:15:30+00:00,2024-04-25 14:17:30+00:00,TABUENCA01-45,Sensoria-C1-EEA1,Right,Gait,1.0.5,40.3887119,-3.6292984,CB:AA:BC:3F:36:A5,SCKS,-0.03125,1.210938,0.011719,-32.48,4.48,101.919998,0.09344,0.766208,-0.317696,303,484,514,1.2113978443537863
2024-04-25 14:15:44.093000+00:00,2024-04-25 14:15:30+00:00,2024-04-25 14:17:30+00:00,TABUENCA01-45,Sensoria-C1-E90A,Left,Gait,1.0.5,40.3887119,-3.6292984,F0:75:B1:51:59:F6,SCKS,-4.437498,0.968749,-0.1875,-15.68,22.4,178.080002,0.51392,0.4672,-0.242944,708,557,710,4.545879384124154
2024-04-25 14:15:44.101000+00:00,2024-04-25 14:15:30+00:00,2024-04-25 14:17:30+00:00,TABUENCA01-45,Sensoria-C1-EEA1,Right,Gait,1.0.5,40.3887119,-3.6292984,CB:AA:BC:3F:36:A5,SCKS,-0.082031,1.343751,-0.007813,-30.24,-1.12,125.440002,0.112128,0.775552,-0.32704,286,461,572,1.346275186553997
2024-04-25 14:15:44.109000+00:00,2024-04-25 14:15:30+00:00,2024-04-25 14:17:30+00:00,TABUENCA01-45,Sensoria-C1-E90A,Left,Gait,1.0.5,40.3887119,-3.6292984,F0:75:B1:51:59:F6,SCKS,-2.968748,1.874999,-0.4375,10.08,-76.160004,-36.959999,0.523264,0.457856,-0.224256,708,556,716,3.538430752113852
2024-04-25 14:15:44.118000+00:00,2024-04-25 14:15:30+00:00,2024-04-25 14:17:30+00:00,TABUENCA01-45,Sensoria-C1-EEA1,Right,Gait,1.0.5,40.3887119,-3.6292984,CB:AA:BC:3F:36:A5,SCKS,-0.132813,1.484376,0.035156,-28.0,-13.440001,150.080002,0.130816,0.784896,-0.317696,273,439,623,1.4907204119756996
2024-04-25 14:15:44.134000+00:00,2024-04-25 14:15:30+00:00,2024-04-25 14:17:30+00:00,TABUENCA01-45,Sensoria-C1-EEA1,Right,Gait,1.0.5,40.3887119,-3.6292984,CB:AA:BC:3F:36:A5,SCKS,-0.167969,1.769533,0.148438,-29.120001,-8.96,169.119995,0.168192,0.79424,-0.32704,262,428,660,1.7836744273812977
2024-04-25 14:15:44.142000+00:00,2024-04-25 14:15:30+00:00,2024-04-25 14:17:30+00:00,TABUENCA01-45,Sensoria-C1-E90A,Left,Gait,1.0.5,40.3887119,-3.6292984,F0:75:B1:51:59:F6,SCKS,4.968747,0.625,0.0,8.96,-8.96,-104.160004,0.51392,0.495232,-0.224256,708,555,702,5.007900932527419
2024-04-25 14:15:44.150000+00:00,2024-04-25 14:15:30+00:00,2024-04-25 14:17:30+00:00,TABUENCA01-45,Sensoria-C1-EEA1,Right,Gait,1.0.5,40.3887119,-3.6292984,CB:AA:BC:3F:36:A5,SCKS,-0.394532,1.996095,0.261719,-29.120001,-4.48,192.639999,0.168192,0.79424,-0.32704,259,432,681,2.0514744899730046
2024-04-25 14:15:44.174000+00:00,2024-04-25 14:15:30+00:00,2024-04-25 14:17:30+00:00,TABUENCA01-45,Sensoria-C1-E90A,Left,Gait,1.0.5,40.3887119,-3.6292984,F0:75:B1:51:59:F6,SCKS,-0.71875,1.968749,0.46875,56.0,162.399994,-273.279999,0.495232,0.532608,-0.252288,714,561,648,2.147626771578572
2024-04-25 14:15:44.183000+00:00,2024-04-25 14:15:30+00:00,2024-04-25 14:17:30+00:00,TABUENCA01-45,Sensoria-C1-EEA1,Right,Gait,1.0.5,40.3887119,-3.6292984,CB:AA:BC:3F:36:A5,SCKS,-0.808594,1.996095,0.371094,-38.080002,1.12,213.919998,0.205568,0.803584,-0.336384,276,458,694,2.185390185458194
2024-04-25 14:15:44.199000+00:00,2024-04-25 14:15:30+00:00,2024-04-25 14:17:30+00:00,TABUENCA01-45,Sensoria-C1-EEA1,Right,Gait,1.0.5,40.3887119,-3.6292984,CB:AA:BC:3F:36:A5,SCKS,-1.269532,1.996095,0.222656,-60.48,17.92,247.520004,0.2336,0.812928,-0.345728,298,483,702,2.376064486158783
2024-04-25 14:15:44.206000+00:00,2024-04-25 14:15:30+00:00,2024-04-25 14:17:30+00:00,TABUENCA01-45,Sensoria-C1-E90A,Left,Gait,1.0.5,40.3887119,-3.6292984,F0:75:B1:51:59:F6,SCKS,-0.125,1.593749,-0.15625,104.160004,11.2,-235.199997,0.476544,0.569984,-0.252288,715,565,516,1.606261167276667
2024-04-25 14:15:44.215000+00:00,2024-04-25 14:15:30+00:00,2024-04-25 14:17:30+00:00,TABUENCA01-45,Sensoria-C1-EEA1,Right,Gait,1.0.5,40.3887119,-3.6292984,CB:AA:BC:3F:36:A5,SCKS,-0.746094,1.996095,-0.519532,-52.639999,14.56,329.279999,0.299008,0.803584,-0.364416,331,526,709,2.1933912110895766
2024-04-25 14:15:44.223000+00:00,2024-04-25 14:15:30+00:00,2024-04-25 14:17:30+00:00,TABUENCA01-45,Sensoria-C1-E90A,Left,Gait,1.0.5,40.3887119,-3.6292984,F0:75:B1:51:59:F6,SCKS,-0.0625,1.593749,0.40625,80.639999,-48.16,-218.399994,0.457856,0.60736,-0.2336,706,572,402,1.645898291967338
2024-04-25 14:15:44.231000+00:00,2024-04-25 14:15:30+00:00,2024-04-25 14:17:30+00:00,TABUENCA01-45,Sensoria-C1-EEA1,Right,Gait,1.0.5,40.3887119,-3.6292984,CB:AA:BC:3F:36:A5,SCKS,-0.800782,1.996095,-1.031251,-33.599998,-38.080002,333.76001,0.345728,0.803584,-0.355072,383,589,712,2.385188815492392
2024-04-25 14:15:44.248000+00:00,2024-04-25 14:15:30+00:00,2024-04-25 14:17:30+00:00,TABUENCA01-45,Sensoria-C1-EEA1,Right,Gait,1.0.5,40.3887119,-3.6292984,CB:AA:BC:3F:36:A5,SCKS,-0.5625,0.253906,-0.785157,11.2,-30.24,291.200012,0.401792,0.803584,-0.355072,441,646,716,0.9986721291219656
2024-04-25 14:15:44.255000+00:00,2024-04-25 14:15:30+00:00,2024-04-25 14:17:30+00:00,TABUENCA01-45,Sensoria-C1-E90A,Left,Gait,1.0.5,40.3887119,-3.6292984,F0:75:B1:51:59:F6,SCKS,0.0625,0.968749,-0.125,73.919998,-71.68,-110.879997,0.429824,0.635392,-0.224256,678,563,353,0.9787777454565464
2024-04-25 14:15:44.280000+00:00,2024-04-25 14:15:30+00:00,2024-04-25 14:17:30+00:00,TABUENCA01-45,Sensoria-C1-EEA1,Right,Gait,1.0.5,40.3887119,-3.6292984,CB:AA:BC:3F:36:A5,SCKS,0.035156,-0.53125,-0.761719,11.2,45.920002,180.320007,0.401792,0.803584,-0.355072,479,684,713,0.9293429624186111
2024-04-25 14:15:44.288000+00:00,2024-04-25 14:15:30+00:00,2024-04-25 14:17:30+00:00,TABUENCA01-45,Sensoria-C1-E90A,Left,Gait,1.0.5,40.3887119,-3.6292984,F0:75:B1:51:59:F6,SCKS,0.0625,0.9375,-0.1875,36.959999,-51.52,-67.199997,0.401792,0.663424,-0.196224,645,537,343,0.9581068572972432
2024-04-25 14:15:44.313000+00:00,2024-04-25 14:15:30+00:00,2024-04-25 14:17:30+00:00,TABUENCA01-45,Sensoria-C1-EEA1,Right,Gait,1.0.5,40.3887119,-3.6292984,CB:AA:BC:3F:36:A5,SCKS,-1.066407,0.164063,-0.625,-7.84,151.199997,15.68,0.429824,0.784896,-0.364416,509,713,712,1.2469023849596248
2024-04-25 14:15:44.320000+00:00,2024-04-25 14:15:30+00:00,2024-04-25 14:17:30+00:00,TABUENCA01-45,Sensoria-C1-E90A,Left,Gait,1.0.5,40.3887119,-3.6292984,F0:75:B1:51:59:F6,SCKS,0.09375,0.999999,-0.21875,21.280001,-24.639999,-41.439999,0.392448,0.663424,-0.18688,615,505,349,1.0279292898837935
2024-04-25 14:15:44.329000+00:00,2024-04-25 14:15:30+00:00,2024-04-25 14:17:30+00:00,TABUENCA01-45,Sensoria-C1-EEA1,Right,Gait,1.0.5,40.3887119,-3.6292984,CB:AA:BC:3F:36:A5,SCKS,-0.820313,-0.066406,-0.074219,-25.76,80.639999,-62.720001,0.411136,0.79424,-0.37376,516,720,709,0.8263362722076285
2024-04-25 14:15:44.353000+00:00,2024-04-25 14:15:30+00:00,2024-04-25 14:17:30+00:00,TABUENCA01-45,Sensoria-C1-E90A,Left,Gait,1.0.5,40.3887119,-3.6292984,F0:75:B1:51:59:F6,SCKS,0.09375,0.968749,-0.21875,1.12,-28.0,-25.76,0.383104,0.672768,-0.196224,584,473,400,0.9975546350957425
2024-04-25 14:15:44.362000+00:00,2024-04-25 14:15:30+00:00,2024-04-25 14:17:30+00:00,TABUENCA01-45,Sensoria-C1-EEA1,Right,Gait,1.0.5,40.3887119,-3.6292984,CB:AA:BC:3F:36:A5,SCKS,-0.394532,-0.140625,-0.019531,29.120001,14.56,-104.160004,0.411136,0.79424,-0.37376,517,722,710,0.4192998325899976
2024-04-25 14:15:44.378000+00:00,2024-04-25 14:15:30+00:00,2024-04-25 14:17:30+00:00,TABUENCA01-45,Sensoria-C1-EEA1,Right,Gait,1.0.5,40.3887119,-3.6292984,CB:AA:BC:3F:36:A5,SCKS,-0.46875,-0.011719,-0.058594,56.0,-12.32,-154.559998,0.392448,0.803584,-0.37376,518,724,709,0.4725432829879184
2024-04-25 14:15:44.386000+00:00,2024-04-25 14:15:30+00:00,2024-04-25 14:17:30+00:00,TABUENCA01-45,Sensoria-C1-E90A,Left,Gait,1.0.5,40.3887119,-3.6292984,F0:75:B1:51:59:F6,SCKS,0.0625,0.968749,-0.1875,0.0,-44.799999,-24.639999,0.37376,0.682112,-0.18688,573,459,452,0.9887047714060047
2024-04-25 14:15:44.394000+00:00,2024-04-25 14:15:30+00:00,2024-04-25 14:17:30+00:00,TABUENCA01-45,Sensoria-C1-EEA1,Right,Gait,1.0.5,40.3887119,-3.6292984,CB:AA:BC:3F:36:A5,SCKS,-0.53125,0.226563,-0.101563,64.959999,-39.200001,-207.199997,0.364416,0.812928,-0.345728,519,726,706,0.5864063424264782
2024-04-25 14:15:44.411000+00:00,2024-04-25 14:15:30+00:00,2024-04-25 14:17:30+00:00,TABUENCA01-45,Sensoria-C1-EEA1,Right,Gait,1.0.5,40.3887119,-3.6292984,CB:AA:BC:3F:36:A5,SCKS,-0.476563,0.335938,-0.054688,64.959999,-62.720001,-254.240005,0.317696,0.812928,-0.345728,520,725,705,0.5856256570173476
2024-04-25 14:15:44.418000+00:00,2024-04-25 14:15:30+00:00,2024-04-25 14:17:30+00:00,TABUENCA01-45,Sensoria-C1-E90A,Left,Gait,1.0.5,40.3887119,-3.6292984,F0:75:B1:51:59:F6,SCKS,0.0625,0.9375,-0.25,8.96,-52.639999,-23.52,0.37376,0.682112,-0.177536,565,446,504,0.9722718241315028
2024-04-25 14:15:44.443000+00:00,2024-04-25 14:15:30+00:00,2024-04-25 14:17:30+00:00,TABUENCA01-45,Sensoria-C1-EEA1,Right,Gait,1.0.5,40.3887119,-3.6292984,CB:AA:BC:3F:36:A5,SCKS,-0.449219,0.523438,-0.003906,67.199997,-79.519997,-295.679993,0.270976,0.812928,-0.336384,518,725,706,0.6897827967128493
2024-04-25 14:15:44.451000+00:00,2024-04-25 14:15:30+00:00,2024-04-25 14:17:30+00:00,TABUENCA01-45,Sensoria-C1-E90A,Left,Gait,1.0.5,40.3887119,-3.6292984,F0:75:B1:51:59:F6,SCKS,0.03125,0.9375,-0.1875,3.36,-45.920002,-21.280001,0.364416,0.691456,-0.158848,560,437,551,0.9565767415633729
2024-04-25 14:15:44.459000+00:00,2024-04-25 14:15:30+00:00,2024-04-25 14:17:30+00:00,TABUENCA01-45,Sensoria-C1-EEA1,Right,Gait,1.0.5,40.3887119,-3.6292984,CB:AA:BC:3F:36:A5,SCKS,-0.445313,0.789063,0.015625,67.199997,-80.639999,-331.519989,0.270976,0.812928,-0.336384,517,725,704,0.9061833294444341
2024-04-25 14:15:44.476000+00:00,2024-04-25 14:15:30+00:00,2024-04-25 14:17:30+00:00,TABUENCA01-45,Sensoria-C1-EEA1,Right,Gait,1.0.5,40.3887119,-3.6292984,CB:AA:BC:3F:36:A5,SCKS,-0.460938,1.152345,0.050781,58.240002,-66.080002,-358.399994,0.214912,0.803584,-0.317696,517,724,705,1.2421519829835639
2024-04-25 14:15:44.483000+00:00,2024-04-25 14:15:30+00:00,2024-04-25 14:17:30+00:00,TABUENCA01-45,Sensoria-C1-E90A,Left,Gait,1.0.5,40.3887119,-3.6292984,F0:75:B1:51:59:F6,SCKS,-0.03125,0.9375,-0.25,1.12,-34.720001,-20.16,0.355072,0.691456,-0.158848,555,425,583,0.9707640354380667
2024-04-25 14:15:44.492000+00:00,2024-04-25 14:15:30+00:00,2024-04-25 14:17:30+00:00,TABUENCA01-45,Sensoria-C1-EEA1,Right,Gait,1.0.5,40.3887119,-3.6292984,CB:AA:BC:3F:36:A5,SCKS,-0.367188,1.539064,0.121094,39.200001,-33.599998,-371.839996,0.149504,0.784896,-0.317696,520,722,704,1.586886505165382
2024-04-25 14:15:44.508000+00:00,2024-04-25 14:15:30+00:00,2024-04-25 14:17:30+00:00,TABUENCA01-45,Sensoria-C1-EEA1,Right,Gait,1.0.5,40.3887119,-3.6292984,CB:AA:BC:3F:36:A5,SCKS,-0.265625,1.98047,0.265625,21.280001,13.440001,-371.839996,0.084096,0.756864,-0.317696,518,722,705,2.0157814122940017
2024-04-25 14:15:44.516000+00:00,2024-04-25 14:15:30+00:00,2024-04-25 14:17:30+00:00,TABUENCA01-45,Sensoria-C1-E90A,Left,Gait,1.0.5,40.3887119,-3.6292984,F0:75:B1:51:59:F6,SCKS,0.0,0.90625,-0.21875,-3.36,-41.439999,-20.16,0.345728,0.691456,-0.158848,548,411,605,0.9322771181360187
2024-04-25 14:15:44.541000+00:00,2024-04-25 14:15:30+00:00,2024-04-25 14:17:30+00:00,TABUENCA01-45,Sensoria-C1-EEA1,Right,Gait,1.0.5,40.3887119,-3.6292984,CB:AA:BC:3F:36:A5,SCKS,-0.011719,1.996095,0.355469,42.560001,10.08,-375.200012,0.028032,0.719488,-0.317696,517,723,703,2.0275331794934948
2024-04-25 14:15:44.548000+00:00,2024-04-25 14:15:30+00:00,2024-04-25 14:17:30+00:00,TABUENCA01-45,Sensoria-C1-E90A,Left,Gait,1.0.5,40.3887119,-3.6292984,F0:75:B1:51:59:F6,SCKS,-0.03125,0.90625,-0.125,-4.48,-36.959999,-25.76,0.336384,0.7008,-0.149504,537,391,618,0.9153636572423006
2024-04-25 14:15:44.557000+00:00,2024-04-25 14:15:30+00:00,2024-04-25 14:17:30+00:00,TABUENCA01-45,Sensoria-C1-EEA1,Right,Gait,1.0.5,40.3887119,-3.6292984,CB:AA:BC:3F:36:A5,SCKS,0.28125,1.996095,0.136719,45.920002,31.360001,-377.440002,0.028032,0.719488,-0.317696,515,723,705,2.0204427476387448
2024-04-25 14:15:44.564000+00:00,2024-04-25 14:15:30+00:00,2024-04-25 14:17:30+00:00,TABUENCA01-45,Sensoria-C1-E90A,Left,Gait,1.0.5,40.3887119,-3.6292984,F0:75:B1:51:59:F6,SCKS,-0.03125,0.968749,-0.15625,-3.36,-31.360001,-28.0,0.336384,0.710144,-0.158848,520,370,623,0.9817663927844545
2024-04-25 14:15:44.573000+00:00,2024-04-25 14:15:30+00:00,2024-04-25 14:17:30+00:00,TABUENCA01-45,Sensoria-C1-EEA1,Right,Gait,1.0.5,40.3887119,-3.6292984,CB:AA:BC:3F:36:A5,SCKS,0.890626,1.996095,0.28125,51.52,4.48,-388.640015,-0.018688,0.663424,-0.317696,515,725,705,2.2037947915813305
2024-04-25 14:15:44.589000+00:00,2024-04-25 14:15:30+00:00,2024-04-25 14:17:30+00:00,TABUENCA01-45,Sensoria-C1-EEA1,Right,Gait,1.0.5,40.3887119,-3.6292984,CB:AA:BC:3F:36:A5,SCKS,1.726564,1.996095,-0.398438,50.400002,-24.639999,-358.399994,-0.056064,0.60736,-0.308352,514,724,705,2.6691143353114346
2024-04-25 14:15:44.597000+00:00,2024-04-25 14:15:30+00:00,2024-04-25 14:17:30+00:00,TABUENCA01-45,Sensoria-C1-E90A,Left,Gait,1.0.5,40.3887119,-3.6292984,F0:75:B1:51:59:F6,SCKS,0.0625,1.093749,-0.25,-8.96,-33.599998,-51.52,0.32704,0.710144,-0.149504,500,345,625,1.1236961889234118
2024-04-25 14:15:44.622000+00:00,2024-04-25 14:15:30+00:00,2024-04-25 14:17:30+00:00,TABUENCA01-45,Sensoria-C1-EEA1,Right,Gait,1.0.5,40.3887119,-3.6292984,CB:AA:BC:3F:36:A5,SCKS,1.996095,1.601564,0.285156,67.199997,4.48,-238.559998,-0.074752,0.569984,-0.289664,513,726,705,2.575017755173156
2024-04-25 14:15:44.629000+00:00,2024-04-25 14:15:30+00:00,2024-04-25 14:17:30+00:00,TABUENCA01-45,Sensoria-C1-E90A,Left,Gait,1.0.5,40.3887119,-3.6292984,F0:75:B1:51:59:F6,SCKS,0.0625,1.187499,-0.15625,-10.08,-38.080002,-82.879997,0.308352,0.728832,-0.149504,476,319,648,1.199364076292516
2024-04-25 14:15:44.638000+00:00,2024-04-25 14:15:30+00:00,2024-04-25 14:17:30+00:00,TABUENCA01-45,Sensoria-C1-EEA1,Right,Gait,1.0.5,40.3887119,-3.6292984,CB:AA:BC:3F:36:A5,SCKS,1.996095,1.695314,0.300781,62.720001,4.48,-71.68,-0.084096,0.551296,-0.299008,513,724,708,2.636086875954964
2024-04-25 14:15:44.655000+00:00,2024-04-25 14:15:30+00:00,2024-04-25 14:17:30+00:00,TABUENCA01-45,Sensoria-C1-EEA1,Right,Gait,1.0.5,40.3887119,-3.6292984,CB:AA:BC:3F:36:A5,SCKS,0.984376,1.996095,0.718751,-4.48,-24.639999,70.559998,-0.084096,0.551296,-0.289664,512,724,709,2.3388019066184293
2024-04-25 14:15:44.662000+00:00,2024-04-25 14:15:30+00:00,2024-04-25 14:17:30+00:00,TABUENCA01-45,Sensoria-C1-E90A,Left,Gait,1.0.5,40.3887119,-3.6292984,F0:75:B1:51:59:F6,SCKS,0.15625,1.406249,-0.09375,-8.96,-34.720001,-110.879997,0.299008,0.728832,-0.130816,451,293,676,1.4180054213581132
2024-04-25 14:15:44.671000+00:00,2024-04-25 14:15:30+00:00,2024-04-25 14:17:30+00:00,TABUENCA01-45,Sensoria-C1-EEA1,Right,Gait,1.0.5,40.3887119,-3.6292984,CB:AA:BC:3F:36:A5,SCKS,-2.000001,1.945314,-0.019531,12.32,-126.559998,104.160004,-0.084096,0.551296,-0.289664,514,722,702,2.7900953421985424
2024-04-25 14:15:44.694000+00:00,2024-04-25 14:15:30+00:00,2024-04-25 14:17:30+00:00,TABUENCA01-45,Sensoria-C1-E90A,Left,Gait,1.0.5,40.3887119,-3.6292984,F0:75:B1:51:59:F6,SCKS,0.34375,1.812499,-0.15625,-4.48,-36.959999,-152.320007,0.252288,0.756864,-0.149504,437,285,699,1.8514131764684512
2024-04-25 14:15:44.704000+00:00,2024-04-25 14:15:30+00:00,2024-04-25 14:17:30+00:00,TABUENCA01-45,Sensoria-C1-EEA1,Right,Gait,1.0.5,40.3887119,-3.6292984,CB:AA:BC:3F:36:A5,SCKS,-0.785157,0.785157,1.664064,40.32,-194.880005,157.919998,-0.084096,0.56064,-0.317696,520,724,666,2.0005129405714923
2024-04-25 14:15:44.720000+00:00,2024-04-25 14:15:30+00:00,2024-04-25 14:17:30+00:00,TABUENCA01-45,Sensoria-C1-EEA1,Right,Gait,1.0.5,40.3887119,-3.6292984,CB:AA:BC:3F:36:A5,SCKS,0.597657,1.808595,0.121094,80.639999,-154.559998,268.799988,-0.084096,0.598016,-0.355072,528,729,608,1.9086313212640098
2024-04-25 14:15:44.727000+00:00,2024-04-25 14:15:30+00:00,2024-04-25 14:17:30+00:00,TABUENCA01-45,Sensoria-C1-E90A,Left,Gait,1.0.5,40.3887119,-3.6292984,F0:75:B1:51:59:F6,SCKS,0.84375,2.437499,-0.125,-23.52,-33.599998,-222.880005,0.224256,0.766208,-0.149504,491,340,701,2.582429173762758
2024-04-25 14:15:44.736000+00:00,2024-04-25 14:15:30+00:00,2024-04-25 14:17:30+00:00,TABUENCA01-45,Sensoria-C1-EEA1,Right,Gait,1.0.5,40.3887119,-3.6292984,CB:AA:BC:3F:36:A5,SCKS,0.191406,1.500001,-0.058594,42.560001,44.799999,237.440002,-0.056064,0.644736,-0.345728,532,733,537,1.5132985540444421
2024-04-25 14:15:44.753000+00:00,2024-04-25 14:15:30+00:00,2024-04-25 14:17:30+00:00,TABUENCA01-45,Sensoria-C1-EEA1,Right,Gait,1.0.5,40.3887119,-3.6292984,CB:AA:BC:3F:36:A5,SCKS,-0.121094,1.121095,-0.648438,41.439999,39.200001,213.919998,-0.028032,0.672768,-0.336384,532,732,472,1.3007650040283987
2024-04-25 14:15:44.759000+00:00,2024-04-25 14:15:30+00:00,2024-04-25 14:17:30+00:00,TABUENCA01-45,Sensoria-C1-E90A,Left,Gait,1.0.5,40.3887119,-3.6292984,F0:75:B1:51:59:F6,SCKS,0.968749,2.093749,-0.0625,-66.080002,-72.800003,-221.759995,0.130816,0.784896,-0.158848,548,397,703,2.307848727712022
2024-04-25 14:15:44.768000+00:00,2024-04-25 14:15:30+00:00,2024-04-25 14:17:30+00:00,TABUENCA01-45,Sensoria-C1-EEA1,Right,Gait,1.0.5,40.3887119,-3.6292984,CB:AA:BC:3F:36:A5,SCKS,0.765626,1.371095,-0.4375,23.52,-45.920002,189.279999,-0.028032,0.672768,-0.336384,522,734,421,1.6301812540024498
2024-04-25 14:15:44.791000+00:00,2024-04-25 14:15:30+00:00,2024-04-25 14:17:30+00:00,TABUENCA01-45,Sensoria-C1-E90A,Left,Gait,1.0.5,40.3887119,-3.6292984,F0:75:B1:51:59:F6,SCKS,0.6875,2.156249,-1.156249,-36.959999,-113.120003,-266.559998,0.084096,0.79424,-0.168192,606,465,709,2.541451898030336
2024-04-25 14:15:44.816000+00:00,2024-04-25 14:15:30+00:00,2024-04-25 14:17:30+00:00,TABUENCA01-45,Sensoria-C1-EEA1,Right,Gait,1.0.5,40.3887119,-3.6292984,CB:AA:BC:3F:36:A5,SCKS,0.25,0.863282,0.25,-29.120001,23.52,144.479996,-0.009344,0.7008,-0.32704,506,728,380,0.9328750246008305
2024-04-25 14:15:44.817000+00:00,2024-04-25 14:15:30+00:00,2024-04-25 14:17:30+00:00,TABUENCA01-45,Sensoria-C1-EEA1,Right,Gait,1.0.5,40.3887119,-3.6292984,CB:AA:BC:3F:36:A5,SCKS,0.019531,1.019532,0.007813,-20.16,20.16,107.520004,-0.009344,0.710144,-0.32704,490,713,355,1.0197489896803038
2024-04-25 14:15:44.824000+00:00,2024-04-25 14:15:30+00:00,2024-04-25 14:17:30+00:00,TABUENCA01-45,Sensoria-C1-E90A,Left,Gait,1.0.5,40.3887119,-3.6292984,F0:75:B1:51:59:F6,SCKS,0.59375,0.75,-0.34375,16.799999,34.720001,-219.520004,0.037376,0.784896,-0.168192,666,529,713,1.016465997955662
2024-04-25 14:15:44.833000+00:00,2024-04-25 14:15:30+00:00,2024-04-25 14:17:30+00:00,TABUENCA01-45,Sensoria-C1-EEA1,Right,Gait,1.0.5,40.3887119,-3.6292984,CB:AA:BC:3F:36:A5,SCKS,-0.03125,1.011719,0.050781,-20.16,35.84,78.400002,0.018688,0.719488,-0.336384,477,692,339,1.0134745223349229
2024-04-25 14:15:44.849000+00:00,2024-04-25 14:15:30+00:00,2024-04-25 14:17:30+00:00,TABUENCA01-45,Sensoria-C1-EEA1,Right,Gait,1.0.5,40.3887119,-3.6292984,CB:AA:BC:3F:36:A5,SCKS,-0.085938,0.984376,0.15625,-3.36,11.2,39.200001,0.018688,0.719488,-0.32704,465,670,332,1.0003976767865868
2024-04-25 14:15:44.857000+00:00,2024-04-25 14:15:30+00:00,2024-04-25 14:17:30+00:00,TABUENCA01-45,Sensoria-C1-E90A,Left,Gait,1.0.5,40.3887119,-3.6292984,F0:75:B1:51:59:F6,SCKS,-0.6875,0.28125,-0.3125,12.32,-80.639999,-69.440002,0.0,0.775552,-0.168192,697,554,715,0.8058623098892267
2024-04-25 14:15:44.873000+00:00,2024-04-25 14:15:30+00:00,2024-04-25 14:17:30+00:00,TABUENCA01-45,Sensoria-C1-E90A,Left,Gait,1.0.5,40.3887119,-3.6292984,F0:75:B1:51:59:F6,SCKS,1.156249,0.0,-0.15625,-2.24,-99.68,129.919998,-0.009344,0.784896,-0.168192,711,562,713,1.1667586779197316
2024-04-25 14:15:44.882000+00:00,2024-04-25 14:15:30+00:00,2024-04-25 14:17:30+00:00,TABUENCA01-45,Sensoria-C1-EEA1,Right,Gait,1.0.5,40.3887119,-3.6292984,CB:AA:BC:3F:36:A5,SCKS,-0.097656,0.988282,-0.046875,10.08,2.24,30.24,0.028032,0.719488,-0.336384,461,659,333,0.9942008205010696
2024-04-25 14:15:44.898000+00:00,2024-04-25 14:15:30+00:00,2024-04-25 14:17:30+00:00,TABUENCA01-45,Sensoria-C1-EEA1,Right,Gait,1.0.5,40.3887119,-3.6292984,CB:AA:BC:3F:36:A5,SCKS,-0.082031,0.957032,-0.035156,4.48,7.84,26.880001,0.028032,0.728832,-0.336384,457,654,342,0.9611843102761302
2024-04-25 14:15:44.905000+00:00,2024-04-25 14:15:30+00:00,2024-04-25 14:17:30+00:00,TABUENCA01-45,Sensoria-C1-E90A,Left,Gait,1.0.5,40.3887119,-3.6292984,F0:75:B1:51:59:F6,SCKS,0.59375,-0.03125,0.03125,-17.92,26.880001,166.880005,0.028032,0.784896,-0.177536,716,563,711,0.5953924651018015
2024-04-25 14:15:44.914000+00:00,2024-04-25 14:15:30+00:00,2024-04-25 14:17:30+00:00,TABUENCA01-45,Sensoria-C1-EEA1,Right,Gait,1.0.5,40.3887119,-3.6292984,CB:AA:BC:3F:36:A5,SCKS,-0.097656,0.972657,0.0,5.6,4.48,24.639999,0.028032,0.728832,-0.336384,454,652,352,0.9775471006478409
2024-04-25 14:15:44.930000+00:00,2024-04-25 14:15:30+00:00,2024-04-25 14:17:30+00:00,TABUENCA01-45,Sensoria-C1-EEA1,Right,Gait,1.0.5,40.3887119,-3.6292984,CB:AA:BC:3F:36:A5,SCKS,-0.09375,0.957032,-0.148438,0.0,11.2,25.76,0.028032,0.728832,-0.336384,453,650,366,0.9730021332802924
2024-04-25 14:15:44.938000+00:00,2024-04-25 14:15:30+00:00,2024-04-25 14:17:30+00:00,TABUENCA01-45,Sensoria-C1-E90A,Left,Gait,1.0.5,40.3887119,-3.6292984,F0:75:B1:51:59:F6,SCKS,0.21875,0.0625,-0.09375,1.12,42.560001,229.600006,0.065408,0.79424,-0.168192,719,562,710,0.2460627460628691
2024-04-25 14:15:44.971000+00:00,2024-04-25 14:15:30+00:00,2024-04-25 14:17:30+00:00,TABUENCA01-45,Sensoria-C1-E90A,Left,Gait,1.0.5,40.3887119,-3.6292984,F0:75:B1:51:59:F6,SCKS,0.4375,0.46875,-0.1875,8.96,30.24,288.959991,0.112128,0.784896,-0.168192,718,563,709,0.6680486977009984
2024-04-25 14:15:44.979000+00:00,2024-04-25 14:15:30+00:00,2024-04-25 14:17:30+00:00,TABUENCA01-45,Sensoria-C1-EEA1,Right,Gait,1.0.5,40.3887119,-3.6292984,CB:AA:BC:3F:36:A5,SCKS,-0.050781,0.957032,-0.03125,-13.440001,35.84,23.52,0.037376,0.728832,-0.317696,448,647,386,0.9588876479989717
2024-04-25 14:15:44.995000+00:00,2024-04-25 14:15:30+00:00,2024-04-25 14:17:30+00:00,TABUENCA01-45,Sensoria-C1-EEA1,Right,Gait,1.0.5,40.3887119,-3.6292984,CB:AA:BC:3F:36:A5,SCKS,-0.058594,0.976563,0.015625,-8.96,36.959999,21.280001,0.037376,0.728832,-0.32704,445,645,392,0.9784440149696864
2024-04-25 14:15:45.012000+00:00,2024-04-25 14:15:30+00:00,2024-04-25 14:17:30+00:00,TABUENCA01-45,Sensoria-C1-EEA1,Right,Gait,1.0.5,40.3887119,-3.6292984,CB:AA:BC:3F:36:A5,SCKS,-0.09375,0.937501,-0.011719,-3.36,30.24,21.280001,0.037376,0.728832,-0.308352,441,644,398,0.9422497134316359
2024-04-25 14:15:45.028000+00:00,2024-04-25 14:15:30+00:00,2024-04-25 14:17:30+00:00,TABUENCA01-45,Sensoria-C1-EEA1,Right,Gait,1.0.5,40.3887119,-3.6292984,CB:AA:BC:3F:36:A5,SCKS,-0.101563,0.949219,-0.027344,-7.84,21.280001,30.24,0.037376,0.728832,-0.308352,432,642,400,0.9550285059965488
2024-04-25 14:15:45.035000+00:00,2024-04-25 14:15:30+00:00,2024-04-25 14:17:30+00:00,TABUENCA01-45,Sensoria-C1-E90A,Left,Gait,1.0.5,40.3887119,-3.6292984,F0:75:B1:51:59:F6,SCKS,0.4375,1.343749,-0.09375,-3.36,39.200001,394.23999,0.289664,0.728832,-0.168192,718,558,706,1.4162827004171872
2024-04-25 14:15:45.068000+00:00,2024-04-25 14:15:30+00:00,2024-04-25 14:17:30+00:00,TABUENCA01-45,Sensoria-C1-E90A,Left,Gait,1.0.5,40.3887119,-3.6292984,F0:75:B1:51:59:F6,SCKS,0.5625,2.249999,-0.0625,-8.96,36.959999,423.360016,0.355072,0.682112,-0.177536,717,557,705,2.3200879293684107
2024-04-25 14:15:45.077000+00:00,2024-04-25 14:15:30+00:00,2024-04-25 14:17:30+00:00,TABUENCA01-45,Sensoria-C1-EEA1,Right,Gait,1.0.5,40.3887119,-3.6292984,CB:AA:BC:3F:36:A5,SCKS,-0.097656,0.984376,0.003906,-8.96,-10.08,62.720001,0.056064,0.728832,-0.308352,409,630,402,0.9892158816699215
2024-04-25 14:15:45.100000+00:00,2024-04-25 14:15:30+00:00,2024-04-25 14:17:30+00:00,TABUENCA01-45,Sensoria-C1-E90A,Left,Gait,1.0.5,40.3887119,-3.6292984,F0:75:B1:51:59:F6,SCKS,0.0625,3.062498,-0.3125,8.96,90.720001,444.640015,0.411136,0.626048,-0.18688,715,557,704,3.0790349949300677
2024-04-25 14:15:45.108000+00:00,2024-04-25 14:15:30+00:00,2024-04-25 14:17:30+00:00,TABUENCA01-45,Sensoria-C1-EEA1,Right,Gait,1.0.5,40.3887119,-3.6292984,CB:AA:BC:3F:36:A5,SCKS,-0.023438,1.003907,0.003906,-8.96,-15.68,72.800003,0.056064,0.738176,-0.308352,392,620,401,1.0041881603210625
2024-04-25 14:15:45.110000+00:00,2024-04-25 14:15:30+00:00,2024-04-25 14:17:30+00:00,TABUENCA01-45,Sensoria-C1-EEA1,Right,Gait,1.0.5,40.3887119,-3.6292984,CB:AA:BC:3F:36:A5,SCKS,-0.039063,1.027344,-0.042969,-11.2,-17.92,77.279999,0.074752,0.74752,-0.317696,375,605,404,1.028983939265332
2024-04-25 14:15:45.133000+00:00,2024-04-25 14:15:30+00:00,2024-04-25 14:17:30+00:00,TABUENCA01-45,Sensoria-C1-E90A,Left,Gait,1.0.5,40.3887119,-3.6292984,F0:75:B1:51:59:F6,SCKS,-0.71875,3.624998,-0.59375,-31.360001,73.919998,430.080017,0.4672,0.569984,-0.205568,713,556,705,3.7429602088459344
2024-04-25 14:15:45.142000+00:00,2024-04-25 14:15:30+00:00,2024-04-25 14:17:30+00:00,TABUENCA01-45,Sensoria-C1-EEA1,Right,Gait,1.0.5,40.3887119,-3.6292984,CB:AA:BC:3F:36:A5,SCKS,-0.054688,1.050782,-0.042969,-19.040001,-17.92,88.480003,0.074752,0.74752,-0.317696,356,587,412,1.0530811572851355
2024-04-25 14:15:45.158000+00:00,2024-04-25 14:15:30+00:00,2024-04-25 14:17:30+00:00,TABUENCA01-45,Sensoria-C1-EEA1,Right,Gait,1.0.5,40.3887119,-3.6292984,CB:AA:BC:3F:36:A5,SCKS,-0.074219,1.156251,-0.011719,-23.52,-19.040001,103.040001,0.084096,0.756864,-0.317696,339,566,434,1.1586898506170664
2024-04-25 14:15:45.166000+00:00,2024-04-25 14:15:30+00:00,2024-04-25 14:17:30+00:00,TABUENCA01-45,Sensoria-C1-E90A,Left,Gait,1.0.5,40.3887119,-3.6292984,F0:75:B1:51:59:F6,SCKS,-3.312498,1.749999,-0.71875,12.32,95.199997,255.360001,0.523264,0.457856,-0.2336,712,557,707,3.8146744372888497
2024-04-25 14:15:45.190000+00:00,2024-04-25 14:15:30+00:00,2024-04-25 14:17:30+00:00,TABUENCA01-45,Sensoria-C1-EEA1,Right,Gait,1.0.5,40.3887119,-3.6292984,CB:AA:BC:3F:36:A5,SCKS,-0.070313,1.234376,0.015625,-19.040001,-20.16,122.080002,0.102784,0.766208,-0.32704,318,539,476,1.2364757045611532
2024-04-25 14:15:45.191000+00:00,2024-04-25 14:15:30+00:00,2024-04-25 14:17:30+00:00,TABUENCA01-45,Sensoria-C1-EEA1,Right,Gait,1.0.5,40.3887119,-3.6292984,CB:AA:BC:3F:36:A5,SCKS,-0.015625,1.414063,-0.082031,5.6,-32.48,144.479996,0.130816,0.775552,-0.32704,299,514,546,1.4165265241268872
2024-04-25 14:15:45.198000+00:00,2024-04-25 14:15:30+00:00,2024-04-25 14:17:30+00:00,TABUENCA01-45,Sensoria-C1-E90A,Left,Gait,1.0.5,40.3887119,-3.6292984,F0:75:B1:51:59:F6,SCKS,-2.156249,1.937499,-0.09375,15.68,-60.48,-134.399994,0.51392,0.448512,-0.214912,711,556,714,2.9003622510820954
2024-04-25 14:15:45.214000+00:00,2024-04-25 14:15:30+00:00,2024-04-25 14:17:30+00:00,TABUENCA01-45,Sensoria-C1-E90A,Left,Gait,1.0.5,40.3887119,-3.6292984,F0:75:B1:51:59:F6,SCKS,5.093747,-1.281249,0.34375,31.360001,8.96,-48.16,0.504576,0.485888,-0.224256,714,555,703,5.263650972709911
2024-04-25 14:15:45.223000+00:00,2024-04-25 14:15:30+00:00,2024-04-25 14:17:30+00:00,TABUENCA01-45,Sensoria-C1-EEA1,Right,Gait,1.0.5,40.3887119,-3.6292984,CB:AA:BC:3F:36:A5,SCKS,-0.03125,1.472657,-0.109375,12.32,-23.52,159.039993,0.149504,0.784896,-0.336384,279,498,610,1.4770437003602839
2024-04-25 14:15:45.239000+00:00,2024-04-25 14:15:30+00:00,2024-04-25 14:17:30+00:00,TABUENCA01-45,Sensoria-C1-EEA1,Right,Gait,1.0.5,40.3887119,-3.6292984,CB:AA:BC:3F:36:A5,SCKS,-0.105469,1.746095,0.164063,3.36,2.24,174.720001,0.149504,0.784896,-0.336384,265,491,650,1.756954218798828
2024-04-25 14:15:45.247000+00:00,2024-04-25 14:15:30+00:00,2024-04-25 14:17:30+00:00,TABUENCA01-45,Sensoria-C1-E90A,Left,Gait,1.0.5,40.3887119,-3.6292984,F0:75:B1:51:59:F6,SCKS,-0.3125,1.593749,0.90625,61.599998,172.479996,-245.279999,0.495232,0.523264,-0.224256,721,561,655,1.859833645114799
2024-04-25 14:15:45.256000+00:00,2024-04-25 14:15:30+00:00,2024-04-25 14:17:30+00:00,TABUENCA01-45,Sensoria-C1-EEA1,Right,Gait,1.0.5,40.3887119,-3.6292984,CB:AA:BC:3F:36:A5,SCKS,-0.671875,1.996095,0.417969,-15.68,15.68,199.360001,0.177536,0.79424,-0.345728,259,506,675,2.1472096659644118
2024-04-25 14:15:45.272000+00:00,2024-04-25 14:15:30+00:00,2024-04-25 14:17:30+00:00,TABUENCA01-45,Sensoria-C1-EEA1,Right,Gait,1.0.5,40.3887119,-3.6292984,CB:AA:BC:3F:36:A5,SCKS,-1.117188,1.996095,0.492188,-35.84,29.120001,234.080002,0.214912,0.803584,-0.32704,268,526,690,2.3398190749955434
2024-04-25 14:15:45.280000+00:00,2024-04-25 14:15:30+00:00,2024-04-25 14:17:30+00:00,TABUENCA01-45,Sensoria-C1-E90A,Left,Gait,1.0.5,40.3887119,-3.6292984,F0:75:B1:51:59:F6,SCKS,0.09375,1.531249,-0.6875,113.120003,-1.12,-224.0,0.476544,0.569984,-0.242944,721,566,541,1.681121296189243
2024-04-25 14:15:45.312000+00:00,2024-04-25 14:15:30+00:00,2024-04-25 14:17:30+00:00,TABUENCA01-45,Sensoria-C1-E90A,Left,Gait,1.0.5,40.3887119,-3.6292984,F0:75:B1:51:59:F6,SCKS,0.0,1.343749,0.4375,54.880001,-77.279999,-222.880005,0.448512,0.60736,-0.242944,713,574,429,1.413176430952979
2024-04-25 14:15:45.321000+00:00,2024-04-25 14:15:30+00:00,2024-04-25 14:17:30+00:00,TABUENCA01-45,Sensoria-C1-EEA1,Right,Gait,1.0.5,40.3887119,-3.6292984,CB:AA:BC:3F:36:A5,SCKS,-0.976563,1.996095,-0.164063,-47.040001,32.48,302.399994,0.261632,0.803584,-0.336384,312,574,704,2.228225125512007
2024-04-25 14:15:45.337000+00:00,2024-04-25 14:15:30+00:00,2024-04-25 14:17:30+00:00,TABUENCA01-45,Sensoria-C1-EEA1,Right,Gait,1.0.5,40.3887119,-3.6292984,CB:AA:BC:3F:36:A5,SCKS,-0.289063,1.996095,-0.750001,-35.84,-31.360001,318.079987,0.317696,0.803584,-0.345728,364,624,707,2.1518490111982764
2024-04-25 14:15:45.344000+00:00,2024-04-25 14:15:30+00:00,2024-04-25 14:17:30+00:00,TABUENCA01-45,Sensoria-C1-E90A,Left,Gait,1.0.5,40.3887119,-3.6292984,F0:75:B1:51:59:F6,SCKS,0.09375,0.999999,-0.1875,61.599998,-71.68,-112.0,0.429824,0.635392,-0.224256,686,563,374,1.0217354415410087
2024-04-25 14:15:45.353000+00:00,2024-04-25 14:15:30+00:00,2024-04-25 14:17:30+00:00,TABUENCA01-45,Sensoria-C1-EEA1,Right,Gait,1.0.5,40.3887119,-3.6292984,CB:AA:BC:3F:36:A5,SCKS,-0.851563,1.078126,-0.738282,1.12,-85.120003,275.519989,0.37376,0.803584,-0.336384,425,669,712,1.559671608502572
2024-04-25 14:15:45.377000+00:00,2024-04-25 14:15:30+00:00,2024-04-25 14:17:30+00:00,TABUENCA01-45,Sensoria-C1-E90A,Left,Gait,1.0.5,40.3887119,-3.6292984,F0:75:B1:51:59:F6,SCKS,0.09375,0.9375,-0.1875,28.0,-49.279999,-67.199997,0.401792,0.663424,-0.18688,657,538,355,0.9606516343087124
2024-04-25 14:15:45.386000+00:00,2024-04-25 14:15:30+00:00,2024-04-25 14:17:30+00:00,TABUENCA01-45,Sensoria-C1-EEA1,Right,Gait,1.0.5,40.3887119,-3.6292984,CB:AA:BC:3F:36:A5,SCKS,-0.015625,-0.34375,-0.457032,-8.96,25.76,207.199997,0.411136,0.79424,-0.336384,470,697,711,0.5720895490646547
2024-04-25 14:15:45.402000+00:00,2024-04-25 14:15:30+00:00,2024-04-25 14:17:30+00:00,TABUENCA01-45,Sensoria-C1-EEA1,Right,Gait,1.0.5,40.3887119,-3.6292984,CB:AA:BC:3F:36:A5,SCKS,-0.125,0.515625,-0.503907,10.08,141.119995,95.199997,0.429824,0.784896,-0.345728,493,713,712,0.7317215353356767
2024-04-25 14:15:45.409000+00:00,2024-04-25 14:15:30+00:00,2024-04-25 14:17:30+00:00,TABUENCA01-45,Sensoria-C1-E90A,Left,Gait,1.0.5,40.3887119,-3.6292984,F0:75:B1:51:59:F6,SCKS,0.09375,0.968749,-0.1875,17.92,-31.360001,-34.720001,0.392448,0.663424,-0.196224,629,515,355,0.9911709930688044
2024-04-25 14:15:45.418000+00:00,2024-04-25 14:15:30+00:00,2024-04-25 14:17:30+00:00,TABUENCA01-45,Sensoria-C1-EEA1,Right,Gait,1.0.5,40.3887119,-3.6292984,CB:AA:BC:3F:36:A5,SCKS,-1.226563,0.207031,-0.46875,-15.68,136.639999,-52.639999,0.429824,0.79424,-0.355072,508,719,709,1.3293025202827233
2024-04-25 14:15:45.434000+00:00,2024-04-25 14:15:30+00:00,2024-04-25 14:17:30+00:00,TABUENCA01-45,Sensoria-C1-EEA1,Right,Gait,1.0.5,40.3887119,-3.6292984,CB:AA:BC:3F:36:A5,SCKS,-0.949219,-0.042969,-0.097656,-52.639999,119.840004,-82.879997,0.429824,0.79424,-0.355072,512,724,708,0.9551961784146752
2024-04-25 14:15:45.442000+00:00,2024-04-25 14:15:30+00:00,2024-04-25 14:17:30+00:00,TABUENCA01-45,Sensoria-C1-E90A,Left,Gait,1.0.5,40.3887119,-3.6292984,F0:75:B1:51:59:F6,SCKS,0.0625,0.968749,-0.1875,-1.12,-31.360001,-23.52,0.383104,0.672768,-0.18688,607,495,373,0.9887047714060047
2024-04-25 14:15:45.451000+00:00,2024-04-25 14:15:30+00:00,2024-04-25 14:17:30+00:00,TABUENCA01-45,Sensoria-C1-EEA1,Right,Gait,1.0.5,40.3887119,-3.6292984,CB:AA:BC:3F:36:A5,SCKS,-0.503907,-0.199219,0.015625,-7.84,59.360001,-110.879997,0.411136,0.79424,-0.37376,515,726,706,0.5420835869448548
2024-04-25 14:15:45.474000+00:00,2024-04-25 14:15:30+00:00,2024-04-25 14:17:30+00:00,TABUENCA01-45,Sensoria-C1-E90A,Left,Gait,1.0.5,40.3887119,-3.6292984,F0:75:B1:51:59:F6,SCKS,0.09375,0.968749,-0.1875,-6.72,-36.959999,-16.799999,0.383104,0.682112,-0.18688,591,480,406,0.9911709930688044
2024-04-25 14:15:45.499000+00:00,2024-04-25 14:15:30+00:00,2024-04-25 14:17:30+00:00,TABUENCA01-45,Sensoria-C1-EEA1,Right,Gait,1.0.5,40.3887119,-3.6292984,CB:AA:BC:3F:36:A5,SCKS,-0.394532,-0.082031,-0.085938,33.599998,36.959999,-163.520004,0.392448,0.803584,-0.37376,516,725,706,0.4120314597564123
2024-04-25 14:15:45.500000+00:00,2024-04-25 14:15:30+00:00,2024-04-25 14:17:30+00:00,TABUENCA01-45,Sensoria-C1-EEA1,Right,Gait,1.0.5,40.3887119,-3.6292984,CB:AA:BC:3F:36:A5,SCKS,-0.523438,0.191406,-0.128906,49.279999,22.4,-212.800003,0.355072,0.812928,-0.364416,516,728,705,0.5720492579455024
2024-04-25 14:15:45.506000+00:00,2024-04-25 14:15:30+00:00,2024-04-25 14:17:30+00:00,TABUENCA01-45,Sensoria-C1-E90A,Left,Gait,1.0.5,40.3887119,-3.6292984,F0:75:B1:51:59:F6,SCKS,0.0625,0.968749,-0.1875,-3.36,-53.760002,-17.92,0.383104,0.682112,-0.18688,578,470,450,0.9887047714060047
2024-04-25 14:15:45.515000+00:00,2024-04-25 14:15:30+00:00,2024-04-25 14:17:30+00:00,TABUENCA01-45,Sensoria-C1-EEA1,Right,Gait,1.0.5,40.3887119,-3.6292984,CB:AA:BC:3F:36:A5,SCKS,-0.507813,0.367188,-0.054688,50.400002,-3.36,-255.360001,0.299008,0.812928,-0.364416,517,725,704,0.6290404181425864
2024-04-25 14:15:45.531000+00:00,2024-04-25 14:15:30+00:00,2024-04-25 14:17:30+00:00,TABUENCA01-45,Sensoria-C1-EEA1,Right,Gait,1.0.5,40.3887119,-3.6292984,CB:AA:BC:3F:36:A5,SCKS,-0.480469,0.503907,-0.019531,56.0,-25.76,-295.679993,0.299008,0.812928,-0.364416,515,726,704,0.6965301031333822
2024-04-25 14:15:45.539000+00:00,2024-04-25 14:15:30+00:00,2024-04-25 14:17:30+00:00,TABUENCA01-45,Sensoria-C1-E90A,Left,Gait,1.0.5,40.3887119,-3.6292984,F0:75:B1:51:59:F6,SCKS,0.0625,0.9375,-0.21875,-1.12,-45.920002,-20.16,0.364416,0.682112,-0.168192,563,459,519,0.9647093150270707
2024-04-25 14:15:45.548000+00:00,2024-04-25 14:15:30+00:00,2024-04-25 14:17:30+00:00,TABUENCA01-45,Sensoria-C1-EEA1,Right,Gait,1.0.5,40.3887119,-3.6292984,CB:AA:BC:3F:36:A5,SCKS,-0.515625,0.757813,-0.015625,63.84,-39.200001,-331.519989,0.242944,0.812928,-0.345728,516,724,703,0.9167299625402237
2024-04-25 14:15:45.555000+00:00,2024-04-25 14:15:30+00:00,2024-04-25 14:17:30+00:00,TABUENCA01-45,Sensoria-C1-E90A,Left,Gait,1.0.5,40.3887119,-3.6292984,F0:75:B1:51:59:F6,SCKS,0.03125,0.9375,-0.25,0.0,-33.599998,-25.76,0.364416,0.682112,-0.158848,555,448,554,0.9707640354380667
2024-04-25 14:15:45.580000+00:00,2024-04-25 14:15:30+00:00,2024-04-25 14:17:30+00:00,TABUENCA01-45,Sensoria-C1-EEA1,Right,Gait,1.0.5,40.3887119,-3.6292984,CB:AA:BC:3F:36:A5,SCKS,-0.492188,1.121095,-0.019531,62.720001,-35.84,-355.040009,0.18688,0.79424,-0.32704,517,725,703,1.2245343957317
2024-04-25 14:15:45.588000+00:00,2024-04-25 14:15:30+00:00,2024-04-25 14:17:30+00:00,TABUENCA01-45,Sensoria-C1-E90A,Left,Gait,1.0.5,40.3887119,-3.6292984,F0:75:B1:51:59:F6,SCKS,0.03125,0.90625,-0.1875,3.36,-33.599998,-29.120001,0.345728,0.7008,-0.158848,546,431,581,0.9259707743768159
2024-04-25 14:15:45.597000+00:00,2024-04-25 14:15:30+00:00,2024-04-25 14:17:30+00:00,TABUENCA01-45,Sensoria-C1-EEA1,Right,Gait,1.0.5,40.3887119,-3.6292984,CB:AA:BC:3F:36:A5,SCKS,-0.421875,1.519532,0.046875,50.400002,-11.2,-370.720001,0.121472,0.775552,-0.336384,516,724,702,1.5777050675820246
2024-04-25 14:15:45.613000+00:00,2024-04-25 14:15:30+00:00,2024-04-25 14:17:30+00:00,TABUENCA01-45,Sensoria-C1-EEA1,Right,Gait,1.0.5,40.3887119,-3.6292984,CB:AA:BC:3F:36:A5,SCKS,-0.347656,1.996095,0.226563,32.48,34.720001,-371.839996,0.065408,0.738176,-0.317696,515,723,703,2.038771869614156
2024-04-25 14:15:45.621000+00:00,2024-04-25 14:15:30+00:00,2024-04-25 14:17:30+00:00,TABUENCA01-45,Sensoria-C1-E90A,Left,Gait,1.0.5,40.3887119,-3.6292984,F0:75:B1:51:59:F6,SCKS,0.0,0.9375,-0.125,2.24,-28.0,-34.720001,0.336384,0.7008,-0.158848,534,409,596,0.9457966219013473
2024-04-25 14:15:45.629000+00:00,2024-04-25 14:15:30+00:00,2024-04-25 14:17:30+00:00,TABUENCA01-45,Sensoria-C1-EEA1,Right,Gait,1.0.5,40.3887119,-3.6292984,CB:AA:BC:3F:36:A5,SCKS,-0.199219,1.996095,0.40625,53.760002,21.280001,-368.480011,0.065408,0.738176,-0.317696,516,721,702,2.046734599669923
2024-04-25 14:15:45.653000+00:00,2024-04-25 14:15:30+00:00,2024-04-25 14:17:30+00:00,TABUENCA01-45,Sensoria-C1-E90A,Left,Gait,1.0.5,40.3887119,-3.6292984,F0:75:B1:51:59:F6,SCKS,0.0,0.968749,-0.15625,5.6,-24.639999,-38.080002,0.336384,0.710144,-0.149504,514,383,607,0.981268917015616
2024-04-25 14:15:45.661000+00:00,2024-04-25 14:15:30+00:00,2024-04-25 14:17:30+00:00,TABUENCA01-45,Sensoria-C1-EEA1,Right,Gait,1.0.5,40.3887119,-3.6292984,CB:AA:BC:3F:36:A5,SCKS,0.429688,1.996095,0.402344,73.919998,-13.440001,-374.079987,0.009344,0.7008,-0.308352,514,722,701,2.0810833046048396
2024-04-25 14:15:45.678000+00:00,2024-04-25 14:15:30+00:00,2024-04-25 14:17:30+00:00,TABUENCA01-45,Sensoria-C1-EEA1,Right,Gait,1.0.5,40.3887119,-3.6292984,CB:AA:BC:3F:36:A5,SCKS,1.398438,1.996095,0.296875,39.200001,-34.720001,-366.23999,-0.037376,0.65408,-0.308352,514,724,703,2.4552309167355317
2024-04-25 14:15:45.685000+00:00,2024-04-25 14:15:30+00:00,2024-04-25 14:17:30+00:00,TABUENCA01-45,Sensoria-C1-E90A,Left,Gait,1.0.5,40.3887119,-3.6292984,F0:75:B1:51:59:F6,SCKS,0.03125,1.062499,-0.21875,-2.24,-23.52,-52.639999,0.32704,0.710144,-0.158848,488,349,623,1.0852337305857205
2024-04-25 14:15:45.694000+00:00,2024-04-25 14:15:30+00:00,2024-04-25 14:17:30+00:00,TABUENCA01-45,Sensoria-C1-EEA1,Right,Gait,1.0.5,40.3887119,-3.6292984,CB:AA:BC:3F:36:A5,SCKS,1.996095,1.996095,-0.652344,40.32,-36.959999,-288.959991,-0.065408,0.598016,-0.308352,514,723,704,2.897299292856366
2024-04-25 14:15:45.710000+00:00,2024-04-25 14:15:30+00:00,2024-04-25 14:17:30+00:00,TABUENCA01-45,Sensoria-C1-EEA1,Right,Gait,1.0.5,40.3887119,-3.6292984,CB:AA:BC:3F:36:A5,SCKS,1.996095,1.089845,0.421875,67.199997,7.84,-150.080002,-0.084096,0.569984,-0.299008,512,723,705,2.3130360759562314
2024-04-25 14:15:45.734000+00:00,2024-04-25 14:15:30+00:00,2024-04-25 14:17:30+00:00,TABUENCA01-45,Sensoria-C1-E90A,Left,Gait,1.0.5,40.3887119,-3.6292984,F0:75:B1:51:59:F6,SCKS,0.03125,1.156249,-0.125,-5.6,-29.120001,-73.919998,0.308352,0.719488,-0.14016,460,317,651,1.1634059104633259
2024-04-25 14:15:45.743000+00:00,2024-04-25 14:15:30+00:00,2024-04-25 14:17:30+00:00,TABUENCA01-45,Sensoria-C1-EEA1,Right,Gait,1.0.5,40.3887119,-3.6292984,CB:AA:BC:3F:36:A5,SCKS,1.996095,1.863283,0.695313,41.439999,47.040001,-48.16,-0.084096,0.569984,-0.299008,512,724,707,2.8177435928563477
2024-04-25 14:15:45.750000+00:00,2024-04-25 14:15:30+00:00,2024-04-25 14:17:30+00:00,TABUENCA01-45,Sensoria-C1-E90A,Left,Gait,1.0.5,40.3887119,-3.6292984,F0:75:B1:51:59:F6,SCKS,0.0625,1.249999,0.03125,-6.72,-28.0,-96.32,0.28032,0.738176,-0.149504,436,291,680,1.2519506030594818
2024-04-25 14:15:45.759000+00:00,2024-04-25 14:15:30+00:00,2024-04-25 14:17:30+00:00,TABUENCA01-45,Sensoria-C1-EEA1,Right,Gait,1.0.5,40.3887119,-3.6292984,CB:AA:BC:3F:36:A5,SCKS,1.839845,1.351563,0.882813,-7.84,-29.120001,90.720001,-0.084096,0.56064,-0.299008,514,724,706,2.447674602548917
2024-04-25 14:15:45.775000+00:00,2024-04-25 14:15:30+00:00,2024-04-25 14:17:30+00:00,TABUENCA01-45,Sensoria-C1-EEA1,Right,Gait,1.0.5,40.3887119,-3.6292984,CB:AA:BC:3F:36:A5,SCKS,-2.000001,1.847658,0.300781,16.799999,-154.559998,53.760002,-0.074752,0.579328,-0.308352,520,722,677,2.7394001706442968
2024-04-25 14:15:45.783000+00:00,2024-04-25 14:15:30+00:00,2024-04-25 14:17:30+00:00,TABUENCA01-45,Sensoria-C1-E90A,Left,Gait,1.0.5,40.3887119,-3.6292984,F0:75:B1:51:59:F6,SCKS,0.21875,1.499999,-0.25,-6.72,-19.040001,-127.68,0.252288,0.756864,-0.149504,420,279,696,1.5363425928161336
2024-04-25 14:15:45.792000+00:00,2024-04-25 14:15:30+00:00,2024-04-25 14:17:30+00:00,TABUENCA01-45,Sensoria-C1-EEA1,Right,Gait,1.0.5,40.3887119,-3.6292984,CB:AA:BC:3F:36:A5,SCKS,1.585939,1.359376,1.015626,62.720001,-144.479996,250.880005,-0.074752,0.598016,-0.32704,527,725,630,2.3226282080808804
2024-04-25 14:15:45.808000+00:00,2024-04-25 14:15:30+00:00,2024-04-25 14:17:30+00:00,TABUENCA01-45,Sensoria-C1-EEA1,Right,Gait,1.0.5,40.3887119,-3.6292984,CB:AA:BC:3F:36:A5,SCKS,0.167969,1.777345,0.25,51.52,-13.440001,220.639999,-0.056064,0.635392,-0.32704,534,729,555,1.8026837864656131
2024-04-25 14:15:45.816000+00:00,2024-04-25 14:15:30+00:00,2024-04-25 14:17:30+00:00,TABUENCA01-45,Sensoria-C1-E90A,Left,Gait,1.0.5,40.3887119,-3.6292984,F0:75:B1:51:59:F6,SCKS,0.375,1.781249,-0.21875,-16.799999,-17.92,-164.639999,0.224256,0.756864,-0.149504,436,302,704,1.8333915464245494
2024-04-25 14:15:45.841000+00:00,2024-04-25 14:15:30+00:00,2024-04-25 14:17:30+00:00,TABUENCA01-45,Sensoria-C1-EEA1,Right,Gait,1.0.5,40.3887119,-3.6292984,CB:AA:BC:3F:36:A5,SCKS,0.3125,1.535157,-0.621094,61.599998,13.440001,227.360001,-0.037376,0.663424,-0.336384,537,730,476,1.6852658607724185
2024-04-25 14:15:45.857000+00:00,2024-04-25 14:15:30+00:00,2024-04-25 14:17:30+00:00,TABUENCA01-45,Sensoria-C1-EEA1,Right,Gait,1.0.5,40.3887119,-3.6292984,CB:AA:BC:3F:36:A5,SCKS,0.535157,1.394532,-0.210938,-13.440001,-3.36,215.040009,-0.037376,0.663424,-0.336384,530,733,423,1.508511635194439
2024-04-25 14:15:45.864000+00:00,2024-04-25 14:15:30+00:00,2024-04-25 14:17:30+00:00,TABUENCA01-45,Sensoria-C1-E90A,Left,Gait,1.0.5,40.3887119,-3.6292984,F0:75:B1:51:59:F6,SCKS,0.9375,2.312499,-0.0625,-53.760002,-50.400002,-211.680008,0.18688,0.775552,-0.158848,501,352,704,2.4960897670158015
2024-04-25 14:15:45.873000+00:00,2024-04-25 14:15:30+00:00,2024-04-25 14:17:30+00:00,TABUENCA01-45,Sensoria-C1-EEA1,Right,Gait,1.0.5,40.3887119,-3.6292984,CB:AA:BC:3F:36:A5,SCKS,-0.027344,0.699219,-0.027344,-13.440001,31.360001,159.039993,-0.018688,0.691456,-0.32704,517,736,391,0.7002875114072792
2024-04-25 14:15:45.881000+00:00,2024-04-25 14:15:30+00:00,2024-04-25 14:17:30+00:00,TABUENCA01-45,Sensoria-C1-E90A,Left,Gait,1.0.5,40.3887119,-3.6292984,F0:75:B1:51:59:F6,SCKS,0.59375,2.437499,-1.312499,-44.799999,-114.239998,-252.0,0.102784,0.79424,-0.177536,589,437,710,2.831359048672916
2024-04-25 14:15:45.889000+00:00,2024-04-25 14:15:30+00:00,2024-04-25 14:17:30+00:00,TABUENCA01-45,Sensoria-C1-EEA1,Right,Gait,1.0.5,40.3887119,-3.6292984,CB:AA:BC:3F:36:A5,SCKS,0.171875,1.015626,0.015625,-10.08,16.799999,127.68,0.0,0.710144,-0.317696,501,725,367,1.0301850941097914
2024-04-25 14:15:45.896000+00:00,2024-04-25 14:15:30+00:00,2024-04-25 14:17:30+00:00,TABUENCA01-45,Sensoria-C1-E90A,Left,Gait,1.0.5,40.3887119,-3.6292984,F0:75:B1:51:59:F6,SCKS,0.9375,1.062499,-0.375,14.56,84.0,-277.76001,0.04672,0.784896,-0.168192,654,511,712,1.465754200062548
2024-04-25 14:15:45.922000+00:00,2024-04-25 14:15:30+00:00,2024-04-25 14:17:30+00:00,TABUENCA01-45,Sensoria-C1-EEA1,Right,Gait,1.0.5,40.3887119,-3.6292984,CB:AA:BC:3F:36:A5,SCKS,-0.058594,0.929688,-0.050781,-28.0,33.599998,87.360001,0.018688,0.719488,-0.32704,487,712,353,0.932915721885423
2024-04-25 14:15:45.930000+00:00,2024-04-25 14:15:30+00:00,2024-04-25 14:17:30+00:00,TABUENCA01-45,Sensoria-C1-E90A,Left,Gait,1.0.5,40.3887119,-3.6292984,F0:75:B1:51:59:F6,SCKS,0.03125,0.40625,-0.25,14.56,-8.96,-138.880005,0.018688,0.784896,-0.168192,692,549,714,0.4780330793993236
2024-04-25 14:15:45.938000+00:00,2024-04-25 14:15:30+00:00,2024-04-25 14:17:30+00:00,TABUENCA01-45,Sensoria-C1-EEA1,Right,Gait,1.0.5,40.3887119,-3.6292984,CB:AA:BC:3F:36:A5,SCKS,-0.042969,1.011719,0.105469,-16.799999,19.040001,50.400002,0.018688,0.719488,-0.317696,473,688,343,1.0181087269457032
2024-04-25 14:15:45.954000+00:00,2024-04-25 14:15:30+00:00,2024-04-25 14:17:30+00:00,TABUENCA01-45,Sensoria-C1-EEA1,Right,Gait,1.0.5,40.3887119,-3.6292984,CB:AA:BC:3F:36:A5,SCKS,-0.070313,1.007813,0.054688,-3.36,8.96,39.200001,0.028032,0.728832,-0.308352,466,676,343,1.0117419326498236
2024-04-25 14:15:45.962000+00:00,2024-04-25 14:15:30+00:00,2024-04-25 14:17:30+00:00,TABUENCA01-45,Sensoria-C1-E90A,Left,Gait,1.0.5,40.3887119,-3.6292984,F0:75:B1:51:59:F6,SCKS,0.75,0.1875,-0.25,16.799999,-109.760002,33.599998,-0.009344,0.775552,-0.177536,707,561,714,0.8125
2024-04-25 14:15:45.971000+00:00,2024-04-25 14:15:30+00:00,2024-04-25 14:17:30+00:00,TABUENCA01-45,Sensoria-C1-EEA1,Right,Gait,1.0.5,40.3887119,-3.6292984,CB:AA:BC:3F:36:A5,SCKS,-0.113281,0.968751,-0.007813,-3.36,10.08,33.599998,0.028032,0.728832,-0.317696,460,669,347,0.9753830672771596
2024-04-25 14:15:45.994000+00:00,2024-04-25 14:15:30+00:00,2024-04-25 14:17:30+00:00,TABUENCA01-45,Sensoria-C1-E90A,Left,Gait,1.0.5,40.3887119,-3.6292984,F0:75:B1:51:59:F6,SCKS,0.968749,-0.03125,-0.03125,-6.72,-11.2,142.240005,0.028032,0.784896,-0.177536,713,562,712,0.9697565416128937
2024-04-25 14:15:46.003000+00:00,2024-04-25 14:15:30+00:00,2024-04-25 14:17:30+00:00,TABUENCA01-45,Sensoria-C1-EEA1,Right,Gait,1.0.5,40.3887119,-3.6292984,CB:AA:BC:3F:36:A5,SCKS,-0.128906,0.976563,-0.011719,-2.24,2.24,35.84,0.028032,0.728832,-0.317696,457,664,356,0.9851037431489131
2024-04-25 14:15:46.019000+00:00,2024-04-25 14:15:30+00:00,2024-04-25 14:17:30+00:00,TABUENCA01-45,Sensoria-C1-EEA1,Right,Gait,1.0.5,40.3887119,-3.6292984,CB:AA:BC:3F:36:A5,SCKS,-0.070313,0.996094,-0.175781,-2.24,4.48,42.560001,0.037376,0.728832,-0.299008,452,659,369,1.013926099262663
2024-04-25 14:15:46.027000+00:00,2024-04-25 14:15:30+00:00,2024-04-25 14:17:30+00:00,TABUENCA01-45,Sensoria-C1-E90A,Left,Gait,1.0.5,40.3887119,-3.6292984,F0:75:B1:51:59:F6,SCKS,0.28125,0.03125,-0.03125,-7.84,39.200001,211.680008,0.04672,0.79424,-0.177536,716,561,712,0.28470104934825935
2024-04-25 14:15:46.036000+00:00,2024-04-25 14:15:30+00:00,2024-04-25 14:17:30+00:00,TABUENCA01-45,Sensoria-C1-EEA1,Right,Gait,1.0.5,40.3887119,-3.6292984,CB:AA:BC:3F:36:A5,SCKS,-0.011719,0.964844,-0.105469,-12.32,19.040001,42.560001,0.04672,0.728832,-0.317696,444,654,383,0.9706621396026529
2024-04-25 14:15:46.054000+00:00,2024-04-25 14:15:30+00:00,2024-04-25 14:17:30+00:00,TABUENCA01-45,Sensoria-C1-EEA1,Right,Gait,1.0.5,40.3887119,-3.6292984,CB:AA:BC:3F:36:A5,SCKS,-0.035156,0.964844,-0.011719,-12.32,30.24,40.32,0.04672,0.738176,-0.317696,436,646,396,0.9655553964599857
2024-04-25 14:15:46.059000+00:00,2024-04-25 14:15:30+00:00,2024-04-25 14:17:30+00:00,TABUENCA01-45,Sensoria-C1-E90A,Left,Gait,1.0.5,40.3887119,-3.6292984,F0:75:B1:51:59:F6,SCKS,0.4375,0.40625,-0.21875,8.96,24.639999,275.519989,0.084096,0.79424,-0.18688,717,563,708,0.6358434359179939
2024-04-25 14:15:46.068000+00:00,2024-04-25 14:15:30+00:00,2024-04-25 14:17:30+00:00,TABUENCA01-45,Sensoria-C1-EEA1,Right,Gait,1.0.5,40.3887119,-3.6292984,CB:AA:BC:3F:36:A5,SCKS,-0.019531,0.984376,-0.019531,-6.72,30.24,38.080002,0.056064,0.738176,-0.317696,425,637,410,0.9847634382418957
2024-04-25 14:15:46.092000+00:00,2024-04-25 14:15:30+00:00,2024-04-25 14:17:30+00:00,TABUENCA01-45,Sensoria-C1-E90A,Left,Gait,1.0.5,40.3887119,-3.6292984,F0:75:B1:51:59:F6,SCKS,0.40625,0.75,-0.09375,-7.84,31.360001,320.320007,0.205568,0.775552,-0.18688,716,561,708,0.8580956386091239
2024-04-25 14:15:46.101000+00:00,2024-04-25 14:15:30+00:00,2024-04-25 14:17:30+00:00,TABUENCA01-45,Sensoria-C1-EEA1,Right,Gait,1.0.5,40.3887119,-3.6292984,CB:AA:BC:3F:36:A5,SCKS,-0.011719,0.972657,-0.054688,-3.36,25.76,34.720001,0.056064,0.738176,-0.317696,415,626,423,0.9742636973396884
2024-04-25 14:15:46.124000+00:00,2024-04-25 14:15:30+00:00,2024-04-25 14:17:30+00:00,TABUENCA01-45,Sensoria-C1-E90A,Left,Gait,1.0.5,40.3887119,-3.6292984,F0:75:B1:51:59:F6,SCKS,0.34375,1.093749,-0.09375,-6.72,48.16,368.480011,0.261632,0.74752,-0.177536,715,559,708,1.150321694136471
2024-04-25 14:15:46.132000+00:00,2024-04-25 14:15:30+00:00,2024-04-25 14:17:30+00:00,TABUENCA01-45,Sensoria-C1-EEA1,Right,Gait,1.0.5,40.3887119,-3.6292984,CB:AA:BC:3F:36:A5,SCKS,-0.042969,0.968751,-0.007813,-3.36,23.52,36.959999,0.056064,0.738176,-0.299008,402,613,435,0.9697349524127714
2024-04-25 14:15:46.135000+00:00,2024-04-25 14:15:30+00:00,2024-04-25 14:17:30+00:00,TABUENCA01-45,Sensoria-C1-EEA1,Right,Gait,1.0.5,40.3887119,-3.6292984,CB:AA:BC:3F:36:A5,SCKS,-0.035156,0.972657,-0.007813,-5.6,19.040001,39.200001,0.065408,0.74752,-0.308352,388,601,448,0.9733234955316757
2024-04-25 14:15:46.149000+00:00,2024-04-25 14:15:30+00:00,2024-04-25 14:17:30+00:00,TABUENCA01-45,Sensoria-C1-EEA1,Right,Gait,1.0.5,40.3887119,-3.6292984,CB:AA:BC:3F:36:A5,SCKS,-0.046875,0.976563,0.011719,-7.84,15.68,43.68,0.056064,0.74752,-0.308352,371,585,461,0.9777575842482634
2024-04-25 14:15:46.156000+00:00,2024-04-25 14:15:30+00:00,2024-04-25 14:17:30+00:00,TABUENCA01-45,Sensoria-C1-E90A,Left,Gait,1.0.5,40.3887119,-3.6292984,F0:75:B1:51:59:F6,SCKS,0.5,1.843749,-0.15625,-14.56,40.32,414.399994,0.336384,0.710144,-0.177536,715,558,708,1.9167223162213667
2024-04-25 14:15:46.182000+00:00,2024-04-25 14:15:30+00:00,2024-04-25 14:17:30+00:00,TABUENCA01-45,Sensoria-C1-EEA1,Right,Gait,1.0.5,40.3887119,-3.6292984,CB:AA:BC:3F:36:A5,SCKS,-0.0625,0.953126,0.035156,-8.96,7.84,53.760002,0.074752,0.74752,-0.299008,352,569,474,0.9558197352074292
2024-04-25 14:15:46.189000+00:00,2024-04-25 14:15:30+00:00,2024-04-25 14:17:30+00:00,TABUENCA01-45,Sensoria-C1-E90A,Left,Gait,1.0.5,40.3887119,-3.6292984,F0:75:B1:51:59:F6,SCKS,0.46875,2.906248,-0.21875,-11.2,54.880001,451.360016,0.392448,0.65408,-0.18688,716,557,704,2.9519240441623835
2024-04-25 14:15:46.213000+00:00,2024-04-25 14:15:30+00:00,2024-04-25 14:17:30+00:00,TABUENCA01-45,Sensoria-C1-EEA1,Right,Gait,1.0.5,40.3887119,-3.6292984,CB:AA:BC:3F:36:A5,SCKS,-0.003906,1.023438,0.03125,-10.08,-3.36,62.720001,0.074752,0.74752,-0.299008,332,549,492,1.023922438068431
2024-04-25 14:15:46.214000+00:00,2024-04-25 14:15:30+00:00,2024-04-25 14:17:30+00:00,TABUENCA01-45,Sensoria-C1-EEA1,Right,Gait,1.0.5,40.3887119,-3.6292984,CB:AA:BC:3F:36:A5,SCKS,0.003906,1.058594,-0.046875,-10.08,-7.84,70.559998,0.084096,0.756864,-0.308352,314,531,514,1.0596385135021282
2024-04-25 14:15:46.221000+00:00,2024-04-25 14:15:30+00:00,2024-04-25 14:17:30+00:00,TABUENCA01-45,Sensoria-C1-E90A,Left,Gait,1.0.5,40.3887119,-3.6292984,F0:75:B1:51:59:F6,SCKS,-0.65625,3.531248,-0.53125,-31.360001,66.080002,432.320007,0.448512,0.588672,-0.196224,714,557,705,3.6307854608202894
2024-04-25 14:15:46.230000+00:00,2024-04-25 14:15:30+00:00,2024-04-25 14:17:30+00:00,TABUENCA01-45,Sensoria-C1-EEA1,Right,Gait,1.0.5,40.3887119,-3.6292984,CB:AA:BC:3F:36:A5,SCKS,-0.035156,1.082032,0.007813,-14.56,-7.84,82.879997,0.09344,0.756864,-0.308352,297,510,552,1.082631163568184
2024-04-25 14:15:46.238000+00:00,2024-04-25 14:15:30+00:00,2024-04-25 14:17:30+00:00,TABUENCA01-45,Sensoria-C1-E90A,Left,Gait,1.0.5,40.3887119,-3.6292984,F0:75:B1:51:59:F6,SCKS,-2.968748,1.968749,-0.8125,19.040001,96.32,273.279999,0.51392,0.485888,-0.242944,711,557,707,3.6537095618706474
2024-04-25 14:15:46.270000+00:00,2024-04-25 14:15:30+00:00,2024-04-25 14:17:30+00:00,TABUENCA01-45,Sensoria-C1-E90A,Left,Gait,1.0.5,40.3887119,-3.6292984,F0:75:B1:51:59:F6,SCKS,-3.687498,1.468749,-0.5625,34.720001,-85.120003,78.400002,0.523264,0.457856,-0.2336,710,558,710,4.008899022799777
2024-04-25 14:15:46.279000+00:00,2024-04-25 14:15:30+00:00,2024-04-25 14:17:30+00:00,TABUENCA01-45,Sensoria-C1-EEA1,Right,Gait,1.0.5,40.3887119,-3.6292984,CB:AA:BC:3F:36:A5,SCKS,-0.066406,1.152345,0.101563,-16.799999,-15.68,100.800003,0.102784,0.766208,-0.299008,282,490,597,1.1587164445324836
2024-04-25 14:15:46.280000+00:00,2024-04-25 14:15:30+00:00,2024-04-25 14:17:30+00:00,TABUENCA01-45,Sensoria-C1-EEA1,Right,Gait,1.0.5,40.3887119,-3.6292984,CB:AA:BC:3F:36:A5,SCKS,-0.109375,1.207032,0.175781,-17.92,-33.599998,128.800003,0.121472,0.775552,-0.308352,269,473,641,1.2246583603642283
2024-04-25 14:15:46.303000+00:00,2024-04-25 14:15:30+00:00,2024-04-25 14:17:30+00:00,TABUENCA01-45,Sensoria-C1-E90A,Left,Gait,1.0.5,40.3887119,-3.6292984,F0:75:B1:51:59:F6,SCKS,0.8125,1.031249,0.375,23.52,32.48,-152.320007,0.51392,0.4672,-0.214912,708,556,710,1.365377511899548
2024-04-25 14:15:46.328000+00:00,2024-04-25 14:15:30+00:00,2024-04-25 14:17:30+00:00,TABUENCA01-45,Sensoria-C1-EEA1,Right,Gait,1.0.5,40.3887119,-3.6292984,CB:AA:BC:3F:36:A5,SCKS,-0.089844,1.582032,-0.214844,-17.92,-36.959999,159.039993,0.149504,0.784896,-0.308352,252,457,688,1.5990794657227014
2024-04-25 14:15:46.329000+00:00,2024-04-25 14:15:30+00:00,2024-04-25 14:17:30+00:00,TABUENCA01-45,Sensoria-C1-EEA1,Right,Gait,1.0.5,40.3887119,-3.6292984,CB:AA:BC:3F:36:A5,SCKS,-0.25,1.878908,-0.070313,-21.280001,-11.2,180.320007,0.168192,0.79424,-0.317696,249,467,700,1.8967707269021736
2024-04-25 14:15:46.335000+00:00,2024-04-25 14:15:30+00:00,2024-04-25 14:17:30+00:00,TABUENCA01-45,Sensoria-C1-E90A,Left,Gait,1.0.5,40.3887119,-3.6292984,F0:75:B1:51:59:F6,SCKS,-0.25,1.187499,0.8125,54.880001,202.720001,-202.720001,0.51392,0.495232,-0.2336,715,557,684,1.4604143675686705
2024-04-25 14:15:46.360000+00:00,2024-04-25 14:15:30+00:00,2024-04-25 14:17:30+00:00,TABUENCA01-45,Sensoria-C1-EEA1,Right,Gait,1.0.5,40.3887119,-3.6292984,CB:AA:BC:3F:36:A5,SCKS,-0.5625,1.996095,0.34375,-25.76,22.4,203.839996,0.214912,0.79424,-0.317696,253,493,707,2.1021335736639095
2024-04-25 14:15:46.368000+00:00,2024-04-25 14:15:30+00:00,2024-04-25 14:17:30+00:00,TABUENCA01-45,Sensoria-C1-E90A,Left,Gait,1.0.5,40.3887119,-3.6292984,F0:75:B1:51:59:F6,SCKS,0.03125,1.687499,-0.46875,115.360001,1.12,-224.0,0.4672,0.579328,-0.252288,716,565,506,1.7516723437906416
2024-04-25 14:15:46.393000+00:00,2024-04-25 14:15:30+00:00,2024-04-25 14:17:30+00:00,TABUENCA01-45,Sensoria-C1-EEA1,Right,Gait,1.0.5,40.3887119,-3.6292984,CB:AA:BC:3F:36:A5,SCKS,-1.328126,1.996095,0.671875,-54.880001,71.68,229.600006,0.252288,0.803584,-0.32704,269,520,710,2.4899256889566
2024-04-25 14:15:46.394000+00:00,2024-04-25 14:15:30+00:00,2024-04-25 14:17:30+00:00,TABUENCA01-45,Sensoria-C1-EEA1,Right,Gait,1.0.5,40.3887119,-3.6292984,CB:AA:BC:3F:36:A5,SCKS,-0.441407,1.996095,-0.496094,-41.439999,28.0,299.040009,0.252288,0.803584,-0.32704,296,558,713,2.103650314455803
2024-04-25 14:15:46.400000+00:00,2024-04-25 14:15:30+00:00,2024-04-25 14:17:30+00:00,TABUENCA01-45,Sensoria-C1-E90A,Left,Gait,1.0.5,40.3887119,-3.6292984,F0:75:B1:51:59:F6,SCKS,-0.125,1.406249,0.625,63.84,-100.800003,-239.680008,0.448512,0.616704,-0.242944,701,571,406,1.5439515050677597
2024-04-25 14:15:46.426000+00:00,2024-04-25 14:15:30+00:00,2024-04-25 14:17:30+00:00,TABUENCA01-45,Sensoria-C1-EEA1,Right,Gait,1.0.5,40.3887119,-3.6292984,CB:AA:BC:3F:36:A5,SCKS,-0.589844,1.996095,-0.964844,-33.599998,-68.32,322.559998,0.308352,0.803584,-0.336384,350,608,715,2.2941741733567222
2024-04-25 14:15:46.433000+00:00,2024-04-25 14:15:30+00:00,2024-04-25 14:17:30+00:00,TABUENCA01-45,Sensoria-C1-E90A,Left,Gait,1.0.5,40.3887119,-3.6292984,F0:75:B1:51:59:F6,SCKS,-0.03125,0.968749,-0.21875,54.880001,-58.240002,-109.760002,0.42048,0.644736,-0.224256,659,546,373,0.9936310935155964
2024-04-25 14:15:46.441000+00:00,2024-04-25 14:15:30+00:00,2024-04-25 14:17:30+00:00,TABUENCA01-45,Sensoria-C1-EEA1,Right,Gait,1.0.5,40.3887119,-3.6292984,CB:AA:BC:3F:36:A5,SCKS,-0.773438,0.636719,-0.605469,-1.12,-58.240002,315.839996,0.364416,0.803584,-0.32704,416,657,717,1.1705597527533569
2024-04-25 14:15:46.458000+00:00,2024-04-25 14:15:30+00:00,2024-04-25 14:17:30+00:00,TABUENCA01-45,Sensoria-C1-EEA1,Right,Gait,1.0.5,40.3887119,-3.6292984,CB:AA:BC:3F:36:A5,SCKS,-0.316406,0.019531,-0.460938,-7.84,30.24,218.399994,0.411136,0.79424,-0.32704,467,692,716,0.5594265426675785
2024-04-25 14:15:46.465000+00:00,2024-04-25 14:15:30+00:00,2024-04-25 14:17:30+00:00,TABUENCA01-45,Sensoria-C1-E90A,Left,Gait,1.0.5,40.3887119,-3.6292984,F0:75:B1:51:59:F6,SCKS,0.09375,0.999999,-0.1875,26.880001,-45.920002,-58.240002,0.392448,0.663424,-0.196224,612,504,373,1.0217354415410087
2024-04-25 14:15:46.474000+00:00,2024-04-25 14:15:30+00:00,2024-04-25 14:17:30+00:00,TABUENCA01-45,Sensoria-C1-EEA1,Right,Gait,1.0.5,40.3887119,-3.6292984,CB:AA:BC:3F:36:A5,SCKS,-0.289063,0.804688,-0.496094,-2.24,140.0,117.599998,0.429824,0.784896,-0.336384,494,709,714,0.9885289333899134
2024-04-25 14:15:46.490000+00:00,2024-04-25 14:15:30+00:00,2024-04-25 14:17:30+00:00,TABUENCA01-45,Sensoria-C1-EEA1,Right,Gait,1.0.5,40.3887119,-3.6292984,CB:AA:BC:3F:36:A5,SCKS,-1.351563,0.230469,-0.441407,-24.639999,147.839996,-6.72,0.429824,0.784896,-0.336384,508,718,714,1.4403744799804667
2024-04-25 14:15:46.498000+00:00,2024-04-25 14:15:30+00:00,2024-04-25 14:17:30+00:00,TABUENCA01-45,Sensoria-C1-E90A,Left,Gait,1.0.5,40.3887119,-3.6292984,F0:75:B1:51:59:F6,SCKS,0.03125,0.999999,-0.15625,15.68,-35.84,-40.32,0.383104,0.672768,-0.196224,572,466,398,1.0126147465848006
2024-04-25 14:15:46.507000+00:00,2024-04-25 14:15:30+00:00,2024-04-25 14:17:30+00:00,TABUENCA01-45,Sensoria-C1-EEA1,Right,Gait,1.0.5,40.3887119,-3.6292984,CB:AA:BC:3F:36:A5,SCKS,-1.035157,-0.054688,-0.113281,-35.84,99.68,-53.760002,0.429824,0.79424,-0.364416,513,724,712,1.0427719678597045
2024-04-25 14:15:46.530000+00:00,2024-04-25 14:15:30+00:00,2024-04-25 14:17:30+00:00,TABUENCA01-45,Sensoria-C1-E90A,Left,Gait,1.0.5,40.3887119,-3.6292984,F0:75:B1:51:59:F6,SCKS,0.0625,0.968749,-0.28125,3.36,-49.279999,-32.48,0.383104,0.682112,-0.196224,544,440,441,1.0106841432915628
2024-04-25 14:15:46.539000+00:00,2024-04-25 14:15:30+00:00,2024-04-25 14:17:30+00:00,TABUENCA01-45,Sensoria-C1-EEA1,Right,Gait,1.0.5,40.3887119,-3.6292984,CB:AA:BC:3F:36:A5,SCKS,-0.429688,-0.253906,-0.027344,19.040001,26.880001,-94.080002,0.411136,0.79424,-0.364416,515,726,710,0.4998477053223312
2024-04-25 14:15:46.556000+00:00,2024-04-25 14:15:30+00:00,2024-04-25 14:17:30+00:00,TABUENCA01-45,Sensoria-C1-EEA1,Right,Gait,1.0.5,40.3887119,-3.6292984,CB:AA:BC:3F:36:A5,SCKS,-0.550782,-0.109375,-0.0625,38.080002,15.68,-153.440002,0.392448,0.803584,-0.37376,516,725,708,0.5650043824157474
2024-04-25 14:15:46.563000+00:00,2024-04-25 14:15:30+00:00,2024-04-25 14:17:30+00:00,TABUENCA01-45,Sensoria-C1-E90A,Left,Gait,1.0.5,40.3887119,-3.6292984,F0:75:B1:51:59:F6,SCKS,0.03125,0.968749,-0.15625,-2.24,-51.52,-25.76,0.37376,0.682112,-0.177536,522,420,499,0.9817663927844545
2024-04-25 14:15:46.571000+00:00,2024-04-25 14:15:30+00:00,2024-04-25 14:17:30+00:00,TABUENCA01-45,Sensoria-C1-EEA1,Right,Gait,1.0.5,40.3887119,-3.6292984,CB:AA:BC:3F:36:A5,SCKS,-0.660157,0.171875,-0.109375,49.279999,-11.2,-213.919998,0.355072,0.803584,-0.355072,516,724,709,0.6908771026014685
2024-04-25 14:15:46.579000+00:00,2024-04-25 14:15:30+00:00,2024-04-25 14:17:30+00:00,TABUENCA01-45,Sensoria-C1-E90A,Left,Gait,1.0.5,40.3887119,-3.6292984,F0:75:B1:51:59:F6,SCKS,0.0625,0.968749,-0.21875,-5.6,-44.799999,-14.56,0.364416,0.682112,-0.168192,509,411,558,0.9951042344905382
2024-04-25 14:15:46.588000+00:00,2024-04-25 14:15:30+00:00,2024-04-25 14:17:30+00:00,TABUENCA01-45,Sensoria-C1-EEA1,Right,Gait,1.0.5,40.3887119,-3.6292984,CB:AA:BC:3F:36:A5,SCKS,-0.511719,0.296875,-0.074219,54.880001,-36.959999,-260.959991,0.308352,0.812928,-0.345728,515,725,707,0.5962378389091052
2024-04-25 14:15:46.621000+00:00,2024-04-25 14:15:30+00:00,2024-04-25 14:17:30+00:00,TABUENCA01-45,Sensoria-C1-EEA1,Right,Gait,1.0.5,40.3887119,-3.6292984,CB:AA:BC:3F:36:A5,SCKS,-0.449219,0.488282,-0.074219,59.360001,-48.16,-297.920013,0.308352,0.812928,-0.345728,516,725,706,0.6676267530933733
2024-04-25 14:15:46.630000+00:00,2024-04-25 14:15:30+00:00,2024-04-25 14:17:30+00:00,TABUENCA01-45,Sensoria-C1-E90A,Left,Gait,1.0.5,40.3887119,-3.6292984,F0:75:B1:51:59:F6,SCKS,0.0,0.9375,-0.25,-10.08,-35.84,-14.56,0.355072,0.691456,-0.177536,501,405,604,0.9702609185162515
2024-04-25 14:15:46.637000+00:00,2024-04-25 14:15:30+00:00,2024-04-25 14:17:30+00:00,TABUENCA01-45,Sensoria-C1-EEA1,Right,Gait,1.0.5,40.3887119,-3.6292984,CB:AA:BC:3F:36:A5,SCKS,-0.503907,0.773438,-0.066406,61.599998,-50.400002,-333.76001,0.242944,0.803584,-0.336384,517,724,705,0.925493577140868
2024-04-25 14:15:46.644000+00:00,2024-04-25 14:15:30+00:00,2024-04-25 14:17:30+00:00,TABUENCA01-45,Sensoria-C1-E90A,Left,Gait,1.0.5,40.3887119,-3.6292984,F0:75:B1:51:59:F6,SCKS,0.0,0.9375,-0.28125,-11.2,-34.720001,-14.56,0.345728,0.691456,-0.177536,493,401,638,0.9787787352103641
2024-04-25 14:15:46.668000+00:00,2024-04-25 14:15:30+00:00,2024-04-25 14:17:30+00:00,TABUENCA01-45,Sensoria-C1-EEA1,Right,Gait,1.0.5,40.3887119,-3.6292984,CB:AA:BC:3F:36:A5,SCKS,-0.507813,1.13672,-0.046875,57.119999,-42.560001,-362.880005,0.18688,0.79424,-0.317696,516,723,705,1.2458746594236516
2024-04-25 14:15:46.670000+00:00,2024-04-25 14:15:30+00:00,2024-04-25 14:17:30+00:00,TABUENCA01-45,Sensoria-C1-EEA1,Right,Gait,1.0.5,40.3887119,-3.6292984,CB:AA:BC:3F:36:A5,SCKS,-0.417969,1.546876,-0.007813,43.68,-17.92,-381.920013,0.121472,0.775552,-0.308352,515,721,704,1.6023683993720044
2024-04-25 14:15:46.677000+00:00,2024-04-25 14:15:30+00:00,2024-04-25 14:17:30+00:00,TABUENCA01-45,Sensoria-C1-E90A,Left,Gait,1.0.5,40.3887119,-3.6292984,F0:75:B1:51:59:F6,SCKS,0.0,0.90625,-0.21875,-7.84,-42.560001,-15.68,0.345728,0.7008,-0.158848,488,394,661,0.9322771181360187
2024-04-25 14:15:46.702000+00:00,2024-04-25 14:15:30+00:00,2024-04-25 14:17:30+00:00,TABUENCA01-45,Sensoria-C1-EEA1,Right,Gait,1.0.5,40.3887119,-3.6292984,CB:AA:BC:3F:36:A5,SCKS,-0.425782,1.996095,0.164063,21.280001,36.959999,-378.559998,0.065408,0.738176,-0.308352,515,720,703,2.0475844862954986
2024-04-25 14:15:46.709000+00:00,2024-04-25 14:15:30+00:00,2024-04-25 14:17:30+00:00,TABUENCA01-45,Sensoria-C1-E90A,Left,Gait,1.0.5,40.3887119,-3.6292984,F0:75:B1:51:59:F6,SCKS,-0.0625,0.90625,-0.0625,2.24,-33.599998,-28.0,0.336384,0.7008,-0.158848,475,374,687,0.9105501427708416
2024-04-25 14:15:46.718000+00:00,2024-04-25 14:15:30+00:00,2024-04-25 14:17:30+00:00,TABUENCA01-45,Sensoria-C1-EEA1,Right,Gait,1.0.5,40.3887119,-3.6292984,CB:AA:BC:3F:36:A5,SCKS,0.074219,1.996095,0.183594,69.440002,-8.96,-381.920013,0.065408,0.738176,-0.308352,515,719,703,2.0058939318473445
2024-04-25 14:15:46.734000+00:00,2024-04-25 14:15:30+00:00,2024-04-25 14:17:30+00:00,TABUENCA01-45,Sensoria-C1-EEA1,Right,Gait,1.0.5,40.3887119,-3.6292984,CB:AA:BC:3F:36:A5,SCKS,0.683594,1.996095,0.304688,66.080002,-19.040001,-395.360016,0.018688,0.7008,-0.299008,515,720,704,2.13179051109742
2024-04-25 14:15:46.746000+00:00,2024-04-25 14:15:30+00:00,2024-04-25 14:17:30+00:00,TABUENCA01-45,Sensoria-C1-E90A,Left,Gait,1.0.5,40.3887119,-3.6292984,F0:75:B1:51:59:F6,SCKS,0.03125,0.999999,-0.1875,3.36,-26.880001,-38.080002,0.32704,0.710144,-0.177536,459,349,697,1.017905109772517
2024-04-25 14:15:46.756000+00:00,2024-04-25 14:15:30+00:00,2024-04-25 14:17:30+00:00,TABUENCA01-45,Sensoria-C1-EEA1,Right,Gait,1.0.5,40.3887119,-3.6292984,CB:AA:BC:3F:36:A5,SCKS,1.546876,1.996095,-0.074219,50.400002,-36.959999,-385.279999,-0.037376,0.635392,-0.308352,515,720,706,2.5264063545601685
2024-04-25 14:15:46.767000+00:00,2024-04-25 14:15:30+00:00,2024-04-25 14:17:30+00:00,TABUENCA01-45,Sensoria-C1-EEA1,Right,Gait,1.0.5,40.3887119,-3.6292984,CB:AA:BC:3F:36:A5,SCKS,1.996095,1.996095,-0.132813,68.32,-32.48,-286.720001,-0.065408,0.588672,-0.299008,514,722,705,2.826027209886522
2024-04-25 14:15:46.774000+00:00,2024-04-25 14:15:30+00:00,2024-04-25 14:17:30+00:00,TABUENCA01-45,Sensoria-C1-E90A,Left,Gait,1.0.5,40.3887119,-3.6292984,F0:75:B1:51:59:F6,SCKS,0.0625,1.093749,-0.1875,0.0,-26.880001,-56.0,0.317696,0.710144,-0.158848,439,326,706,1.1114627186734607
2024-04-25 14:15:46.800000+00:00,2024-04-25 14:15:30+00:00,2024-04-25 14:17:30+00:00,TABUENCA01-45,Sensoria-C1-EEA1,Right,Gait,1.0.5,40.3887119,-3.6292984,CB:AA:BC:3F:36:A5,SCKS,1.996095,1.531251,0.351563,73.919998,15.68,-165.759995,-0.084096,0.569984,-0.299008,514,722,706,2.540220741785052
2024-04-25 14:15:46.807000+00:00,2024-04-25 14:15:30+00:00,2024-04-25 14:17:30+00:00,TABUENCA01-45,Sensoria-C1-E90A,Left,Gait,1.0.5,40.3887119,-3.6292984,F0:75:B1:51:59:F6,SCKS,0.09375,1.187499,-0.03125,2.24,-20.16,-84.0,0.308352,0.728832,-0.158848,419,302,716,1.1916037512533266
2024-04-25 14:15:46.816000+00:00,2024-04-25 14:15:30+00:00,2024-04-25 14:17:30+00:00,TABUENCA01-45,Sensoria-C1-EEA1,Right,Gait,1.0.5,40.3887119,-3.6292984,CB:AA:BC:3F:36:A5,SCKS,1.996095,1.863283,0.777344,41.439999,17.92,-26.880001,-0.084096,0.569984,-0.299008,512,721,709,2.8390988854652455
2024-04-25 14:15:46.832000+00:00,2024-04-25 14:15:30+00:00,2024-04-25 14:17:30+00:00,TABUENCA01-45,Sensoria-C1-EEA1,Right,Gait,1.0.5,40.3887119,-3.6292984,CB:AA:BC:3F:36:A5,SCKS,1.546876,1.992189,0.511719,0.0,-54.880001,99.68,-0.084096,0.551296,-0.289664,511,720,709,2.573615881606655
2024-04-25 14:15:46.839000+00:00,2024-04-25 14:15:30+00:00,2024-04-25 14:17:30+00:00,TABUENCA01-45,Sensoria-C1-E90A,Left,Gait,1.0.5,40.3887119,-3.6292984,F0:75:B1:51:59:F6,SCKS,0.1875,1.374999,-0.21875,6.72,-7.84,-120.959999,0.261632,0.74752,-0.158848,406,287,723,1.4048594458169117
2024-04-25 14:15:46.848000+00:00,2024-04-25 14:15:30+00:00,2024-04-25 14:17:30+00:00,TABUENCA01-45,Sensoria-C1-EEA1,Right,Gait,1.0.5,40.3887119,-3.6292984,CB:AA:BC:3F:36:A5,SCKS,-2.000001,1.644532,0.417969,24.639999,-143.360001,79.519997,-0.084096,0.569984,-0.308352,515,719,690,2.6228205397979485
2024-04-25 14:15:46.872000+00:00,2024-04-25 14:15:30+00:00,2024-04-25 14:17:30+00:00,TABUENCA01-45,Sensoria-C1-E90A,Left,Gait,1.0.5,40.3887119,-3.6292984,F0:75:B1:51:59:F6,SCKS,0.34375,1.687499,-0.21875,3.36,-19.040001,-155.680008,0.242944,0.756864,-0.168192,406,292,725,1.735992079475307
2024-04-25 14:15:46.881000+00:00,2024-04-25 14:15:30+00:00,2024-04-25 14:17:30+00:00,TABUENCA01-45,Sensoria-C1-EEA1,Right,Gait,1.0.5,40.3887119,-3.6292984,CB:AA:BC:3F:36:A5,SCKS,0.503907,1.074219,1.621095,54.880001,-197.119995,227.360001,-0.074752,0.598016,-0.345728,526,723,648,2.0089344746992124
2024-04-25 14:15:46.897000+00:00,2024-04-25 14:15:30+00:00,2024-04-25 14:17:30+00:00,TABUENCA01-45,Sensoria-C1-EEA1,Right,Gait,1.0.5,40.3887119,-3.6292984,CB:AA:BC:3F:36:A5,SCKS,0.644532,1.875001,0.285156,75.040001,-113.120003,249.759995,-0.056064,0.626048,-0.355072,531,727,575,2.0030886633798812
2024-04-25 14:15:46.904000+00:00,2024-04-25 14:15:30+00:00,2024-04-25 14:17:30+00:00,TABUENCA01-45,Sensoria-C1-E90A,Left,Gait,1.0.5,40.3887119,-3.6292984,F0:75:B1:51:59:F6,SCKS,0.78125,2.281249,0.0625,-2.24,-24.639999,-201.600006,0.205568,0.766208,-0.158848,450,338,723,2.4121266161835284
2024-04-25 14:15:46.913000+00:00,2024-04-25 14:15:30+00:00,2024-04-25 14:17:30+00:00,TABUENCA01-45,Sensoria-C1-EEA1,Right,Gait,1.0.5,40.3887119,-3.6292984,CB:AA:BC:3F:36:A5,SCKS,0.199219,1.441407,-0.398438,54.880001,40.32,234.080002,-0.056064,0.626048,-0.355072,533,728,494,1.508673320985693
2024-04-25 14:15:46.921000+00:00,2024-04-25 14:15:30+00:00,2024-04-25 14:17:30+00:00,TABUENCA01-45,Sensoria-C1-E90A,Left,Gait,1.0.5,40.3887119,-3.6292984,F0:75:B1:51:59:F6,SCKS,1.124999,2.374999,0.125,-47.040001,-60.48,-218.399994,0.168192,0.775552,-0.168192,508,385,720,2.6309443171610454
2024-04-25 14:15:46.930000+00:00,2024-04-25 14:15:30+00:00,2024-04-25 14:17:30+00:00,TABUENCA01-45,Sensoria-C1-EEA1,Right,Gait,1.0.5,40.3887119,-3.6292984,CB:AA:BC:3F:36:A5,SCKS,0.792969,1.593751,-0.476563,44.799999,-25.76,201.600006,-0.037376,0.65408,-0.32704,527,729,432,1.8428115416208461
2024-04-25 14:15:46.953000+00:00,2024-04-25 14:15:30+00:00,2024-04-25 14:17:30+00:00,TABUENCA01-45,Sensoria-C1-E90A,Left,Gait,1.0.5,40.3887119,-3.6292984,F0:75:B1:51:59:F6,SCKS,0.6875,2.531249,-1.156249,-21.280001,-114.239998,-265.440002,0.121472,0.784896,-0.177536,568,447,720,2.8664942874532295
2024-04-25 14:15:46.962000+00:00,2024-04-25 14:15:30+00:00,2024-04-25 14:17:30+00:00,TABUENCA01-45,Sensoria-C1-EEA1,Right,Gait,1.0.5,40.3887119,-3.6292984,CB:AA:BC:3F:36:A5,SCKS,-0.042969,0.792969,0.113281,-38.080002,60.48,185.919998,-0.009344,0.691456,-0.345728,515,734,391,0.8021712752791638
2024-04-25 14:15:46.978000+00:00,2024-04-25 14:15:30+00:00,2024-04-25 14:17:30+00:00,TABUENCA01-45,Sensoria-C1-EEA1,Right,Gait,1.0.5,40.3887119,-3.6292984,CB:AA:BC:3F:36:A5,SCKS,0.273438,1.035157,0.0625,-3.36,16.799999,137.759995,0.0,0.710144,-0.336384,495,726,368,1.0724852467484112
2024-04-25 14:15:46.985000+00:00,2024-04-25 14:15:30+00:00,2024-04-25 14:17:30+00:00,TABUENCA01-45,Sensoria-C1-E90A,Left,Gait,1.0.5,40.3887119,-3.6292984,F0:75:B1:51:59:F6,SCKS,0.6875,1.031249,-0.40625,17.92,70.559998,-274.399994,0.028032,0.775552,-0.168192,640,518,719,1.3042890065092936
2024-04-25 14:15:46.994000+00:00,2024-04-25 14:15:30+00:00,2024-04-25 14:17:30+00:00,TABUENCA01-45,Sensoria-C1-EEA1,Right,Gait,1.0.5,40.3887119,-3.6292984,CB:AA:BC:3F:36:A5,SCKS,-0.105469,0.941407,-0.105469,-19.040001,42.560001,107.520004,0.018688,0.719488,-0.32704,479,711,354,0.953149809615991
2024-04-25 14:15:47.010000+00:00,2024-04-25 14:15:30+00:00,2024-04-25 14:17:30+00:00,TABUENCA01-45,Sensoria-C1-EEA1,Right,Gait,1.0.5,40.3887119,-3.6292984,CB:AA:BC:3F:36:A5,SCKS,-0.019531,1.027344,0.167969,-12.32,16.799999,72.800003,0.028032,0.719488,-0.336384,464,691,345,1.0411679688013842
2024-04-25 14:15:47.018000+00:00,2024-04-25 14:15:30+00:00,2024-04-25 14:17:30+00:00,TABUENCA01-45,Sensoria-C1-E90A,Left,Gait,1.0.5,40.3887119,-3.6292984,F0:75:B1:51:59:F6,SCKS,-0.875,0.21875,-0.5625,13.440001,-71.68,-91.840004,0.0,0.775552,-0.18688,687,554,719,1.0629594594809344
2024-04-25 14:15:47.043000+00:00,2024-04-25 14:15:30+00:00,2024-04-25 14:17:30+00:00,TABUENCA01-45,Sensoria-C1-EEA1,Right,Gait,1.0.5,40.3887119,-3.6292984,CB:AA:BC:3F:36:A5,SCKS,-0.054688,1.007813,-0.023438,2.24,8.96,56.0,0.037376,0.719488,-0.308352,443,660,347,1.009567808597818
2024-04-25 14:15:47.050000+00:00,2024-04-25 14:15:30+00:00,2024-04-25 14:17:30+00:00,TABUENCA01-45,Sensoria-C1-E90A,Left,Gait,1.0.5,40.3887119,-3.6292984,F0:75:B1:51:59:F6,SCKS,1.312499,0.03125,-0.21875,5.6,-142.240005,115.360001,-0.009344,0.775552,-0.18688,702,560,716,1.3309702288184362
2024-04-25 14:15:47.059000+00:00,2024-04-25 14:15:30+00:00,2024-04-25 14:17:30+00:00,TABUENCA01-45,Sensoria-C1-EEA1,Right,Gait,1.0.5,40.3887119,-3.6292984,CB:AA:BC:3F:36:A5,SCKS,-0.070313,1.003907,0.046875,1.12,4.48,47.040001,0.04672,0.728832,-0.317696,430,645,357,1.0074574175829965
2024-04-25 14:15:47.075000+00:00,2024-04-25 14:15:30+00:00,2024-04-25 14:17:30+00:00,TABUENCA01-45,Sensoria-C1-EEA1,Right,Gait,1.0.5,40.3887119,-3.6292984,CB:AA:BC:3F:36:A5,SCKS,-0.039063,1.011719,-0.121094,8.96,1.12,44.799999,0.04672,0.728832,-0.317696,420,632,371,1.0196886827684222
2024-04-25 14:15:47.083000+00:00,2024-04-25 14:15:30+00:00,2024-04-25 14:17:30+00:00,TABUENCA01-45,Sensoria-C1-E90A,Left,Gait,1.0.5,40.3887119,-3.6292984,F0:75:B1:51:59:F6,SCKS,0.71875,-0.09375,0.09375,-15.68,-10.08,166.880005,0.009344,0.784896,-0.177536,708,562,714,0.7308759727204063
2024-04-25 14:15:47.091000+00:00,2024-04-25 14:15:30+00:00,2024-04-25 14:17:30+00:00,TABUENCA01-45,Sensoria-C1-EEA1,Right,Gait,1.0.5,40.3887119,-3.6292984,CB:AA:BC:3F:36:A5,SCKS,-0.003906,0.941407,-0.078125,1.12,12.32,47.040001,0.04672,0.728832,-0.308352,409,623,390,0.9446512118819306
2024-04-25 14:15:47.108000+00:00,2024-04-25 14:15:30+00:00,2024-04-25 14:17:30+00:00,TABUENCA01-45,Sensoria-C1-EEA1,Right,Gait,1.0.5,40.3887119,-3.6292984,CB:AA:BC:3F:36:A5,SCKS,0.007813,0.949219,-0.050781,1.12,19.040001,45.920002,0.056064,0.738176,-0.299008,400,615,412,0.9506084698186735
2024-04-25 14:15:47.115000+00:00,2024-04-25 14:15:30+00:00,2024-04-25 14:17:30+00:00,TABUENCA01-45,Sensoria-C1-E90A,Left,Gait,1.0.5,40.3887119,-3.6292984,F0:75:B1:51:59:F6,SCKS,0.25,0.03125,0.03125,-6.72,17.92,228.479996,0.084096,0.784896,-0.177536,712,560,712,0.2538762001448738
2024-04-25 14:15:47.140000+00:00,2024-04-25 14:15:30+00:00,2024-04-25 14:17:30+00:00,TABUENCA01-45,Sensoria-C1-EEA1,Right,Gait,1.0.5,40.3887119,-3.6292984,CB:AA:BC:3F:36:A5,SCKS,0.019531,0.984376,-0.042969,-1.12,22.4,40.32,0.056064,0.738176,-0.308352,391,607,433,0.9855069275748395
2024-04-25 14:15:47.148000+00:00,2024-04-25 14:15:30+00:00,2024-04-25 14:17:30+00:00,TABUENCA01-45,Sensoria-C1-E90A,Left,Gait,1.0.5,40.3887119,-3.6292984,F0:75:B1:51:59:F6,SCKS,0.46875,0.46875,-0.15625,12.32,13.440001,296.799988,0.130816,0.784896,-0.158848,711,559,710,0.6810779599282303
2024-04-25 14:15:47.157000+00:00,2024-04-25 14:15:30+00:00,2024-04-25 14:17:30+00:00,TABUENCA01-45,Sensoria-C1-EEA1,Right,Gait,1.0.5,40.3887119,-3.6292984,CB:AA:BC:3F:36:A5,SCKS,-0.007813,0.964844,-0.027344,-6.72,20.16,36.959999,0.065408,0.738176,-0.308352,381,598,453,0.9652630116403509
2024-04-25 14:15:47.173000+00:00,2024-04-25 14:15:30+00:00,2024-04-25 14:17:30+00:00,TABUENCA01-45,Sensoria-C1-EEA1,Right,Gait,1.0.5,40.3887119,-3.6292984,CB:AA:BC:3F:36:A5,SCKS,0.023438,0.968751,-0.046875,-8.96,13.440001,38.080002,0.065408,0.738176,-0.308352,371,590,469,0.9701675656658493
2024-04-25 14:15:47.181000+00:00,2024-04-25 14:15:30+00:00,2024-04-25 14:17:30+00:00,TABUENCA01-45,Sensoria-C1-E90A,Left,Gait,1.0.5,40.3887119,-3.6292984,F0:75:B1:51:59:F6,SCKS,0.375,0.8125,-0.0625,-4.48,24.639999,341.600006,0.18688,0.775552,-0.177536,712,558,709,0.8970437559004577
2024-04-25 14:15:47.189000+00:00,2024-04-25 14:15:30+00:00,2024-04-25 14:17:30+00:00,TABUENCA01-45,Sensoria-C1-EEA1,Right,Gait,1.0.5,40.3887119,-3.6292984,CB:AA:BC:3F:36:A5,SCKS,0.050781,0.960938,-0.054688,-11.2,12.32,36.959999,0.074752,0.74752,-0.32704,366,581,486,0.9638315865072071
2024-04-25 14:15:47.213000+00:00,2024-04-25 14:15:30+00:00,2024-04-25 14:17:30+00:00,TABUENCA01-45,Sensoria-C1-E90A,Left,Gait,1.0.5,40.3887119,-3.6292984,F0:75:B1:51:59:F6,SCKS,0.5,1.749999,-0.0625,-11.2,32.48,421.119995,0.32704,0.710144,-0.177536,712,556,709,1.821099324584192
2024-04-25 14:15:47.221000+00:00,2024-04-25 14:15:30+00:00,2024-04-25 14:17:30+00:00,TABUENCA01-45,Sensoria-C1-EEA1,Right,Gait,1.0.5,40.3887119,-3.6292984,CB:AA:BC:3F:36:A5,SCKS,0.0625,0.964844,-0.03125,-11.2,13.440001,34.720001,0.074752,0.756864,-0.317696,356,572,502,0.9673710543715892
2024-04-25 14:15:47.238000+00:00,2024-04-25 14:15:30+00:00,2024-04-25 14:17:30+00:00,TABUENCA01-45,Sensoria-C1-EEA1,Right,Gait,1.0.5,40.3887119,-3.6292984,CB:AA:BC:3F:36:A5,SCKS,0.03125,0.949219,0.011719,-7.84,11.2,35.84,0.074752,0.756864,-0.308352,345,564,513,0.9498055629559137
2024-04-25 14:15:47.246000+00:00,2024-04-25 14:15:30+00:00,2024-04-25 14:17:30+00:00,TABUENCA01-45,Sensoria-C1-E90A,Left,Gait,1.0.5,40.3887119,-3.6292984,F0:75:B1:51:59:F6,SCKS,0.4375,2.749999,-0.125,-13.440001,39.200001,439.040009,0.392448,0.663424,-0.196224,711,554,707,2.78738690353546
2024-04-25 14:15:47.254000+00:00,2024-04-25 14:15:30+00:00,2024-04-25 14:17:30+00:00,TABUENCA01-45,Sensoria-C1-EEA1,Right,Gait,1.0.5,40.3887119,-3.6292984,CB:AA:BC:3F:36:A5,SCKS,-0.03125,0.921876,0.03125,-3.36,6.72,40.32,0.084096,0.756864,-0.308352,333,551,525,0.9229347129542804
2024-04-25 14:15:47.262000+00:00,2024-04-25 14:15:30+00:00,2024-04-25 14:17:30+00:00,TABUENCA01-45,Sensoria-C1-E90A,Left,Gait,1.0.5,40.3887119,-3.6292984,F0:75:B1:51:59:F6,SCKS,-0.53125,3.218748,0.3125,0.0,88.480003,437.920013,0.448512,0.598016,-0.196224,709,554,705,3.2772277156163563
2024-04-25 14:15:47.271000+00:00,2024-04-25 14:15:30+00:00,2024-04-25 14:17:30+00:00,TABUENCA01-45,Sensoria-C1-EEA1,Right,Gait,1.0.5,40.3887119,-3.6292984,CB:AA:BC:3F:36:A5,SCKS,-0.050781,0.996094,0.035156,0.0,-6.72,52.639999,0.084096,0.756864,-0.308352,319,539,536,0.9980069694811755
2024-04-25 14:15:47.294000+00:00,2024-04-25 14:15:30+00:00,2024-04-25 14:17:30+00:00,TABUENCA01-45,Sensoria-C1-E90A,Left,Gait,1.0.5,40.3887119,-3.6292984,F0:75:B1:51:59:F6,SCKS,-1.312499,2.781249,-1.187499,5.6,119.840004,371.839996,0.485888,0.532608,-0.205568,710,554,709,3.2966882624844893
2024-04-25 14:15:47.320000+00:00,2024-04-25 14:15:30+00:00,2024-04-25 14:17:30+00:00,TABUENCA01-45,Sensoria-C1-EEA1,Right,Gait,1.0.5,40.3887119,-3.6292984,CB:AA:BC:3F:36:A5,SCKS,0.0,1.156251,0.015625,-4.48,-16.799999,76.160004,0.102784,0.766208,-0.317696,291,505,574,1.1563565694136042
2024-04-25 14:15:47.327000+00:00,2024-04-25 14:15:30+00:00,2024-04-25 14:17:30+00:00,TABUENCA01-45,Sensoria-C1-E90A,Left,Gait,1.0.5,40.3887119,-3.6292984,F0:75:B1:51:59:F6,SCKS,-4.156248,1.249999,-0.59375,0.0,-19.040001,190.399994,0.523264,0.457856,-0.224256,708,555,712,4.380574619842127
2024-04-25 14:15:47.336000+00:00,2024-04-25 14:15:30+00:00,2024-04-25 14:17:30+00:00,TABUENCA01-45,Sensoria-C1-EEA1,Right,Gait,1.0.5,40.3887119,-3.6292984,CB:AA:BC:3F:36:A5,SCKS,-0.035156,1.207032,0.058594,-10.08,-17.92,92.959999,0.112128,0.766208,-0.32704,277,482,611,1.2089646190836192
2024-04-25 14:15:47.352000+00:00,2024-04-25 14:15:30+00:00,2024-04-25 14:17:30+00:00,TABUENCA01-45,Sensoria-C1-EEA1,Right,Gait,1.0.5,40.3887119,-3.6292984,CB:AA:BC:3F:36:A5,SCKS,-0.109375,1.253907,0.121094,-12.32,-23.52,115.360001,0.130816,0.775552,-0.317696,264,464,650,1.2644798978671035
2024-04-25 14:15:47.359000+00:00,2024-04-25 14:15:30+00:00,2024-04-25 14:17:30+00:00,TABUENCA01-45,Sensoria-C1-E90A,Left,Gait,1.0.5,40.3887119,-3.6292984,F0:75:B1:51:59:F6,SCKS,-2.968748,1.937499,-0.34375,20.16,-68.32,-70.559998,0.51392,0.4672,-0.214912,706,553,715,3.561675325602405
2024-04-25 14:15:47.368000+00:00,2024-04-25 14:15:30+00:00,2024-04-25 14:17:30+00:00,TABUENCA01-45,Sensoria-C1-EEA1,Right,Gait,1.0.5,40.3887119,-3.6292984,CB:AA:BC:3F:36:A5,SCKS,-0.050781,1.488282,-0.160156,-13.440001,-35.84,134.399994,0.130816,0.775552,-0.317696,253,450,677,1.4977356127905221
2024-04-25 14:15:47.392000+00:00,2024-04-25 14:15:30+00:00,2024-04-25 14:17:30+00:00,TABUENCA01-45,Sensoria-C1-E90A,Left,Gait,1.0.5,40.3887119,-3.6292984,F0:75:B1:51:59:F6,SCKS,6.124997,0.59375,0.5,11.2,5.6,-88.480003,0.504576,0.485888,-0.224256,709,553,701,6.173987958565274
2024-04-25 14:15:47.417000+00:00,2024-04-25 14:15:30+00:00,2024-04-25 14:17:30+00:00,TABUENCA01-45,Sensoria-C1-EEA1,Right,Gait,1.0.5,40.3887119,-3.6292984,CB:AA:BC:3F:36:A5,SCKS,-0.101563,1.644532,-0.042969,-19.040001,-20.16,155.680008,0.149504,0.784896,-0.32704,246,444,694,1.6482253720150046
2024-04-25 14:15:47.418000+00:00,2024-04-25 14:15:30+00:00,2024-04-25 14:17:30+00:00,TABUENCA01-45,Sensoria-C1-EEA1,Right,Gait,1.0.5,40.3887119,-3.6292984,CB:AA:BC:3F:36:A5,SCKS,-0.304688,1.937501,-0.003906,-22.4,-5.6,178.080002,0.18688,0.79424,-0.317696,243,455,704,1.9613159253881052
2024-04-25 14:15:47.424000+00:00,2024-04-25 14:15:30+00:00,2024-04-25 14:17:30+00:00,TABUENCA01-45,Sensoria-C1-E90A,Left,Gait,1.0.5,40.3887119,-3.6292984,F0:75:B1:51:59:F6,SCKS,-0.84375,1.781249,0.84375,62.720001,206.080002,-263.200012,0.504576,0.51392,-0.252288,715,561,650,2.1439860365685686
2024-04-25 14:15:47.433000+00:00,2024-04-25 14:15:30+00:00,2024-04-25 14:17:30+00:00,TABUENCA01-45,Sensoria-C1-EEA1,Right,Gait,1.0.5,40.3887119,-3.6292984,CB:AA:BC:3F:36:A5,SCKS,-0.914063,1.996095,0.457032,-40.32,45.920002,216.160004,0.224256,0.803584,-0.32704,251,482,710,2.2424951875127848
2024-04-25 14:15:47.449000+00:00,2024-04-25 14:15:30+00:00,2024-04-25 14:17:30+00:00,TABUENCA01-45,Sensoria-C1-EEA1,Right,Gait,1.0.5,40.3887119,-3.6292984,CB:AA:BC:3F:36:A5,SCKS,-1.210938,1.996095,0.40625,-58.240002,64.959999,249.759995,0.270976,0.803584,-0.32704,268,511,713,2.369769008019347
2024-04-25 14:15:47.457000+00:00,2024-04-25 14:15:30+00:00,2024-04-25 14:17:30+00:00,TABUENCA01-45,Sensoria-C1-E90A,Left,Gait,1.0.5,40.3887119,-3.6292984,F0:75:B1:51:59:F6,SCKS,-0.15625,1.531249,-0.1875,126.559998,35.84,-201.600006,0.476544,0.56064,-0.261632,715,566,522,1.5505785412229205
2024-04-25 14:15:47.481000+00:00,2024-04-25 14:15:30+00:00,2024-04-25 14:17:30+00:00,TABUENCA01-45,Sensoria-C1-EEA1,Right,Gait,1.0.5,40.3887119,-3.6292984,CB:AA:BC:3F:36:A5,SCKS,-0.734376,1.996095,-0.503907,-40.32,34.720001,300.160004,0.270976,0.803584,-0.32704,301,553,716,2.185778036089209
2024-04-25 14:15:47.489000+00:00,2024-04-25 14:15:30+00:00,2024-04-25 14:17:30+00:00,TABUENCA01-45,Sensoria-C1-E90A,Left,Gait,1.0.5,40.3887119,-3.6292984,F0:75:B1:51:59:F6,SCKS,-0.03125,1.031249,0.09375,52.639999,-131.039993,-198.240005,0.439168,0.626048,-0.242944,706,571,409,1.0359730329506653
2024-04-25 14:15:47.514000+00:00,2024-04-25 14:15:30+00:00,2024-04-25 14:17:30+00:00,TABUENCA01-45,Sensoria-C1-EEA1,Right,Gait,1.0.5,40.3887119,-3.6292984,CB:AA:BC:3F:36:A5,SCKS,-0.644532,1.996095,-0.964844,-23.52,-42.560001,314.720001,0.317696,0.803584,-0.336384,357,610,718,2.308839685293243
2024-04-25 14:15:47.515000+00:00,2024-04-25 14:15:30+00:00,2024-04-25 14:17:30+00:00,TABUENCA01-45,Sensoria-C1-EEA1,Right,Gait,1.0.5,40.3887119,-3.6292984,CB:AA:BC:3F:36:A5,SCKS,-0.445313,0.347656,-0.691407,11.2,-35.84,297.920013,0.37376,0.79424,-0.345728,423,659,717,0.8928672924651233
2024-04-25 14:15:47.522000+00:00,2024-04-25 14:15:30+00:00,2024-04-25 14:17:30+00:00,TABUENCA01-45,Sensoria-C1-E90A,Left,Gait,1.0.5,40.3887119,-3.6292984,F0:75:B1:51:59:F6,SCKS,0.15625,0.90625,-0.28125,54.880001,-73.919998,-109.760002,0.411136,0.644736,-0.224256,678,562,366,0.9616676595893199
2024-04-25 14:15:47.531000+00:00,2024-04-25 14:15:30+00:00,2024-04-25 14:17:30+00:00,TABUENCA01-45,Sensoria-C1-EEA1,Right,Gait,1.0.5,40.3887119,-3.6292984,CB:AA:BC:3F:36:A5,SCKS,-0.066406,-0.429688,-0.648438,1.12,62.720001,202.720001,0.411136,0.79424,-0.336384,468,693,716,0.7807133750769228
2024-04-25 14:15:47.547000+00:00,2024-04-25 14:15:30+00:00,2024-04-25 14:17:30+00:00,TABUENCA01-45,Sensoria-C1-EEA1,Right,Gait,1.0.5,40.3887119,-3.6292984,CB:AA:BC:3F:36:A5,SCKS,-0.804688,0.800782,-0.449219,-11.2,204.960007,95.199997,0.429824,0.79424,-0.336384,492,709,715,1.2208899618020455
2024-04-25 14:15:47.554000+00:00,2024-04-25 14:15:30+00:00,2024-04-25 14:17:30+00:00,TABUENCA01-45,Sensoria-C1-E90A,Left,Gait,1.0.5,40.3887119,-3.6292984,F0:75:B1:51:59:F6,SCKS,0.125,0.999999,-0.15625,25.76,-39.200001,-49.279999,0.401792,0.663424,-0.196224,626,518,362,1.019822073942803
2024-04-25 14:15:47.579000+00:00,2024-04-25 14:15:30+00:00,2024-04-25 14:17:30+00:00,TABUENCA01-45,Sensoria-C1-EEA1,Right,Gait,1.0.5,40.3887119,-3.6292984,CB:AA:BC:3F:36:A5,SCKS,-1.570314,0.191406,-0.371094,-31.360001,174.720001,-24.639999,0.429824,0.79424,-0.336384,505,718,714,1.624879402376681
2024-04-25 14:15:47.587000+00:00,2024-04-25 14:15:30+00:00,2024-04-25 14:17:30+00:00,TABUENCA01-45,Sensoria-C1-E90A,Left,Gait,1.0.5,40.3887119,-3.6292984,F0:75:B1:51:59:F6,SCKS,0.03125,0.999999,-0.15625,20.16,-19.040001,-36.959999,0.383104,0.663424,-0.196224,597,491,387,1.0126147465848006
2024-04-25 14:15:47.596000+00:00,2024-04-25 14:15:30+00:00,2024-04-25 14:17:30+00:00,TABUENCA01-45,Sensoria-C1-EEA1,Right,Gait,1.0.5,40.3887119,-3.6292984,CB:AA:BC:3F:36:A5,SCKS,-1.031251,-0.171875,-0.007813,-23.52,109.760002,-57.119999,0.42048,0.784896,-0.355072,511,723,712,1.045504989751364
2024-04-25 14:15:47.603000+00:00,2024-04-25 14:15:30+00:00,2024-04-25 14:17:30+00:00,TABUENCA01-45,Sensoria-C1-E90A,Left,Gait,1.0.5,40.3887119,-3.6292984,F0:75:B1:51:59:F6,SCKS,0.09375,0.968749,-0.25,8.96,-28.0,-36.959999,0.383104,0.672768,-0.196224,574,470,434,1.0048699853717395
2024-04-25 14:15:47.612000+00:00,2024-04-25 14:15:30+00:00,2024-04-25 14:17:30+00:00,TABUENCA01-45,Sensoria-C1-EEA1,Right,Gait,1.0.5,40.3887119,-3.6292984,CB:AA:BC:3F:36:A5,SCKS,-0.511719,-0.222656,0.050781,34.720001,38.080002,-100.800003,0.411136,0.79424,-0.37376,512,725,711,0.5603666114768081
2024-04-25 14:15:47.636000+00:00,2024-04-25 14:15:30+00:00,2024-04-25 14:17:30+00:00,TABUENCA01-45,Sensoria-C1-E90A,Left,Gait,1.0.5,40.3887119,-3.6292984,F0:75:B1:51:59:F6,SCKS,0.03125,0.968749,-0.15625,3.36,-43.68,-36.959999,0.37376,0.672768,-0.196224,557,454,493,0.9817663927844545
2024-04-25 14:15:47.668000+00:00,2024-04-25 14:15:30+00:00,2024-04-25 14:17:30+00:00,TABUENCA01-45,Sensoria-C1-E90A,Left,Gait,1.0.5,40.3887119,-3.6292984,F0:75:B1:51:59:F6,SCKS,0.03125,0.968749,-0.21875,4.48,-62.720001,-25.76,0.364416,0.682112,-0.18688,543,438,548,0.9936310935155964
2024-04-25 14:15:47.676000+00:00,2024-04-25 14:15:30+00:00,2024-04-25 14:17:30+00:00,TABUENCA01-45,Sensoria-C1-EEA1,Right,Gait,1.0.5,40.3887119,-3.6292984,CB:AA:BC:3F:36:A5,SCKS,-0.582032,-0.058594,-0.015625,53.760002,11.2,-162.399994,0.37376,0.803584,-0.345728,512,725,710,0.5851825753429437
2024-04-25 14:15:47.677000+00:00,2024-04-25 14:15:30+00:00,2024-04-25 14:17:30+00:00,TABUENCA01-45,Sensoria-C1-EEA1,Right,Gait,1.0.5,40.3887119,-3.6292984,CB:AA:BC:3F:36:A5,SCKS,-0.660157,0.242188,-0.082031,61.599998,-21.280001,-224.0,0.336384,0.812928,-0.336384,514,725,709,0.7079487106803712
2024-04-25 14:15:47.678000+00:00,2024-04-25 14:15:30+00:00,2024-04-25 14:17:30+00:00,TABUENCA01-45,Sensoria-C1-EEA1,Right,Gait,1.0.5,40.3887119,-3.6292984,CB:AA:BC:3F:36:A5,SCKS,-0.539063,0.394532,-0.058594,64.959999,-51.52,-272.160004,0.336384,0.812928,-0.336384,513,725,708,0.6705801024702418
2024-04-25 14:15:47.693000+00:00,2024-04-25 14:15:30+00:00,2024-04-25 14:17:30+00:00,TABUENCA01-45,Sensoria-C1-EEA1,Right,Gait,1.0.5,40.3887119,-3.6292984,CB:AA:BC:3F:36:A5,SCKS,-0.496094,0.605469,-0.039063,64.959999,-62.720001,-306.880005,0.28032,0.803584,-0.32704,514,723,706,0.7837269197660623
2024-04-25 14:15:47.700000+00:00,2024-04-25 14:15:30+00:00,2024-04-25 14:17:30+00:00,TABUENCA01-45,Sensoria-C1-E90A,Left,Gait,1.0.5,40.3887119,-3.6292984,F0:75:B1:51:59:F6,SCKS,0.03125,0.9375,-0.21875,-4.48,-52.639999,-24.639999,0.355072,0.691456,-0.177536,531,426,595,0.9631896879639026
2024-04-25 14:15:47.709000+00:00,2024-04-25 14:15:30+00:00,2024-04-25 14:17:30+00:00,TABUENCA01-45,Sensoria-C1-EEA1,Right,Gait,1.0.5,40.3887119,-3.6292984,CB:AA:BC:3F:36:A5,SCKS,-0.480469,0.886719,-0.035156,64.959999,-66.080002,-338.23999,0.224256,0.803584,-0.317696,512,723,707,1.0091367544877157
2024-04-25 14:15:47.733000+00:00,2024-04-25 14:15:30+00:00,2024-04-25 14:17:30+00:00,TABUENCA01-45,Sensoria-C1-E90A,Left,Gait,1.0.5,40.3887119,-3.6292984,F0:75:B1:51:59:F6,SCKS,0.0,0.9375,-0.25,-3.36,-43.68,-26.880001,0.345728,0.7008,-0.168192,520,415,628,0.9702609185162515
2024-04-25 14:15:47.741000+00:00,2024-04-25 14:15:30+00:00,2024-04-25 14:17:30+00:00,TABUENCA01-45,Sensoria-C1-EEA1,Right,Gait,1.0.5,40.3887119,-3.6292984,CB:AA:BC:3F:36:A5,SCKS,-0.421875,1.246095,-0.023438,53.760002,-38.080002,-374.079987,0.168192,0.784896,-0.308352,514,721,705,1.3157813665248492
2024-04-25 14:15:47.758000+00:00,2024-04-25 14:15:30+00:00,2024-04-25 14:17:30+00:00,TABUENCA01-45,Sensoria-C1-EEA1,Right,Gait,1.0.5,40.3887119,-3.6292984,CB:AA:BC:3F:36:A5,SCKS,-0.339844,1.960939,0.144531,15.68,20.16,-378.559998,0.09344,0.766208,-0.308352,512,721,704,1.9954109641920885
2024-04-25 14:15:47.768000+00:00,2024-04-25 14:15:30+00:00,2024-04-25 14:17:30+00:00,TABUENCA01-45,Sensoria-C1-E90A,Left,Gait,1.0.5,40.3887119,-3.6292984,F0:75:B1:51:59:F6,SCKS,0.0,0.9375,-0.1875,-1.12,-40.32,-30.24,0.345728,0.7008,-0.158848,507,400,652,0.9560661587986472
2024-04-25 14:15:47.775000+00:00,2024-04-25 14:15:30+00:00,2024-04-25 14:17:30+00:00,TABUENCA01-45,Sensoria-C1-EEA1,Right,Gait,1.0.5,40.3887119,-3.6292984,CB:AA:BC:3F:36:A5,SCKS,-0.328125,1.996095,0.269531,32.48,21.280001,-377.440002,0.04672,0.728832,-0.308352,511,722,705,2.040761677563306
2024-04-25 14:15:47.790000+00:00,2024-04-25 14:15:30+00:00,2024-04-25 14:17:30+00:00,TABUENCA01-45,Sensoria-C1-EEA1,Right,Gait,1.0.5,40.3887119,-3.6292984,CB:AA:BC:3F:36:A5,SCKS,0.21875,1.996095,0.046875,62.720001,-15.68,-378.559998,0.04672,0.728832,-0.308352,510,721,705,2.0085925612602473
2024-04-25 14:15:47.798000+00:00,2024-04-25 14:15:30+00:00,2024-04-25 14:17:30+00:00,TABUENCA01-45,Sensoria-C1-E90A,Left,Gait,1.0.5,40.3887119,-3.6292984,F0:75:B1:51:59:F6,SCKS,-0.0625,0.9375,-0.125,3.36,-30.24,-39.200001,0.32704,0.7008,-0.158848,492,379,670,0.9478594305064438
2024-04-25 14:15:47.806000+00:00,2024-04-25 14:15:30+00:00,2024-04-25 14:17:30+00:00,TABUENCA01-45,Sensoria-C1-EEA1,Right,Gait,1.0.5,40.3887119,-3.6292984,CB:AA:BC:3F:36:A5,SCKS,0.773438,1.996095,0.226563,52.639999,-22.4,-398.720001,0.0,0.682112,-0.299008,510,721,705,2.152657051608082
2024-04-25 14:15:47.830000+00:00,2024-04-25 14:15:30+00:00,2024-04-25 14:17:30+00:00,TABUENCA01-45,Sensoria-C1-E90A,Left,Gait,1.0.5,40.3887119,-3.6292984,F0:75:B1:51:59:F6,SCKS,-0.03125,0.999999,-0.1875,1.12,-29.120001,-44.799999,0.32704,0.710144,-0.158848,475,355,683,1.017905109772517
2024-04-25 14:15:47.839000+00:00,2024-04-25 14:15:30+00:00,2024-04-25 14:17:30+00:00,TABUENCA01-45,Sensoria-C1-EEA1,Right,Gait,1.0.5,40.3887119,-3.6292984,CB:AA:BC:3F:36:A5,SCKS,1.60547,1.996095,-0.367188,43.68,-21.280001,-371.839996,-0.04672,0.626048,-0.299008,510,722,706,2.587809150086034
2024-04-25 14:15:47.855000+00:00,2024-04-25 14:15:30+00:00,2024-04-25 14:17:30+00:00,TABUENCA01-45,Sensoria-C1-EEA1,Right,Gait,1.0.5,40.3887119,-3.6292984,CB:AA:BC:3F:36:A5,SCKS,1.996095,1.746095,0.011719,63.84,-6.72,-246.399994,-0.074752,0.579328,-0.299008,510,721,708,2.6520520984722378
2024-04-25 14:15:47.873000+00:00,2024-04-25 14:15:30+00:00,2024-04-25 14:17:30+00:00,TABUENCA01-45,Sensoria-C1-EEA1,Right,Gait,1.0.5,40.3887119,-3.6292984,CB:AA:BC:3F:36:A5,SCKS,1.996095,1.609376,0.320313,73.919998,41.439999,-146.720001,-0.084096,0.551296,-0.28032,509,723,708,2.584005955173091
2024-04-25 14:15:47.880000+00:00,2024-04-25 14:15:30+00:00,2024-04-25 14:17:30+00:00,TABUENCA01-45,Sensoria-C1-E90A,Left,Gait,1.0.5,40.3887119,-3.6292984,F0:75:B1:51:59:F6,SCKS,0.03125,1.093749,-0.1875,-5.6,-29.120001,-58.240002,0.299008,0.719488,-0.158848,454,329,695,1.1101439940390616
2024-04-25 14:15:47.888000+00:00,2024-04-25 14:15:30+00:00,2024-04-25 14:17:30+00:00,TABUENCA01-45,Sensoria-C1-EEA1,Right,Gait,1.0.5,40.3887119,-3.6292984,CB:AA:BC:3F:36:A5,SCKS,1.996095,1.85547,0.886719,22.4,24.639999,2.24,-0.084096,0.551296,-0.28032,507,721,712,2.8659090625639188
2024-04-25 14:15:47.912000+00:00,2024-04-25 14:15:30+00:00,2024-04-25 14:17:30+00:00,TABUENCA01-45,Sensoria-C1-E90A,Left,Gait,1.0.5,40.3887119,-3.6292984,F0:75:B1:51:59:F6,SCKS,0.09375,1.249999,0.0,-1.12,-12.32,-107.520004,0.289664,0.738176,-0.158848,427,297,713,1.2535096978089162
2024-04-25 14:15:47.913000+00:00,2024-04-25 14:15:30+00:00,2024-04-25 14:17:30+00:00,TABUENCA01-45,Sensoria-C1-E90A,Left,Gait,1.0.5,40.3887119,-3.6292984,F0:75:B1:51:59:F6,SCKS,0.28125,1.624999,-0.28125,5.6,-12.32,-147.839996,0.242944,0.756864,-0.149504,416,292,716,1.6729688804640093
2024-04-25 14:15:47.921000+00:00,2024-04-25 14:15:30+00:00,2024-04-25 14:17:30+00:00,TABUENCA01-45,Sensoria-C1-EEA1,Right,Gait,1.0.5,40.3887119,-3.6292984,CB:AA:BC:3F:36:A5,SCKS,1.113282,0.617188,0.855469,-7.84,-81.760002,119.840004,-0.084096,0.56064,-0.289664,511,719,706,1.5336704498780043
2024-04-25 14:15:47.936000+00:00,2024-04-25 14:15:30+00:00,2024-04-25 14:17:30+00:00,TABUENCA01-45,Sensoria-C1-EEA1,Right,Gait,1.0.5,40.3887119,-3.6292984,CB:AA:BC:3F:36:A5,SCKS,-2.000001,1.218751,0.964844,19.040001,-191.520004,76.160004,-0.084096,0.569984,-0.308352,518,721,668,2.5330380858443484
2024-04-25 14:15:47.944000+00:00,2024-04-25 14:15:30+00:00,2024-04-25 14:17:30+00:00,TABUENCA01-45,Sensoria-C1-E90A,Left,Gait,1.0.5,40.3887119,-3.6292984,F0:75:B1:51:59:F6,SCKS,0.6875,2.156249,-0.09375,-2.24,-20.16,-197.119995,0.205568,0.766208,-0.158848,442,324,718,2.2651390823746342
2024-04-25 14:15:47.953000+00:00,2024-04-25 14:15:30+00:00,2024-04-25 14:17:30+00:00,TABUENCA01-45,Sensoria-C1-EEA1,Right,Gait,1.0.5,40.3887119,-3.6292984,CB:AA:BC:3F:36:A5,SCKS,1.785158,1.601564,0.964844,82.879997,-224.0,275.519989,-0.065408,0.60736,-0.336384,525,726,605,2.585095796173906
2024-04-25 14:15:47.969000+00:00,2024-04-25 14:15:30+00:00,2024-04-25 14:17:30+00:00,TABUENCA01-45,Sensoria-C1-EEA1,Right,Gait,1.0.5,40.3887119,-3.6292984,CB:AA:BC:3F:36:A5,SCKS,0.40625,1.726564,0.132813,64.959999,-15.68,246.399994,-0.056064,0.644736,-0.32704,530,731,525,1.778679735524358
2024-04-25 14:15:47.977000+00:00,2024-04-25 14:15:30+00:00,2024-04-25 14:17:30+00:00,TABUENCA01-45,Sensoria-C1-E90A,Left,Gait,1.0.5,40.3887119,-3.6292984,F0:75:B1:51:59:F6,SCKS,1.249999,2.593749,-0.03125,-31.360001,-40.32,-235.199997,0.168192,0.784896,-0.149504,507,372,714,2.879411040039612
2024-04-25 14:15:48.002000+00:00,2024-04-25 14:15:30+00:00,2024-04-25 14:17:30+00:00,TABUENCA01-45,Sensoria-C1-EEA1,Right,Gait,1.0.5,40.3887119,-3.6292984,CB:AA:BC:3F:36:A5,SCKS,0.269531,1.35547,-0.964844,85.120003,13.440001,230.720001,-0.056064,0.644736,-0.32704,525,729,448,1.6854880080252723
2024-04-25 14:15:48.019000+00:00,2024-04-25 14:15:30+00:00,2024-04-25 14:17:30+00:00,TABUENCA01-45,Sensoria-C1-EEA1,Right,Gait,1.0.5,40.3887119,-3.6292984,CB:AA:BC:3F:36:A5,SCKS,0.757813,1.617189,-0.085938,-24.639999,1.12,216.160004,-0.037376,0.672768,-0.32704,511,734,398,1.7880061925323412
2024-04-25 14:15:48.034000+00:00,2024-04-25 14:15:30+00:00,2024-04-25 14:17:30+00:00,TABUENCA01-45,Sensoria-C1-EEA1,Right,Gait,1.0.5,40.3887119,-3.6292984,CB:AA:BC:3F:36:A5,SCKS,0.125,0.777344,0.066406,-4.48,22.4,146.720001,-0.009344,0.7008,-0.32704,492,728,365,0.7901255920244579
2024-04-25 14:15:48.051000+00:00,2024-04-25 14:15:30+00:00,2024-04-25 14:17:30+00:00,TABUENCA01-45,Sensoria-C1-EEA1,Right,Gait,1.0.5,40.3887119,-3.6292984,CB:AA:BC:3F:36:A5,SCKS,-0.058594,0.914063,-0.007813,-23.52,39.200001,101.919998,0.009344,0.710144,-0.32704,470,707,346,0.9159724164918941
2024-04-25 14:15:48.058000+00:00,2024-04-25 14:15:30+00:00,2024-04-25 14:17:30+00:00,TABUENCA01-45,Sensoria-C1-E90A,Left,Gait,1.0.5,40.3887119,-3.6292984,F0:75:B1:51:59:F6,SCKS,0.71875,0.625,-0.375,32.48,64.959999,-244.160004,0.028032,0.784896,-0.177536,645,517,716,1.02364620963495
2024-04-25 14:15:48.067000+00:00,2024-04-25 14:15:30+00:00,2024-04-25 14:17:30+00:00,TABUENCA01-45,Sensoria-C1-EEA1,Right,Gait,1.0.5,40.3887119,-3.6292984,CB:AA:BC:3F:36:A5,SCKS,-0.027344,1.031251,0.183594,-13.440001,11.2,71.68,0.018688,0.719488,-0.32704,454,686,339,1.0478230175812135
2024-04-25 14:15:48.075000+00:00,2024-04-25 14:15:30+00:00,2024-04-25 14:17:30+00:00,TABUENCA01-45,Sensoria-C1-E90A,Left,Gait,1.0.5,40.3887119,-3.6292984,F0:75:B1:51:59:F6,SCKS,-0.875,0.03125,-0.46875,25.76,-71.68,-75.040001,0.0,0.784896,-0.158848,683,551,718,0.993140536379419
2024-04-25 14:15:48.099000+00:00,2024-04-25 14:15:30+00:00,2024-04-25 14:17:30+00:00,TABUENCA01-45,Sensoria-C1-EEA1,Right,Gait,1.0.5,40.3887119,-3.6292984,CB:AA:BC:3F:36:A5,SCKS,0.011719,1.093751,-0.179688,39.200001,-13.440001,54.880001,0.028032,0.728832,-0.317696,437,658,337,1.108474791010603
2024-04-25 14:15:48.108000+00:00,2024-04-25 14:15:30+00:00,2024-04-25 14:17:30+00:00,TABUENCA01-45,Sensoria-C1-E90A,Left,Gait,1.0.5,40.3887119,-3.6292984,F0:75:B1:51:59:F6,SCKS,1.687499,0.03125,-0.15625,3.36,-142.240005,131.039993,-0.009344,0.784896,-0.168192,702,558,716,1.6950054572186486
2024-04-25 14:15:48.116000+00:00,2024-04-25 14:15:30+00:00,2024-04-25 14:17:30+00:00,TABUENCA01-45,Sensoria-C1-EEA1,Right,Gait,1.0.5,40.3887119,-3.6292984,CB:AA:BC:3F:36:A5,SCKS,-0.101563,0.925782,0.167969,1.12,3.36,42.560001,0.037376,0.738176,-0.308352,428,644,345,0.9463619494960689
2024-04-25 14:15:48.132000+00:00,2024-04-25 14:15:30+00:00,2024-04-25 14:17:30+00:00,TABUENCA01-45,Sensoria-C1-EEA1,Right,Gait,1.0.5,40.3887119,-3.6292984,CB:AA:BC:3F:36:A5,SCKS,-0.085938,1.070313,-0.210938,20.16,-5.6,43.68,0.037376,0.738176,-0.308352,420,634,358,1.0942806302119215
2024-04-25 14:15:48.139000+00:00,2024-04-25 14:15:30+00:00,2024-04-25 14:17:30+00:00,TABUENCA01-45,Sensoria-C1-E90A,Left,Gait,1.0.5,40.3887119,-3.6292984,F0:75:B1:51:59:F6,SCKS,0.65625,-0.0625,0.15625,-8.96,23.52,166.880005,0.018688,0.784896,-0.177536,709,562,714,0.6774838558962125
2024-04-25 14:15:48.148000+00:00,2024-04-25 14:15:30+00:00,2024-04-25 14:17:30+00:00,TABUENCA01-45,Sensoria-C1-EEA1,Right,Gait,1.0.5,40.3887119,-3.6292984,CB:AA:BC:3F:36:A5,SCKS,-0.066406,0.933594,-0.089844,-5.6,7.84,45.920002,0.037376,0.738176,-0.308352,413,627,377,0.9402549962685655
2024-04-25 14:15:48.172000+00:00,2024-04-25 14:15:30+00:00,2024-04-25 14:17:30+00:00,TABUENCA01-45,Sensoria-C1-E90A,Left,Gait,1.0.5,40.3887119,-3.6292984,F0:75:B1:51:59:F6,SCKS,0.28125,0.125,0.0,16.799999,31.360001,240.800003,0.04672,0.79424,-0.177536,711,560,712,0.30777680630612825
2024-04-25 14:15:48.181000+00:00,2024-04-25 14:15:30+00:00,2024-04-25 14:17:30+00:00,TABUENCA01-45,Sensoria-C1-EEA1,Right,Gait,1.0.5,40.3887119,-3.6292984,CB:AA:BC:3F:36:A5,SCKS,0.0,0.968751,-0.078125,-10.08,15.68,48.16,0.04672,0.74752,-0.32704,406,617,398,0.9718960930192075
2024-04-25 14:15:48.197000+00:00,2024-04-25 14:15:30+00:00,2024-04-25 14:17:30+00:00,TABUENCA01-45,Sensoria-C1-EEA1,Right,Gait,1.0.5,40.3887119,-3.6292984,CB:AA:BC:3F:36:A5,SCKS,0.027344,0.964844,-0.035156,-14.56,26.880001,43.68,0.04672,0.74752,-0.308352,398,609,420,0.9658714112178702
2024-04-25 14:15:48.204000+00:00,2024-04-25 14:15:30+00:00,2024-04-25 14:17:30+00:00,TABUENCA01-45,Sensoria-C1-E90A,Left,Gait,1.0.5,40.3887119,-3.6292984,F0:75:B1:51:59:F6,SCKS,0.53125,0.625,-0.03125,7.84,20.16,308.0,0.149504,0.784896,-0.168192,711,560,710,0.8208703460352311
2024-04-25 14:15:48.213000+00:00,2024-04-25 14:15:30+00:00,2024-04-25 14:17:30+00:00,TABUENCA01-45,Sensoria-C1-EEA1,Right,Gait,1.0.5,40.3887119,-3.6292984,CB:AA:BC:3F:36:A5,SCKS,-0.023438,0.957032,0.019531,-12.32,28.0,38.080002,0.056064,0.74752,-0.308352,392,598,438,0.9575181715398408
2024-04-25 14:15:48.229000+00:00,2024-04-25 14:15:30+00:00,2024-04-25 14:17:30+00:00,TABUENCA01-45,Sensoria-C1-EEA1,Right,Gait,1.0.5,40.3887119,-3.6292984,CB:AA:BC:3F:36:A5,SCKS,-0.015625,0.972657,-0.027344,-5.6,14.56,39.200001,0.065408,0.74752,-0.317696,382,587,457,0.973166724980874
2024-04-25 14:15:48.237000+00:00,2024-04-25 14:15:30+00:00,2024-04-25 14:17:30+00:00,TABUENCA01-45,Sensoria-C1-E90A,Left,Gait,1.0.5,40.3887119,-3.6292984,F0:75:B1:51:59:F6,SCKS,0.375,0.90625,0.125,-5.6,44.799999,351.679993,0.205568,0.766208,-0.168192,711,559,709,0.9887057512222734
2024-04-25 14:15:48.253000+00:00,2024-04-25 14:15:30+00:00,2024-04-25 14:17:30+00:00,TABUENCA01-45,Sensoria-C1-E90A,Left,Gait,1.0.5,40.3887119,-3.6292984,F0:75:B1:51:59:F6,SCKS,0.375,1.343749,0.09375,-12.32,57.119999,392.0,0.270976,0.738176,-0.168192,711,555,707,1.3982401215460099
2024-04-25 14:15:48.262000+00:00,2024-04-25 14:15:30+00:00,2024-04-25 14:17:30+00:00,TABUENCA01-45,Sensoria-C1-EEA1,Right,Gait,1.0.5,40.3887119,-3.6292984,CB:AA:BC:3F:36:A5,SCKS,0.011719,0.968751,-0.074219,-3.36,7.84,39.200001,0.065408,0.74752,-0.317696,372,577,475,0.9716605862764014
2024-04-25 14:15:48.278000+00:00,2024-04-25 14:15:30+00:00,2024-04-25 14:17:30+00:00,TABUENCA01-45,Sensoria-C1-EEA1,Right,Gait,1.0.5,40.3887119,-3.6292984,CB:AA:BC:3F:36:A5,SCKS,0.0,0.980469,-0.023438,-4.48,6.72,41.439999,0.065408,0.74752,-0.308352,362,561,490,0.9807491013531443
2024-04-25 14:15:48.286000+00:00,2024-04-25 14:15:30+00:00,2024-04-25 14:17:30+00:00,TABUENCA01-45,Sensoria-C1-E90A,Left,Gait,1.0.5,40.3887119,-3.6292984,F0:75:B1:51:59:F6,SCKS,0.53125,2.187499,0.0,-28.0,56.0,424.480011,0.336384,0.7008,-0.18688,710,555,707,2.2510838361778087
2024-04-25 14:15:48.311000+00:00,2024-04-25 14:15:30+00:00,2024-04-25 14:17:30+00:00,TABUENCA01-45,Sensoria-C1-EEA1,Right,Gait,1.0.5,40.3887119,-3.6292984,CB:AA:BC:3F:36:A5,SCKS,0.015625,0.984376,0.011719,-8.96,6.72,51.52,0.084096,0.756864,-0.308352,334,532,517,0.984569746113499
2024-04-25 14:15:48.318000+00:00,2024-04-25 14:15:30+00:00,2024-04-25 14:17:30+00:00,TABUENCA01-45,Sensoria-C1-E90A,Left,Gait,1.0.5,40.3887119,-3.6292984,F0:75:B1:51:59:F6,SCKS,0.25,2.999998,-0.0625,-25.76,97.440002,442.399994,0.401792,0.65408,-0.18688,710,555,705,3.0110453749493713
2024-04-25 14:15:48.327000+00:00,2024-04-25 14:15:30+00:00,2024-04-25 14:17:30+00:00,TABUENCA01-45,Sensoria-C1-EEA1,Right,Gait,1.0.5,40.3887119,-3.6292984,CB:AA:BC:3F:36:A5,SCKS,0.015625,1.007813,-0.015625,-14.56,5.6,58.240002,0.084096,0.756864,-0.308352,320,514,535,1.0080552188342662
2024-04-25 14:15:48.351000+00:00,2024-04-25 14:15:30+00:00,2024-04-25 14:17:30+00:00,TABUENCA01-45,Sensoria-C1-E90A,Left,Gait,1.0.5,40.3887119,-3.6292984,F0:75:B1:51:59:F6,SCKS,-1.343749,2.406249,-1.937499,-38.080002,95.199997,349.440002,0.504576,0.523264,-0.224256,708,554,708,3.368916443012946
2024-04-25 14:15:48.360000+00:00,2024-04-25 14:15:30+00:00,2024-04-25 14:17:30+00:00,TABUENCA01-45,Sensoria-C1-EEA1,Right,Gait,1.0.5,40.3887119,-3.6292984,CB:AA:BC:3F:36:A5,SCKS,0.0,1.062501,0.015625,-20.16,3.36,68.32,0.09344,0.756864,-0.308352,304,497,557,1.0626158833868427
2024-04-25 14:15:48.376000+00:00,2024-04-25 14:15:30+00:00,2024-04-25 14:17:30+00:00,TABUENCA01-45,Sensoria-C1-EEA1,Right,Gait,1.0.5,40.3887119,-3.6292984,CB:AA:BC:3F:36:A5,SCKS,0.015625,1.179688,-0.035156,-25.76,1.12,80.639999,0.102784,0.766208,-0.317696,289,475,593,1.1803151538063892
2024-04-25 14:15:48.383000+00:00,2024-04-25 14:15:30+00:00,2024-04-25 14:17:30+00:00,TABUENCA01-45,Sensoria-C1-E90A,Left,Gait,1.0.5,40.3887119,-3.6292984,F0:75:B1:51:59:F6,SCKS,-4.281248,1.187499,-0.5,-29.120001,-69.440002,141.119995,0.51392,0.476544,-0.242944,707,552,709,4.470932599861577
2024-04-25 14:15:48.392000+00:00,2024-04-25 14:15:30+00:00,2024-04-25 14:17:30+00:00,TABUENCA01-45,Sensoria-C1-EEA1,Right,Gait,1.0.5,40.3887119,-3.6292984,CB:AA:BC:3F:36:A5,SCKS,-0.023438,1.210938,0.167969,-32.48,1.12,96.32,0.112128,0.775552,-0.317696,274,458,631,1.2227566252729936
2024-04-25 14:15:48.415000+00:00,2024-04-25 14:15:30+00:00,2024-04-25 14:17:30+00:00,TABUENCA01-45,Sensoria-C1-E90A,Left,Gait,1.0.5,40.3887119,-3.6292984,F0:75:B1:51:59:F6,SCKS,-2.562499,1.999999,-0.34375,2.24,-84.0,-75.040001,0.523264,0.4672,-0.205568,705,553,715,3.26872470353531
2024-04-25 14:15:48.424000+00:00,2024-04-25 14:15:30+00:00,2024-04-25 14:17:30+00:00,TABUENCA01-45,Sensoria-C1-EEA1,Right,Gait,1.0.5,40.3887119,-3.6292984,CB:AA:BC:3F:36:A5,SCKS,-0.121094,1.253907,0.25,-39.200001,-14.56,110.879997,0.130816,0.784896,-0.32704,261,441,662,1.2843077985767275
2024-04-25 14:15:48.440000+00:00,2024-04-25 14:15:30+00:00,2024-04-25 14:17:30+00:00,TABUENCA01-45,Sensoria-C1-EEA1,Right,Gait,1.0.5,40.3887119,-3.6292984,CB:AA:BC:3F:36:A5,SCKS,-0.121094,1.460939,0.023438,-42.560001,-33.599998,131.039993,0.130816,0.784896,-0.32704,254,433,685,1.4661363710108961
2024-04-25 14:15:48.448000+00:00,2024-04-25 14:15:30+00:00,2024-04-25 14:17:30+00:00,TABUENCA01-45,Sensoria-C1-E90A,Left,Gait,1.0.5,40.3887119,-3.6292984,F0:75:B1:51:59:F6,SCKS,5.187497,0.09375,0.28125,14.56,-13.440001,-91.840004,0.504576,0.485888,-0.224256,706,552,701,5.195961484654115
2024-04-25 14:15:48.456000+00:00,2024-04-25 14:15:30+00:00,2024-04-25 14:17:30+00:00,TABUENCA01-45,Sensoria-C1-EEA1,Right,Gait,1.0.5,40.3887119,-3.6292984,CB:AA:BC:3F:36:A5,SCKS,-0.117188,1.578126,-0.0625,-40.32,-30.24,164.639999,0.149504,0.79424,-0.32704,248,436,697,1.5837048175780737
2024-04-25 14:15:48.473000+00:00,2024-04-25 14:15:30+00:00,2024-04-25 14:17:30+00:00,TABUENCA01-45,Sensoria-C1-EEA1,Right,Gait,1.0.5,40.3887119,-3.6292984,CB:AA:BC:3F:36:A5,SCKS,-0.414063,1.996095,0.125,-41.439999,-7.84,188.160004,0.177536,0.803584,-0.345728,252,453,704,2.0424172974673906
2024-04-25 14:15:48.480000+00:00,2024-04-25 14:15:30+00:00,2024-04-25 14:17:30+00:00,TABUENCA01-45,Sensoria-C1-E90A,Left,Gait,1.0.5,40.3887119,-3.6292984,F0:75:B1:51:59:F6,SCKS,-0.84375,2.187499,0.46875,61.599998,176.960007,-272.160004,0.495232,0.523264,-0.242944,713,560,636,2.3909814930277062
2024-04-25 14:15:48.489000+00:00,2024-04-25 14:15:30+00:00,2024-04-25 14:17:30+00:00,TABUENCA01-45,Sensoria-C1-EEA1,Right,Gait,1.0.5,40.3887119,-3.6292984,CB:AA:BC:3F:36:A5,SCKS,-0.929688,1.996095,0.414063,-59.360001,32.48,213.919998,0.205568,0.803584,-0.355072,266,483,709,2.2405720685436568
2024-04-25 14:15:48.513000+00:00,2024-04-25 14:15:30+00:00,2024-04-25 14:17:30+00:00,TABUENCA01-45,Sensoria-C1-E90A,Left,Gait,1.0.5,40.3887119,-3.6292984,F0:75:B1:51:59:F6,SCKS,0.0,1.593749,-0.25,115.360001,-1.12,-236.320007,0.476544,0.569984,-0.252288,713,567,498,1.6132376994730193
2024-04-25 14:15:48.522000+00:00,2024-04-25 14:15:30+00:00,2024-04-25 14:17:30+00:00,TABUENCA01-45,Sensoria-C1-EEA1,Right,Gait,1.0.5,40.3887119,-3.6292984,CB:AA:BC:3F:36:A5,SCKS,-0.882813,1.996095,0.121094,-69.440002,61.599998,258.720001,0.252288,0.803584,-0.355072,287,507,712,2.1859592399745242
2024-04-25 14:15:48.545000+00:00,2024-04-25 14:15:30+00:00,2024-04-25 14:17:30+00:00,TABUENCA01-45,Sensoria-C1-E90A,Left,Gait,1.0.5,40.3887119,-3.6292984,F0:75:B1:51:59:F6,SCKS,0.125,1.312499,0.5,67.199997,-81.760002,-222.880005,0.4672,0.598016,-0.242944,703,572,395,1.4100633407762222
2024-04-25 14:15:48.570000+00:00,2024-04-25 14:15:30+00:00,2024-04-25 14:17:30+00:00,TABUENCA01-45,Sensoria-C1-EEA1,Right,Gait,1.0.5,40.3887119,-3.6292984,CB:AA:BC:3F:36:A5,SCKS,-0.699219,1.996095,-0.546875,-51.52,14.56,301.279999,0.308352,0.803584,-0.364416,321,549,715,2.1845765549897767
2024-04-25 14:15:48.571000+00:00,2024-04-25 14:15:30+00:00,2024-04-25 14:17:30+00:00,TABUENCA01-45,Sensoria-C1-EEA1,Right,Gait,1.0.5,40.3887119,-3.6292984,CB:AA:BC:3F:36:A5,SCKS,-0.617188,0.410157,-0.609375,3.36,-6.72,306.880005,0.364416,0.803584,-0.364416,437,657,715,0.9594204931196748
2024-04-25 14:15:48.578000+00:00,2024-04-25 14:15:30+00:00,2024-04-25 14:17:30+00:00,TABUENCA01-45,Sensoria-C1-E90A,Left,Gait,1.0.5,40.3887119,-3.6292984,F0:75:B1:51:59:F6,SCKS,0.1875,0.9375,-0.25,72.800003,-69.440002,-116.480003,0.411136,0.644736,-0.205568,673,553,361,0.9882117688026185
2024-04-25 14:15:48.587000+00:00,2024-04-25 14:15:30+00:00,2024-04-25 14:17:30+00:00,TABUENCA01-45,Sensoria-C1-EEA1,Right,Gait,1.0.5,40.3887119,-3.6292984,CB:AA:BC:3F:36:A5,SCKS,-0.042969,-0.269531,-0.535157,4.48,39.200001,189.279999,0.411136,0.79424,-0.364416,475,689,715,0.6007381372703084
2024-04-25 14:15:48.594000+00:00,2024-04-25 14:15:30+00:00,2024-04-25 14:17:30+00:00,TABUENCA01-45,Sensoria-C1-E90A,Left,Gait,1.0.5,40.3887119,-3.6292984,F0:75:B1:51:59:F6,SCKS,0.03125,0.999999,-0.15625,35.84,-38.080002,-69.440002,0.392448,0.65408,-0.196224,629,517,360,1.0126147465848006
2024-04-25 14:15:48.619000+00:00,2024-04-25 14:15:30+00:00,2024-04-25 14:17:30+00:00,TABUENCA01-45,Sensoria-C1-EEA1,Right,Gait,1.0.5,40.3887119,-3.6292984,CB:AA:BC:3F:36:A5,SCKS,-0.898438,0.609375,-0.433594,-20.16,170.240005,90.720001,0.42048,0.79424,-0.355072,496,706,712,1.1689878046006297
2024-04-25 14:15:48.626000+00:00,2024-04-25 14:15:30+00:00,2024-04-25 14:17:30+00:00,TABUENCA01-45,Sensoria-C1-E90A,Left,Gait,1.0.5,40.3887119,-3.6292984,F0:75:B1:51:59:F6,SCKS,0.0,0.999999,-0.125,15.68,-34.720001,-45.920002,0.392448,0.672768,-0.196224,590,478,382,1.0077812262594494
2024-04-25 14:15:48.636000+00:00,2024-04-25 14:15:30+00:00,2024-04-25 14:17:30+00:00,TABUENCA01-45,Sensoria-C1-EEA1,Right,Gait,1.0.5,40.3887119,-3.6292984,CB:AA:BC:3F:36:A5,SCKS,-1.457032,0.3125,-0.3125,-28.0,117.599998,-19.040001,0.42048,0.79424,-0.383104,505,715,711,1.5225816066877993
2024-04-25 14:15:48.652000+00:00,2024-04-25 14:15:30+00:00,2024-04-25 14:17:30+00:00,TABUENCA01-45,Sensoria-C1-EEA1,Right,Gait,1.0.5,40.3887119,-3.6292984,CB:AA:BC:3F:36:A5,SCKS,-0.765626,-0.148438,-0.023438,2.24,39.200001,-52.639999,0.42048,0.79424,-0.383104,508,720,710,0.7802348054041167
2024-04-25 14:15:48.659000+00:00,2024-04-25 14:15:30+00:00,2024-04-25 14:17:30+00:00,TABUENCA01-45,Sensoria-C1-E90A,Left,Gait,1.0.5,40.3887119,-3.6292984,F0:75:B1:51:59:F6,SCKS,0.09375,1.031249,-0.3125,4.48,-33.599998,-33.599998,0.383104,0.672768,-0.18688,558,446,424,1.0816283153195465
2024-04-25 14:15:48.668000+00:00,2024-04-25 14:15:30+00:00,2024-04-25 14:17:30+00:00,TABUENCA01-45,Sensoria-C1-EEA1,Right,Gait,1.0.5,40.3887119,-3.6292984,CB:AA:BC:3F:36:A5,SCKS,-0.519532,-0.140625,-0.011719,38.080002,-1.12,-100.800003,0.411136,0.79424,-0.383104,509,722,708,0.5383551101364228
2024-04-25 14:15:48.692000+00:00,2024-04-25 14:15:30+00:00,2024-04-25 14:17:30+00:00,TABUENCA01-45,Sensoria-C1-E90A,Left,Gait,1.0.5,40.3887119,-3.6292984,F0:75:B1:51:59:F6,SCKS,0.0625,0.999999,-0.15625,-3.36,-57.119999,-29.120001,0.37376,0.691456,-0.177536,525,418,519,1.0140603100905783
2024-04-25 14:15:48.701000+00:00,2024-04-25 14:15:30+00:00,2024-04-25 14:17:30+00:00,TABUENCA01-45,Sensoria-C1-EEA1,Right,Gait,1.0.5,40.3887119,-3.6292984,CB:AA:BC:3F:36:A5,SCKS,-0.644532,0.097656,-0.085938,54.880001,-22.4,-161.279999,0.383104,0.803584,-0.364416,511,721,707,0.6575283516351216
2024-04-25 14:15:48.724000+00:00,2024-04-25 14:15:30+00:00,2024-04-25 14:17:30+00:00,TABUENCA01-45,Sensoria-C1-E90A,Left,Gait,1.0.5,40.3887119,-3.6292984,F0:75:B1:51:59:F6,SCKS,0.03125,0.968749,-0.21875,1.12,-51.52,-23.52,0.355072,0.691456,-0.158848,511,407,581,0.9936310935155964
2024-04-25 14:15:48.733000+00:00,2024-04-25 14:15:30+00:00,2024-04-25 14:17:30+00:00,TABUENCA01-45,Sensoria-C1-EEA1,Right,Gait,1.0.5,40.3887119,-3.6292984,CB:AA:BC:3F:36:A5,SCKS,-0.578125,0.253906,-0.074219,56.0,-44.799999,-215.040009,0.345728,0.812928,-0.364416,512,722,706,0.635771368042003
2024-04-25 14:15:48.734000+00:00,2024-04-25 14:15:30+00:00,2024-04-25 14:17:30+00:00,TABUENCA01-45,Sensoria-C1-EEA1,Right,Gait,1.0.5,40.3887119,-3.6292984,CB:AA:BC:3F:36:A5,SCKS,-0.484375,0.398438,-0.042969,58.240002,-62.720001,-262.079987,0.299008,0.812928,-0.336384,511,722,705,0.6286639129375886
2024-04-25 14:15:48.749000+00:00,2024-04-25 14:15:30+00:00,2024-04-25 14:17:30+00:00,TABUENCA01-45,Sensoria-C1-EEA1,Right,Gait,1.0.5,40.3887119,-3.6292984,CB:AA:BC:3F:36:A5,SCKS,-0.492188,0.644532,-0.027344,61.599998,-70.559998,-301.279999,0.299008,0.812928,-0.336384,511,721,706,0.8114297386120378
2024-04-25 14:15:48.757000+00:00,2024-04-25 14:15:30+00:00,2024-04-25 14:17:30+00:00,TABUENCA01-45,Sensoria-C1-E90A,Left,Gait,1.0.5,40.3887119,-3.6292984,F0:75:B1:51:59:F6,SCKS,0.03125,0.968749,-0.21875,-4.48,-43.68,-21.280001,0.355072,0.691456,-0.158848,501,401,627,0.9936310935155964
2024-04-25 14:15:48.766000+00:00,2024-04-25 14:15:30+00:00,2024-04-25 14:17:30+00:00,TABUENCA01-45,Sensoria-C1-EEA1,Right,Gait,1.0.5,40.3887119,-3.6292984,CB:AA:BC:3F:36:A5,SCKS,-0.464844,1.085938,0.011719,56.0,-62.720001,-344.959991,0.242944,0.812928,-0.345728,512,720,704,1.181303779364563
2024-04-25 14:15:48.789000+00:00,2024-04-25 14:15:30+00:00,2024-04-25 14:17:30+00:00,TABUENCA01-45,Sensoria-C1-E90A,Left,Gait,1.0.5,40.3887119,-3.6292984,F0:75:B1:51:59:F6,SCKS,0.0,0.9375,-0.25,-1.12,-28.0,-21.280001,0.345728,0.7008,-0.149504,494,395,654,0.9702609185162515
2024-04-25 14:15:48.798000+00:00,2024-04-25 14:15:30+00:00,2024-04-25 14:17:30+00:00,TABUENCA01-45,Sensoria-C1-EEA1,Right,Gait,1.0.5,40.3887119,-3.6292984,CB:AA:BC:3F:36:A5,SCKS,-0.421875,1.394532,0.039063,42.560001,-43.68,-368.480011,0.177536,0.79424,-0.32704,511,720,703,1.4574717604873173
2024-04-25 14:15:48.814000+00:00,2024-04-25 14:15:30+00:00,2024-04-25 14:17:30+00:00,TABUENCA01-45,Sensoria-C1-EEA1,Right,Gait,1.0.5,40.3887119,-3.6292984,CB:AA:BC:3F:36:A5,SCKS,-0.375,1.828126,0.117188,21.280001,-7.84,-380.799988,0.112128,0.775552,-0.336384,510,717,701,1.869867027149257
2024-04-25 14:15:48.822000+00:00,2024-04-25 14:15:30+00:00,2024-04-25 14:17:30+00:00,TABUENCA01-45,Sensoria-C1-E90A,Left,Gait,1.0.5,40.3887119,-3.6292984,F0:75:B1:51:59:F6,SCKS,-0.03125,0.9375,-0.1875,-1.12,-28.0,-23.52,0.336384,0.7008,-0.158848,491,389,672,0.9565767415633729
2024-04-25 14:15:48.831000+00:00,2024-04-25 14:15:30+00:00,2024-04-25 14:17:30+00:00,TABUENCA01-45,Sensoria-C1-EEA1,Right,Gait,1.0.5,40.3887119,-3.6292984,CB:AA:BC:3F:36:A5,SCKS,-0.441407,1.996095,0.164063,16.799999,21.280001,-384.160004,0.056064,0.738176,-0.317696,510,717,703,2.0508905520878
2024-04-25 14:15:48.847000+00:00,2024-04-25 14:15:30+00:00,2024-04-25 14:17:30+00:00,TABUENCA01-45,Sensoria-C1-EEA1,Right,Gait,1.0.5,40.3887119,-3.6292984,CB:AA:BC:3F:36:A5,SCKS,-0.035156,1.996095,0.148438,45.920002,-3.36,-388.640015,0.056064,0.738176,-0.317696,511,718,702,2.0019153411683024
2024-04-25 14:15:48.854000+00:00,2024-04-25 14:15:30+00:00,2024-04-25 14:17:30+00:00,TABUENCA01-45,Sensoria-C1-E90A,Left,Gait,1.0.5,40.3887119,-3.6292984,F0:75:B1:51:59:F6,SCKS,-0.0625,0.90625,-0.09375,-3.36,-32.48,-31.360001,0.32704,0.710144,-0.149504,485,380,684,0.9132274497626536
2024-04-25 14:15:48.887000+00:00,2024-04-25 14:15:30+00:00,2024-04-25 14:17:30+00:00,TABUENCA01-45,Sensoria-C1-E90A,Left,Gait,1.0.5,40.3887119,-3.6292984,F0:75:B1:51:59:F6,SCKS,-0.0625,0.968749,-0.125,-4.48,-29.120001,-38.080002,0.32704,0.719488,-0.158848,474,364,694,0.9787777454565464
2024-04-25 14:15:48.895000+00:00,2024-04-25 14:15:30+00:00,2024-04-25 14:17:30+00:00,TABUENCA01-45,Sensoria-C1-EEA1,Right,Gait,1.0.5,40.3887119,-3.6292984,CB:AA:BC:3F:36:A5,SCKS,0.449219,1.996095,0.105469,57.119999,-11.2,-402.079987,0.0,0.691456,-0.32704,511,718,703,2.0487353828513335
2024-04-25 14:15:48.896000+00:00,2024-04-25 14:15:30+00:00,2024-04-25 14:17:30+00:00,TABUENCA01-45,Sensoria-C1-EEA1,Right,Gait,1.0.5,40.3887119,-3.6292984,CB:AA:BC:3F:36:A5,SCKS,1.160157,1.996095,0.027344,35.84,20.16,-388.640015,-0.04672,0.635392,-0.317696,509,719,701,2.3089190561840836
2024-04-25 14:15:48.912000+00:00,2024-04-25 14:15:30+00:00,2024-04-25 14:17:30+00:00,TABUENCA01-45,Sensoria-C1-EEA1,Right,Gait,1.0.5,40.3887119,-3.6292984,CB:AA:BC:3F:36:A5,SCKS,1.996095,1.996095,-0.34375,56.0,26.880001,-303.519989,-0.074752,0.579328,-0.317696,510,716,703,2.843757120527349
2024-04-25 14:15:48.919000+00:00,2024-04-25 14:15:30+00:00,2024-04-25 14:17:30+00:00,TABUENCA01-45,Sensoria-C1-E90A,Left,Gait,1.0.5,40.3887119,-3.6292984,F0:75:B1:51:59:F6,SCKS,-0.03125,1.062499,-0.15625,-8.96,-20.16,-48.16,0.308352,0.719488,-0.158848,461,346,703,1.0743811009139168
2024-04-25 14:15:48.928000+00:00,2024-04-25 14:15:30+00:00,2024-04-25 14:17:30+00:00,TABUENCA01-45,Sensoria-C1-EEA1,Right,Gait,1.0.5,40.3887119,-3.6292984,CB:AA:BC:3F:36:A5,SCKS,1.996095,1.492189,0.4375,60.48,81.760002,-169.119995,-0.084096,0.551296,-0.299008,507,717,705,2.530302256795816
2024-04-25 14:15:48.936000+00:00,2024-04-25 14:15:30+00:00,2024-04-25 14:17:30+00:00,TABUENCA01-45,Sensoria-C1-E90A,Left,Gait,1.0.5,40.3887119,-3.6292984,F0:75:B1:51:59:F6,SCKS,0.0,1.062499,-0.09375,-6.72,-17.92,-61.599998,0.289664,0.738176,-0.158848,451,330,711,1.0666270142374044
2024-04-25 14:15:48.968000+00:00,2024-04-25 14:15:30+00:00,2024-04-25 14:17:30+00:00,TABUENCA01-45,Sensoria-C1-E90A,Left,Gait,1.0.5,40.3887119,-3.6292984,F0:75:B1:51:59:F6,SCKS,0.15625,1.312499,-0.15625,-2.24,-10.08,-107.520004,0.270976,0.74752,-0.149504,441,319,717,1.3309702288184362
2024-04-25 14:15:48.976000+00:00,2024-04-25 14:15:30+00:00,2024-04-25 14:17:30+00:00,TABUENCA01-45,Sensoria-C1-EEA1,Right,Gait,1.0.5,40.3887119,-3.6292984,CB:AA:BC:3F:36:A5,SCKS,1.996095,1.85547,0.925782,34.720001,85.120003,-40.32,-0.084096,0.541952,-0.28032,508,719,708,2.878234959389
2024-04-25 14:15:48.978000+00:00,2024-04-25 14:15:30+00:00,2024-04-25 14:17:30+00:00,TABUENCA01-45,Sensoria-C1-EEA1,Right,Gait,1.0.5,40.3887119,-3.6292984,CB:AA:BC:3F:36:A5,SCKS,1.996095,1.757814,1.039063,-10.08,-8.96,106.400002,-0.084096,0.541952,-0.28032,507,720,708,2.855513478446565
2024-04-25 14:15:48.993000+00:00,2024-04-25 14:15:30+00:00,2024-04-25 14:17:30+00:00,TABUENCA01-45,Sensoria-C1-EEA1,Right,Gait,1.0.5,40.3887119,-3.6292984,CB:AA:BC:3F:36:A5,SCKS,-2.000001,1.57422,0.046875,13.440001,-119.840004,133.279999,-0.084096,0.56064,-0.299008,508,717,698,2.5456570613548872
2024-04-25 14:15:49.009000+00:00,2024-04-25 14:15:30+00:00,2024-04-25 14:17:30+00:00,TABUENCA01-45,Sensoria-C1-EEA1,Right,Gait,1.0.5,40.3887119,-3.6292984,CB:AA:BC:3F:36:A5,SCKS,-1.718751,0.550782,1.757814,29.120001,-168.0,144.479996,-0.084096,0.588672,-0.317696,518,721,654,2.519399902778636
2024-04-25 14:15:49.026000+00:00,2024-04-25 14:15:30+00:00,2024-04-25 14:17:30+00:00,TABUENCA01-45,Sensoria-C1-EEA1,Right,Gait,1.0.5,40.3887119,-3.6292984,CB:AA:BC:3F:36:A5,SCKS,0.976563,1.996095,-0.144531,84.0,-183.680008,303.519989,-0.056064,0.626048,-0.32704,527,725,575,2.226872190305272
2024-04-25 14:15:49.033000+00:00,2024-04-25 14:15:30+00:00,2024-04-25 14:17:30+00:00,TABUENCA01-45,Sensoria-C1-E90A,Left,Gait,1.0.5,40.3887119,-3.6292984,F0:75:B1:51:59:F6,SCKS,0.59375,2.124999,0.03125,-19.040001,-23.52,-188.160004,0.214912,0.766208,-0.158848,485,353,720,2.2066119674743447
2024-04-25 14:15:49.058000+00:00,2024-04-25 14:15:30+00:00,2024-04-25 14:17:30+00:00,TABUENCA01-45,Sensoria-C1-EEA1,Right,Gait,1.0.5,40.3887119,-3.6292984,CB:AA:BC:3F:36:A5,SCKS,0.332031,1.652345,-0.109375,45.920002,30.24,255.360001,-0.037376,0.663424,-0.336384,530,727,483,1.688920209663855
2024-04-25 14:15:49.074000+00:00,2024-04-25 14:15:30+00:00,2024-04-25 14:17:30+00:00,TABUENCA01-45,Sensoria-C1-EEA1,Right,Gait,1.0.5,40.3887119,-3.6292984,CB:AA:BC:3F:36:A5,SCKS,0.832032,1.464845,-0.386719,25.76,-36.959999,213.919998,-0.037376,0.663424,-0.336384,521,730,410,1.728467444880001
2024-04-25 14:15:49.082000+00:00,2024-04-25 14:15:30+00:00,2024-04-25 14:17:30+00:00,TABUENCA01-45,Sensoria-C1-E90A,Left,Gait,1.0.5,40.3887119,-3.6292984,F0:75:B1:51:59:F6,SCKS,1.187499,2.437499,0.03125,-35.84,-42.560001,-234.080002,0.14016,0.784896,-0.168192,537,395,717,2.71155523869642
2024-04-25 14:15:49.091000+00:00,2024-04-25 14:15:30+00:00,2024-04-25 14:17:30+00:00,TABUENCA01-45,Sensoria-C1-EEA1,Right,Gait,1.0.5,40.3887119,-3.6292984,CB:AA:BC:3F:36:A5,SCKS,0.152344,0.714844,0.296875,-30.24,72.800003,168.0,-0.009344,0.691456,-0.336384,505,726,366,0.7888887147735099
2024-04-25 14:15:49.098000+00:00,2024-04-25 14:15:30+00:00,2024-04-25 14:17:30+00:00,TABUENCA01-45,Sensoria-C1-E90A,Left,Gait,1.0.5,40.3887119,-3.6292984,F0:75:B1:51:59:F6,SCKS,0.84375,2.562499,-1.249999,-22.4,-52.639999,-280.0,0.09344,0.79424,-0.168192,590,448,717,2.973350414515921
2024-04-25 14:15:49.107000+00:00,2024-04-25 14:15:30+00:00,2024-04-25 14:17:30+00:00,TABUENCA01-45,Sensoria-C1-EEA1,Right,Gait,1.0.5,40.3887119,-3.6292984,CB:AA:BC:3F:36:A5,SCKS,-0.148438,0.953126,-0.273438,-14.56,60.48,118.720001,0.0,0.710144,-0.317696,484,711,346,1.0026222377166787
2024-04-25 14:15:49.140000+00:00,2024-04-25 14:15:30+00:00,2024-04-25 14:17:30+00:00,TABUENCA01-45,Sensoria-C1-EEA1,Right,Gait,1.0.5,40.3887119,-3.6292984,CB:AA:BC:3F:36:A5,SCKS,0.171875,0.914063,0.015625,-13.440001,31.360001,85.120003,0.018688,0.728832,-0.317696,465,690,335,0.9302130531329905
2024-04-25 14:15:49.147000+00:00,2024-04-25 14:15:30+00:00,2024-04-25 14:17:30+00:00,TABUENCA01-45,Sensoria-C1-E90A,Left,Gait,1.0.5,40.3887119,-3.6292984,F0:75:B1:51:59:F6,SCKS,0.78125,1.031249,-0.40625,10.08,81.760002,-263.200012,0.037376,0.784896,-0.168192,652,517,717,1.35604761162763
2024-04-25 14:15:49.156000+00:00,2024-04-25 14:15:30+00:00,2024-04-25 14:17:30+00:00,TABUENCA01-45,Sensoria-C1-EEA1,Right,Gait,1.0.5,40.3887119,-3.6292984,CB:AA:BC:3F:36:A5,SCKS,-0.046875,0.968751,0.089844,2.24,5.6,59.360001,0.028032,0.728832,-0.308352,448,667,335,0.9740368113998568
2024-04-25 14:15:49.163000+00:00,2024-04-25 14:15:30+00:00,2024-04-25 14:17:30+00:00,TABUENCA01-45,Sensoria-C1-E90A,Left,Gait,1.0.5,40.3887119,-3.6292984,F0:75:B1:51:59:F6,SCKS,-0.6875,0.0,-0.46875,-4.48,-19.040001,-131.039993,0.0,0.775552,-0.177536,689,549,715,0.8320954347308968
2024-04-25 14:15:49.187000+00:00,2024-04-25 14:15:30+00:00,2024-04-25 14:17:30+00:00,TABUENCA01-45,Sensoria-C1-EEA1,Right,Gait,1.0.5,40.3887119,-3.6292984,CB:AA:BC:3F:36:A5,SCKS,0.007813,0.976563,-0.109375,14.56,-4.48,48.16,0.028032,0.728832,-0.308352,432,648,339,0.9826999677231092
2024-04-25 14:15:49.188000+00:00,2024-04-25 14:15:30+00:00,2024-04-25 14:17:30+00:00,TABUENCA01-45,Sensoria-C1-EEA1,Right,Gait,1.0.5,40.3887119,-3.6292984,CB:AA:BC:3F:36:A5,SCKS,-0.058594,0.988282,0.074219,7.84,0.0,35.84,0.028032,0.728832,-0.308352,420,631,347,0.9927955621984821
2024-04-25 14:15:49.195000+00:00,2024-04-25 14:15:30+00:00,2024-04-25 14:17:30+00:00,TABUENCA01-45,Sensoria-C1-E90A,Left,Gait,1.0.5,40.3887119,-3.6292984,F0:75:B1:51:59:F6,SCKS,1.093749,0.15625,-0.21875,-21.280001,-64.959999,113.120003,-0.018688,0.784896,-0.18688,710,559,713,1.1263003595848669
2024-04-25 14:15:49.220000+00:00,2024-04-25 14:15:30+00:00,2024-04-25 14:17:30+00:00,TABUENCA01-45,Sensoria-C1-EEA1,Right,Gait,1.0.5,40.3887119,-3.6292984,CB:AA:BC:3F:36:A5,SCKS,-0.050781,1.042969,-0.195313,19.040001,-1.12,36.959999,0.037376,0.728832,-0.299008,410,623,362,1.0623136132475193
2024-04-25 14:15:49.228000+00:00,2024-04-25 14:15:30+00:00,2024-04-25 14:17:30+00:00,TABUENCA01-45,Sensoria-C1-E90A,Left,Gait,1.0.5,40.3887119,-3.6292984,F0:75:B1:51:59:F6,SCKS,0.4375,-0.0625,0.0625,-34.720001,21.280001,156.800003,0.009344,0.79424,-0.18688,714,560,710,0.44633927678392815
2024-04-25 14:15:49.237000+00:00,2024-04-25 14:15:30+00:00,2024-04-25 14:17:30+00:00,TABUENCA01-45,Sensoria-C1-EEA1,Right,Gait,1.0.5,40.3887119,-3.6292984,CB:AA:BC:3F:36:A5,SCKS,-0.042969,0.972657,-0.125,-3.36,14.56,38.080002,0.037376,0.738176,-0.317696,397,612,396,0.9815971549520709
2024-04-25 14:15:49.253000+00:00,2024-04-25 14:15:30+00:00,2024-04-25 14:17:30+00:00,TABUENCA01-45,Sensoria-C1-EEA1,Right,Gait,1.0.5,40.3887119,-3.6292984,CB:AA:BC:3F:36:A5,SCKS,0.003906,0.960938,-0.070313,-5.6,21.280001,38.080002,0.04672,0.74752,-0.299008,390,606,421,0.9635149270504323
2024-04-25 14:15:49.260000+00:00,2024-04-25 14:15:30+00:00,2024-04-25 14:17:30+00:00,TABUENCA01-45,Sensoria-C1-E90A,Left,Gait,1.0.5,40.3887119,-3.6292984,F0:75:B1:51:59:F6,SCKS,0.3125,0.0625,-0.0625,-31.360001,19.040001,219.520004,0.037376,0.803584,-0.196224,716,558,709,0.3247595264191645
2024-04-25 14:15:49.269000+00:00,2024-04-25 14:15:30+00:00,2024-04-25 14:17:30+00:00,TABUENCA01-45,Sensoria-C1-EEA1,Right,Gait,1.0.5,40.3887119,-3.6292984,CB:AA:BC:3F:36:A5,SCKS,-0.015625,0.957032,-0.058594,-5.6,24.639999,35.84,0.04672,0.74752,-0.299008,382,600,446,0.9589513264420672
2024-04-25 14:15:49.277000+00:00,2024-04-25 14:15:30+00:00,2024-04-25 14:17:30+00:00,TABUENCA01-45,Sensoria-C1-E90A,Left,Gait,1.0.5,40.3887119,-3.6292984,F0:75:B1:51:59:F6,SCKS,0.375,0.375,-0.28125,-14.56,16.799999,277.76001,0.130816,0.79424,-0.205568,714,556,708,0.6002928972593295
2024-04-25 14:15:49.309000+00:00,2024-04-25 14:15:30+00:00,2024-04-25 14:17:30+00:00,TABUENCA01-45,Sensoria-C1-E90A,Left,Gait,1.0.5,40.3887119,-3.6292984,F0:75:B1:51:59:F6,SCKS,0.40625,0.71875,-0.125,-22.4,30.24,349.440002,0.196224,0.784896,-0.196224,715,555,706,0.8350243259929617
2024-04-25 14:15:49.318000+00:00,2024-04-25 14:15:30+00:00,2024-04-25 14:17:30+00:00,TABUENCA01-45,Sensoria-C1-EEA1,Right,Gait,1.0.5,40.3887119,-3.6292984,CB:AA:BC:3F:36:A5,SCKS,0.0,0.957032,-0.121094,7.84,13.440001,35.84,0.056064,0.74752,-0.289664,369,588,490,0.9646626383663877
2024-04-25 14:15:49.334000+00:00,2024-04-25 14:15:30+00:00,2024-04-25 14:17:30+00:00,TABUENCA01-45,Sensoria-C1-EEA1,Right,Gait,1.0.5,40.3887119,-3.6292984,CB:AA:BC:3F:36:A5,SCKS,0.03125,0.945313,-0.101563,5.6,11.2,38.080002,0.056064,0.74752,-0.299008,362,578,512,0.9512666678897143
2024-04-25 14:15:49.341000+00:00,2024-04-25 14:15:30+00:00,2024-04-25 14:17:30+00:00,TABUENCA01-45,Sensoria-C1-E90A,Left,Gait,1.0.5,40.3887119,-3.6292984,F0:75:B1:51:59:F6,SCKS,0.40625,1.249999,-0.1875,-12.32,38.080002,399.839996,0.261632,0.756864,-0.205568,713,554,706,1.3276644201382366
2024-04-25 14:15:49.350000+00:00,2024-04-25 14:15:30+00:00,2024-04-25 14:17:30+00:00,TABUENCA01-45,Sensoria-C1-EEA1,Right,Gait,1.0.5,40.3887119,-3.6292984,CB:AA:BC:3F:36:A5,SCKS,0.035156,0.945313,-0.074219,3.36,12.32,39.200001,0.065408,0.74752,-0.289664,354,568,532,0.9488735807608936
2024-04-25 14:15:49.367000+00:00,2024-04-25 14:15:30+00:00,2024-04-25 14:17:30+00:00,TABUENCA01-45,Sensoria-C1-EEA1,Right,Gait,1.0.5,40.3887119,-3.6292984,CB:AA:BC:3F:36:A5,SCKS,-0.003906,0.949219,-0.023438,1.12,13.440001,42.560001,0.065408,0.74752,-0.28032,342,558,548,0.9495163540671641
2024-04-25 14:15:49.374000+00:00,2024-04-25 14:15:30+00:00,2024-04-25 14:17:30+00:00,TABUENCA01-45,Sensoria-C1-E90A,Left,Gait,1.0.5,40.3887119,-3.6292984,F0:75:B1:51:59:F6,SCKS,0.375,2.124999,-0.25,-7.84,33.599998,435.679993,0.32704,0.719488,-0.205568,712,554,703,2.1722674213827817
2024-04-25 14:15:49.399000+00:00,2024-04-25 14:15:30+00:00,2024-04-25 14:17:30+00:00,TABUENCA01-45,Sensoria-C1-EEA1,Right,Gait,1.0.5,40.3887119,-3.6292984,CB:AA:BC:3F:36:A5,SCKS,0.011719,0.957032,-0.050781,0.0,11.2,47.040001,0.074752,0.756864,-0.289664,329,543,563,0.9584499433700228
2024-04-25 14:15:49.406000+00:00,2024-04-25 14:15:30+00:00,2024-04-25 14:17:30+00:00,TABUENCA01-45,Sensoria-C1-E90A,Left,Gait,1.0.5,40.3887119,-3.6292984,F0:75:B1:51:59:F6,SCKS,0.15625,3.062498,-0.34375,12.32,70.559998,458.080017,0.392448,0.663424,-0.214912,713,552,704,3.085688274113897
2024-04-25 14:15:49.431000+00:00,2024-04-25 14:15:30+00:00,2024-04-25 14:17:30+00:00,TABUENCA01-45,Sensoria-C1-EEA1,Right,Gait,1.0.5,40.3887119,-3.6292984,CB:AA:BC:3F:36:A5,SCKS,0.027344,0.968751,-0.015625,-4.48,6.72,53.760002,0.074752,0.756864,-0.289664,316,531,577,0.969262779106884
2024-04-25 14:15:49.432000+00:00,2024-04-25 14:15:30+00:00,2024-04-25 14:17:30+00:00,TABUENCA01-45,Sensoria-C1-EEA1,Right,Gait,1.0.5,40.3887119,-3.6292984,CB:AA:BC:3F:36:A5,SCKS,0.015625,1.000001,-0.039063,-6.72,2.24,61.599998,0.084096,0.756864,-0.28032,299,514,596,1.000885637120945
2024-04-25 14:15:49.439000+00:00,2024-04-25 14:15:30+00:00,2024-04-25 14:17:30+00:00,TABUENCA01-45,Sensoria-C1-E90A,Left,Gait,1.0.5,40.3887119,-3.6292984,F0:75:B1:51:59:F6,SCKS,-0.71875,3.749998,-0.4375,-31.360001,63.84,443.519989,0.495232,0.532608,-0.2336,711,552,703,3.843239884850281
2024-04-25 14:15:49.448000+00:00,2024-04-25 14:15:30+00:00,2024-04-25 14:17:30+00:00,TABUENCA01-45,Sensoria-C1-EEA1,Right,Gait,1.0.5,40.3887119,-3.6292984,CB:AA:BC:3F:36:A5,SCKS,-0.019531,1.078126,-0.035156,-12.32,-2.24,73.919998,0.09344,0.766208,-0.289664,286,498,617,1.078875839090393
2024-04-25 14:15:49.472000+00:00,2024-04-25 14:15:30+00:00,2024-04-25 14:17:30+00:00,TABUENCA01-45,Sensoria-C1-E90A,Left,Gait,1.0.5,40.3887119,-3.6292984,F0:75:B1:51:59:F6,SCKS,-3.031248,2.093749,-1.031249,24.639999,120.959999,277.76001,0.51392,0.476544,-0.252288,710,551,708,3.8256664533785485
2024-04-25 14:15:49.481000+00:00,2024-04-25 14:15:30+00:00,2024-04-25 14:17:30+00:00,TABUENCA01-45,Sensoria-C1-EEA1,Right,Gait,1.0.5,40.3887119,-3.6292984,CB:AA:BC:3F:36:A5,SCKS,-0.035156,1.203126,-0.082031,-16.799999,-5.6,91.840004,0.112128,0.766208,-0.289664,270,479,644,1.2064315982155804
2024-04-25 14:15:49.497000+00:00,2024-04-25 14:15:30+00:00,2024-04-25 14:17:30+00:00,TABUENCA01-45,Sensoria-C1-EEA1,Right,Gait,1.0.5,40.3887119,-3.6292984,CB:AA:BC:3F:36:A5,SCKS,-0.097656,1.328126,0.035156,-19.040001,-19.040001,122.080002,0.130816,0.775552,-0.289664,257,465,674,1.3321754053231878
2024-04-25 14:15:49.504000+00:00,2024-04-25 14:15:30+00:00,2024-04-25 14:17:30+00:00,TABUENCA01-45,Sensoria-C1-E90A,Left,Gait,1.0.5,40.3887119,-3.6292984,F0:75:B1:51:59:F6,SCKS,-3.781248,1.468749,-0.59375,29.120001,-87.360001,66.080002,0.523264,0.448512,-0.242944,710,550,711,4.099707199911355
2024-04-25 14:15:49.513000+00:00,2024-04-25 14:15:30+00:00,2024-04-25 14:17:30+00:00,TABUENCA01-45,Sensoria-C1-EEA1,Right,Gait,1.0.5,40.3887119,-3.6292984,CB:AA:BC:3F:36:A5,SCKS,-0.03125,1.488282,-0.136719,-16.799999,-28.0,143.360001,0.130816,0.775552,-0.289664,246,453,694,1.4948752319123495
2024-04-25 14:15:49.529000+00:00,2024-04-25 14:15:30+00:00,2024-04-25 14:17:30+00:00,TABUENCA01-45,Sensoria-C1-EEA1,Right,Gait,1.0.5,40.3887119,-3.6292984,CB:AA:BC:3F:36:A5,SCKS,-0.179688,1.66797,-0.132813,-15.68,-15.68,161.279999,0.149504,0.784896,-0.299008,237,452,707,1.6828698675812697
2024-04-25 14:15:49.537000+00:00,2024-04-25 14:15:30+00:00,2024-04-25 14:17:30+00:00,TABUENCA01-45,Sensoria-C1-E90A,Left,Gait,1.0.5,40.3887119,-3.6292984,F0:75:B1:51:59:F6,SCKS,4.093748,-0.5,0.59375,38.080002,56.0,-76.160004,0.51392,0.485888,-0.242944,707,550,702,4.166690743264251
2024-04-25 14:15:49.546000+00:00,2024-04-25 14:15:30+00:00,2024-04-25 14:17:30+00:00,TABUENCA01-45,Sensoria-C1-EEA1,Right,Gait,1.0.5,40.3887119,-3.6292984,CB:AA:BC:3F:36:A5,SCKS,-0.332031,1.894533,0.007813,-14.56,-1.12,182.559998,0.177536,0.79424,-0.289664,232,463,713,1.9234242683347322
2024-04-25 14:15:49.570000+00:00,2024-04-25 14:15:30+00:00,2024-04-25 14:17:30+00:00,TABUENCA01-45,Sensoria-C1-E90A,Left,Gait,1.0.5,40.3887119,-3.6292984,F0:75:B1:51:59:F6,SCKS,-0.46875,1.874999,0.5625,62.720001,161.279999,-254.240005,0.504576,0.523264,-0.270976,717,557,654,2.0128969329056567
2024-04-25 14:15:49.578000+00:00,2024-04-25 14:15:30+00:00,2024-04-25 14:17:30+00:00,TABUENCA01-45,Sensoria-C1-EEA1,Right,Gait,1.0.5,40.3887119,-3.6292984,CB:AA:BC:3F:36:A5,SCKS,-0.695313,1.996095,0.382813,-22.4,33.599998,204.960007,0.214912,0.803584,-0.299008,236,488,718,2.1481157347691955
2024-04-25 14:15:49.594000+00:00,2024-04-25 14:15:30+00:00,2024-04-25 14:17:30+00:00,TABUENCA01-45,Sensoria-C1-EEA1,Right,Gait,1.0.5,40.3887119,-3.6292984,CB:AA:BC:3F:36:A5,SCKS,-1.371095,1.996095,0.535157,-48.16,79.519997,232.960007,0.252288,0.803584,-0.299008,247,510,718,2.4800584192109265
2024-04-25 14:15:49.602000+00:00,2024-04-25 14:15:30+00:00,2024-04-25 14:17:30+00:00,TABUENCA01-45,Sensoria-C1-E90A,Left,Gait,1.0.5,40.3887119,-3.6292984,F0:75:B1:51:59:F6,SCKS,-0.0625,1.687499,-1.499999,134.399994,14.56,-207.199997,0.476544,0.569984,-0.270976,718,562,530,2.2586624637165245
2024-04-25 14:15:49.611000+00:00,2024-04-25 14:15:30+00:00,2024-04-25 14:17:30+00:00,TABUENCA01-45,Sensoria-C1-EEA1,Right,Gait,1.0.5,40.3887119,-3.6292984,CB:AA:BC:3F:36:A5,SCKS,-0.363282,1.996095,-0.164063,-42.560001,25.76,277.76001,0.252288,0.803584,-0.299008,272,544,719,2.0355062585307864
2024-04-25 14:15:49.618000+00:00,2024-04-25 14:15:30+00:00,2024-04-25 14:17:30+00:00,TABUENCA01-45,Sensoria-C1-E90A,Left,Gait,1.0.5,40.3887119,-3.6292984,F0:75:B1:51:59:F6,SCKS,0.0,0.90625,0.3125,47.040001,-120.959999,-226.240005,0.457856,0.598016,-0.28032,702,571,419,0.9586163531361229
2024-04-25 14:15:49.627000+00:00,2024-04-25 14:15:30+00:00,2024-04-25 14:17:30+00:00,TABUENCA01-45,Sensoria-C1-EEA1,Right,Gait,1.0.5,40.3887119,-3.6292984,CB:AA:BC:3F:36:A5,SCKS,-0.664063,1.996095,-0.695313,-12.32,-13.440001,306.880005,0.308352,0.803584,-0.317696,322,595,720,2.2155891056247317
2024-04-25 14:15:49.651000+00:00,2024-04-25 14:15:30+00:00,2024-04-25 14:17:30+00:00,TABUENCA01-45,Sensoria-C1-E90A,Left,Gait,1.0.5,40.3887119,-3.6292984,F0:75:B1:51:59:F6,SCKS,0.15625,0.9375,-0.34375,66.080002,-67.199997,-115.360001,0.411136,0.644736,-0.242944,669,558,375,1.0106851017997642
2024-04-25 14:15:49.659000+00:00,2024-04-25 14:15:30+00:00,2024-04-25 14:17:30+00:00,TABUENCA01-45,Sensoria-C1-EEA1,Right,Gait,1.0.5,40.3887119,-3.6292984,CB:AA:BC:3F:36:A5,SCKS,-0.335938,1.839845,-0.894532,10.08,-51.52,325.920013,0.364416,0.79424,-0.308352,391,649,718,2.073179071593431
2024-04-25 14:15:49.691000+00:00,2024-04-25 14:15:30+00:00,2024-04-25 14:17:30+00:00,TABUENCA01-45,Sensoria-C1-EEA1,Right,Gait,1.0.5,40.3887119,-3.6292984,CB:AA:BC:3F:36:A5,SCKS,-0.492188,0.554688,-0.605469,19.040001,41.439999,248.639999,0.401792,0.79424,-0.308352,449,686,720,0.9573507793118465
2024-04-25 14:15:49.692000+00:00,2024-04-25 14:15:30+00:00,2024-04-25 14:17:30+00:00,TABUENCA01-45,Sensoria-C1-EEA1,Right,Gait,1.0.5,40.3887119,-3.6292984,CB:AA:BC:3F:36:A5,SCKS,0.523438,0.640625,-0.875001,24.639999,119.840004,156.800003,0.439168,0.784896,-0.317696,478,706,718,1.2041654705521165
2024-04-25 14:15:49.700000+00:00,2024-04-25 14:15:30+00:00,2024-04-25 14:17:30+00:00,TABUENCA01-45,Sensoria-C1-E90A,Left,Gait,1.0.5,40.3887119,-3.6292984,F0:75:B1:51:59:F6,SCKS,0.03125,1.031249,-0.1875,30.24,-39.200001,-68.32,0.401792,0.663424,-0.224256,629,531,364,1.0486216250397473
2024-04-25 14:15:49.708000+00:00,2024-04-25 14:15:30+00:00,2024-04-25 14:17:30+00:00,TABUENCA01-45,Sensoria-C1-EEA1,Right,Gait,1.0.5,40.3887119,-3.6292984,CB:AA:BC:3F:36:A5,SCKS,-1.13672,0.179688,-0.460938,-7.84,212.800003,36.959999,0.439168,0.784896,-0.336384,495,716,717,1.239711246858719
2024-04-25 14:15:49.716000+00:00,2024-04-25 14:15:30+00:00,2024-04-25 14:17:30+00:00,TABUENCA01-45,Sensoria-C1-E90A,Left,Gait,1.0.5,40.3887119,-3.6292984,F0:75:B1:51:59:F6,SCKS,0.03125,0.999999,-0.125,15.68,-32.48,-40.32,0.392448,0.672768,-0.214912,593,501,371,1.008265621005199
2024-04-25 14:15:49.741000+00:00,2024-04-25 14:15:30+00:00,2024-04-25 14:17:30+00:00,TABUENCA01-45,Sensoria-C1-EEA1,Right,Gait,1.0.5,40.3887119,-3.6292984,CB:AA:BC:3F:36:A5,SCKS,-1.234376,0.054688,-0.097656,-34.720001,166.880005,-35.84,0.439168,0.784896,-0.336384,503,722,713,1.2394400272122892
2024-04-25 14:15:49.749000+00:00,2024-04-25 14:15:30+00:00,2024-04-25 14:17:30+00:00,TABUENCA01-45,Sensoria-C1-E90A,Left,Gait,1.0.5,40.3887119,-3.6292984,F0:75:B1:51:59:F6,SCKS,0.0625,0.999999,-0.15625,4.48,-29.120001,-30.24,0.383104,0.672768,-0.224256,565,475,397,1.0140603100905783
2024-04-25 14:15:49.757000+00:00,2024-04-25 14:15:30+00:00,2024-04-25 14:17:30+00:00,TABUENCA01-45,Sensoria-C1-EEA1,Right,Gait,1.0.5,40.3887119,-3.6292984,CB:AA:BC:3F:36:A5,SCKS,-0.738282,-0.25,0.097656,0.0,87.360001,-73.919998,0.429824,0.79424,-0.345728,507,725,713,0.7855552213943969
2024-04-25 14:15:49.773000+00:00,2024-04-25 14:15:30+00:00,2024-04-25 14:17:30+00:00,TABUENCA01-45,Sensoria-C1-EEA1,Right,Gait,1.0.5,40.3887119,-3.6292984,CB:AA:BC:3F:36:A5,SCKS,-0.503907,-0.210938,0.054688,43.68,30.24,-129.919998,0.411136,0.803584,-0.336384,508,725,709,0.5490062675753347
2024-04-25 14:15:49.781000+00:00,2024-04-25 14:15:30+00:00,2024-04-25 14:17:30+00:00,TABUENCA01-45,Sensoria-C1-E90A,Left,Gait,1.0.5,40.3887119,-3.6292984,F0:75:B1:51:59:F6,SCKS,0.0625,0.968749,-0.1875,8.96,-39.200001,-28.0,0.383104,0.682112,-0.214912,547,458,443,0.9887047714060047
2024-04-25 14:15:49.789000+00:00,2024-04-25 14:15:30+00:00,2024-04-25 14:17:30+00:00,TABUENCA01-45,Sensoria-C1-EEA1,Right,Gait,1.0.5,40.3887119,-3.6292984,CB:AA:BC:3F:36:A5,SCKS,-0.660157,0.085938,-0.035156,60.48,-19.040001,-218.399994,0.37376,0.812928,-0.32704,509,726,712,0.6666547448484861
2024-04-25 14:15:49.806000+00:00,2024-04-25 14:15:30+00:00,2024-04-25 14:17:30+00:00,TABUENCA01-45,Sensoria-C1-EEA1,Right,Gait,1.0.5,40.3887119,-3.6292984,CB:AA:BC:3F:36:A5,SCKS,-0.523438,0.324219,0.074219,67.199997,-50.400002,-265.440002,0.32704,0.812928,-0.308352,509,726,708,0.6201723629492046
2024-04-25 14:15:49.813000+00:00,2024-04-25 14:15:30+00:00,2024-04-25 14:17:30+00:00,TABUENCA01-45,Sensoria-C1-E90A,Left,Gait,1.0.5,40.3887119,-3.6292984,F0:75:B1:51:59:F6,SCKS,0.03125,0.9375,-0.1875,8.96,-49.279999,-24.639999,0.364416,0.682112,-0.196224,537,445,496,0.9565767415633729
2024-04-25 14:15:49.838000+00:00,2024-04-25 14:15:30+00:00,2024-04-25 14:17:30+00:00,TABUENCA01-45,Sensoria-C1-EEA1,Right,Gait,1.0.5,40.3887119,-3.6292984,CB:AA:BC:3F:36:A5,SCKS,-0.472657,0.535157,0.113281,71.68,-66.080002,-305.76001,0.32704,0.812928,-0.308352,509,725,708,0.7229316975060646
2024-04-25 14:15:49.846000+00:00,2024-04-25 14:15:30+00:00,2024-04-25 14:17:30+00:00,TABUENCA01-45,Sensoria-C1-E90A,Left,Gait,1.0.5,40.3887119,-3.6292984,F0:75:B1:51:59:F6,SCKS,0.03125,0.968749,-0.21875,2.24,-41.439999,-22.4,0.364416,0.691456,-0.196224,529,436,546,0.9936310935155964
2024-04-25 14:15:49.855000+00:00,2024-04-25 14:15:30+00:00,2024-04-25 14:17:30+00:00,TABUENCA01-45,Sensoria-C1-EEA1,Right,Gait,1.0.5,40.3887119,-3.6292984,CB:AA:BC:3F:36:A5,SCKS,-0.5,0.847657,0.113281,69.440002,-66.080002,-339.360016,0.270976,0.812928,-0.289664,508,723,708,0.9906336227940176
2024-04-25 14:15:49.870000+00:00,2024-04-25 14:15:30+00:00,2024-04-25 14:17:30+00:00,TABUENCA01-45,Sensoria-C1-EEA1,Right,Gait,1.0.5,40.3887119,-3.6292984,CB:AA:BC:3F:36:A5,SCKS,-0.449219,1.160157,0.160156,57.119999,-53.760002,-361.76001,0.196224,0.803584,-0.289664,508,724,706,1.2543571735937098
2024-04-25 14:15:49.878000+00:00,2024-04-25 14:15:30+00:00,2024-04-25 14:17:30+00:00,TABUENCA01-45,Sensoria-C1-E90A,Left,Gait,1.0.5,40.3887119,-3.6292984,F0:75:B1:51:59:F6,SCKS,0.0,0.9375,-0.1875,-10.08,-38.080002,-17.92,0.355072,0.7008,-0.196224,519,415,600,0.9560661587986472
2024-04-25 14:15:49.887000+00:00,2024-04-25 14:15:30+00:00,2024-04-25 14:17:30+00:00,TABUENCA01-45,Sensoria-C1-EEA1,Right,Gait,1.0.5,40.3887119,-3.6292984,CB:AA:BC:3F:36:A5,SCKS,-0.363282,1.527345,0.203125,35.84,-26.880001,-378.559998,0.14016,0.775552,-0.289664,507,722,707,1.5830402162213062
2024-04-25 14:15:49.911000+00:00,2024-04-25 14:15:30+00:00,2024-04-25 14:17:30+00:00,TABUENCA01-45,Sensoria-C1-E90A,Left,Gait,1.0.5,40.3887119,-3.6292984,F0:75:B1:51:59:F6,SCKS,0.0,0.9375,-0.15625,-5.6,-34.720001,-23.52,0.345728,0.7008,-0.196224,509,399,626,0.9504316453590969
2024-04-25 14:15:49.919000+00:00,2024-04-25 14:15:30+00:00,2024-04-25 14:17:30+00:00,TABUENCA01-45,Sensoria-C1-EEA1,Right,Gait,1.0.5,40.3887119,-3.6292984,CB:AA:BC:3F:36:A5,SCKS,-0.363282,1.996095,0.328125,8.96,22.4,-384.160004,0.074752,0.756864,-0.289664,508,722,705,2.055245745932588
2024-04-25 14:15:49.935000+00:00,2024-04-25 14:15:30+00:00,2024-04-25 14:17:30+00:00,TABUENCA01-45,Sensoria-C1-EEA1,Right,Gait,1.0.5,40.3887119,-3.6292984,CB:AA:BC:3F:36:A5,SCKS,-0.230469,1.996095,0.484375,16.799999,29.120001,-383.040009,0.074752,0.756864,-0.289664,508,722,706,2.066913241916796
2024-04-25 14:15:49.943000+00:00,2024-04-25 14:15:30+00:00,2024-04-25 14:17:30+00:00,TABUENCA01-45,Sensoria-C1-E90A,Left,Gait,1.0.5,40.3887119,-3.6292984,F0:75:B1:51:59:F6,SCKS,-0.03125,0.9375,-0.09375,-3.36,-30.24,-34.720001,0.345728,0.710144,-0.196224,495,378,645,0.9426939455623973
2024-04-25 14:15:49.951000+00:00,2024-04-25 14:15:30+00:00,2024-04-25 14:17:30+00:00,TABUENCA01-45,Sensoria-C1-EEA1,Right,Gait,1.0.5,40.3887119,-3.6292984,CB:AA:BC:3F:36:A5,SCKS,0.472657,1.996095,0.351563,36.959999,10.08,-381.920013,0.028032,0.710144,-0.28032,504,722,706,2.0812007187301758
2024-04-25 14:15:49.959000+00:00,2024-04-25 14:15:30+00:00,2024-04-25 14:17:30+00:00,TABUENCA01-45,Sensoria-C1-E90A,Left,Gait,1.0.5,40.3887119,-3.6292984,F0:75:B1:51:59:F6,SCKS,0.0,0.999999,-0.15625,-3.36,-26.880001,-44.799999,0.336384,0.719488,-0.196224,476,350,658,1.012132433281831
2024-04-25 14:15:49.968000+00:00,2024-04-25 14:15:30+00:00,2024-04-25 14:17:30+00:00,TABUENCA01-45,Sensoria-C1-EEA1,Right,Gait,1.0.5,40.3887119,-3.6292984,CB:AA:BC:3F:36:A5,SCKS,1.113282,1.996095,0.320313,23.52,10.08,-393.119995,-0.018688,0.663424,-0.28032,507,721,708,2.3078978483715433
2024-04-25 14:15:49.992000+00:00,2024-04-25 14:15:30+00:00,2024-04-25 14:17:30+00:00,TABUENCA01-45,Sensoria-C1-E90A,Left,Gait,1.0.5,40.3887119,-3.6292984,F0:75:B1:51:59:F6,SCKS,0.03125,1.093749,-0.1875,-11.2,-28.0,-59.360001,0.32704,0.719488,-0.196224,453,321,674,1.1101439940390616
2024-04-25 14:15:50+00:00,2024-04-25 14:15:30+00:00,2024-04-25 14:17:30+00:00,TABUENCA01-45,Sensoria-C1-EEA1,Right,Gait,1.0.5,40.3887119,-3.6292984,CB:AA:BC:3F:36:A5,SCKS,1.925783,1.996095,-0.609375,28.0,-7.84,-355.040009,-0.065408,0.616704,-0.28032,505,720,708,2.839784023960097
2024-04-25 14:15:50.017000+00:00,2024-04-25 14:15:30+00:00,2024-04-25 14:17:30+00:00,TABUENCA01-45,Sensoria-C1-EEA1,Right,Gait,1.0.5,40.3887119,-3.6292984,CB:AA:BC:3F:36:A5,SCKS,1.996095,1.257813,0.484375,67.199997,4.48,-209.440002,-0.074752,0.579328,-0.270976,506,722,709,2.4085489267646194
2024-04-25 14:15:50.024000+00:00,2024-04-25 14:15:30+00:00,2024-04-25 14:17:30+00:00,TABUENCA01-45,Sensoria-C1-E90A,Left,Gait,1.0.5,40.3887119,-3.6292984,F0:75:B1:51:59:F6,SCKS,0.0625,1.218749,0.0,-6.72,-17.92,-91.840004,0.299008,0.738176,-0.18688,427,288,695,1.2203505131727523
2024-04-25 14:15:50.033000+00:00,2024-04-25 14:15:30+00:00,2024-04-25 14:17:30+00:00,TABUENCA01-45,Sensoria-C1-EEA1,Right,Gait,1.0.5,40.3887119,-3.6292984,CB:AA:BC:3F:36:A5,SCKS,1.996095,1.875001,0.4375,64.959999,20.16,-127.68,-0.074752,0.579328,-0.270976,504,723,712,2.7733427932778163
2024-04-25 14:15:50.049000+00:00,2024-04-25 14:15:30+00:00,2024-04-25 14:17:30+00:00,TABUENCA01-45,Sensoria-C1-EEA1,Right,Gait,1.0.5,40.3887119,-3.6292984,CB:AA:BC:3F:36:A5,SCKS,1.996095,1.996095,0.703125,1.12,-25.76,32.48,-0.084096,0.551296,-0.252288,506,725,712,2.909153702311894
2024-04-25 14:15:50.057000+00:00,2024-04-25 14:15:30+00:00,2024-04-25 14:17:30+00:00,TABUENCA01-45,Sensoria-C1-E90A,Left,Gait,1.0.5,40.3887119,-3.6292984,F0:75:B1:51:59:F6,SCKS,0.21875,1.437499,-0.1875,-2.24,-3.36,-125.440002,0.28032,0.756864,-0.196224,416,272,708,1.4660870327170212
2024-04-25 14:15:50.065000+00:00,2024-04-25 14:15:30+00:00,2024-04-25 14:17:30+00:00,TABUENCA01-45,Sensoria-C1-EEA1,Right,Gait,1.0.5,40.3887119,-3.6292984,CB:AA:BC:3F:36:A5,SCKS,-1.726564,1.996095,-0.589844,16.799999,-115.360001,135.520004,-0.074752,0.569984,-0.270976,509,720,690,2.7043177401069203
2024-04-25 14:15:50.098000+00:00,2024-04-25 14:15:30+00:00,2024-04-25 14:17:30+00:00,TABUENCA01-45,Sensoria-C1-EEA1,Right,Gait,1.0.5,40.3887119,-3.6292984,CB:AA:BC:3F:36:A5,SCKS,-0.742188,0.714844,1.371095,21.280001,-86.239998,169.119995,-0.074752,0.598016,-0.289664,518,722,643,1.7151520255373864
2024-04-25 14:15:50.105000+00:00,2024-04-25 14:15:30+00:00,2024-04-25 14:17:30+00:00,TABUENCA01-45,Sensoria-C1-E90A,Left,Gait,1.0.5,40.3887119,-3.6292984,F0:75:B1:51:59:F6,SCKS,0.3125,1.749999,-0.21875,-12.32,-4.48,-162.399994,0.252288,0.756864,-0.196224,427,282,713,1.7910902580554116
2024-04-25 14:15:50.114000+00:00,2024-04-25 14:15:30+00:00,2024-04-25 14:17:30+00:00,TABUENCA01-45,Sensoria-C1-EEA1,Right,Gait,1.0.5,40.3887119,-3.6292984,CB:AA:BC:3F:36:A5,SCKS,0.292969,1.69922,0.089844,34.720001,-14.56,225.119995,-0.056064,0.635392,-0.289664,523,727,567,1.726630066834526
2024-04-25 14:15:50.122000+00:00,2024-04-25 14:15:30+00:00,2024-04-25 14:17:30+00:00,TABUENCA01-45,Sensoria-C1-E90A,Left,Gait,1.0.5,40.3887119,-3.6292984,F0:75:B1:51:59:F6,SCKS,0.8125,2.343749,-0.125,-26.880001,-13.440001,-207.199997,0.214912,0.775552,-0.196224,488,333,712,2.483735216362847
2024-04-25 14:15:50.130000+00:00,2024-04-25 14:15:30+00:00,2024-04-25 14:17:30+00:00,TABUENCA01-45,Sensoria-C1-EEA1,Right,Gait,1.0.5,40.3887119,-3.6292984,CB:AA:BC:3F:36:A5,SCKS,0.269531,1.523439,-0.246094,32.48,26.880001,230.720001,-0.037376,0.663424,-0.28032,528,730,485,1.5665489470546397
2024-04-25 14:15:50.147000+00:00,2024-04-25 14:15:30+00:00,2024-04-25 14:17:30+00:00,TABUENCA01-45,Sensoria-C1-EEA1,Right,Gait,1.0.5,40.3887119,-3.6292984,CB:AA:BC:3F:36:A5,SCKS,0.265625,1.015626,-0.164063,-10.08,49.279999,212.800003,-0.037376,0.663424,-0.28032,525,729,433,1.0625297550986512
2024-04-25 14:15:50.154000+00:00,2024-04-25 14:15:30+00:00,2024-04-25 14:17:30+00:00,TABUENCA01-45,Sensoria-C1-E90A,Left,Gait,1.0.5,40.3887119,-3.6292984,F0:75:B1:51:59:F6,SCKS,1.062499,2.124999,-0.28125,-63.84,-64.959999,-215.040009,0.14016,0.79424,-0.205568,551,380,712,2.3924101733402656
2024-04-25 14:15:50.179000+00:00,2024-04-25 14:15:30+00:00,2024-04-25 14:17:30+00:00,TABUENCA01-45,Sensoria-C1-EEA1,Right,Gait,1.0.5,40.3887119,-3.6292984,CB:AA:BC:3F:36:A5,SCKS,0.03125,0.812501,-0.039063,5.6,36.959999,156.800003,-0.009344,0.691456,-0.28032,512,734,399,0.814039529427165
2024-04-25 14:15:50.187000+00:00,2024-04-25 14:15:30+00:00,2024-04-25 14:17:30+00:00,TABUENCA01-45,Sensoria-C1-E90A,Left,Gait,1.0.5,40.3887119,-3.6292984,F0:75:B1:51:59:F6,SCKS,0.71875,2.156249,-1.031249,-33.599998,-95.199997,-255.360001,0.084096,0.79424,-0.224256,608,448,712,2.495893790308794
2024-04-25 14:15:50.195000+00:00,2024-04-25 14:15:30+00:00,2024-04-25 14:17:30+00:00,TABUENCA01-45,Sensoria-C1-EEA1,Right,Gait,1.0.5,40.3887119,-3.6292984,CB:AA:BC:3F:36:A5,SCKS,0.039063,0.996094,0.078125,-13.440001,28.0,129.919998,0.0,0.710144,-0.270976,494,727,376,0.9999163417156458
2024-04-25 14:15:50.212000+00:00,2024-04-25 14:15:30+00:00,2024-04-25 14:17:30+00:00,TABUENCA01-45,Sensoria-C1-EEA1,Right,Gait,1.0.5,40.3887119,-3.6292984,CB:AA:BC:3F:36:A5,SCKS,0.035156,0.984376,0.03125,-6.72,14.56,92.959999,0.018688,0.719488,-0.261632,473,712,360,0.9854991710864094
2024-04-25 14:15:50.219000+00:00,2024-04-25 14:15:30+00:00,2024-04-25 14:17:30+00:00,TABUENCA01-45,Sensoria-C1-E90A,Left,Gait,1.0.5,40.3887119,-3.6292984,F0:75:B1:51:59:F6,SCKS,0.53125,0.78125,-0.375,15.68,49.279999,-241.919998,0.04672,0.79424,-0.214912,665,518,715,1.016465997955662
2024-04-25 14:15:50.228000+00:00,2024-04-25 14:15:30+00:00,2024-04-25 14:17:30+00:00,TABUENCA01-45,Sensoria-C1-EEA1,Right,Gait,1.0.5,40.3887119,-3.6292984,CB:AA:BC:3F:36:A5,SCKS,-0.066406,0.984376,0.074219,-7.84,11.2,67.199997,0.028032,0.728832,-0.261632,457,689,352,0.989400993618361
2024-04-25 14:15:50.252000+00:00,2024-04-25 14:15:30+00:00,2024-04-25 14:17:30+00:00,TABUENCA01-45,Sensoria-C1-E90A,Left,Gait,1.0.5,40.3887119,-3.6292984,F0:75:B1:51:59:F6,SCKS,-0.625,0.1875,-0.5,17.92,-53.760002,-118.720001,0.009344,0.79424,-0.214912,693,549,713,0.8220591523728691
2024-04-25 14:15:50.261000+00:00,2024-04-25 14:15:30+00:00,2024-04-25 14:17:30+00:00,TABUENCA01-45,Sensoria-C1-EEA1,Right,Gait,1.0.5,40.3887119,-3.6292984,CB:AA:BC:3F:36:A5,SCKS,-0.050781,1.031251,0.011719,-1.12,2.24,52.639999,0.028032,0.728832,-0.261632,443,673,349,1.0325670292639602
2024-04-25 14:15:50.277000+00:00,2024-04-25 14:15:30+00:00,2024-04-25 14:17:30+00:00,TABUENCA01-45,Sensoria-C1-EEA1,Right,Gait,1.0.5,40.3887119,-3.6292984,CB:AA:BC:3F:36:A5,SCKS,-0.054688,1.011719,-0.003906,-3.36,7.84,40.32,0.037376,0.728832,-0.270976,432,657,352,1.0132035181250607
2024-04-25 14:15:50.284000+00:00,2024-04-25 14:15:30+00:00,2024-04-25 14:17:30+00:00,TABUENCA01-45,Sensoria-C1-E90A,Left,Gait,1.0.5,40.3887119,-3.6292984,F0:75:B1:51:59:F6,SCKS,1.218749,0.21875,-0.28125,21.280001,-150.080002,70.559998,-0.009344,0.784896,-0.224256,707,557,712,1.2697646435465906
2024-04-25 14:15:50.301000+00:00,2024-04-25 14:15:30+00:00,2024-04-25 14:17:30+00:00,TABUENCA01-45,Sensoria-C1-E90A,Left,Gait,1.0.5,40.3887119,-3.6292984,F0:75:B1:51:59:F6,SCKS,0.75,-0.03125,0.0,-5.6,-11.2,140.0,0.028032,0.79424,-0.2336,711,560,710,0.7506507593415196
2024-04-25 14:15:50.309000+00:00,2024-04-25 14:15:30+00:00,2024-04-25 14:17:30+00:00,TABUENCA01-45,Sensoria-C1-EEA1,Right,Gait,1.0.5,40.3887119,-3.6292984,CB:AA:BC:3F:36:A5,SCKS,-0.050781,0.984376,-0.101563,-10.08,12.32,35.84,0.04672,0.738176,-0.261632,411,637,379,0.9909035585292849
2024-04-25 14:15:50.326000+00:00,2024-04-25 14:15:30+00:00,2024-04-25 14:17:30+00:00,TABUENCA01-45,Sensoria-C1-EEA1,Right,Gait,1.0.5,40.3887119,-3.6292984,CB:AA:BC:3F:36:A5,SCKS,-0.027344,0.972657,-0.097656,-13.440001,20.16,35.84,0.056064,0.738176,-0.270976,403,629,399,0.9779294597878725
2024-04-25 14:15:50.333000+00:00,2024-04-25 14:15:30+00:00,2024-04-25 14:17:30+00:00,TABUENCA01-45,Sensoria-C1-E90A,Left,Gait,1.0.5,40.3887119,-3.6292984,F0:75:B1:51:59:F6,SCKS,0.375,0.0625,0.0,0.0,30.24,217.279999,0.065408,0.803584,-0.2336,713,560,709,0.3801726581436387
2024-04-25 14:15:50.358000+00:00,2024-04-25 14:15:30+00:00,2024-04-25 14:17:30+00:00,TABUENCA01-45,Sensoria-C1-EEA1,Right,Gait,1.0.5,40.3887119,-3.6292984,CB:AA:BC:3F:36:A5,SCKS,-0.011719,0.960938,-0.03125,-14.56,28.0,34.720001,0.04672,0.728832,-0.261632,395,622,420,0.9615174139374699
2024-04-25 14:15:50.366000+00:00,2024-04-25 14:15:30+00:00,2024-04-25 14:17:30+00:00,TABUENCA01-45,Sensoria-C1-E90A,Left,Gait,1.0.5,40.3887119,-3.6292984,F0:75:B1:51:59:F6,SCKS,0.40625,0.625,-0.21875,13.440001,58.240002,280.0,0.158848,0.79424,-0.214912,713,558,705,0.7768626809160033
2024-04-25 14:15:50.374000+00:00,2024-04-25 14:15:30+00:00,2024-04-25 14:17:30+00:00,TABUENCA01-45,Sensoria-C1-EEA1,Right,Gait,1.0.5,40.3887119,-3.6292984,CB:AA:BC:3F:36:A5,SCKS,-0.011719,0.972657,-0.039063,-11.2,28.0,32.48,0.04672,0.728832,-0.252288,384,613,441,0.9735116294010052
2024-04-25 14:15:50.391000+00:00,2024-04-25 14:15:30+00:00,2024-04-25 14:17:30+00:00,TABUENCA01-45,Sensoria-C1-EEA1,Right,Gait,1.0.5,40.3887119,-3.6292984,CB:AA:BC:3F:36:A5,SCKS,0.003906,0.972657,-0.070313,-10.08,26.880001,31.360001,0.056064,0.738176,-0.252288,373,606,460,0.9752029606466543
2024-04-25 14:15:50.398000+00:00,2024-04-25 14:15:30+00:00,2024-04-25 14:17:30+00:00,TABUENCA01-45,Sensoria-C1-E90A,Left,Gait,1.0.5,40.3887119,-3.6292984,F0:75:B1:51:59:F6,SCKS,0.28125,0.875,-0.1875,3.36,85.120003,328.160004,0.214912,0.775552,-0.205568,713,556,706,0.9380206887377271
2024-04-25 14:15:50.407000+00:00,2024-04-25 14:15:30+00:00,2024-04-25 14:17:30+00:00,TABUENCA01-45,Sensoria-C1-EEA1,Right,Gait,1.0.5,40.3887119,-3.6292984,CB:AA:BC:3F:36:A5,SCKS,-0.003906,0.968751,-0.015625,-11.2,28.0,32.48,0.065408,0.74752,-0.252288,361,596,479,0.9688848731722465
2024-04-25 14:15:50.431000+00:00,2024-04-25 14:15:30+00:00,2024-04-25 14:17:30+00:00,TABUENCA01-45,Sensoria-C1-E90A,Left,Gait,1.0.5,40.3887119,-3.6292984,F0:75:B1:51:59:F6,SCKS,0.46875,1.374999,-0.21875,-1.12,87.360001,380.799988,0.28032,0.74752,-0.224256,711,556,705,1.4690814732345514
2024-04-25 14:15:50.440000+00:00,2024-04-25 14:15:30+00:00,2024-04-25 14:17:30+00:00,TABUENCA01-45,Sensoria-C1-EEA1,Right,Gait,1.0.5,40.3887119,-3.6292984,CB:AA:BC:3F:36:A5,SCKS,-0.03125,0.949219,-0.007813,-10.08,22.4,39.200001,0.074752,0.74752,-0.261632,348,586,497,0.949765400206809
2024-04-25 14:15:50.456000+00:00,2024-04-25 14:15:30+00:00,2024-04-25 14:17:30+00:00,TABUENCA01-45,Sensoria-C1-EEA1,Right,Gait,1.0.5,40.3887119,-3.6292984,CB:AA:BC:3F:36:A5,SCKS,-0.054688,0.949219,0.019531,-11.2,14.56,49.279999,0.074752,0.756864,-0.252288,333,576,513,0.9509936631050704
2024-04-25 14:15:50.463000+00:00,2024-04-25 14:15:30+00:00,2024-04-25 14:17:30+00:00,TABUENCA01-45,Sensoria-C1-E90A,Left,Gait,1.0.5,40.3887119,-3.6292984,F0:75:B1:51:59:F6,SCKS,0.46875,2.187499,-0.21875,-5.6,87.360001,415.519989,0.345728,0.7008,-0.2336,712,556,703,2.247827840383022
2024-04-25 14:15:50.472000+00:00,2024-04-25 14:15:30+00:00,2024-04-25 14:17:30+00:00,TABUENCA01-45,Sensoria-C1-EEA1,Right,Gait,1.0.5,40.3887119,-3.6292984,CB:AA:BC:3F:36:A5,SCKS,-0.023438,0.960938,0.003906,-11.2,4.48,59.360001,0.084096,0.756864,-0.261632,319,563,531,0.9612317288375368
2024-04-25 14:15:50.488000+00:00,2024-04-25 14:15:30+00:00,2024-04-25 14:17:30+00:00,TABUENCA01-45,Sensoria-C1-EEA1,Right,Gait,1.0.5,40.3887119,-3.6292984,CB:AA:BC:3F:36:A5,SCKS,0.015625,1.015626,-0.007813,-10.08,-2.24,67.199997,0.084096,0.756864,-0.261632,302,548,550,1.0157762329716127
2024-04-25 14:15:50.496000+00:00,2024-04-25 14:15:30+00:00,2024-04-25 14:17:30+00:00,TABUENCA01-45,Sensoria-C1-E90A,Left,Gait,1.0.5,40.3887119,-3.6292984,F0:75:B1:51:59:F6,SCKS,0.28125,3.124998,-0.46875,3.36,99.68,442.399994,0.411136,0.65408,-0.242944,710,554,702,3.1724502557178105
2024-04-25 14:15:50.521000+00:00,2024-04-25 14:15:30+00:00,2024-04-25 14:17:30+00:00,TABUENCA01-45,Sensoria-C1-EEA1,Right,Gait,1.0.5,40.3887119,-3.6292984,CB:AA:BC:3F:36:A5,SCKS,0.0,1.089845,0.039063,-8.96,-3.36,72.800003,0.09344,0.756864,-0.261632,288,531,578,1.0905448372231192
2024-04-25 14:15:50.528000+00:00,2024-04-25 14:15:30+00:00,2024-04-25 14:17:30+00:00,TABUENCA01-45,Sensoria-C1-E90A,Left,Gait,1.0.5,40.3887119,-3.6292984,F0:75:B1:51:59:F6,SCKS,-0.5,3.312498,-0.34375,-41.439999,47.040001,430.080017,0.495232,0.523264,-0.270976,710,554,703,3.367611477368493
2024-04-25 14:15:50.537000+00:00,2024-04-25 14:15:30+00:00,2024-04-25 14:17:30+00:00,TABUENCA01-45,Sensoria-C1-EEA1,Right,Gait,1.0.5,40.3887119,-3.6292984,CB:AA:BC:3F:36:A5,SCKS,0.007813,1.101563,0.078125,-2.24,-11.2,84.0,0.102784,0.766208,-0.261632,269,511,611,1.104357551503588
2024-04-25 14:15:50.553000+00:00,2024-04-25 14:15:30+00:00,2024-04-25 14:17:30+00:00,TABUENCA01-45,Sensoria-C1-EEA1,Right,Gait,1.0.5,40.3887119,-3.6292984,CB:AA:BC:3F:36:A5,SCKS,-0.101563,1.195313,0.117188,0.0,-20.16,95.199997,0.112128,0.775552,-0.261632,255,494,646,1.205330344047639
2024-04-25 14:15:50.561000+00:00,2024-04-25 14:15:30+00:00,2024-04-25 14:17:30+00:00,TABUENCA01-45,Sensoria-C1-E90A,Left,Gait,1.0.5,40.3887119,-3.6292984,F0:75:B1:51:59:F6,SCKS,-2.968748,1.906249,-0.75,19.040001,88.480003,292.320007,0.523264,0.4672,-0.28032,710,552,707,3.606903095108739
2024-04-25 14:15:50.570000+00:00,2024-04-25 14:15:30+00:00,2024-04-25 14:17:30+00:00,TABUENCA01-45,Sensoria-C1-EEA1,Right,Gait,1.0.5,40.3887119,-3.6292984,CB:AA:BC:3F:36:A5,SCKS,-0.105469,1.281251,0.164063,-5.6,-29.120001,114.239998,0.130816,0.775552,-0.270976,242,478,675,1.2960109964545052
2024-04-25 14:15:50.586000+00:00,2024-04-25 14:15:30+00:00,2024-04-25 14:17:30+00:00,TABUENCA01-45,Sensoria-C1-EEA1,Right,Gait,1.0.5,40.3887119,-3.6292984,CB:AA:BC:3F:36:A5,SCKS,-0.058594,1.421876,0.039063,-8.96,-39.200001,132.160004,0.130816,0.775552,-0.270976,231,468,693,1.4236188163202252
2024-04-25 14:15:50.593000+00:00,2024-04-25 14:15:30+00:00,2024-04-25 14:17:30+00:00,TABUENCA01-45,Sensoria-C1-E90A,Left,Gait,1.0.5,40.3887119,-3.6292984,F0:75:B1:51:59:F6,SCKS,-3.281248,1.749999,-0.09375,14.56,-116.480003,-1.12,0.523264,0.457856,-0.270976,705,554,712,3.7199293004041087
2024-04-25 14:15:50.618000+00:00,2024-04-25 14:15:30+00:00,2024-04-25 14:17:30+00:00,TABUENCA01-45,Sensoria-C1-EEA1,Right,Gait,1.0.5,40.3887119,-3.6292984,CB:AA:BC:3F:36:A5,SCKS,-0.121094,1.527345,-0.214844,-14.56,-35.84,151.199997,0.158848,0.784896,-0.261632,221,466,703,1.547127806678233
2024-04-25 14:15:50.625000+00:00,2024-04-25 14:15:30+00:00,2024-04-25 14:17:30+00:00,TABUENCA01-45,Sensoria-C1-E90A,Left,Gait,1.0.5,40.3887119,-3.6292984,F0:75:B1:51:59:F6,SCKS,3.281248,1.343749,0.28125,10.08,19.040001,-146.720001,0.51392,0.4672,-0.261632,705,553,709,3.5568738205065697
2024-04-25 14:15:50.634000+00:00,2024-04-25 14:15:30+00:00,2024-04-25 14:17:30+00:00,TABUENCA01-45,Sensoria-C1-EEA1,Right,Gait,1.0.5,40.3887119,-3.6292984,CB:AA:BC:3F:36:A5,SCKS,-0.269531,1.777345,-0.066406,-21.280001,-4.48,174.720001,0.18688,0.79424,-0.270976,218,480,713,1.798891871631533
2024-04-25 14:15:50.642000+00:00,2024-04-25 14:15:30+00:00,2024-04-25 14:17:30+00:00,TABUENCA01-45,Sensoria-C1-E90A,Left,Gait,1.0.5,40.3887119,-3.6292984,F0:75:B1:51:59:F6,SCKS,-0.999999,1.281249,0.625,52.639999,222.880005,-249.759995,0.51392,0.495232,-0.252288,711,556,678,1.7413276544068321
2024-04-25 14:15:50.650000+00:00,2024-04-25 14:15:30+00:00,2024-04-25 14:17:30+00:00,TABUENCA01-45,Sensoria-C1-EEA1,Right,Gait,1.0.5,40.3887119,-3.6292984,CB:AA:BC:3F:36:A5,SCKS,-0.710938,1.996095,0.300781,-30.24,35.84,202.720001,0.214912,0.79424,-0.270976,221,500,716,2.140162914086215
2024-04-25 14:15:50.674000+00:00,2024-04-25 14:15:30+00:00,2024-04-25 14:17:30+00:00,TABUENCA01-45,Sensoria-C1-E90A,Left,Gait,1.0.5,40.3887119,-3.6292984,F0:75:B1:51:59:F6,SCKS,-0.34375,1.624999,-0.0625,116.480003,48.16,-232.960007,0.4672,0.569984,-0.299008,715,562,573,1.6621347907137376
2024-04-25 14:15:50.683000+00:00,2024-04-25 14:15:30+00:00,2024-04-25 14:17:30+00:00,TABUENCA01-45,Sensoria-C1-EEA1,Right,Gait,1.0.5,40.3887119,-3.6292984,CB:AA:BC:3F:36:A5,SCKS,-1.175782,1.996095,0.59375,-50.400002,63.84,237.440002,0.252288,0.803584,-0.28032,236,521,716,2.3915262120765055
2024-04-25 14:15:50.707000+00:00,2024-04-25 14:15:30+00:00,2024-04-25 14:17:30+00:00,TABUENCA01-45,Sensoria-C1-E90A,Left,Gait,1.0.5,40.3887119,-3.6292984,F0:75:B1:51:59:F6,SCKS,-0.125,0.90625,0.3125,64.959999,-97.440002,-231.839996,0.448512,0.60736,-0.28032,693,565,389,0.9667317686411262
2024-04-25 14:15:50.715000+00:00,2024-04-25 14:15:30+00:00,2024-04-25 14:17:30+00:00,TABUENCA01-45,Sensoria-C1-EEA1,Right,Gait,1.0.5,40.3887119,-3.6292984,CB:AA:BC:3F:36:A5,SCKS,-0.328125,1.996095,0.160156,-42.560001,19.040001,282.23999,0.252288,0.803584,-0.28032,267,547,718,2.0292144314946117
2024-04-25 14:15:50.731000+00:00,2024-04-25 14:15:30+00:00,2024-04-25 14:17:30+00:00,TABUENCA01-45,Sensoria-C1-EEA1,Right,Gait,1.0.5,40.3887119,-3.6292984,CB:AA:BC:3F:36:A5,SCKS,-0.859376,1.996095,-0.460938,-33.599998,-21.280001,300.160004,0.317696,0.803584,-0.289664,318,597,718,2.2215729108550546
2024-04-25 14:15:50.732000+00:00,2024-04-25 14:15:30+00:00,2024-04-25 14:17:30+00:00,TABUENCA01-45,Sensoria-C1-EEA1,Right,Gait,1.0.5,40.3887119,-3.6292984,CB:AA:BC:3F:36:A5,SCKS,-0.875001,1.996095,-0.792969,-16.799999,-107.520004,329.279999,0.364416,0.803584,-0.289664,382,647,716,2.3192287153247735
2024-04-25 14:15:50.739000+00:00,2024-04-25 14:15:30+00:00,2024-04-25 14:17:30+00:00,TABUENCA01-45,Sensoria-C1-E90A,Left,Gait,1.0.5,40.3887119,-3.6292984,F0:75:B1:51:59:F6,SCKS,-0.0625,0.968749,-0.28125,66.080002,-75.040001,-118.720001,0.401792,0.663424,-0.252288,661,546,350,1.0106841432915628
2024-04-25 14:15:50.748000+00:00,2024-04-25 14:15:30+00:00,2024-04-25 14:17:30+00:00,TABUENCA01-45,Sensoria-C1-EEA1,Right,Gait,1.0.5,40.3887119,-3.6292984,CB:AA:BC:3F:36:A5,SCKS,-0.710938,0.703125,-0.894532,8.96,-75.040001,278.880005,0.411136,0.79424,-0.289664,442,685,717,1.3416426888307482
2024-04-25 14:15:50.773000+00:00,2024-04-25 14:15:30+00:00,2024-04-25 14:17:30+00:00,TABUENCA01-45,Sensoria-C1-E90A,Left,Gait,1.0.5,40.3887119,-3.6292984,F0:75:B1:51:59:F6,SCKS,0.0625,0.9375,-0.1875,34.720001,-49.279999,-61.599998,0.392448,0.672768,-0.2336,631,519,341,0.9581068572972432
2024-04-25 14:15:50.780000+00:00,2024-04-25 14:15:30+00:00,2024-04-25 14:17:30+00:00,TABUENCA01-45,Sensoria-C1-EEA1,Right,Gait,1.0.5,40.3887119,-3.6292984,CB:AA:BC:3F:36:A5,SCKS,0.792969,-0.269531,-1.019532,0.0,22.4,178.080002,0.439168,0.784896,-0.299008,477,705,716,1.3194287756245127
2024-04-25 14:15:50.797000+00:00,2024-04-25 14:15:30+00:00,2024-04-25 14:17:30+00:00,TABUENCA01-45,Sensoria-C1-EEA1,Right,Gait,1.0.5,40.3887119,-3.6292984,CB:AA:BC:3F:36:A5,SCKS,-0.941407,0.488282,-0.726563,6.72,218.399994,56.0,0.439168,0.784896,-0.299008,495,715,714,1.2855194452601642
2024-04-25 14:15:50.804000+00:00,2024-04-25 14:15:30+00:00,2024-04-25 14:17:30+00:00,TABUENCA01-45,Sensoria-C1-E90A,Left,Gait,1.0.5,40.3887119,-3.6292984,F0:75:B1:51:59:F6,SCKS,0.0625,0.968749,-0.28125,32.48,-28.0,-32.48,0.392448,0.672768,-0.224256,606,495,353,1.0106841432915628
2024-04-25 14:15:50.813000+00:00,2024-04-25 14:15:30+00:00,2024-04-25 14:17:30+00:00,TABUENCA01-45,Sensoria-C1-EEA1,Right,Gait,1.0.5,40.3887119,-3.6292984,CB:AA:BC:3F:36:A5,SCKS,-1.54297,0.164063,-0.46875,-29.120001,184.800003,-67.199997,0.439168,0.784896,-0.299008,503,721,712,1.620925553925596
2024-04-25 14:15:50.829000+00:00,2024-04-25 14:15:30+00:00,2024-04-25 14:17:30+00:00,TABUENCA01-45,Sensoria-C1-EEA1,Right,Gait,1.0.5,40.3887119,-3.6292984,CB:AA:BC:3F:36:A5,SCKS,-0.921876,-0.125,-0.039063,-4.48,98.559998,-107.520004,0.439168,0.79424,-0.317696,508,723,708,0.9311317185796004
2024-04-25 14:15:50.837000+00:00,2024-04-25 14:15:30+00:00,2024-04-25 14:17:30+00:00,TABUENCA01-45,Sensoria-C1-E90A,Left,Gait,1.0.5,40.3887119,-3.6292984,F0:75:B1:51:59:F6,SCKS,0.09375,0.999999,-0.25,13.440001,-35.84,-24.639999,0.383104,0.682112,-0.214912,587,474,383,1.035029981450296
2024-04-25 14:15:50.845000+00:00,2024-04-25 14:15:30+00:00,2024-04-25 14:17:30+00:00,TABUENCA01-45,Sensoria-C1-EEA1,Right,Gait,1.0.5,40.3887119,-3.6292984,CB:AA:BC:3F:36:A5,SCKS,-0.53125,-0.144531,0.027344,42.560001,69.440002,-165.759995,0.411136,0.803584,-0.317696,510,724,708,0.5512381216833612
2024-04-25 14:15:50.869000+00:00,2024-04-25 14:15:30+00:00,2024-04-25 14:17:30+00:00,TABUENCA01-45,Sensoria-C1-E90A,Left,Gait,1.0.5,40.3887119,-3.6292984,F0:75:B1:51:59:F6,SCKS,0.0625,0.9375,-0.21875,-3.36,-50.400002,-20.16,0.383104,0.691456,-0.214912,574,457,430,0.9647093150270707
2024-04-25 14:15:50.878000+00:00,2024-04-25 14:15:30+00:00,2024-04-25 14:17:30+00:00,TABUENCA01-45,Sensoria-C1-EEA1,Right,Gait,1.0.5,40.3887119,-3.6292984,CB:AA:BC:3F:36:A5,SCKS,-0.667969,0.234375,-0.109375,66.080002,30.24,-228.479996,0.37376,0.812928,-0.308352,510,724,708,0.7162940151997642
2024-04-25 14:15:50.894000+00:00,2024-04-25 14:15:30+00:00,2024-04-25 14:17:30+00:00,TABUENCA01-45,Sensoria-C1-EEA1,Right,Gait,1.0.5,40.3887119,-3.6292984,CB:AA:BC:3F:36:A5,SCKS,-0.648438,0.476563,-0.046875,63.84,-5.6,-275.519989,0.32704,0.812928,-0.299008,510,723,708,0.8060901924958521
2024-04-25 14:15:50.902000+00:00,2024-04-25 14:15:30+00:00,2024-04-25 14:17:30+00:00,TABUENCA01-45,Sensoria-C1-E90A,Left,Gait,1.0.5,40.3887119,-3.6292984,F0:75:B1:51:59:F6,SCKS,0.03125,0.9375,-0.21875,-12.32,-49.279999,-16.799999,0.364416,0.691456,-0.214912,563,443,482,0.9631896879639026
2024-04-25 14:15:50.910000+00:00,2024-04-25 14:15:30+00:00,2024-04-25 14:17:30+00:00,TABUENCA01-45,Sensoria-C1-EEA1,Right,Gait,1.0.5,40.3887119,-3.6292984,CB:AA:BC:3F:36:A5,SCKS,-0.546875,0.578125,0.023438,67.199997,-40.32,-314.720001,0.32704,0.812928,-0.299008,510,721,706,0.7961470474064448
2024-04-25 14:15:50.927000+00:00,2024-04-25 14:15:30+00:00,2024-04-25 14:17:30+00:00,TABUENCA01-45,Sensoria-C1-EEA1,Right,Gait,1.0.5,40.3887119,-3.6292984,CB:AA:BC:3F:36:A5,SCKS,-0.570313,0.859376,-0.003906,72.800003,-64.959999,-353.920013,0.261632,0.812928,-0.289664,510,722,706,1.0314064592492138
2024-04-25 14:15:50.934000+00:00,2024-04-25 14:15:30+00:00,2024-04-25 14:17:30+00:00,TABUENCA01-45,Sensoria-C1-E90A,Left,Gait,1.0.5,40.3887119,-3.6292984,F0:75:B1:51:59:F6,SCKS,0.03125,0.9375,-0.28125,-15.68,-43.68,-13.440001,0.364416,0.691456,-0.196224,554,431,532,0.9792774759995249
2024-04-25 14:15:50.951000+00:00,2024-04-25 14:15:30+00:00,2024-04-25 14:17:30+00:00,TABUENCA01-45,Sensoria-C1-E90A,Left,Gait,1.0.5,40.3887119,-3.6292984,F0:75:B1:51:59:F6,SCKS,0.0,0.9375,-0.28125,-13.440001,-35.84,-17.92,0.364416,0.691456,-0.205568,544,421,574,0.9787787352103641
2024-04-25 14:15:50.959000+00:00,2024-04-25 14:15:30+00:00,2024-04-25 14:17:30+00:00,TABUENCA01-45,Sensoria-C1-EEA1,Right,Gait,1.0.5,40.3887119,-3.6292984,CB:AA:BC:3F:36:A5,SCKS,-0.601563,1.332032,-0.074219,70.559998,-71.68,-385.279999,0.196224,0.803584,-0.28032,510,721,704,1.463453365144923
2024-04-25 14:15:50.976000+00:00,2024-04-25 14:15:30+00:00,2024-04-25 14:17:30+00:00,TABUENCA01-45,Sensoria-C1-EEA1,Right,Gait,1.0.5,40.3887119,-3.6292984,CB:AA:BC:3F:36:A5,SCKS,-0.460938,1.828126,-0.058594,50.400002,-47.040001,-402.079987,0.130816,0.775552,-0.270976,509,722,703,1.8862507173109304
2024-04-25 14:15:50.983000+00:00,2024-04-25 14:15:30+00:00,2024-04-25 14:17:30+00:00,TABUENCA01-45,Sensoria-C1-E90A,Left,Gait,1.0.5,40.3887119,-3.6292984,F0:75:B1:51:59:F6,SCKS,0.0,0.9375,-0.21875,-8.96,-39.200001,-21.280001,0.355072,0.7008,-0.205568,534,406,606,0.9626826125468352
2024-04-25 14:15:50.992000+00:00,2024-04-25 14:15:30+00:00,2024-04-25 14:17:30+00:00,TABUENCA01-45,Sensoria-C1-EEA1,Right,Gait,1.0.5,40.3887119,-3.6292984,CB:AA:BC:3F:36:A5,SCKS,-0.390625,1.996095,0.128906,21.280001,14.56,-396.480011,0.065408,0.738176,-0.28032,508,720,704,2.03803824706162
2024-04-25 14:15:51.008000+00:00,2024-04-25 14:15:30+00:00,2024-04-25 14:17:30+00:00,TABUENCA01-45,Sensoria-C1-EEA1,Right,Gait,1.0.5,40.3887119,-3.6292984,CB:AA:BC:3F:36:A5,SCKS,0.066406,1.996095,0.296875,62.720001,-20.16,-396.480011,0.065408,0.738176,-0.28032,508,719,704,2.0191433261375975
2024-04-25 14:15:51.016000+00:00,2024-04-25 14:15:30+00:00,2024-04-25 14:17:30+00:00,TABUENCA01-45,Sensoria-C1-E90A,Left,Gait,1.0.5,40.3887119,-3.6292984,F0:75:B1:51:59:F6,SCKS,0.0,0.9375,-0.15625,-3.36,-36.959999,-32.48,0.345728,0.710144,-0.205568,516,382,631,0.9504316453590969
2024-04-25 14:15:51.041000+00:00,2024-04-25 14:15:30+00:00,2024-04-25 14:17:30+00:00,TABUENCA01-45,Sensoria-C1-EEA1,Right,Gait,1.0.5,40.3887119,-3.6292984,CB:AA:BC:3F:36:A5,SCKS,0.507813,1.996095,0.332031,81.760002,-44.799999,-407.679993,0.009344,0.691456,-0.270976,508,719,705,2.086267930289636
2024-04-25 14:15:51.058000+00:00,2024-04-25 14:15:30+00:00,2024-04-25 14:17:30+00:00,TABUENCA01-45,Sensoria-C1-EEA1,Right,Gait,1.0.5,40.3887119,-3.6292984,CB:AA:BC:3F:36:A5,SCKS,1.214845,1.996095,-0.09375,50.400002,-68.32,-411.040009,-0.037376,0.635392,-0.270976,508,721,707,2.338596306665603
2024-04-25 14:15:51.064000+00:00,2024-04-25 14:15:30+00:00,2024-04-25 14:17:30+00:00,TABUENCA01-45,Sensoria-C1-E90A,Left,Gait,1.0.5,40.3887119,-3.6292984,F0:75:B1:51:59:F6,SCKS,0.0,0.999999,-0.1875,-2.24,-31.360001,-43.68,0.336384,0.710144,-0.196224,495,355,648,1.0174253043840613
2024-04-25 14:15:51.073000+00:00,2024-04-25 14:15:30+00:00,2024-04-25 14:17:30+00:00,TABUENCA01-45,Sensoria-C1-EEA1,Right,Gait,1.0.5,40.3887119,-3.6292984,CB:AA:BC:3F:36:A5,SCKS,1.996095,1.996095,-0.511719,48.16,-43.68,-334.880005,-0.074752,0.579328,-0.270976,506,722,709,2.868910391248043
2024-04-25 14:15:51.081000+00:00,2024-04-25 14:15:30+00:00,2024-04-25 14:17:30+00:00,TABUENCA01-45,Sensoria-C1-E90A,Left,Gait,1.0.5,40.3887119,-3.6292984,F0:75:B1:51:59:F6,SCKS,0.09375,1.124999,-0.21875,-2.24,-33.599998,-60.48,0.32704,0.719488,-0.177536,469,325,666,1.1498971149633346
2024-04-25 14:15:51.090000+00:00,2024-04-25 14:15:30+00:00,2024-04-25 14:17:30+00:00,TABUENCA01-45,Sensoria-C1-EEA1,Right,Gait,1.0.5,40.3887119,-3.6292984,CB:AA:BC:3F:36:A5,SCKS,1.996095,1.312501,0.269531,72.800003,19.040001,-196.0,-0.084096,0.551296,-0.261632,506,721,710,2.404100888895264
2024-04-25 14:15:51.106000+00:00,2024-04-25 14:15:30+00:00,2024-04-25 14:17:30+00:00,TABUENCA01-45,Sensoria-C1-EEA1,Right,Gait,1.0.5,40.3887119,-3.6292984,CB:AA:BC:3F:36:A5,SCKS,1.996095,1.968751,0.832032,73.919998,34.720001,-85.120003,-0.084096,0.551296,-0.261632,504,721,712,2.9244919213514677
2024-04-25 14:15:51.130000+00:00,2024-04-25 14:15:30+00:00,2024-04-25 14:17:30+00:00,TABUENCA01-45,Sensoria-C1-E90A,Left,Gait,1.0.5,40.3887119,-3.6292984,F0:75:B1:51:59:F6,SCKS,0.0625,1.156249,-0.0625,-2.24,-28.0,-88.480003,0.308352,0.728832,-0.18688,447,301,685,1.1596224601140668
2024-04-25 14:15:51.138000+00:00,2024-04-25 14:15:30+00:00,2024-04-25 14:17:30+00:00,TABUENCA01-45,Sensoria-C1-EEA1,Right,Gait,1.0.5,40.3887119,-3.6292984,CB:AA:BC:3F:36:A5,SCKS,1.996095,1.957033,0.941407,5.6,-51.52,72.800003,-0.084096,0.541952,-0.252288,506,721,716,2.949681432250439
2024-04-25 14:15:51.146000+00:00,2024-04-25 14:15:30+00:00,2024-04-25 14:17:30+00:00,TABUENCA01-45,Sensoria-C1-E90A,Left,Gait,1.0.5,40.3887119,-3.6292984,F0:75:B1:51:59:F6,SCKS,0.21875,1.374999,-0.3125,2.24,-19.040001,-118.720001,0.299008,0.738176,-0.18688,429,286,700,1.4269302934975485
2024-04-25 14:15:51.154000+00:00,2024-04-25 14:15:30+00:00,2024-04-25 14:17:30+00:00,TABUENCA01-45,Sensoria-C1-EEA1,Right,Gait,1.0.5,40.3887119,-3.6292984,CB:AA:BC:3F:36:A5,SCKS,-0.59375,0.804688,-0.273438,26.880001,-150.080002,87.360001,-0.084096,0.56064,-0.28032,505,720,706,1.0367401698053376
2024-04-25 14:15:51.171000+00:00,2024-04-25 14:15:30+00:00,2024-04-25 14:17:30+00:00,TABUENCA01-45,Sensoria-C1-EEA1,Right,Gait,1.0.5,40.3887119,-3.6292984,CB:AA:BC:3F:36:A5,SCKS,-0.414063,0.773438,1.76172,47.040001,-210.559998,200.479996,-0.084096,0.588672,-0.299008,514,722,678,1.9680731353821688
2024-04-25 14:15:51.178000+00:00,2024-04-25 14:15:30+00:00,2024-04-25 14:17:30+00:00,TABUENCA01-45,Sensoria-C1-E90A,Left,Gait,1.0.5,40.3887119,-3.6292984,F0:75:B1:51:59:F6,SCKS,0.21875,1.593749,-0.1875,3.36,-26.880001,-147.839996,0.242944,0.766208,-0.18688,429,285,705,1.619581330931238
2024-04-25 14:15:51.187000+00:00,2024-04-25 14:15:30+00:00,2024-04-25 14:17:30+00:00,TABUENCA01-45,Sensoria-C1-EEA1,Right,Gait,1.0.5,40.3887119,-3.6292984,CB:AA:BC:3F:36:A5,SCKS,0.664063,1.996095,0.191406,73.919998,-143.360001,272.160004,-0.074752,0.626048,-0.336384,521,726,618,2.1123473137318114
2024-04-25 14:15:51.211000+00:00,2024-04-25 14:15:30+00:00,2024-04-25 14:17:30+00:00,TABUENCA01-45,Sensoria-C1-E90A,Left,Gait,1.0.5,40.3887119,-3.6292984,F0:75:B1:51:59:F6,SCKS,1.124999,2.437499,-0.03125,-23.52,-34.720001,-216.160004,0.205568,0.775552,-0.18688,504,357,707,2.6847719991652923
2024-04-25 14:15:51.235000+00:00,2024-04-25 14:15:30+00:00,2024-04-25 14:17:30+00:00,TABUENCA01-45,Sensoria-C1-EEA1,Right,Gait,1.0.5,40.3887119,-3.6292984,CB:AA:BC:3F:36:A5,SCKS,0.21875,1.550782,-0.175781,36.959999,51.52,243.040009,-0.074752,0.626048,-0.336384,526,730,543,1.5759680624888945
2024-04-25 14:15:51.236000+00:00,2024-04-25 14:15:30+00:00,2024-04-25 14:17:30+00:00,TABUENCA01-45,Sensoria-C1-EEA1,Right,Gait,1.0.5,40.3887119,-3.6292984,CB:AA:BC:3F:36:A5,SCKS,0.34375,1.308595,-0.753907,62.720001,40.32,210.559998,-0.04672,0.65408,-0.308352,524,728,474,1.5488578699073714
2024-04-25 14:15:51.243000+00:00,2024-04-25 14:15:30+00:00,2024-04-25 14:17:30+00:00,TABUENCA01-45,Sensoria-C1-E90A,Left,Gait,1.0.5,40.3887119,-3.6292984,F0:75:B1:51:59:F6,SCKS,0.5,2.218749,-0.25,-66.080002,-113.120003,-221.759995,0.130816,0.79424,-0.205568,554,403,709,2.288088093802553
2024-04-25 14:15:51.252000+00:00,2024-04-25 14:15:30+00:00,2024-04-25 14:17:30+00:00,TABUENCA01-45,Sensoria-C1-EEA1,Right,Gait,1.0.5,40.3887119,-3.6292984,CB:AA:BC:3F:36:A5,SCKS,0.164063,0.996094,-0.082031,-12.32,20.16,193.759995,-0.028032,0.682112,-0.299008,514,732,422,1.0128420458126726
2024-04-25 14:15:51.268000+00:00,2024-04-25 14:15:30+00:00,2024-04-25 14:17:30+00:00,TABUENCA01-45,Sensoria-C1-EEA1,Right,Gait,1.0.5,40.3887119,-3.6292984,CB:AA:BC:3F:36:A5,SCKS,0.179688,0.968751,0.230469,-12.32,20.16,144.479996,-0.009344,0.7008,-0.299008,495,735,385,1.0118706623407956
2024-04-25 14:15:51.275000+00:00,2024-04-25 14:15:30+00:00,2024-04-25 14:17:30+00:00,TABUENCA01-45,Sensoria-C1-E90A,Left,Gait,1.0.5,40.3887119,-3.6292984,F0:75:B1:51:59:F6,SCKS,0.71875,1.968749,-0.8125,1.12,-40.32,-275.519989,0.074752,0.803584,-0.205568,608,474,711,2.2478279376991916
2024-04-25 14:15:51.292000+00:00,2024-04-25 14:15:30+00:00,2024-04-25 14:17:30+00:00,TABUENCA01-45,Sensoria-C1-E90A,Left,Gait,1.0.5,40.3887119,-3.6292984,F0:75:B1:51:59:F6,SCKS,0.65625,0.5625,-0.34375,14.56,-5.6,-209.440002,0.028032,0.79424,-0.205568,665,531,714,0.930179754133576
2024-04-25 14:15:51.317000+00:00,2024-04-25 14:15:30+00:00,2024-04-25 14:17:30+00:00,TABUENCA01-45,Sensoria-C1-EEA1,Right,Gait,1.0.5,40.3887119,-3.6292984,CB:AA:BC:3F:36:A5,SCKS,-0.03125,0.996094,0.121094,-7.84,2.24,81.760002,0.018688,0.728832,-0.317696,450,698,349,1.0039141278874404
2024-04-25 14:15:51.324000+00:00,2024-04-25 14:15:30+00:00,2024-04-25 14:17:30+00:00,TABUENCA01-45,Sensoria-C1-E90A,Left,Gait,1.0.5,40.3887119,-3.6292984,F0:75:B1:51:59:F6,SCKS,-0.75,0.40625,-0.46875,28.0,-124.32,-82.879997,0.0,0.79424,-0.205568,694,553,712,0.9732757188998398
2024-04-25 14:15:51.333000+00:00,2024-04-25 14:15:30+00:00,2024-04-25 14:17:30+00:00,TABUENCA01-45,Sensoria-C1-EEA1,Right,Gait,1.0.5,40.3887119,-3.6292984,CB:AA:BC:3F:36:A5,SCKS,-0.050781,1.035157,0.066406,-2.24,-2.24,60.48,0.028032,0.738176,-0.299008,433,675,346,1.038527073044319
2024-04-25 14:15:51.349000+00:00,2024-04-25 14:15:30+00:00,2024-04-25 14:17:30+00:00,TABUENCA01-45,Sensoria-C1-EEA1,Right,Gait,1.0.5,40.3887119,-3.6292984,CB:AA:BC:3F:36:A5,SCKS,0.003906,1.000001,0.007813,-3.36,5.6,45.920002,0.028032,0.738176,-0.299008,419,655,349,1.0000391491366725
2024-04-25 14:15:51.357000+00:00,2024-04-25 14:15:30+00:00,2024-04-25 14:17:30+00:00,TABUENCA01-45,Sensoria-C1-E90A,Left,Gait,1.0.5,40.3887119,-3.6292984,F0:75:B1:51:59:F6,SCKS,1.218749,0.09375,-0.21875,21.280001,-165.759995,125.440002,-0.009344,0.79424,-0.214912,707,560,710,1.2417687989319912
2024-04-25 14:15:51.365000+00:00,2024-04-25 14:15:30+00:00,2024-04-25 14:17:30+00:00,TABUENCA01-45,Sensoria-C1-EEA1,Right,Gait,1.0.5,40.3887119,-3.6292984,CB:AA:BC:3F:36:A5,SCKS,-0.046875,1.019532,0.050781,-3.36,5.6,34.720001,0.037376,0.738176,-0.299008,407,641,360,1.0218715548492385
2024-04-25 14:15:51.389000+00:00,2024-04-25 14:15:30+00:00,2024-04-25 14:17:30+00:00,TABUENCA01-45,Sensoria-C1-E90A,Left,Gait,1.0.5,40.3887119,-3.6292984,F0:75:B1:51:59:F6,SCKS,0.625,-0.03125,0.0625,5.6,-26.880001,169.119995,0.037376,0.803584,-0.196224,711,560,709,0.6288941186718159
2024-04-25 14:15:51.398000+00:00,2024-04-25 14:15:30+00:00,2024-04-25 14:17:30+00:00,TABUENCA01-45,Sensoria-C1-EEA1,Right,Gait,1.0.5,40.3887119,-3.6292984,CB:AA:BC:3F:36:A5,SCKS,-0.03125,1.019532,-0.054688,-2.24,6.72,32.48,0.037376,0.738176,-0.308352,398,631,374,1.0214758141375646
2024-04-25 14:15:51.414000+00:00,2024-04-25 14:15:30+00:00,2024-04-25 14:17:30+00:00,TABUENCA01-45,Sensoria-C1-EEA1,Right,Gait,1.0.5,40.3887119,-3.6292984,CB:AA:BC:3F:36:A5,SCKS,-0.03125,0.957032,-0.035156,-10.08,15.68,31.360001,0.04672,0.74752,-0.299008,391,624,392,0.9581872238033651
2024-04-25 14:15:51.430000+00:00,2024-04-25 14:15:30+00:00,2024-04-25 14:17:30+00:00,TABUENCA01-45,Sensoria-C1-EEA1,Right,Gait,1.0.5,40.3887119,-3.6292984,CB:AA:BC:3F:36:A5,SCKS,-0.015625,0.972657,-0.035156,-10.08,17.92,31.360001,0.04672,0.74752,-0.289664,384,619,415,0.9734175489531716
2024-04-25 14:15:51.438000+00:00,2024-04-25 14:15:30+00:00,2024-04-25 14:17:30+00:00,TABUENCA01-45,Sensoria-C1-E90A,Left,Gait,1.0.5,40.3887119,-3.6292984,F0:75:B1:51:59:F6,SCKS,0.34375,0.09375,0.0625,23.52,7.84,226.240005,0.065408,0.79424,-0.18688,713,560,707,0.36174490321219455
2024-04-25 14:15:51.447000+00:00,2024-04-25 14:15:30+00:00,2024-04-25 14:17:30+00:00,TABUENCA01-45,Sensoria-C1-EEA1,Right,Gait,1.0.5,40.3887119,-3.6292984,CB:AA:BC:3F:36:A5,SCKS,-0.007813,0.964844,0.003906,-11.2,24.639999,30.24,0.04672,0.74752,-0.289664,379,617,436,0.9648835391595195
2024-04-25 14:15:51.454000+00:00,2024-04-25 14:15:30+00:00,2024-04-25 14:17:30+00:00,TABUENCA01-45,Sensoria-C1-E90A,Left,Gait,1.0.5,40.3887119,-3.6292984,F0:75:B1:51:59:F6,SCKS,0.40625,0.5,-0.15625,43.68,26.880001,281.119995,0.121472,0.803584,-0.196224,712,559,706,0.6629126073623883
2024-04-25 14:15:51.480000+00:00,2024-04-25 14:15:30+00:00,2024-04-25 14:17:30+00:00,TABUENCA01-45,Sensoria-C1-EEA1,Right,Gait,1.0.5,40.3887119,-3.6292984,CB:AA:BC:3F:36:A5,SCKS,-0.027344,0.949219,0.0,-11.2,23.52,29.120001,0.056064,0.74752,-0.299008,371,610,457,0.9496127654454736
2024-04-25 14:15:51.487000+00:00,2024-04-25 14:15:30+00:00,2024-04-25 14:17:30+00:00,TABUENCA01-45,Sensoria-C1-E90A,Left,Gait,1.0.5,40.3887119,-3.6292984,F0:75:B1:51:59:F6,SCKS,0.34375,0.78125,-0.09375,25.76,39.200001,323.679993,0.177536,0.784896,-0.196224,713,557,706,0.8586644790021304
2024-04-25 14:15:51.496000+00:00,2024-04-25 14:15:30+00:00,2024-04-25 14:17:30+00:00,TABUENCA01-45,Sensoria-C1-EEA1,Right,Gait,1.0.5,40.3887119,-3.6292984,CB:AA:BC:3F:36:A5,SCKS,0.015625,0.941407,-0.015625,-8.96,16.799999,30.24,0.065408,0.738176,-0.299008,363,607,475,0.9416663001822886
2024-04-25 14:15:51.512000+00:00,2024-04-25 14:15:30+00:00,2024-04-25 14:17:30+00:00,TABUENCA01-45,Sensoria-C1-EEA1,Right,Gait,1.0.5,40.3887119,-3.6292984,CB:AA:BC:3F:36:A5,SCKS,0.035156,0.949219,-0.023438,-8.96,15.68,31.360001,0.065408,0.74752,-0.289664,356,602,490,0.9501589309904949
2024-04-25 14:15:51.520000+00:00,2024-04-25 14:15:30+00:00,2024-04-25 14:17:30+00:00,TABUENCA01-45,Sensoria-C1-E90A,Left,Gait,1.0.5,40.3887119,-3.6292984,F0:75:B1:51:59:F6,SCKS,0.3125,1.156249,-0.03125,20.16,49.279999,376.320007,0.242944,0.766208,-0.18688,712,556,704,1.1981421295075974
2024-04-25 14:15:51.528000+00:00,2024-04-25 14:15:30+00:00,2024-04-25 14:17:30+00:00,TABUENCA01-45,Sensoria-C1-EEA1,Right,Gait,1.0.5,40.3887119,-3.6292984,CB:AA:BC:3F:36:A5,SCKS,-0.015625,0.960938,0.019531,-5.6,14.56,33.599998,0.065408,0.74752,-0.299008,349,597,499,0.9612634604675244
2024-04-25 14:15:51.545000+00:00,2024-04-25 14:15:30+00:00,2024-04-25 14:17:30+00:00,TABUENCA01-45,Sensoria-C1-EEA1,Right,Gait,1.0.5,40.3887119,-3.6292984,CB:AA:BC:3F:36:A5,SCKS,-0.070313,0.953126,0.046875,-4.48,10.08,43.68,0.065408,0.74752,-0.299008,337,589,508,0.9568648574746593
2024-04-25 14:15:51.552000+00:00,2024-04-25 14:15:30+00:00,2024-04-25 14:17:30+00:00,TABUENCA01-45,Sensoria-C1-E90A,Left,Gait,1.0.5,40.3887119,-3.6292984,F0:75:B1:51:59:F6,SCKS,0.4375,2.468749,-0.03125,2.24,51.52,422.23999,0.37376,0.682112,-0.18688,712,556,701,2.507409906158345
2024-04-25 14:15:51.577000+00:00,2024-04-25 14:15:30+00:00,2024-04-25 14:17:30+00:00,TABUENCA01-45,Sensoria-C1-EEA1,Right,Gait,1.0.5,40.3887119,-3.6292984,CB:AA:BC:3F:36:A5,SCKS,-0.019531,1.007813,0.050781,0.0,-6.72,63.84,0.074752,0.756864,-0.289664,321,573,517,1.0092805422136106
2024-04-25 14:15:51.585000+00:00,2024-04-25 14:15:30+00:00,2024-04-25 14:17:30+00:00,TABUENCA01-45,Sensoria-C1-E90A,Left,Gait,1.0.5,40.3887119,-3.6292984,F0:75:B1:51:59:F6,SCKS,-0.1875,3.031248,0.15625,2.24,95.199997,433.440002,0.429824,0.626048,-0.196224,711,553,702,3.041058162877521
2024-04-25 14:15:51.593000+00:00,2024-04-25 14:15:30+00:00,2024-04-25 14:17:30+00:00,TABUENCA01-45,Sensoria-C1-EEA1,Right,Gait,1.0.5,40.3887119,-3.6292984,CB:AA:BC:3F:36:A5,SCKS,0.03125,1.035157,0.046875,3.36,-14.56,71.68,0.084096,0.756864,-0.299008,306,556,529,1.0366888842724225
2024-04-25 14:15:51.610000+00:00,2024-04-25 14:15:30+00:00,2024-04-25 14:17:30+00:00,TABUENCA01-45,Sensoria-C1-EEA1,Right,Gait,1.0.5,40.3887119,-3.6292984,CB:AA:BC:3F:36:A5,SCKS,0.011719,1.10547,0.039063,6.72,-16.799999,77.279999,0.09344,0.766208,-0.299008,287,534,547,1.106222027366116
2024-04-25 14:15:51.617000+00:00,2024-04-25 14:15:30+00:00,2024-04-25 14:17:30+00:00,TABUENCA01-45,Sensoria-C1-E90A,Left,Gait,1.0.5,40.3887119,-3.6292984,F0:75:B1:51:59:F6,SCKS,-1.156249,3.187498,-0.1875,-26.880001,108.639999,381.920013,0.504576,0.504576,-0.2336,711,553,703,3.39591099706765
2024-04-25 14:15:51.633000+00:00,2024-04-25 14:15:30+00:00,2024-04-25 14:17:30+00:00,TABUENCA01-45,Sensoria-C1-E90A,Left,Gait,1.0.5,40.3887119,-3.6292984,F0:75:B1:51:59:F6,SCKS,-3.749998,1.312499,-0.65625,26.880001,101.919998,225.119995,0.51392,0.4672,-0.252288,712,553,707,4.026884985631574
2024-04-25 14:15:51.642000+00:00,2024-04-25 14:15:30+00:00,2024-04-25 14:17:30+00:00,TABUENCA01-45,Sensoria-C1-EEA1,Right,Gait,1.0.5,40.3887119,-3.6292984,CB:AA:BC:3F:36:A5,SCKS,-0.015625,1.242188,-0.054688,2.24,-17.92,88.480003,0.112128,0.775552,-0.289664,272,512,583,1.24348942308047
2024-04-25 14:15:51.658000+00:00,2024-04-25 14:15:30+00:00,2024-04-25 14:17:30+00:00,TABUENCA01-45,Sensoria-C1-EEA1,Right,Gait,1.0.5,40.3887119,-3.6292984,CB:AA:BC:3F:36:A5,SCKS,-0.082031,1.277345,0.144531,-3.36,-16.799999,107.520004,0.121472,0.775552,-0.299008,256,490,625,1.2881104548706217
2024-04-25 14:15:51.666000+00:00,2024-04-25 14:15:30+00:00,2024-04-25 14:17:30+00:00,TABUENCA01-45,Sensoria-C1-E90A,Left,Gait,1.0.5,40.3887119,-3.6292984,F0:75:B1:51:59:F6,SCKS,-2.999998,1.656249,-0.3125,10.08,-140.0,-3.36,0.523264,0.448512,-0.2336,706,554,709,3.4410470790160663
2024-04-25 14:15:51.675000+00:00,2024-04-25 14:15:30+00:00,2024-04-25 14:17:30+00:00,TABUENCA01-45,Sensoria-C1-EEA1,Right,Gait,1.0.5,40.3887119,-3.6292984,CB:AA:BC:3F:36:A5,SCKS,-0.125,1.398438,0.089844,-7.84,-25.76,126.559998,0.121472,0.775552,-0.299008,243,476,661,1.4068851353895244
2024-04-25 14:15:51.692000+00:00,2024-04-25 14:15:30+00:00,2024-04-25 14:17:30+00:00,TABUENCA01-45,Sensoria-C1-EEA1,Right,Gait,1.0.5,40.3887119,-3.6292984,CB:AA:BC:3F:36:A5,SCKS,-0.144531,1.625001,-0.09375,-13.440001,-29.120001,148.960007,0.14016,0.784896,-0.289664,230,464,687,1.6341072554951832
2024-04-25 14:15:51.699000+00:00,2024-04-25 14:15:30+00:00,2024-04-25 14:17:30+00:00,TABUENCA01-45,Sensoria-C1-E90A,Left,Gait,1.0.5,40.3887119,-3.6292984,F0:75:B1:51:59:F6,SCKS,4.343748,1.374999,0.0625,-6.72,6.72,-118.720001,0.523264,0.476544,-0.224256,706,553,702,4.556607859746656
2024-04-25 14:15:51.708000+00:00,2024-04-25 14:15:30+00:00,2024-04-25 14:17:30+00:00,TABUENCA01-45,Sensoria-C1-EEA1,Right,Gait,1.0.5,40.3887119,-3.6292984,CB:AA:BC:3F:36:A5,SCKS,-0.207031,1.796876,0.015625,-17.92,-14.56,171.360001,0.168192,0.79424,-0.299008,223,464,699,1.808830930452595
2024-04-25 14:15:51.731000+00:00,2024-04-25 14:15:30+00:00,2024-04-25 14:17:30+00:00,TABUENCA01-45,Sensoria-C1-E90A,Left,Gait,1.0.5,40.3887119,-3.6292984,F0:75:B1:51:59:F6,SCKS,-1.031249,1.312499,0.46875,47.040001,200.479996,-248.639999,0.51392,0.495232,-0.224256,712,556,664,1.7337400864898984
2024-04-25 14:15:51.740000+00:00,2024-04-25 14:15:30+00:00,2024-04-25 14:17:30+00:00,TABUENCA01-45,Sensoria-C1-EEA1,Right,Gait,1.0.5,40.3887119,-3.6292984,CB:AA:BC:3F:36:A5,SCKS,-0.539063,1.996095,0.210938,-24.639999,13.440001,194.880005,0.205568,0.812928,-0.289664,223,482,707,2.078335633827703
2024-04-25 14:15:51.757000+00:00,2024-04-25 14:15:30+00:00,2024-04-25 14:17:30+00:00,TABUENCA01-45,Sensoria-C1-EEA1,Right,Gait,1.0.5,40.3887119,-3.6292984,CB:AA:BC:3F:36:A5,SCKS,-1.089845,1.996095,0.511719,-45.920002,49.279999,225.119995,0.242944,0.812928,-0.299008,234,502,711,2.331097103942905
2024-04-25 14:15:51.763000+00:00,2024-04-25 14:15:30+00:00,2024-04-25 14:17:30+00:00,TABUENCA01-45,Sensoria-C1-E90A,Left,Gait,1.0.5,40.3887119,-3.6292984,F0:75:B1:51:59:F6,SCKS,-0.21875,1.624999,-0.09375,107.520004,36.959999,-221.759995,0.476544,0.579328,-0.270976,713,562,550,1.642334428489216
2024-04-25 14:15:51.772000+00:00,2024-04-25 14:15:30+00:00,2024-04-25 14:17:30+00:00,TABUENCA01-45,Sensoria-C1-EEA1,Right,Gait,1.0.5,40.3887119,-3.6292984,CB:AA:BC:3F:36:A5,SCKS,-1.003907,1.996095,0.417969,-60.48,57.119999,263.200012,0.242944,0.812928,-0.299008,257,526,714,2.2730865796610122
2024-04-25 14:15:51.788000+00:00,2024-04-25 14:15:30+00:00,2024-04-25 14:17:30+00:00,TABUENCA01-45,Sensoria-C1-EEA1,Right,Gait,1.0.5,40.3887119,-3.6292984,CB:AA:BC:3F:36:A5,SCKS,-0.378907,1.996095,-0.4375,-40.32,-31.360001,296.799988,0.299008,0.812928,-0.299008,301,571,714,2.0783098935611117
2024-04-25 14:15:51.796000+00:00,2024-04-25 14:15:30+00:00,2024-04-25 14:17:30+00:00,TABUENCA01-45,Sensoria-C1-E90A,Left,Gait,1.0.5,40.3887119,-3.6292984,F0:75:B1:51:59:F6,SCKS,-1.312499,2.124999,-0.0625,112.0,64.959999,-211.680008,0.448512,0.616704,-0.261632,708,569,433,2.4984356355531756
2024-04-25 14:15:51.804000+00:00,2024-04-25 14:15:30+00:00,2024-04-25 14:17:30+00:00,TABUENCA01-45,Sensoria-C1-EEA1,Right,Gait,1.0.5,40.3887119,-3.6292984,CB:AA:BC:3F:36:A5,SCKS,-0.507813,1.996095,-0.730469,-34.720001,-72.800003,320.320007,0.355072,0.803584,-0.317696,364,626,716,2.1853727947320567
2024-04-25 14:15:51.828000+00:00,2024-04-25 14:15:30+00:00,2024-04-25 14:17:30+00:00,TABUENCA01-45,Sensoria-C1-E90A,Left,Gait,1.0.5,40.3887119,-3.6292984,F0:75:B1:51:59:F6,SCKS,-0.0625,1.062499,-0.15625,87.360001,-52.639999,-135.520004,0.42048,0.644736,-0.252288,683,559,370,1.0757436671907485
2024-04-25 14:15:51.837000+00:00,2024-04-25 14:15:30+00:00,2024-04-25 14:17:30+00:00,TABUENCA01-45,Sensoria-C1-EEA1,Right,Gait,1.0.5,40.3887119,-3.6292984,CB:AA:BC:3F:36:A5,SCKS,-0.46875,0.464844,-0.953126,-6.72,-43.68,296.799988,0.401792,0.803584,-0.308352,429,673,715,1.1594204063720803
2024-04-25 14:15:51.853000+00:00,2024-04-25 14:15:30+00:00,2024-04-25 14:17:30+00:00,TABUENCA01-45,Sensoria-C1-EEA1,Right,Gait,1.0.5,40.3887119,-3.6292984,CB:AA:BC:3F:36:A5,SCKS,-0.558594,-0.195313,-0.843751,6.72,5.6,204.960007,0.429824,0.79424,-0.308352,469,697,715,1.0305775928119145
2024-04-25 14:15:51.861000+00:00,2024-04-25 14:15:30+00:00,2024-04-25 14:17:30+00:00,TABUENCA01-45,Sensoria-C1-E90A,Left,Gait,1.0.5,40.3887119,-3.6292984,F0:75:B1:51:59:F6,SCKS,0.09375,0.9375,-0.21875,33.599998,-62.720001,-60.48,0.411136,0.65408,-0.214912,654,537,352,0.967236721283885
2024-04-25 14:15:51.870000+00:00,2024-04-25 14:15:30+00:00,2024-04-25 14:17:30+00:00,TABUENCA01-45,Sensoria-C1-EEA1,Right,Gait,1.0.5,40.3887119,-3.6292984,CB:AA:BC:3F:36:A5,SCKS,-0.144531,0.605469,-0.59375,3.36,178.080002,51.52,0.429824,0.79424,-0.308352,489,713,714,0.8602447224028754
2024-04-25 14:15:51.886000+00:00,2024-04-25 14:15:30+00:00,2024-04-25 14:17:30+00:00,TABUENCA01-45,Sensoria-C1-EEA1,Right,Gait,1.0.5,40.3887119,-3.6292984,CB:AA:BC:3F:36:A5,SCKS,-1.164063,0.175781,-0.289063,-30.24,165.759995,-53.760002,0.439168,0.79424,-0.336384,498,720,712,1.2122289577051852
2024-04-25 14:15:51.893000+00:00,2024-04-25 14:15:30+00:00,2024-04-25 14:17:30+00:00,TABUENCA01-45,Sensoria-C1-E90A,Left,Gait,1.0.5,40.3887119,-3.6292984,F0:75:B1:51:59:F6,SCKS,0.0625,0.968749,-0.28125,19.040001,-34.720001,-35.84,0.392448,0.672768,-0.196224,617,497,351,1.0106841432915628
2024-04-25 14:15:51.918000+00:00,2024-04-25 14:15:30+00:00,2024-04-25 14:17:30+00:00,TABUENCA01-45,Sensoria-C1-EEA1,Right,Gait,1.0.5,40.3887119,-3.6292984,CB:AA:BC:3F:36:A5,SCKS,-0.808594,-0.089844,-0.046875,-23.52,94.080002,-86.239998,0.429824,0.79424,-0.345728,503,722,710,0.814919300788121
2024-04-25 14:15:51.926000+00:00,2024-04-25 14:15:30+00:00,2024-04-25 14:17:30+00:00,TABUENCA01-45,Sensoria-C1-E90A,Left,Gait,1.0.5,40.3887119,-3.6292984,F0:75:B1:51:59:F6,SCKS,0.0,0.968749,-0.15625,1.12,-40.32,-23.52,0.392448,0.682112,-0.18688,599,479,375,0.981268917015616
2024-04-25 14:15:51.935000+00:00,2024-04-25 14:15:30+00:00,2024-04-25 14:17:30+00:00,TABUENCA01-45,Sensoria-C1-EEA1,Right,Gait,1.0.5,40.3887119,-3.6292984,CB:AA:BC:3F:36:A5,SCKS,-0.433594,-0.140625,0.003906,21.280001,29.120001,-132.160004,0.411136,0.803584,-0.345728,507,725,709,0.4558447151136009
2024-04-25 14:15:51.951000+00:00,2024-04-25 14:15:30+00:00,2024-04-25 14:17:30+00:00,TABUENCA01-45,Sensoria-C1-EEA1,Right,Gait,1.0.5,40.3887119,-3.6292984,CB:AA:BC:3F:36:A5,SCKS,-0.414063,-0.011719,-0.058594,45.920002,6.72,-184.800003,0.383104,0.812928,-0.345728,506,725,706,0.41835243487518986
2024-04-25 14:15:51.958000+00:00,2024-04-25 14:15:30+00:00,2024-04-25 14:17:30+00:00,TABUENCA01-45,Sensoria-C1-E90A,Left,Gait,1.0.5,40.3887119,-3.6292984,F0:75:B1:51:59:F6,SCKS,0.09375,0.968749,-0.25,4.48,-41.439999,-8.96,0.383104,0.672768,-0.18688,587,466,407,1.0048699853717395
2024-04-25 14:15:51.967000+00:00,2024-04-25 14:15:30+00:00,2024-04-25 14:17:30+00:00,TABUENCA01-45,Sensoria-C1-EEA1,Right,Gait,1.0.5,40.3887119,-3.6292984,CB:AA:BC:3F:36:A5,SCKS,-0.597657,0.300781,-0.136719,53.760002,-20.16,-237.440002,0.383104,0.812928,-0.345728,507,725,706,0.6829020314591252
2024-04-25 14:15:51.974000+00:00,2024-04-25 14:15:30+00:00,2024-04-25 14:17:30+00:00,TABUENCA01-45,Sensoria-C1-E90A,Left,Gait,1.0.5,40.3887119,-3.6292984,F0:75:B1:51:59:F6,SCKS,0.0625,0.9375,-0.25,-3.36,-42.560001,-12.32,0.383104,0.682112,-0.177536,580,458,447,0.9722718241315028
2024-04-25 14:15:52+00:00,2024-04-25 14:15:30+00:00,2024-04-25 14:17:30+00:00,TABUENCA01-45,Sensoria-C1-EEA1,Right,Gait,1.0.5,40.3887119,-3.6292984,CB:AA:BC:3F:36:A5,SCKS,-0.542969,0.425782,-0.058594,54.880001,-49.279999,-282.23999,0.336384,0.822272,-0.32704,505,724,705,0.6924874752087579
2024-04-25 14:15:52.016000+00:00,2024-04-25 14:15:30+00:00,2024-04-25 14:17:30+00:00,TABUENCA01-45,Sensoria-C1-EEA1,Right,Gait,1.0.5,40.3887119,-3.6292984,CB:AA:BC:3F:36:A5,SCKS,-0.46875,0.613282,-0.042969,60.48,-70.559998,-319.200012,0.28032,0.812928,-0.317696,505,723,705,0.7731026510011462
2024-04-25 14:15:52.032000+00:00,2024-04-25 14:15:30+00:00,2024-04-25 14:17:30+00:00,TABUENCA01-45,Sensoria-C1-EEA1,Right,Gait,1.0.5,40.3887119,-3.6292984,CB:AA:BC:3F:36:A5,SCKS,-0.511719,0.933594,-0.058594,62.720001,-71.68,-350.559998,0.214912,0.803584,-0.317696,506,721,704,1.0662491963106
2024-04-25 14:15:52.040000+00:00,2024-04-25 14:15:30+00:00,2024-04-25 14:17:30+00:00,TABUENCA01-45,Sensoria-C1-E90A,Left,Gait,1.0.5,40.3887119,-3.6292984,F0:75:B1:51:59:F6,SCKS,0.0625,0.9375,-0.25,-5.6,-34.720001,-16.799999,0.364416,0.682112,-0.18688,565,437,523,0.9722718241315028
2024-04-25 14:15:52.048000+00:00,2024-04-25 14:15:30+00:00,2024-04-25 14:17:30+00:00,TABUENCA01-45,Sensoria-C1-EEA1,Right,Gait,1.0.5,40.3887119,-3.6292984,CB:AA:BC:3F:36:A5,SCKS,-0.480469,1.347657,-0.066406,54.880001,-56.0,-374.079987,0.149504,0.784896,-0.308352,504,721,704,1.4322847504759662
2024-04-25 14:15:52.064000+00:00,2024-04-25 14:15:30+00:00,2024-04-25 14:17:30+00:00,TABUENCA01-45,Sensoria-C1-EEA1,Right,Gait,1.0.5,40.3887119,-3.6292984,CB:AA:BC:3F:36:A5,SCKS,-0.328125,1.781251,0.015625,38.080002,-14.56,-385.279999,0.149504,0.784896,-0.308352,505,720,703,1.8112882932462737
2024-04-25 14:15:52.071000+00:00,2024-04-25 14:15:30+00:00,2024-04-25 14:17:30+00:00,TABUENCA01-45,Sensoria-C1-E90A,Left,Gait,1.0.5,40.3887119,-3.6292984,F0:75:B1:51:59:F6,SCKS,0.03125,0.9375,-0.1875,-6.72,-42.560001,-21.280001,0.364416,0.7008,-0.177536,556,422,549,0.9565767415633729
2024-04-25 14:15:52.097000+00:00,2024-04-25 14:15:30+00:00,2024-04-25 14:17:30+00:00,TABUENCA01-45,Sensoria-C1-EEA1,Right,Gait,1.0.5,40.3887119,-3.6292984,CB:AA:BC:3F:36:A5,SCKS,-0.414063,1.996095,0.210938,31.360001,31.360001,-381.920013,0.084096,0.756864,-0.299008,505,719,703,2.049472677748596
2024-04-25 14:15:52.104000+00:00,2024-04-25 14:15:30+00:00,2024-04-25 14:17:30+00:00,TABUENCA01-45,Sensoria-C1-E90A,Left,Gait,1.0.5,40.3887119,-3.6292984,F0:75:B1:51:59:F6,SCKS,0.0,0.9375,-0.15625,-6.72,-39.200001,-32.48,0.355072,0.691456,-0.177536,541,401,569,0.9504316453590969
2024-04-25 14:15:52.113000+00:00,2024-04-25 14:15:30+00:00,2024-04-25 14:17:30+00:00,TABUENCA01-45,Sensoria-C1-EEA1,Right,Gait,1.0.5,40.3887119,-3.6292984,CB:AA:BC:3F:36:A5,SCKS,0.097656,1.996095,0.257813,69.440002,-3.36,-379.679993,0.028032,0.719488,-0.299008,505,720,705,2.0150432963909237
2024-04-25 14:15:52.129000+00:00,2024-04-25 14:15:30+00:00,2024-04-25 14:17:30+00:00,TABUENCA01-45,Sensoria-C1-EEA1,Right,Gait,1.0.5,40.3887119,-3.6292984,CB:AA:BC:3F:36:A5,SCKS,0.632813,1.996095,0.222656,69.440002,3.36,-384.160004,-0.018688,0.672768,-0.289664,505,721,707,2.1058070273246785
2024-04-25 14:15:52.146000+00:00,2024-04-25 14:15:30+00:00,2024-04-25 14:17:30+00:00,TABUENCA01-45,Sensoria-C1-EEA1,Right,Gait,1.0.5,40.3887119,-3.6292984,CB:AA:BC:3F:36:A5,SCKS,1.566407,1.996095,-0.039063,58.240002,-21.280001,-370.720001,-0.056064,0.616704,-0.28032,502,722,708,2.5376272493498724
2024-04-25 14:15:52.153000+00:00,2024-04-25 14:15:30+00:00,2024-04-25 14:17:30+00:00,TABUENCA01-45,Sensoria-C1-E90A,Left,Gait,1.0.5,40.3887119,-3.6292984,F0:75:B1:51:59:F6,SCKS,0.0,0.999999,-0.1875,-7.84,-36.959999,-43.68,0.336384,0.710144,-0.158848,516,373,586,1.0174253043840613
2024-04-25 14:15:52.169000+00:00,2024-04-25 14:15:30+00:00,2024-04-25 14:17:30+00:00,TABUENCA01-45,Sensoria-C1-E90A,Left,Gait,1.0.5,40.3887119,-3.6292984,F0:75:B1:51:59:F6,SCKS,0.0625,1.062499,-0.21875,-14.56,-39.200001,-58.240002,0.32704,0.719488,-0.158848,487,343,615,1.0865826878342026
2024-04-25 14:15:52.178000+00:00,2024-04-25 14:15:30+00:00,2024-04-25 14:17:30+00:00,TABUENCA01-45,Sensoria-C1-EEA1,Right,Gait,1.0.5,40.3887119,-3.6292984,CB:AA:BC:3F:36:A5,SCKS,1.996095,1.996095,-0.035156,63.84,-3.36,-290.079987,-0.074752,0.569984,-0.28032,503,722,709,2.8231235258815723
2024-04-25 14:15:52.194000+00:00,2024-04-25 14:15:30+00:00,2024-04-25 14:17:30+00:00,TABUENCA01-45,Sensoria-C1-EEA1,Right,Gait,1.0.5,40.3887119,-3.6292984,CB:AA:BC:3F:36:A5,SCKS,1.996095,1.539064,0.394532,77.279999,29.120001,-126.559998,-0.074752,0.569984,-0.28032,500,721,709,2.5512288694166583
2024-04-25 14:15:52.202000+00:00,2024-04-25 14:15:30+00:00,2024-04-25 14:17:30+00:00,TABUENCA01-45,Sensoria-C1-E90A,Left,Gait,1.0.5,40.3887119,-3.6292984,F0:75:B1:51:59:F6,SCKS,0.09375,1.187499,-0.09375,-12.32,-40.32,-87.360001,0.317696,0.719488,-0.158848,460,315,653,1.194877399569094
2024-04-25 14:15:52.210000+00:00,2024-04-25 14:15:30+00:00,2024-04-25 14:17:30+00:00,TABUENCA01-45,Sensoria-C1-EEA1,Right,Gait,1.0.5,40.3887119,-3.6292984,CB:AA:BC:3F:36:A5,SCKS,1.996095,1.804689,1.125001,11.2,2.24,38.080002,-0.084096,0.551296,-0.261632,501,724,712,2.916663313745177
2024-04-25 14:15:52.227000+00:00,2024-04-25 14:15:30+00:00,2024-04-25 14:17:30+00:00,TABUENCA01-45,Sensoria-C1-EEA1,Right,Gait,1.0.5,40.3887119,-3.6292984,CB:AA:BC:3F:36:A5,SCKS,0.371094,0.199219,0.453125,10.08,-126.559998,140.0,-0.084096,0.56064,-0.270976,501,721,711,0.6186446738007205
2024-04-25 14:15:52.251000+00:00,2024-04-25 14:15:30+00:00,2024-04-25 14:17:30+00:00,TABUENCA01-45,Sensoria-C1-E90A,Left,Gait,1.0.5,40.3887119,-3.6292984,F0:75:B1:51:59:F6,SCKS,0.15625,1.406249,-0.1875,-3.36,-23.52,-115.360001,0.299008,0.738176,-0.158848,436,298,681,1.4272724205634326
2024-04-25 14:15:52.259000+00:00,2024-04-25 14:15:30+00:00,2024-04-25 14:17:30+00:00,TABUENCA01-45,Sensoria-C1-EEA1,Right,Gait,1.0.5,40.3887119,-3.6292984,CB:AA:BC:3F:36:A5,SCKS,-2.000001,1.121095,1.128907,26.880001,-168.0,84.0,-0.084096,0.579328,-0.289664,506,719,689,2.5556386704060885
2024-04-25 14:15:52.267000+00:00,2024-04-25 14:15:30+00:00,2024-04-25 14:17:30+00:00,TABUENCA01-45,Sensoria-C1-E90A,Left,Gait,1.0.5,40.3887119,-3.6292984,F0:75:B1:51:59:F6,SCKS,0.28125,1.624999,-0.09375,-4.48,-23.52,-145.600006,0.252288,0.766208,-0.168192,428,295,694,1.6518209270380977
2024-04-25 14:15:52.292000+00:00,2024-04-25 14:15:30+00:00,2024-04-25 14:17:30+00:00,TABUENCA01-45,Sensoria-C1-EEA1,Right,Gait,1.0.5,40.3887119,-3.6292984,CB:AA:BC:3F:36:A5,SCKS,1.347657,1.445314,1.031251,64.959999,-200.479996,262.079987,-0.074752,0.616704,-0.317696,515,724,642,2.229033551395313
2024-04-25 14:15:52.299000+00:00,2024-04-25 14:15:30+00:00,2024-04-25 14:17:30+00:00,TABUENCA01-45,Sensoria-C1-E90A,Left,Gait,1.0.5,40.3887119,-3.6292984,F0:75:B1:51:59:F6,SCKS,0.6875,2.156249,0.0,-14.56,-15.68,-194.880005,0.214912,0.766208,-0.158848,457,334,700,2.2631981795682408
2024-04-25 14:15:52.324000+00:00,2024-04-25 14:15:30+00:00,2024-04-25 14:17:30+00:00,TABUENCA01-45,Sensoria-C1-EEA1,Right,Gait,1.0.5,40.3887119,-3.6292984,CB:AA:BC:3F:36:A5,SCKS,0.433594,1.406251,-0.507813,41.439999,17.92,210.559998,-0.056064,0.65408,-0.308352,520,727,468,1.5567336557054325
2024-04-25 14:15:52.325000+00:00,2024-04-25 14:15:30+00:00,2024-04-25 14:17:30+00:00,TABUENCA01-45,Sensoria-C1-EEA1,Right,Gait,1.0.5,40.3887119,-3.6292984,CB:AA:BC:3F:36:A5,SCKS,0.082031,0.878907,0.050781,-22.4,49.279999,200.479996,-0.028032,0.682112,-0.299008,511,729,422,0.8841862414508608
2024-04-25 14:15:52.332000+00:00,2024-04-25 14:15:30+00:00,2024-04-25 14:17:30+00:00,TABUENCA01-45,Sensoria-C1-E90A,Left,Gait,1.0.5,40.3887119,-3.6292984,F0:75:B1:51:59:F6,SCKS,1.031249,2.406249,0.0,-52.639999,-52.639999,-200.479996,0.177536,0.784896,-0.168192,519,387,700,2.617920692076442
2024-04-25 14:15:52.365000+00:00,2024-04-25 14:15:30+00:00,2024-04-25 14:17:30+00:00,TABUENCA01-45,Sensoria-C1-E90A,Left,Gait,1.0.5,40.3887119,-3.6292984,F0:75:B1:51:59:F6,SCKS,0.75,2.374999,-0.875,-42.560001,-123.199997,-244.160004,0.14016,0.784896,-0.18688,574,445,705,2.6398381105668203
2024-04-25 14:15:52.373000+00:00,2024-04-25 14:15:30+00:00,2024-04-25 14:17:30+00:00,TABUENCA01-45,Sensoria-C1-EEA1,Right,Gait,1.0.5,40.3887119,-3.6292984,CB:AA:BC:3F:36:A5,SCKS,0.289063,0.980469,0.074219,8.96,-4.48,144.479996,-0.009344,0.710144,-0.308352,494,732,392,1.0248830849862829
2024-04-25 14:15:52.374000+00:00,2024-04-25 14:15:30+00:00,2024-04-25 14:17:30+00:00,TABUENCA01-45,Sensoria-C1-EEA1,Right,Gait,1.0.5,40.3887119,-3.6292984,CB:AA:BC:3F:36:A5,SCKS,-0.039063,0.953126,-0.078125,4.48,5.6,118.720001,0.009344,0.719488,-0.299008,474,718,372,0.9571199535429193
2024-04-25 14:15:52.381000+00:00,2024-04-25 14:15:30+00:00,2024-04-25 14:17:30+00:00,TABUENCA01-45,Sensoria-C1-E90A,Left,Gait,1.0.5,40.3887119,-3.6292984,F0:75:B1:51:59:F6,SCKS,0.75,0.875,-0.4375,21.280001,41.439999,-248.639999,0.037376,0.79424,-0.177536,662,537,709,1.2326926827072513
2024-04-25 14:15:52.390000+00:00,2024-04-25 14:15:30+00:00,2024-04-25 14:17:30+00:00,TABUENCA01-45,Sensoria-C1-EEA1,Right,Gait,1.0.5,40.3887119,-3.6292984,CB:AA:BC:3F:36:A5,SCKS,0.089844,0.964844,0.117188,11.2,-11.2,85.120003,0.018688,0.728832,-0.308352,453,696,362,0.9760783349793192
2024-04-25 14:15:52.406000+00:00,2024-04-25 14:15:30+00:00,2024-04-25 14:17:30+00:00,TABUENCA01-45,Sensoria-C1-EEA1,Right,Gait,1.0.5,40.3887119,-3.6292984,CB:AA:BC:3F:36:A5,SCKS,-0.050781,1.066407,-0.011719,54.880001,-33.599998,66.080002,0.028032,0.738176,-0.299008,435,667,358,1.0676796966183257
2024-04-25 14:15:52.413000+00:00,2024-04-25 14:15:30+00:00,2024-04-25 14:17:30+00:00,TABUENCA01-45,Sensoria-C1-E90A,Left,Gait,1.0.5,40.3887119,-3.6292984,F0:75:B1:51:59:F6,SCKS,-0.875,0.09375,-0.5,22.4,-151.199997,-61.599998,0.009344,0.784896,-0.177536,693,555,709,1.0121334212938529
2024-04-25 14:15:52.438000+00:00,2024-04-25 14:15:30+00:00,2024-04-25 14:17:30+00:00,TABUENCA01-45,Sensoria-C1-EEA1,Right,Gait,1.0.5,40.3887119,-3.6292984,CB:AA:BC:3F:36:A5,SCKS,0.070313,0.988282,-0.074219,22.4,-14.56,56.0,0.028032,0.738176,-0.299008,419,644,358,0.9935560826918629
2024-04-25 14:15:52.446000+00:00,2024-04-25 14:15:30+00:00,2024-04-25 14:17:30+00:00,TABUENCA01-45,Sensoria-C1-E90A,Left,Gait,1.0.5,40.3887119,-3.6292984,F0:75:B1:51:59:F6,SCKS,1.437499,0.15625,-0.125,-3.36,-125.440002,116.480003,-0.009344,0.784896,-0.18688,704,559,707,1.4513588245161844
2024-04-25 14:15:52.470000+00:00,2024-04-25 14:15:30+00:00,2024-04-25 14:17:30+00:00,TABUENCA01-45,Sensoria-C1-EEA1,Right,Gait,1.0.5,40.3887119,-3.6292984,CB:AA:BC:3F:36:A5,SCKS,-0.0625,1.039063,-0.011719,16.799999,-8.96,42.560001,0.037376,0.738176,-0.308352,408,623,364,1.0410069658412475
2024-04-25 14:15:52.471000+00:00,2024-04-25 14:15:30+00:00,2024-04-25 14:17:30+00:00,TABUENCA01-45,Sensoria-C1-EEA1,Right,Gait,1.0.5,40.3887119,-3.6292984,CB:AA:BC:3F:36:A5,SCKS,-0.015625,1.023438,-0.132813,2.24,2.24,41.439999,0.037376,0.74752,-0.308352,400,606,377,1.0321379624052203
2024-04-25 14:15:52.478000+00:00,2024-04-25 14:15:30+00:00,2024-04-25 14:17:30+00:00,TABUENCA01-45,Sensoria-C1-E90A,Left,Gait,1.0.5,40.3887119,-3.6292984,F0:75:B1:51:59:F6,SCKS,0.4375,-0.0625,0.15625,-15.68,17.92,152.320007,0.037376,0.784896,-0.205568,709,559,706,0.46875
2024-04-25 14:15:52.487000+00:00,2024-04-25 14:15:30+00:00,2024-04-25 14:17:30+00:00,TABUENCA01-45,Sensoria-C1-EEA1,Right,Gait,1.0.5,40.3887119,-3.6292984,CB:AA:BC:3F:36:A5,SCKS,-0.023438,0.949219,-0.136719,-8.96,14.56,40.32,0.04672,0.74752,-0.299008,393,595,394,0.959300857273671
2024-04-25 14:15:52.511000+00:00,2024-04-25 14:15:30+00:00,2024-04-25 14:17:30+00:00,TABUENCA01-45,Sensoria-C1-E90A,Left,Gait,1.0.5,40.3887119,-3.6292984,F0:75:B1:51:59:F6,SCKS,0.34375,0.125,-0.03125,11.2,20.16,230.720001,0.065408,0.79424,-0.196224,711,558,703,0.3671043788897103
2024-04-25 14:15:52.520000+00:00,2024-04-25 14:15:30+00:00,2024-04-25 14:17:30+00:00,TABUENCA01-45,Sensoria-C1-EEA1,Right,Gait,1.0.5,40.3887119,-3.6292984,CB:AA:BC:3F:36:A5,SCKS,0.039063,0.949219,-0.070313,-14.56,23.52,39.200001,0.04672,0.74752,-0.289664,385,584,412,0.9526208825650423
2024-04-25 14:15:52.535000+00:00,2024-04-25 14:15:30+00:00,2024-04-25 14:17:30+00:00,TABUENCA01-45,Sensoria-C1-EEA1,Right,Gait,1.0.5,40.3887119,-3.6292984,CB:AA:BC:3F:36:A5,SCKS,-0.003906,0.968751,-0.042969,-19.040001,33.599998,33.599998,0.04672,0.74752,-0.289664,378,574,431,0.9697113445752813
2024-04-25 14:15:52.543000+00:00,2024-04-25 14:15:30+00:00,2024-04-25 14:17:30+00:00,TABUENCA01-45,Sensoria-C1-E90A,Left,Gait,1.0.5,40.3887119,-3.6292984,F0:75:B1:51:59:F6,SCKS,0.4375,0.53125,-0.15625,14.56,30.24,292.320007,0.112128,0.79424,-0.196224,713,557,703,0.7057243619147634
2024-04-25 14:15:52.552000+00:00,2024-04-25 14:15:30+00:00,2024-04-25 14:17:30+00:00,TABUENCA01-45,Sensoria-C1-EEA1,Right,Gait,1.0.5,40.3887119,-3.6292984,CB:AA:BC:3F:36:A5,SCKS,-0.003906,0.972657,-0.089844,-20.16,31.360001,32.48,0.056064,0.74752,-0.299008,372,566,450,0.9768054262856037
2024-04-25 14:15:52.568000+00:00,2024-04-25 14:15:30+00:00,2024-04-25 14:17:30+00:00,TABUENCA01-45,Sensoria-C1-EEA1,Right,Gait,1.0.5,40.3887119,-3.6292984,CB:AA:BC:3F:36:A5,SCKS,0.007813,0.984376,-0.117188,-19.040001,24.639999,34.720001,0.065408,0.756864,-0.299008,363,556,469,0.9913577455636284
2024-04-25 14:15:52.575000+00:00,2024-04-25 14:15:30+00:00,2024-04-25 14:17:30+00:00,TABUENCA01-45,Sensoria-C1-E90A,Left,Gait,1.0.5,40.3887119,-3.6292984,F0:75:B1:51:59:F6,SCKS,0.3125,0.8125,-0.0625,3.36,42.560001,341.600006,0.168192,0.784896,-0.18688,712,557,702,0.8727650027355588
2024-04-25 14:15:52.584000+00:00,2024-04-25 14:15:30+00:00,2024-04-25 14:17:30+00:00,TABUENCA01-45,Sensoria-C1-EEA1,Right,Gait,1.0.5,40.3887119,-3.6292984,CB:AA:BC:3F:36:A5,SCKS,0.03125,1.003907,-0.058594,-16.799999,20.16,38.080002,0.065408,0.756864,-0.299008,355,544,490,1.006100931311069
2024-04-25 14:15:52.608000+00:00,2024-04-25 14:15:30+00:00,2024-04-25 14:17:30+00:00,TABUENCA01-45,Sensoria-C1-E90A,Left,Gait,1.0.5,40.3887119,-3.6292984,F0:75:B1:51:59:F6,SCKS,0.40625,1.281249,-0.0625,3.36,32.48,393.119995,0.2336,0.766208,-0.177536,710,554,699,1.345564681648935
2024-04-25 14:15:52.617000+00:00,2024-04-25 14:15:30+00:00,2024-04-25 14:17:30+00:00,TABUENCA01-45,Sensoria-C1-EEA1,Right,Gait,1.0.5,40.3887119,-3.6292984,CB:AA:BC:3F:36:A5,SCKS,0.007813,0.992188,-0.035156,-14.56,19.040001,42.560001,0.074752,0.756864,-0.299008,344,533,511,0.9928413844361041
2024-04-25 14:15:52.633000+00:00,2024-04-25 14:15:30+00:00,2024-04-25 14:17:30+00:00,TABUENCA01-45,Sensoria-C1-EEA1,Right,Gait,1.0.5,40.3887119,-3.6292984,CB:AA:BC:3F:36:A5,SCKS,0.015625,0.980469,-0.019531,-10.08,13.440001,49.279999,0.074752,0.756864,-0.299008,332,521,533,0.980787979405845
2024-04-25 14:15:52.641000+00:00,2024-04-25 14:15:30+00:00,2024-04-25 14:17:30+00:00,TABUENCA01-45,Sensoria-C1-E90A,Left,Gait,1.0.5,40.3887119,-3.6292984,F0:75:B1:51:59:F6,SCKS,0.5,2.031249,-0.0625,-1.12,26.880001,416.640015,0.37376,0.691456,-0.18688,711,555,699,2.0928159856998896
2024-04-25 14:15:52.657000+00:00,2024-04-25 14:15:30+00:00,2024-04-25 14:17:30+00:00,TABUENCA01-45,Sensoria-C1-E90A,Left,Gait,1.0.5,40.3887119,-3.6292984,F0:75:B1:51:59:F6,SCKS,0.3125,2.968748,-0.0625,8.96,82.879997,436.799988,0.429824,0.626048,-0.205568,709,553,700,2.9858042781642604
2024-04-25 14:15:52.665000+00:00,2024-04-25 14:15:30+00:00,2024-04-25 14:17:30+00:00,TABUENCA01-45,Sensoria-C1-EEA1,Right,Gait,1.0.5,40.3887119,-3.6292984,CB:AA:BC:3F:36:A5,SCKS,0.050781,0.960938,-0.019531,-8.96,8.96,56.0,0.084096,0.766208,-0.299008,319,506,557,0.9624770177858794
2024-04-25 14:15:52.666000+00:00,2024-04-25 14:15:30+00:00,2024-04-25 14:17:30+00:00,TABUENCA01-45,Sensoria-C1-EEA1,Right,Gait,1.0.5,40.3887119,-3.6292984,CB:AA:BC:3F:36:A5,SCKS,0.050781,1.011719,0.027344,-12.32,5.6,61.599998,0.09344,0.766208,-0.289664,306,490,584,1.0133616034062076
2024-04-25 14:15:52.689000+00:00,2024-04-25 14:15:30+00:00,2024-04-25 14:17:30+00:00,TABUENCA01-45,Sensoria-C1-E90A,Left,Gait,1.0.5,40.3887119,-3.6292984,F0:75:B1:51:59:F6,SCKS,-1.124999,2.749999,-1.593749,-7.84,142.240005,366.23999,0.504576,0.504576,-0.242944,709,554,700,3.371669189734218
2024-04-25 14:15:52.698000+00:00,2024-04-25 14:15:30+00:00,2024-04-25 14:17:30+00:00,TABUENCA01-45,Sensoria-C1-EEA1,Right,Gait,1.0.5,40.3887119,-3.6292984,CB:AA:BC:3F:36:A5,SCKS,0.0625,1.011719,-0.007813,-14.56,3.36,64.959999,0.09344,0.775552,-0.289664,288,476,615,1.0136777732248055
2024-04-25 14:15:52.714000+00:00,2024-04-25 14:15:30+00:00,2024-04-25 14:17:30+00:00,TABUENCA01-45,Sensoria-C1-EEA1,Right,Gait,1.0.5,40.3887119,-3.6292984,CB:AA:BC:3F:36:A5,SCKS,0.023438,1.113282,-0.078125,-17.92,0.0,75.040001,0.102784,0.775552,-0.289664,275,461,645,1.1162659481472146
2024-04-25 14:15:52.722000+00:00,2024-04-25 14:15:30+00:00,2024-04-25 14:17:30+00:00,TABUENCA01-45,Sensoria-C1-E90A,Left,Gait,1.0.5,40.3887119,-3.6292984,F0:75:B1:51:59:F6,SCKS,-4.249998,1.124999,-0.46875,-2.24,15.68,169.119995,0.523264,0.4672,-0.252288,707,552,703,4.421293058880512
2024-04-25 14:15:52.731000+00:00,2024-04-25 14:15:30+00:00,2024-04-25 14:17:30+00:00,TABUENCA01-45,Sensoria-C1-EEA1,Right,Gait,1.0.5,40.3887119,-3.6292984,CB:AA:BC:3F:36:A5,SCKS,-0.007813,1.183595,0.097656,-25.76,1.12,88.480003,0.102784,0.775552,-0.289664,260,446,672,1.1876425646338211
2024-04-25 14:15:52.747000+00:00,2024-04-25 14:15:30+00:00,2024-04-25 14:17:30+00:00,TABUENCA01-45,Sensoria-C1-EEA1,Right,Gait,1.0.5,40.3887119,-3.6292984,CB:AA:BC:3F:36:A5,SCKS,-0.027344,1.203126,0.179688,-29.120001,-7.84,101.919998,0.121472,0.784896,-0.299008,248,435,691,1.2167775653569555
2024-04-25 14:15:52.754000+00:00,2024-04-25 14:15:30+00:00,2024-04-25 14:17:30+00:00,TABUENCA01-45,Sensoria-C1-E90A,Left,Gait,1.0.5,40.3887119,-3.6292984,F0:75:B1:51:59:F6,SCKS,-2.968748,1.937499,-0.375,20.16,-72.800003,-57.119999,0.523264,0.457856,-0.252288,705,553,708,3.5648270732961227
2024-04-25 14:15:52.779000+00:00,2024-04-25 14:15:30+00:00,2024-04-25 14:17:30+00:00,TABUENCA01-45,Sensoria-C1-EEA1,Right,Gait,1.0.5,40.3887119,-3.6292984,CB:AA:BC:3F:36:A5,SCKS,-0.046875,1.347657,-0.007813,-23.52,-28.0,117.599998,0.14016,0.784896,-0.299008,237,431,705,1.3484946044545378
2024-04-25 14:15:52.787000+00:00,2024-04-25 14:15:30+00:00,2024-04-25 14:17:30+00:00,TABUENCA01-45,Sensoria-C1-E90A,Left,Gait,1.0.5,40.3887119,-3.6292984,F0:75:B1:51:59:F6,SCKS,4.781248,0.71875,0.34375,13.440001,11.2,-106.400002,0.51392,0.476544,-0.252288,706,551,695,4.847174234799487
2024-04-25 14:15:52.795000+00:00,2024-04-25 14:15:30+00:00,2024-04-25 14:17:30+00:00,TABUENCA01-45,Sensoria-C1-EEA1,Right,Gait,1.0.5,40.3887119,-3.6292984,CB:AA:BC:3F:36:A5,SCKS,-0.0625,1.531251,-0.171875,-29.120001,-25.76,137.759995,0.158848,0.79424,-0.308352,231,433,712,1.542133875714427
2024-04-25 14:15:52.812000+00:00,2024-04-25 14:15:30+00:00,2024-04-25 14:17:30+00:00,TABUENCA01-45,Sensoria-C1-EEA1,Right,Gait,1.0.5,40.3887119,-3.6292984,CB:AA:BC:3F:36:A5,SCKS,-0.285156,1.832033,-0.105469,-31.360001,-5.6,164.639999,0.18688,0.803584,-0.317696,228,447,716,1.8570898113408516
2024-04-25 14:15:52.819000+00:00,2024-04-25 14:15:30+00:00,2024-04-25 14:17:30+00:00,TABUENCA01-45,Sensoria-C1-E90A,Left,Gait,1.0.5,40.3887119,-3.6292984,F0:75:B1:51:59:F6,SCKS,-0.78125,1.843749,0.53125,61.599998,156.800003,-271.040009,0.51392,0.504576,-0.252288,713,558,647,2.071711490531681
2024-04-25 14:15:52.828000+00:00,2024-04-25 14:15:30+00:00,2024-04-25 14:17:30+00:00,TABUENCA01-45,Sensoria-C1-EEA1,Right,Gait,1.0.5,40.3887119,-3.6292984,CB:AA:BC:3F:36:A5,SCKS,-0.535157,1.996095,0.261719,-33.599998,21.280001,197.119995,0.224256,0.812928,-0.32704,237,472,717,2.083095076715175
2024-04-25 14:15:52.844000+00:00,2024-04-25 14:15:30+00:00,2024-04-25 14:17:30+00:00,TABUENCA01-45,Sensoria-C1-EEA1,Right,Gait,1.0.5,40.3887119,-3.6292984,CB:AA:BC:3F:36:A5,SCKS,-1.175782,1.996095,0.425782,-48.16,52.639999,232.960007,0.224256,0.812928,-0.32704,254,493,718,2.3554508850903684
2024-04-25 14:15:52.852000+00:00,2024-04-25 14:15:30+00:00,2024-04-25 14:17:30+00:00,TABUENCA01-45,Sensoria-C1-E90A,Left,Gait,1.0.5,40.3887119,-3.6292984,F0:75:B1:51:59:F6,SCKS,0.125,1.656249,-0.625,119.840004,5.6,-224.0,0.476544,0.588672,-0.261632,711,565,508,1.7746579247846612
2024-04-25 14:15:52.877000+00:00,2024-04-25 14:15:30+00:00,2024-04-25 14:17:30+00:00,TABUENCA01-45,Sensoria-C1-EEA1,Right,Gait,1.0.5,40.3887119,-3.6292984,CB:AA:BC:3F:36:A5,SCKS,-0.398438,1.996095,-0.179688,-51.52,48.16,278.880005,0.28032,0.812928,-0.32704,284,526,719,2.043388329763337
2024-04-25 14:15:52.884000+00:00,2024-04-25 14:15:30+00:00,2024-04-25 14:17:30+00:00,TABUENCA01-45,Sensoria-C1-E90A,Left,Gait,1.0.5,40.3887119,-3.6292984,F0:75:B1:51:59:F6,SCKS,-0.03125,1.312499,0.53125,57.119999,-89.599998,-241.919998,0.448512,0.616704,-0.252288,698,571,399,1.4162827224819912
2024-04-25 14:15:52.893000+00:00,2024-04-25 14:15:30+00:00,2024-04-25 14:17:30+00:00,TABUENCA01-45,Sensoria-C1-EEA1,Right,Gait,1.0.5,40.3887119,-3.6292984,CB:AA:BC:3F:36:A5,SCKS,-0.914063,1.996095,-0.523438,-48.16,16.799999,303.519989,0.32704,0.812928,-0.345728,338,582,719,2.256965608253258
2024-04-25 14:15:52.909000+00:00,2024-04-25 14:15:30+00:00,2024-04-25 14:17:30+00:00,TABUENCA01-45,Sensoria-C1-EEA1,Right,Gait,1.0.5,40.3887119,-3.6292984,CB:AA:BC:3F:36:A5,SCKS,-0.582032,0.695313,-0.582032,-2.24,-57.119999,316.959991,0.383104,0.803584,-0.336384,400,637,719,1.0774890561008033
2024-04-25 14:15:52.917000+00:00,2024-04-25 14:15:30+00:00,2024-04-25 14:17:30+00:00,TABUENCA01-45,Sensoria-C1-E90A,Left,Gait,1.0.5,40.3887119,-3.6292984,F0:75:B1:51:59:F6,SCKS,0.03125,0.9375,-0.25,73.919998,-81.760002,-113.120003,0.42048,0.644736,-0.224256,668,554,362,0.9707640354380667
2024-04-25 14:15:52.926000+00:00,2024-04-25 14:15:30+00:00,2024-04-25 14:17:30+00:00,TABUENCA01-45,Sensoria-C1-EEA1,Right,Gait,1.0.5,40.3887119,-3.6292984,CB:AA:BC:3F:36:A5,SCKS,-0.378907,0.246094,-0.664063,10.08,12.32,215.040009,0.42048,0.79424,-0.32704,454,680,717,0.8031889189063803
2024-04-25 14:15:52.949000+00:00,2024-04-25 14:15:30+00:00,2024-04-25 14:17:30+00:00,TABUENCA01-45,Sensoria-C1-E90A,Left,Gait,1.0.5,40.3887119,-3.6292984,F0:75:B1:51:59:F6,SCKS,0.0,0.968749,-0.15625,38.080002,-43.68,-56.0,0.42048,0.663424,-0.214912,631,520,355,0.981268917015616
2024-04-25 14:15:52.958000+00:00,2024-04-25 14:15:30+00:00,2024-04-25 14:17:30+00:00,TABUENCA01-45,Sensoria-C1-EEA1,Right,Gait,1.0.5,40.3887119,-3.6292984,CB:AA:BC:3F:36:A5,SCKS,-0.3125,0.796876,-0.5,-3.36,162.399994,124.32,0.42048,0.79424,-0.32704,480,699,717,0.9912959242204116
2024-04-25 14:15:52.974000+00:00,2024-04-25 14:15:30+00:00,2024-04-25 14:17:30+00:00,TABUENCA01-45,Sensoria-C1-EEA1,Right,Gait,1.0.5,40.3887119,-3.6292984,CB:AA:BC:3F:36:A5,SCKS,-1.367188,0.148438,-0.378907,-35.84,170.240005,0.0,0.439168,0.79424,-0.32704,494,710,714,1.4264667475398787
2024-04-25 14:15:52.982000+00:00,2024-04-25 14:15:30+00:00,2024-04-25 14:17:30+00:00,TABUENCA01-45,Sensoria-C1-E90A,Left,Gait,1.0.5,40.3887119,-3.6292984,F0:75:B1:51:59:F6,SCKS,0.09375,0.968749,-0.21875,15.68,-33.599998,-31.360001,0.401792,0.663424,-0.205568,597,491,364,0.9975546350957425
2024-04-25 14:15:52.991000+00:00,2024-04-25 14:15:30+00:00,2024-04-25 14:17:30+00:00,TABUENCA01-45,Sensoria-C1-EEA1,Right,Gait,1.0.5,40.3887119,-3.6292984,CB:AA:BC:3F:36:A5,SCKS,-0.937501,-0.078125,-0.117188,-28.0,99.68,-54.880001,0.429824,0.79424,-0.355072,502,717,711,0.9480214491086159
2024-04-25 14:15:53.007000+00:00,2024-04-25 14:15:30+00:00,2024-04-25 14:17:30+00:00,TABUENCA01-45,Sensoria-C1-EEA1,Right,Gait,1.0.5,40.3887119,-3.6292984,CB:AA:BC:3F:36:A5,SCKS,-0.480469,-0.195313,-0.023438,23.52,32.48,-101.919998,0.42048,0.803584,-0.364416,504,720,709,0.5191791287927511
2024-04-25 14:15:53.031000+00:00,2024-04-25 14:15:30+00:00,2024-04-25 14:17:30+00:00,TABUENCA01-45,Sensoria-C1-E90A,Left,Gait,1.0.5,40.3887119,-3.6292984,F0:75:B1:51:59:F6,SCKS,0.09375,0.968749,-0.15625,5.6,-42.560001,-25.76,0.392448,0.682112,-0.196224,552,444,445,0.9857371607081676
2024-04-25 14:15:53.040000+00:00,2024-04-25 14:15:30+00:00,2024-04-25 14:17:30+00:00,TABUENCA01-45,Sensoria-C1-EEA1,Right,Gait,1.0.5,40.3887119,-3.6292984,CB:AA:BC:3F:36:A5,SCKS,-0.585938,-0.054688,-0.058594,48.16,5.6,-160.160004,0.392448,0.812928,-0.345728,506,720,709,0.5913944318506895
2024-04-25 14:15:53.056000+00:00,2024-04-25 14:15:30+00:00,2024-04-25 14:17:30+00:00,TABUENCA01-45,Sensoria-C1-EEA1,Right,Gait,1.0.5,40.3887119,-3.6292984,CB:AA:BC:3F:36:A5,SCKS,-0.640625,0.179688,-0.03125,59.360001,-22.4,-211.680008,0.392448,0.812928,-0.345728,505,720,707,0.6660816244793126
2024-04-25 14:15:53.063000+00:00,2024-04-25 14:15:30+00:00,2024-04-25 14:17:30+00:00,TABUENCA01-45,Sensoria-C1-E90A,Left,Gait,1.0.5,40.3887119,-3.6292984,F0:75:B1:51:59:F6,SCKS,0.0625,0.968749,-0.21875,5.6,-43.68,-23.52,0.383104,0.682112,-0.18688,540,433,502,0.9951042344905382
2024-04-25 14:15:53.072000+00:00,2024-04-25 14:15:30+00:00,2024-04-25 14:17:30+00:00,TABUENCA01-45,Sensoria-C1-EEA1,Right,Gait,1.0.5,40.3887119,-3.6292984,CB:AA:BC:3F:36:A5,SCKS,-0.496094,0.296875,0.042969,66.080002,-49.279999,-255.360001,0.336384,0.812928,-0.336384,505,720,708,0.5797330052895039
2024-04-25 14:15:53.088000+00:00,2024-04-25 14:15:30+00:00,2024-04-25 14:17:30+00:00,TABUENCA01-45,Sensoria-C1-EEA1,Right,Gait,1.0.5,40.3887119,-3.6292984,CB:AA:BC:3F:36:A5,SCKS,-0.464844,0.511719,0.082031,72.800003,-66.080002,-294.559998,0.299008,0.822272,-0.32704,506,721,706,0.6961791179416401
2024-04-25 14:15:53.095000+00:00,2024-04-25 14:15:30+00:00,2024-04-25 14:17:30+00:00,TABUENCA01-45,Sensoria-C1-E90A,Left,Gait,1.0.5,40.3887119,-3.6292984,F0:75:B1:51:59:F6,SCKS,0.03125,0.9375,-0.21875,-4.48,-39.200001,-24.639999,0.37376,0.691456,-0.196224,533,421,554,0.9631896879639026
2024-04-25 14:15:53.104000+00:00,2024-04-25 14:15:30+00:00,2024-04-25 14:17:30+00:00,TABUENCA01-45,Sensoria-C1-EEA1,Right,Gait,1.0.5,40.3887119,-3.6292984,CB:AA:BC:3F:36:A5,SCKS,-0.433594,0.777344,0.058594,75.040001,-72.800003,-329.279999,0.2336,0.812928,-0.317696,505,719,705,0.8920205760003522
2024-04-25 14:15:53.128000+00:00,2024-04-25 14:15:30+00:00,2024-04-25 14:17:30+00:00,TABUENCA01-45,Sensoria-C1-E90A,Left,Gait,1.0.5,40.3887119,-3.6292984,F0:75:B1:51:59:F6,SCKS,0.03125,0.9375,-0.21875,-7.84,-36.959999,-26.880001,0.364416,0.7008,-0.177536,525,410,594,0.9631896879639026
2024-04-25 14:15:53.137000+00:00,2024-04-25 14:15:30+00:00,2024-04-25 14:17:30+00:00,TABUENCA01-45,Sensoria-C1-EEA1,Right,Gait,1.0.5,40.3887119,-3.6292984,CB:AA:BC:3F:36:A5,SCKS,-0.394532,1.058594,0.035156,63.84,-61.599998,-357.279999,0.168192,0.79424,-0.308352,504,719,705,1.1302710737677046
2024-04-25 14:15:53.154000+00:00,2024-04-25 14:15:30+00:00,2024-04-25 14:17:30+00:00,TABUENCA01-45,Sensoria-C1-EEA1,Right,Gait,1.0.5,40.3887119,-3.6292984,CB:AA:BC:3F:36:A5,SCKS,-0.359375,1.359376,0.0625,49.279999,-41.439999,-376.320007,0.168192,0.79424,-0.308352,504,716,704,1.407465718943449
2024-04-25 14:15:53.161000+00:00,2024-04-25 14:15:30+00:00,2024-04-25 14:17:30+00:00,TABUENCA01-45,Sensoria-C1-E90A,Left,Gait,1.0.5,40.3887119,-3.6292984,F0:75:B1:51:59:F6,SCKS,0.03125,0.9375,-0.1875,-10.08,-42.560001,-29.120001,0.355072,0.7008,-0.18688,519,395,624,0.9565767415633729
2024-04-25 14:15:53.170000+00:00,2024-04-25 14:15:30+00:00,2024-04-25 14:17:30+00:00,TABUENCA01-45,Sensoria-C1-EEA1,Right,Gait,1.0.5,40.3887119,-3.6292984,CB:AA:BC:3F:36:A5,SCKS,-0.269531,1.777345,0.1875,21.280001,12.32,-384.160004,0.102784,0.766208,-0.299008,504,718,703,1.8074176216320343
2024-04-25 14:15:53.186000+00:00,2024-04-25 14:15:30+00:00,2024-04-25 14:17:30+00:00,TABUENCA01-45,Sensoria-C1-EEA1,Right,Gait,1.0.5,40.3887119,-3.6292984,CB:AA:BC:3F:36:A5,SCKS,-0.382813,1.996095,0.289063,11.2,61.599998,-379.679993,0.056064,0.738176,-0.299008,502,716,704,2.052924367813632
2024-04-25 14:15:53.194000+00:00,2024-04-25 14:15:30+00:00,2024-04-25 14:17:30+00:00,TABUENCA01-45,Sensoria-C1-E90A,Left,Gait,1.0.5,40.3887119,-3.6292984,F0:75:B1:51:59:F6,SCKS,0.0,0.968749,-0.125,-7.84,-38.080002,-39.200001,0.345728,0.710144,-0.18688,504,375,644,0.9767802337276282
2024-04-25 14:15:53.219000+00:00,2024-04-25 14:15:30+00:00,2024-04-25 14:17:30+00:00,TABUENCA01-45,Sensoria-C1-EEA1,Right,Gait,1.0.5,40.3887119,-3.6292984,CB:AA:BC:3F:36:A5,SCKS,0.015625,1.996095,0.171875,51.52,21.280001,-383.040009,0.0,0.682112,-0.28032,504,718,705,2.003541964939841
2024-04-25 14:15:53.226000+00:00,2024-04-25 14:15:30+00:00,2024-04-25 14:17:30+00:00,TABUENCA01-45,Sensoria-C1-E90A,Left,Gait,1.0.5,40.3887119,-3.6292984,F0:75:B1:51:59:F6,SCKS,-0.03125,0.999999,-0.125,-3.36,-24.639999,-50.400002,0.32704,0.719488,-0.177536,476,339,666,1.008265621005199
2024-04-25 14:15:53.235000+00:00,2024-04-25 14:15:30+00:00,2024-04-25 14:17:30+00:00,TABUENCA01-45,Sensoria-C1-EEA1,Right,Gait,1.0.5,40.3887119,-3.6292984,CB:AA:BC:3F:36:A5,SCKS,0.953126,1.996095,0.382813,36.959999,17.92,-399.839996,-0.04672,0.635392,-0.270976,503,718,704,2.2448586177908845
2024-04-25 14:15:53.252000+00:00,2024-04-25 14:15:30+00:00,2024-04-25 14:17:30+00:00,TABUENCA01-45,Sensoria-C1-EEA1,Right,Gait,1.0.5,40.3887119,-3.6292984,CB:AA:BC:3F:36:A5,SCKS,1.726564,1.996095,0.402344,13.440001,40.32,-353.920013,-0.04672,0.635392,-0.270976,503,717,705,2.6697002059139523
2024-04-25 14:15:53.259000+00:00,2024-04-25 14:15:30+00:00,2024-04-25 14:17:30+00:00,TABUENCA01-45,Sensoria-C1-E90A,Left,Gait,1.0.5,40.3887119,-3.6292984,F0:75:B1:51:59:F6,SCKS,0.0,1.093749,-0.15625,-12.32,-21.280001,-62.720001,0.308352,0.728832,-0.18688,456,314,681,1.104853355654496
2024-04-25 14:15:53.285000+00:00,2024-04-25 14:15:30+00:00,2024-04-25 14:17:30+00:00,TABUENCA01-45,Sensoria-C1-EEA1,Right,Gait,1.0.5,40.3887119,-3.6292984,CB:AA:BC:3F:36:A5,SCKS,1.996095,1.76172,-0.894532,51.52,-3.36,-215.040009,-0.074752,0.588672,-0.270976,503,717,707,2.808601094219149
2024-04-25 14:15:53.292000+00:00,2024-04-25 14:15:30+00:00,2024-04-25 14:17:30+00:00,TABUENCA01-45,Sensoria-C1-E90A,Left,Gait,1.0.5,40.3887119,-3.6292984,F0:75:B1:51:59:F6,SCKS,0.0625,1.187499,-0.15625,-16.799999,-23.52,-84.0,0.308352,0.728832,-0.168192,436,291,693,1.199364076292516
2024-04-25 14:15:53.316000+00:00,2024-04-25 14:15:30+00:00,2024-04-25 14:17:30+00:00,TABUENCA01-45,Sensoria-C1-EEA1,Right,Gait,1.0.5,40.3887119,-3.6292984,CB:AA:BC:3F:36:A5,SCKS,1.128907,1.996095,0.761719,-25.76,-26.880001,133.279999,-0.084096,0.551296,-0.2336,500,717,709,2.4164109953886155
2024-04-25 14:15:53.324000+00:00,2024-04-25 14:15:30+00:00,2024-04-25 14:17:30+00:00,TABUENCA01-45,Sensoria-C1-E90A,Left,Gait,1.0.5,40.3887119,-3.6292984,F0:75:B1:51:59:F6,SCKS,0.15625,1.343749,0.0,-6.72,-8.96,-116.480003,0.28032,0.74752,-0.18688,425,279,703,1.3528028080622099
2024-04-25 14:15:53.333000+00:00,2024-04-25 14:15:30+00:00,2024-04-25 14:17:30+00:00,TABUENCA01-45,Sensoria-C1-EEA1,Right,Gait,1.0.5,40.3887119,-3.6292984,CB:AA:BC:3F:36:A5,SCKS,-2.000001,1.121095,1.023438,22.4,-165.759995,90.720001,-0.084096,0.569984,-0.261632,507,716,682,2.5108331961462516
2024-04-25 14:15:53.340000+00:00,2024-04-25 14:15:30+00:00,2024-04-25 14:17:30+00:00,TABUENCA01-45,Sensoria-C1-E90A,Left,Gait,1.0.5,40.3887119,-3.6292984,F0:75:B1:51:59:F6,SCKS,0.28125,1.718749,-0.1875,-5.6,0.0,-157.919998,0.2336,0.775552,-0.177536,434,288,707,1.7516723259505473
2024-04-25 14:15:53.349000+00:00,2024-04-25 14:15:30+00:00,2024-04-25 14:17:30+00:00,TABUENCA01-45,Sensoria-C1-EEA1,Right,Gait,1.0.5,40.3887119,-3.6292984,CB:AA:BC:3F:36:A5,SCKS,1.628907,1.597657,0.683594,75.040001,-216.160004,266.559998,-0.074752,0.598016,-0.289664,514,721,633,2.381836825043647
2024-04-25 14:15:53.365000+00:00,2024-04-25 14:15:30+00:00,2024-04-25 14:17:30+00:00,TABUENCA01-45,Sensoria-C1-EEA1,Right,Gait,1.0.5,40.3887119,-3.6292984,CB:AA:BC:3F:36:A5,SCKS,0.5625,1.851564,0.171875,49.279999,-22.4,245.279999,-0.056064,0.635392,-0.299008,521,724,558,1.9427394348499234
2024-04-25 14:15:53.373000+00:00,2024-04-25 14:15:30+00:00,2024-04-25 14:17:30+00:00,TABUENCA01-45,Sensoria-C1-E90A,Left,Gait,1.0.5,40.3887119,-3.6292984,F0:75:B1:51:59:F6,SCKS,0.78125,2.374999,-0.09375,-19.040001,-7.84,-208.320007,0.196224,0.784896,-0.18688,492,338,707,2.5019514133973506
2024-04-25 14:15:53.397000+00:00,2024-04-25 14:15:30+00:00,2024-04-25 14:17:30+00:00,TABUENCA01-45,Sensoria-C1-EEA1,Right,Gait,1.0.5,40.3887119,-3.6292984,CB:AA:BC:3F:36:A5,SCKS,0.292969,1.535157,-0.671875,61.599998,41.439999,230.720001,-0.056064,0.635392,-0.299008,523,726,475,1.7011625040645002
2024-04-25 14:15:53.405000+00:00,2024-04-25 14:15:30+00:00,2024-04-25 14:17:30+00:00,TABUENCA01-45,Sensoria-C1-E90A,Left,Gait,1.0.5,40.3887119,-3.6292984,F0:75:B1:51:59:F6,SCKS,1.218749,2.312499,-0.125,-62.720001,-54.880001,-221.759995,0.158848,0.79424,-0.196224,553,389,707,2.6169879155246396
2024-04-25 14:15:53.414000+00:00,2024-04-25 14:15:30+00:00,2024-04-25 14:17:30+00:00,TABUENCA01-45,Sensoria-C1-EEA1,Right,Gait,1.0.5,40.3887119,-3.6292984,CB:AA:BC:3F:36:A5,SCKS,0.414063,1.187501,-0.109375,-15.68,30.24,220.639999,-0.037376,0.672768,-0.28032,517,727,421,1.2623666993370033
2024-04-25 14:15:53.430000+00:00,2024-04-25 14:15:30+00:00,2024-04-25 14:17:30+00:00,TABUENCA01-45,Sensoria-C1-EEA1,Right,Gait,1.0.5,40.3887119,-3.6292984,CB:AA:BC:3F:36:A5,SCKS,-0.046875,0.757813,-0.054688,6.72,41.439999,155.680008,-0.009344,0.7008,-0.270976,501,732,387,0.7612283402094275
2024-04-25 14:15:53.438000+00:00,2024-04-25 14:15:30+00:00,2024-04-25 14:17:30+00:00,TABUENCA01-45,Sensoria-C1-E90A,Left,Gait,1.0.5,40.3887119,-3.6292984,F0:75:B1:51:59:F6,SCKS,0.8125,2.312499,-1.031249,-50.400002,-89.599998,-290.079987,0.102784,0.803584,-0.205568,610,455,709,2.6591882925061925
2024-04-25 14:15:53.446000+00:00,2024-04-25 14:15:30+00:00,2024-04-25 14:17:30+00:00,TABUENCA01-45,Sensoria-C1-EEA1,Right,Gait,1.0.5,40.3887119,-3.6292984,CB:AA:BC:3F:36:A5,SCKS,-0.015625,0.972657,-0.101563,-16.799999,39.200001,138.880005,0.009344,0.710144,-0.270976,481,723,366,0.9780699480318369
2024-04-25 14:15:53.470000+00:00,2024-04-25 14:15:30+00:00,2024-04-25 14:17:30+00:00,TABUENCA01-45,Sensoria-C1-E90A,Left,Gait,1.0.5,40.3887119,-3.6292984,F0:75:B1:51:59:F6,SCKS,0.71875,0.59375,-0.46875,20.16,30.24,-212.800003,0.056064,0.803584,-0.205568,668,523,712,1.0434879910665
2024-04-25 14:15:53.479000+00:00,2024-04-25 14:15:30+00:00,2024-04-25 14:17:30+00:00,TABUENCA01-45,Sensoria-C1-EEA1,Right,Gait,1.0.5,40.3887119,-3.6292984,CB:AA:BC:3F:36:A5,SCKS,0.105469,0.937501,0.023438,-12.32,21.280001,100.800003,0.028032,0.719488,-0.270976,457,703,356,0.943706084968196
2024-04-25 14:15:53.495000+00:00,2024-04-25 14:15:30+00:00,2024-04-25 14:17:30+00:00,TABUENCA01-45,Sensoria-C1-EEA1,Right,Gait,1.0.5,40.3887119,-3.6292984,CB:AA:BC:3F:36:A5,SCKS,-0.089844,0.984376,0.148438,-3.36,5.6,77.279999,0.028032,0.719488,-0.270976,435,678,351,0.9995508459083009
2024-04-25 14:15:53.503000+00:00,2024-04-25 14:15:30+00:00,2024-04-25 14:17:30+00:00,TABUENCA01-45,Sensoria-C1-E90A,Left,Gait,1.0.5,40.3887119,-3.6292984,F0:75:B1:51:59:F6,SCKS,-0.4375,0.59375,-0.40625,16.799999,-113.120003,-79.519997,-0.009344,0.79424,-0.205568,698,554,711,0.8420120990817175
2024-04-25 14:15:53.511000+00:00,2024-04-25 14:15:30+00:00,2024-04-25 14:17:30+00:00,TABUENCA01-45,Sensoria-C1-EEA1,Right,Gait,1.0.5,40.3887119,-3.6292984,CB:AA:BC:3F:36:A5,SCKS,0.015625,1.050782,-0.113281,14.56,-11.2,67.199997,0.028032,0.728832,-0.261632,416,653,353,1.056986062874057
2024-04-25 14:15:53.527000+00:00,2024-04-25 14:15:30+00:00,2024-04-25 14:17:30+00:00,TABUENCA01-45,Sensoria-C1-EEA1,Right,Gait,1.0.5,40.3887119,-3.6292984,CB:AA:BC:3F:36:A5,SCKS,-0.019531,1.007813,0.0625,-1.12,-1.12,52.639999,0.037376,0.738176,-0.270976,400,631,362,1.009937994596698
2024-04-25 14:15:53.535000+00:00,2024-04-25 14:15:30+00:00,2024-04-25 14:17:30+00:00,TABUENCA01-45,Sensoria-C1-E90A,Left,Gait,1.0.5,40.3887119,-3.6292984,F0:75:B1:51:59:F6,SCKS,1.093749,0.09375,-0.0625,-7.84,-54.880001,138.880005,-0.009344,0.79424,-0.205568,713,560,711,1.0995372606242138
2024-04-25 14:15:53.560000+00:00,2024-04-25 14:15:30+00:00,2024-04-25 14:17:30+00:00,TABUENCA01-45,Sensoria-C1-EEA1,Right,Gait,1.0.5,40.3887119,-3.6292984,CB:AA:BC:3F:36:A5,SCKS,-0.039063,1.027344,-0.125,8.96,1.12,48.16,0.037376,0.738176,-0.261632,386,612,375,1.035657574831083
2024-04-25 14:15:53.577000+00:00,2024-04-25 14:15:30+00:00,2024-04-25 14:17:30+00:00,TABUENCA01-45,Sensoria-C1-EEA1,Right,Gait,1.0.5,40.3887119,-3.6292984,CB:AA:BC:3F:36:A5,SCKS,0.003906,0.957032,-0.097656,-7.84,11.2,47.040001,0.04672,0.738176,-0.270976,372,599,397,0.9620094595148221
2024-04-25 14:15:53.584000+00:00,2024-04-25 14:15:30+00:00,2024-04-25 14:17:30+00:00,TABUENCA01-45,Sensoria-C1-E90A,Left,Gait,1.0.5,40.3887119,-3.6292984,F0:75:B1:51:59:F6,SCKS,0.40625,0.0625,0.0625,-12.32,43.68,175.839996,0.04672,0.803584,-0.205568,716,561,707,0.4157542092390647
2024-04-25 14:15:53.593000+00:00,2024-04-25 14:15:30+00:00,2024-04-25 14:17:30+00:00,TABUENCA01-45,Sensoria-C1-EEA1,Right,Gait,1.0.5,40.3887119,-3.6292984,CB:AA:BC:3F:36:A5,SCKS,0.039063,0.984376,-0.136719,-12.32,19.040001,45.920002,0.04672,0.74752,-0.270976,364,586,422,0.9945924352748718
2024-04-25 14:15:53.600000+00:00,2024-04-25 14:15:30+00:00,2024-04-25 14:17:30+00:00,TABUENCA01-45,Sensoria-C1-E90A,Left,Gait,1.0.5,40.3887119,-3.6292984,F0:75:B1:51:59:F6,SCKS,0.3125,0.25,-0.15625,13.440001,56.0,247.520004,0.09344,0.803584,-0.205568,716,559,706,0.42961647140211
2024-04-25 14:15:53.609000+00:00,2024-04-25 14:15:30+00:00,2024-04-25 14:17:30+00:00,TABUENCA01-45,Sensoria-C1-EEA1,Right,Gait,1.0.5,40.3887119,-3.6292984,CB:AA:BC:3F:36:A5,SCKS,0.039063,0.957032,-0.035156,-19.040001,33.599998,39.200001,0.04672,0.74752,-0.270976,354,576,449,0.9584738448851904
2024-04-25 14:15:53.625000+00:00,2024-04-25 14:15:30+00:00,2024-04-25 14:17:30+00:00,TABUENCA01-45,Sensoria-C1-EEA1,Right,Gait,1.0.5,40.3887119,-3.6292984,CB:AA:BC:3F:36:A5,SCKS,0.015625,0.988282,-0.066406,-19.040001,29.120001,34.720001,0.065408,0.74752,-0.270976,346,569,476,0.9906337410895109
2024-04-25 14:15:53.633000+00:00,2024-04-25 14:15:30+00:00,2024-04-25 14:17:30+00:00,TABUENCA01-45,Sensoria-C1-E90A,Left,Gait,1.0.5,40.3887119,-3.6292984,F0:75:B1:51:59:F6,SCKS,0.40625,0.6875,-0.1875,4.48,45.920002,297.920013,0.14016,0.79424,-0.214912,718,558,704,0.820275296775418
2024-04-25 14:15:53.657000+00:00,2024-04-25 14:15:30+00:00,2024-04-25 14:17:30+00:00,TABUENCA01-45,Sensoria-C1-EEA1,Right,Gait,1.0.5,40.3887119,-3.6292984,CB:AA:BC:3F:36:A5,SCKS,0.042969,0.964844,-0.058594,-22.4,23.52,33.599998,0.065408,0.74752,-0.28032,337,559,506,0.967576113870635
2024-04-25 14:15:53.665000+00:00,2024-04-25 14:15:30+00:00,2024-04-25 14:17:30+00:00,TABUENCA01-45,Sensoria-C1-E90A,Left,Gait,1.0.5,40.3887119,-3.6292984,F0:75:B1:51:59:F6,SCKS,0.21875,0.90625,-0.125,-3.36,56.0,348.320007,0.205568,0.784896,-0.205568,716,558,702,0.9406198089557757
2024-04-25 14:15:53.674000+00:00,2024-04-25 14:15:30+00:00,2024-04-25 14:17:30+00:00,TABUENCA01-45,Sensoria-C1-EEA1,Right,Gait,1.0.5,40.3887119,-3.6292984,CB:AA:BC:3F:36:A5,SCKS,0.050781,0.957032,-0.054688,-21.280001,21.280001,33.599998,0.074752,0.756864,-0.270976,330,553,533,0.9599373606277651
2024-04-25 14:15:53.681000+00:00,2024-04-25 14:15:30+00:00,2024-04-25 14:17:30+00:00,TABUENCA01-45,Sensoria-C1-E90A,Left,Gait,1.0.5,40.3887119,-3.6292984,F0:75:B1:51:59:F6,SCKS,0.40625,1.656249,-0.15625,-5.6,29.120001,405.440002,0.270976,0.74752,-0.214912,716,557,702,1.7124876276928251
2024-04-25 14:15:53.690000+00:00,2024-04-25 14:15:30+00:00,2024-04-25 14:17:30+00:00,TABUENCA01-45,Sensoria-C1-EEA1,Right,Gait,1.0.5,40.3887119,-3.6292984,CB:AA:BC:3F:36:A5,SCKS,0.015625,0.980469,-0.015625,-21.280001,20.16,35.84,0.084096,0.756864,-0.270976,321,545,559,0.9807179723095728
2024-04-25 14:15:53.706000+00:00,2024-04-25 14:15:30+00:00,2024-04-25 14:17:30+00:00,TABUENCA01-45,Sensoria-C1-EEA1,Right,Gait,1.0.5,40.3887119,-3.6292984,CB:AA:BC:3F:36:A5,SCKS,0.019531,0.964844,0.007813,-14.56,14.56,40.32,0.084096,0.756864,-0.270976,311,536,581,0.965073285956046
2024-04-25 14:15:53.714000+00:00,2024-04-25 14:15:30+00:00,2024-04-25 14:17:30+00:00,TABUENCA01-45,Sensoria-C1-E90A,Left,Gait,1.0.5,40.3887119,-3.6292984,F0:75:B1:51:59:F6,SCKS,0.40625,2.468749,-0.125,-2.24,44.799999,424.480011,0.401792,0.663424,-0.224256,715,555,700,2.5050719924786593
2024-04-25 14:15:53.739000+00:00,2024-04-25 14:15:30+00:00,2024-04-25 14:17:30+00:00,TABUENCA01-45,Sensoria-C1-EEA1,Right,Gait,1.0.5,40.3887119,-3.6292984,CB:AA:BC:3F:36:A5,SCKS,0.042969,0.945313,0.023438,-10.08,8.96,45.920002,0.084096,0.756864,-0.261632,300,527,603,0.9465792849909614
2024-04-25 14:15:53.746000+00:00,2024-04-25 14:15:30+00:00,2024-04-25 14:17:30+00:00,TABUENCA01-45,Sensoria-C1-E90A,Left,Gait,1.0.5,40.3887119,-3.6292984,F0:75:B1:51:59:F6,SCKS,-0.34375,3.031248,0.34375,7.84,98.559998,439.040009,0.457856,0.598016,-0.224256,713,555,699,3.069982501986616
2024-04-25 14:15:53.755000+00:00,2024-04-25 14:15:30+00:00,2024-04-25 14:17:30+00:00,TABUENCA01-45,Sensoria-C1-EEA1,Right,Gait,1.0.5,40.3887119,-3.6292984,CB:AA:BC:3F:36:A5,SCKS,0.007813,0.980469,0.078125,-10.08,2.24,52.639999,0.09344,0.766208,-0.270976,287,516,629,0.9836076547867041
2024-04-25 14:15:53.771000+00:00,2024-04-25 14:15:30+00:00,2024-04-25 14:17:30+00:00,TABUENCA01-45,Sensoria-C1-EEA1,Right,Gait,1.0.5,40.3887119,-3.6292984,CB:AA:BC:3F:36:A5,SCKS,0.023438,1.007813,0.050781,-13.440001,-1.12,60.48,0.102784,0.766208,-0.261632,272,501,651,1.009363706883698
2024-04-25 14:15:53.779000+00:00,2024-04-25 14:15:30+00:00,2024-04-25 14:17:30+00:00,TABUENCA01-45,Sensoria-C1-E90A,Left,Gait,1.0.5,40.3887119,-3.6292984,F0:75:B1:51:59:F6,SCKS,-1.031249,2.843749,-1.218749,-17.92,117.599998,387.519989,0.495232,0.532608,-0.261632,714,554,703,3.2612470007656578
2024-04-25 14:15:53.787000+00:00,2024-04-25 14:15:30+00:00,2024-04-25 14:17:30+00:00,TABUENCA01-45,Sensoria-C1-EEA1,Right,Gait,1.0.5,40.3887119,-3.6292984,CB:AA:BC:3F:36:A5,SCKS,0.0,1.101563,0.042969,-16.799999,-10.08,68.32,0.112128,0.766208,-0.28032,259,487,671,1.1024007338214177
2024-04-25 14:15:53.812000+00:00,2024-04-25 14:15:30+00:00,2024-04-25 14:17:30+00:00,TABUENCA01-45,Sensoria-C1-E90A,Left,Gait,1.0.5,40.3887119,-3.6292984,F0:75:B1:51:59:F6,SCKS,-4.031248,1.124999,-0.53125,-10.08,25.76,213.919998,0.523264,0.476544,-0.28032,712,553,705,4.218863561435117
2024-04-25 14:15:53.820000+00:00,2024-04-25 14:15:30+00:00,2024-04-25 14:17:30+00:00,TABUENCA01-45,Sensoria-C1-EEA1,Right,Gait,1.0.5,40.3887119,-3.6292984,CB:AA:BC:3F:36:A5,SCKS,-0.054688,1.19922,0.140625,-14.56,-19.040001,84.0,0.112128,0.766208,-0.28032,246,470,689,1.208674801743215
2024-04-25 14:15:53.836000+00:00,2024-04-25 14:15:30+00:00,2024-04-25 14:17:30+00:00,TABUENCA01-45,Sensoria-C1-EEA1,Right,Gait,1.0.5,40.3887119,-3.6292984,CB:AA:BC:3F:36:A5,SCKS,-0.0625,1.26172,0.113281,-13.440001,-31.360001,103.040001,0.121472,0.784896,-0.270976,236,458,705,1.268335993875834
2024-04-25 14:15:53.844000+00:00,2024-04-25 14:15:30+00:00,2024-04-25 14:17:30+00:00,TABUENCA01-45,Sensoria-C1-E90A,Left,Gait,1.0.5,40.3887119,-3.6292984,F0:75:B1:51:59:F6,SCKS,-3.156248,1.718749,-0.3125,19.040001,-119.840004,-3.36,0.523264,0.448512,-0.261632,710,553,710,3.607444498880752
2024-04-25 14:15:53.853000+00:00,2024-04-25 14:15:30+00:00,2024-04-25 14:17:30+00:00,TABUENCA01-45,Sensoria-C1-EEA1,Right,Gait,1.0.5,40.3887119,-3.6292984,CB:AA:BC:3F:36:A5,SCKS,-0.066406,1.44922,-0.046875,-20.16,-36.959999,124.32,0.14016,0.784896,-0.28032,227,449,712,1.4514977198952121
2024-04-25 14:15:53.868000+00:00,2024-04-25 14:15:30+00:00,2024-04-25 14:17:30+00:00,TABUENCA01-45,Sensoria-C1-EEA1,Right,Gait,1.0.5,40.3887119,-3.6292984,CB:AA:BC:3F:36:A5,SCKS,-0.09375,1.523439,-0.101563,-28.0,-29.120001,145.600006,0.158848,0.784896,-0.28032,222,450,718,1.5296962091180066
2024-04-25 14:15:53.876000+00:00,2024-04-25 14:15:30+00:00,2024-04-25 14:17:30+00:00,TABUENCA01-45,Sensoria-C1-E90A,Left,Gait,1.0.5,40.3887119,-3.6292984,F0:75:B1:51:59:F6,SCKS,5.312497,-0.25,0.375,23.52,0.0,-87.360001,0.51392,0.485888,-0.242944,711,553,691,5.331580382495325
2024-04-25 14:15:53.885000+00:00,2024-04-25 14:15:30+00:00,2024-04-25 14:17:30+00:00,TABUENCA01-45,Sensoria-C1-EEA1,Right,Gait,1.0.5,40.3887119,-3.6292984,CB:AA:BC:3F:36:A5,SCKS,-0.308594,1.808595,0.027344,-31.360001,-11.2,168.0,0.18688,0.803584,-0.289664,220,464,720,1.8349370085092838
2024-04-25 14:15:53.909000+00:00,2024-04-25 14:15:30+00:00,2024-04-25 14:17:30+00:00,TABUENCA01-45,Sensoria-C1-E90A,Left,Gait,1.0.5,40.3887119,-3.6292984,F0:75:B1:51:59:F6,SCKS,-0.78125,1.906249,0.1875,103.040001,110.879997,-238.559998,0.495232,0.51392,-0.270976,717,562,616,2.0686452239330455
2024-04-25 14:15:53.918000+00:00,2024-04-25 14:15:30+00:00,2024-04-25 14:17:30+00:00,TABUENCA01-45,Sensoria-C1-EEA1,Right,Gait,1.0.5,40.3887119,-3.6292984,CB:AA:BC:3F:36:A5,SCKS,-0.566407,1.996095,0.265625,-38.080002,16.799999,194.880005,0.18688,0.803584,-0.289664,227,483,721,2.091833831665173
2024-04-25 14:15:53.934000+00:00,2024-04-25 14:15:30+00:00,2024-04-25 14:17:30+00:00,TABUENCA01-45,Sensoria-C1-EEA1,Right,Gait,1.0.5,40.3887119,-3.6292984,CB:AA:BC:3F:36:A5,SCKS,-1.152345,1.996095,0.414063,-57.119999,58.240002,246.399994,0.224256,0.803584,-0.299008,244,502,721,2.3417391861646335
2024-04-25 14:15:53.942000+00:00,2024-04-25 14:15:30+00:00,2024-04-25 14:17:30+00:00,TABUENCA01-45,Sensoria-C1-E90A,Left,Gait,1.0.5,40.3887119,-3.6292984,F0:75:B1:51:59:F6,SCKS,-0.999999,1.749999,-1.249999,137.759995,50.400002,-188.160004,0.457856,0.598016,-0.289664,714,564,475,2.371706558578232
2024-04-25 14:15:53.951000+00:00,2024-04-25 14:15:30+00:00,2024-04-25 14:17:30+00:00,TABUENCA01-45,Sensoria-C1-EEA1,Right,Gait,1.0.5,40.3887119,-3.6292984,CB:AA:BC:3F:36:A5,SCKS,-0.300781,1.996095,-0.335938,-41.439999,0.0,290.079987,0.28032,0.803584,-0.299008,277,535,719,2.0463916533327633
2024-04-25 14:15:53.967000+00:00,2024-04-25 14:15:30+00:00,2024-04-25 14:17:30+00:00,TABUENCA01-45,Sensoria-C1-EEA1,Right,Gait,1.0.5,40.3887119,-3.6292984,CB:AA:BC:3F:36:A5,SCKS,-0.640625,1.996095,-0.750001,-26.880001,-52.639999,316.959991,0.336384,0.803584,-0.308352,332,590,718,2.2264988523803466
2024-04-25 14:15:53.974000+00:00,2024-04-25 14:15:30+00:00,2024-04-25 14:17:30+00:00,TABUENCA01-45,Sensoria-C1-E90A,Left,Gait,1.0.5,40.3887119,-3.6292984,F0:75:B1:51:59:F6,SCKS,-0.21875,0.90625,-0.125,81.760002,-101.919998,-196.0,0.439168,0.635392,-0.261632,694,565,384,0.9406198089557757
2024-04-25 14:15:53.991000+00:00,2024-04-25 14:15:30+00:00,2024-04-25 14:17:30+00:00,TABUENCA01-45,Sensoria-C1-E90A,Left,Gait,1.0.5,40.3887119,-3.6292984,F0:75:B1:51:59:F6,SCKS,0.0625,0.9375,-0.28125,50.400002,-78.400002,-90.720001,0.42048,0.65408,-0.242944,660,545,355,0.980772176654701
2024-04-25 14:15:54+00:00,2024-04-25 14:15:30+00:00,2024-04-25 14:17:30+00:00,TABUENCA01-45,Sensoria-C1-EEA1,Right,Gait,1.0.5,40.3887119,-3.6292984,CB:AA:BC:3F:36:A5,SCKS,-0.546875,0.832032,-0.839844,2.24,-61.599998,319.200012,0.392448,0.803584,-0.308352,398,645,719,1.3025695601329705
2024-04-25 14:15:54.016000+00:00,2024-04-25 14:15:30+00:00,2024-04-25 14:17:30+00:00,TABUENCA01-45,Sensoria-C1-EEA1,Right,Gait,1.0.5,40.3887119,-3.6292984,CB:AA:BC:3F:36:A5,SCKS,-0.445313,0.203125,-0.718751,12.32,6.72,218.399994,0.392448,0.803584,-0.299008,450,682,718,0.8695783079142442
2024-04-25 14:15:54.023000+00:00,2024-04-25 14:15:30+00:00,2024-04-25 14:17:30+00:00,TABUENCA01-45,Sensoria-C1-E90A,Left,Gait,1.0.5,40.3887119,-3.6292984,F0:75:B1:51:59:F6,SCKS,0.125,0.999999,-0.25,29.120001,-47.040001,-40.32,0.401792,0.663424,-0.2336,614,505,360,1.0383270197779695
2024-04-25 14:15:54.033000+00:00,2024-04-25 14:15:30+00:00,2024-04-25 14:17:30+00:00,TABUENCA01-45,Sensoria-C1-EEA1,Right,Gait,1.0.5,40.3887119,-3.6292984,CB:AA:BC:3F:36:A5,SCKS,0.210938,0.710938,-0.597657,10.08,168.0,143.360001,0.42048,0.79424,-0.299008,478,701,715,0.9524292988652753
2024-04-25 14:15:54.048000+00:00,2024-04-25 14:15:30+00:00,2024-04-25 14:17:30+00:00,TABUENCA01-45,Sensoria-C1-EEA1,Right,Gait,1.0.5,40.3887119,-3.6292984,CB:AA:BC:3F:36:A5,SCKS,-1.175782,0.332031,-0.5625,-6.72,192.639999,2.24,0.439168,0.79424,-0.317696,490,712,715,1.3450331395489854
2024-04-25 14:15:54.056000+00:00,2024-04-25 14:15:30+00:00,2024-04-25 14:17:30+00:00,TABUENCA01-45,Sensoria-C1-E90A,Left,Gait,1.0.5,40.3887119,-3.6292984,F0:75:B1:51:59:F6,SCKS,0.09375,0.999999,-0.1875,11.2,-38.080002,-31.360001,0.392448,0.672768,-0.214912,582,473,388,1.0217354415410087
2024-04-25 14:15:54.064000+00:00,2024-04-25 14:15:30+00:00,2024-04-25 14:17:30+00:00,TABUENCA01-45,Sensoria-C1-EEA1,Right,Gait,1.0.5,40.3887119,-3.6292984,CB:AA:BC:3F:36:A5,SCKS,-1.070313,0.152344,-0.183594,-38.080002,141.119995,-47.040001,0.429824,0.79424,-0.336384,499,717,713,1.096578938855293
2024-04-25 14:15:54.088000+00:00,2024-04-25 14:15:30+00:00,2024-04-25 14:17:30+00:00,TABUENCA01-45,Sensoria-C1-E90A,Left,Gait,1.0.5,40.3887119,-3.6292984,F0:75:B1:51:59:F6,SCKS,0.09375,0.9375,-0.28125,2.24,-44.799999,-36.959999,0.383104,0.672768,-0.224256,556,451,430,0.9832582951595171
2024-04-25 14:15:54.096000+00:00,2024-04-25 14:15:30+00:00,2024-04-25 14:17:30+00:00,TABUENCA01-45,Sensoria-C1-EEA1,Right,Gait,1.0.5,40.3887119,-3.6292984,CB:AA:BC:3F:36:A5,SCKS,-0.5625,-0.148438,0.0625,0.0,57.119999,-75.040001,0.429824,0.79424,-0.336384,501,720,711,0.5851037000771744
2024-04-25 14:15:54.112000+00:00,2024-04-25 14:15:30+00:00,2024-04-25 14:17:30+00:00,TABUENCA01-45,Sensoria-C1-EEA1,Right,Gait,1.0.5,40.3887119,-3.6292984,CB:AA:BC:3F:36:A5,SCKS,-0.410157,-0.152344,0.011719,40.32,10.08,-123.199997,0.401792,0.803584,-0.32704,503,721,711,0.43769257926768645
2024-04-25 14:15:54.120000+00:00,2024-04-25 14:15:30+00:00,2024-04-25 14:17:30+00:00,TABUENCA01-45,Sensoria-C1-E90A,Left,Gait,1.0.5,40.3887119,-3.6292984,F0:75:B1:51:59:F6,SCKS,0.03125,0.9375,-0.1875,2.24,-48.16,-32.48,0.37376,0.682112,-0.196224,536,432,487,0.9565767415633729
2024-04-25 14:15:54.129000+00:00,2024-04-25 14:15:30+00:00,2024-04-25 14:17:30+00:00,TABUENCA01-45,Sensoria-C1-EEA1,Right,Gait,1.0.5,40.3887119,-3.6292984,CB:AA:BC:3F:36:A5,SCKS,-0.523438,0.113281,-0.089844,54.880001,-14.56,-175.839996,0.401792,0.803584,-0.32704,503,721,708,0.5430394729124209
2024-04-25 14:15:54.145000+00:00,2024-04-25 14:15:30+00:00,2024-04-25 14:17:30+00:00,TABUENCA01-45,Sensoria-C1-EEA1,Right,Gait,1.0.5,40.3887119,-3.6292984,CB:AA:BC:3F:36:A5,SCKS,-0.585938,0.292969,-0.074219,52.639999,-45.920002,-225.119995,0.364416,0.812928,-0.317696,504,721,708,0.6592894923825192
2024-04-25 14:15:54.153000+00:00,2024-04-25 14:15:30+00:00,2024-04-25 14:17:30+00:00,TABUENCA01-45,Sensoria-C1-E90A,Left,Gait,1.0.5,40.3887119,-3.6292984,F0:75:B1:51:59:F6,SCKS,0.03125,0.9375,-0.25,2.24,-47.040001,-23.52,0.364416,0.682112,-0.205568,520,418,543,0.9707640354380667
2024-04-25 14:15:54.177000+00:00,2024-04-25 14:15:30+00:00,2024-04-25 14:17:30+00:00,TABUENCA01-45,Sensoria-C1-EEA1,Right,Gait,1.0.5,40.3887119,-3.6292984,CB:AA:BC:3F:36:A5,SCKS,-0.492188,0.398438,-0.039063,56.0,-78.400002,-266.559998,0.308352,0.812928,-0.317696,504,720,708,0.634450774415951
2024-04-25 14:15:54.185000+00:00,2024-04-25 14:15:30+00:00,2024-04-25 14:17:30+00:00,TABUENCA01-45,Sensoria-C1-E90A,Left,Gait,1.0.5,40.3887119,-3.6292984,F0:75:B1:51:59:F6,SCKS,0.0,0.9375,-0.25,-4.48,-40.32,-23.52,0.355072,0.691456,-0.196224,507,406,590,0.9702609185162515
2024-04-25 14:15:54.194000+00:00,2024-04-25 14:15:30+00:00,2024-04-25 14:17:30+00:00,TABUENCA01-45,Sensoria-C1-EEA1,Right,Gait,1.0.5,40.3887119,-3.6292984,CB:AA:BC:3F:36:A5,SCKS,-0.445313,0.605469,-0.074219,61.599998,-97.440002,-305.76001,0.252288,0.803584,-0.299008,503,719,707,0.7552515063811525
2024-04-25 14:15:54.210000+00:00,2024-04-25 14:15:30+00:00,2024-04-25 14:17:30+00:00,TABUENCA01-45,Sensoria-C1-EEA1,Right,Gait,1.0.5,40.3887119,-3.6292984,CB:AA:BC:3F:36:A5,SCKS,-0.449219,0.906251,-0.121094,58.240002,-97.440002,-339.360016,0.196224,0.803584,-0.299008,503,718,706,1.0187013015589998
2024-04-25 14:15:54.217000+00:00,2024-04-25 14:15:30+00:00,2024-04-25 14:17:30+00:00,TABUENCA01-45,Sensoria-C1-E90A,Left,Gait,1.0.5,40.3887119,-3.6292984,F0:75:B1:51:59:F6,SCKS,0.0,0.9375,-0.25,-7.84,-39.200001,-23.52,0.355072,0.7008,-0.18688,500,395,623,0.9702609185162515
2024-04-25 14:15:54.226000+00:00,2024-04-25 14:15:30+00:00,2024-04-25 14:17:30+00:00,TABUENCA01-45,Sensoria-C1-EEA1,Right,Gait,1.0.5,40.3887119,-3.6292984,CB:AA:BC:3F:36:A5,SCKS,-0.425782,1.234376,-0.105469,45.920002,-86.239998,-368.480011,0.196224,0.803584,-0.299008,504,717,706,1.3099992865879735
2024-04-25 14:15:54.250000+00:00,2024-04-25 14:15:30+00:00,2024-04-25 14:17:30+00:00,TABUENCA01-45,Sensoria-C1-E90A,Left,Gait,1.0.5,40.3887119,-3.6292984,F0:75:B1:51:59:F6,SCKS,-0.03125,0.9375,-0.21875,-7.84,-41.439999,-23.52,0.345728,0.7008,-0.18688,491,383,650,0.9631896879639026
2024-04-25 14:15:54.258000+00:00,2024-04-25 14:15:30+00:00,2024-04-25 14:17:30+00:00,TABUENCA01-45,Sensoria-C1-EEA1,Right,Gait,1.0.5,40.3887119,-3.6292984,CB:AA:BC:3F:36:A5,SCKS,-0.398438,1.69922,-0.054688,29.120001,-57.119999,-393.119995,0.130816,0.775552,-0.289664,503,716,707,1.7461650052580941
2024-04-25 14:15:54.274000+00:00,2024-04-25 14:15:30+00:00,2024-04-25 14:17:30+00:00,TABUENCA01-45,Sensoria-C1-EEA1,Right,Gait,1.0.5,40.3887119,-3.6292984,CB:AA:BC:3F:36:A5,SCKS,-0.359375,1.996095,0.066406,23.52,-8.96,-392.0,0.065408,0.74752,-0.289664,502,715,705,2.0292745985908365
2024-04-25 14:15:54.298000+00:00,2024-04-25 14:15:30+00:00,2024-04-25 14:17:30+00:00,TABUENCA01-45,Sensoria-C1-E90A,Left,Gait,1.0.5,40.3887119,-3.6292984,F0:75:B1:51:59:F6,SCKS,-0.03125,0.9375,-0.15625,-4.48,-36.959999,-29.120001,0.345728,0.710144,-0.18688,482,368,669,0.9509452534189337
2024-04-25 14:15:54.307000+00:00,2024-04-25 14:15:30+00:00,2024-04-25 14:17:30+00:00,TABUENCA01-45,Sensoria-C1-EEA1,Right,Gait,1.0.5,40.3887119,-3.6292984,CB:AA:BC:3F:36:A5,SCKS,1.003907,1.996095,-0.046875,59.360001,-43.68,-414.399994,-0.037376,0.644736,-0.28032,503,716,707,2.2348203013439356
2024-04-25 14:15:54.315000+00:00,2024-04-25 14:15:30+00:00,2024-04-25 14:17:30+00:00,TABUENCA01-45,Sensoria-C1-E90A,Left,Gait,1.0.5,40.3887119,-3.6292984,F0:75:B1:51:59:F6,SCKS,-0.03125,0.968749,-0.15625,-1.12,-32.48,-36.959999,0.32704,0.719488,-0.177536,470,353,683,0.9817663927844545
2024-04-25 14:15:54.324000+00:00,2024-04-25 14:15:30+00:00,2024-04-25 14:17:30+00:00,TABUENCA01-45,Sensoria-C1-EEA1,Right,Gait,1.0.5,40.3887119,-3.6292984,CB:AA:BC:3F:36:A5,SCKS,1.996095,1.996095,-0.496094,52.639999,-25.76,-379.679993,-0.065408,0.588672,-0.289664,503,717,706,2.866164641971218
2024-04-25 14:15:54.331000+00:00,2024-04-25 14:15:30+00:00,2024-04-25 14:17:30+00:00,TABUENCA01-45,Sensoria-C1-E90A,Left,Gait,1.0.5,40.3887119,-3.6292984,F0:75:B1:51:59:F6,SCKS,0.03125,1.062499,-0.1875,1.12,-26.880001,-49.279999,0.32704,0.719488,-0.168192,452,333,694,1.0793687680774353
2024-04-25 14:15:54.356000+00:00,2024-04-25 14:15:30+00:00,2024-04-25 14:17:30+00:00,TABUENCA01-45,Sensoria-C1-EEA1,Right,Gait,1.0.5,40.3887119,-3.6292984,CB:AA:BC:3F:36:A5,SCKS,1.996095,1.621095,0.226563,72.800003,29.120001,-180.320007,-0.084096,0.551296,-0.270976,501,717,708,2.581409506649226
2024-04-25 14:15:54.364000+00:00,2024-04-25 14:15:30+00:00,2024-04-25 14:17:30+00:00,TABUENCA01-45,Sensoria-C1-E90A,Left,Gait,1.0.5,40.3887119,-3.6292984,F0:75:B1:51:59:F6,SCKS,0.0625,1.218749,-0.0625,3.36,-21.280001,-91.840004,0.299008,0.738176,-0.177536,427,303,712,1.221949927370594
2024-04-25 14:15:54.373000+00:00,2024-04-25 14:15:30+00:00,2024-04-25 14:17:30+00:00,TABUENCA01-45,Sensoria-C1-EEA1,Right,Gait,1.0.5,40.3887119,-3.6292984,CB:AA:BC:3F:36:A5,SCKS,1.996095,1.820314,0.746094,49.279999,48.16,-48.16,-0.084096,0.551296,-0.270976,499,718,710,2.8026049604710614
2024-04-25 14:15:54.389000+00:00,2024-04-25 14:15:30+00:00,2024-04-25 14:17:30+00:00,TABUENCA01-45,Sensoria-C1-EEA1,Right,Gait,1.0.5,40.3887119,-3.6292984,CB:AA:BC:3F:36:A5,SCKS,1.992189,1.921876,1.101563,-5.6,-19.040001,107.520004,-0.084096,0.541952,-0.28032,498,719,714,2.9792390662828656
2024-04-25 14:15:54.397000+00:00,2024-04-25 14:15:30+00:00,2024-04-25 14:17:30+00:00,TABUENCA01-45,Sensoria-C1-E90A,Left,Gait,1.0.5,40.3887119,-3.6292984,F0:75:B1:51:59:F6,SCKS,0.21875,1.406249,-0.3125,7.84,-13.440001,-124.32,0.28032,0.74752,-0.177536,415,294,718,1.4570669382361952
2024-04-25 14:15:54.405000+00:00,2024-04-25 14:15:30+00:00,2024-04-25 14:17:30+00:00,TABUENCA01-45,Sensoria-C1-EEA1,Right,Gait,1.0.5,40.3887119,-3.6292984,CB:AA:BC:3F:36:A5,SCKS,-2.000001,1.707032,-0.191406,11.2,-123.199997,107.520004,-0.074752,0.56064,-0.270976,499,717,706,2.6363987759557546
2024-04-25 14:15:54.429000+00:00,2024-04-25 14:15:30+00:00,2024-04-25 14:17:30+00:00,TABUENCA01-45,Sensoria-C1-E90A,Left,Gait,1.0.5,40.3887119,-3.6292984,F0:75:B1:51:59:F6,SCKS,0.34375,1.718749,-0.15625,5.6,-25.76,-162.399994,0.2336,0.766208,-0.177536,427,309,718,1.759737551455046
2024-04-25 14:15:54.438000+00:00,2024-04-25 14:15:30+00:00,2024-04-25 14:17:30+00:00,TABUENCA01-45,Sensoria-C1-EEA1,Right,Gait,1.0.5,40.3887119,-3.6292984,CB:AA:BC:3F:36:A5,SCKS,-1.074219,0.898438,1.550782,38.080002,-193.759995,161.279999,-0.084096,0.588672,-0.299008,509,718,673,2.0895124099485507
2024-04-25 14:15:54.454000+00:00,2024-04-25 14:15:30+00:00,2024-04-25 14:17:30+00:00,TABUENCA01-45,Sensoria-C1-EEA1,Right,Gait,1.0.5,40.3887119,-3.6292984,CB:AA:BC:3F:36:A5,SCKS,0.964844,1.992189,0.105469,71.68,-156.800003,275.519989,-0.065408,0.626048,-0.317696,516,723,615,2.2160470811826176
2024-04-25 14:15:54.461000+00:00,2024-04-25 14:15:30+00:00,2024-04-25 14:17:30+00:00,TABUENCA01-45,Sensoria-C1-E90A,Left,Gait,1.0.5,40.3887119,-3.6292984,F0:75:B1:51:59:F6,SCKS,0.999999,2.343749,0.0625,-12.32,-41.439999,-207.199997,0.196224,0.784896,-0.168192,475,357,717,2.548933821228397
2024-04-25 14:15:54.470000+00:00,2024-04-25 14:15:30+00:00,2024-04-25 14:17:30+00:00,TABUENCA01-45,Sensoria-C1-EEA1,Right,Gait,1.0.5,40.3887119,-3.6292984,CB:AA:BC:3F:36:A5,SCKS,0.261719,1.531251,-0.347656,48.16,39.200001,241.919998,-0.065408,0.626048,-0.317696,521,724,534,1.5918828959122588
2024-04-25 14:15:54.486000+00:00,2024-04-25 14:15:30+00:00,2024-04-25 14:17:30+00:00,TABUENCA01-45,Sensoria-C1-EEA1,Right,Gait,1.0.5,40.3887119,-3.6292984,CB:AA:BC:3F:36:A5,SCKS,0.503907,1.500001,-0.675782,62.720001,19.040001,211.680008,-0.04672,0.663424,-0.308352,519,723,459,1.720641326998163
2024-04-25 14:15:54.510000+00:00,2024-04-25 14:15:30+00:00,2024-04-25 14:17:30+00:00,TABUENCA01-45,Sensoria-C1-E90A,Left,Gait,1.0.5,40.3887119,-3.6292984,F0:75:B1:51:59:F6,SCKS,0.71875,1.968749,-0.21875,-69.440002,-123.199997,-210.559998,0.149504,0.79424,-0.18688,526,400,715,2.107231774153237
2024-04-25 14:15:54.519000+00:00,2024-04-25 14:15:30+00:00,2024-04-25 14:17:30+00:00,TABUENCA01-45,Sensoria-C1-EEA1,Right,Gait,1.0.5,40.3887119,-3.6292984,CB:AA:BC:3F:36:A5,SCKS,0.316406,0.984376,0.117188,-25.76,48.16,211.680008,-0.018688,0.691456,-0.308352,506,727,408,1.0405968929205969
2024-04-25 14:15:54.526000+00:00,2024-04-25 14:15:30+00:00,2024-04-25 14:17:30+00:00,TABUENCA01-45,Sensoria-C1-E90A,Left,Gait,1.0.5,40.3887119,-3.6292984,F0:75:B1:51:59:F6,SCKS,0.71875,2.281249,-1.093749,-3.36,-59.360001,-271.040009,0.102784,0.79424,-0.18688,585,471,713,2.630016242820945
2024-04-25 14:15:54.551000+00:00,2024-04-25 14:15:30+00:00,2024-04-25 14:17:30+00:00,TABUENCA01-45,Sensoria-C1-EEA1,Right,Gait,1.0.5,40.3887119,-3.6292984,CB:AA:BC:3F:36:A5,SCKS,0.382813,1.050782,0.105469,3.36,15.68,147.839996,0.0,0.710144,-0.289664,484,725,376,1.123304194977478
2024-04-25 14:15:54.552000+00:00,2024-04-25 14:15:30+00:00,2024-04-25 14:17:30+00:00,TABUENCA01-45,Sensoria-C1-EEA1,Right,Gait,1.0.5,40.3887119,-3.6292984,CB:AA:BC:3F:36:A5,SCKS,-0.105469,0.906251,-0.027344,-2.24,22.4,126.559998,0.018688,0.719488,-0.299008,458,706,358,0.9127772342132554
2024-04-25 14:15:54.559000+00:00,2024-04-25 14:15:30+00:00,2024-04-25 14:17:30+00:00,TABUENCA01-45,Sensoria-C1-E90A,Left,Gait,1.0.5,40.3887119,-3.6292984,F0:75:B1:51:59:F6,SCKS,0.78125,0.71875,-0.46875,19.040001,7.84,-236.320007,0.04672,0.79424,-0.177536,652,533,714,1.1604652892266965
2024-04-25 14:15:54.568000+00:00,2024-04-25 14:15:30+00:00,2024-04-25 14:17:30+00:00,TABUENCA01-45,Sensoria-C1-EEA1,Right,Gait,1.0.5,40.3887119,-3.6292984,CB:AA:BC:3F:36:A5,SCKS,-0.019531,1.007813,0.105469,-6.72,4.48,98.559998,0.018688,0.719488,-0.299008,435,679,351,1.0135049150798432
2024-04-25 14:15:54.584000+00:00,2024-04-25 14:15:30+00:00,2024-04-25 14:17:30+00:00,TABUENCA01-45,Sensoria-C1-EEA1,Right,Gait,1.0.5,40.3887119,-3.6292984,CB:AA:BC:3F:36:A5,SCKS,0.003906,1.062501,-0.03125,4.48,-4.48,73.919998,0.028032,0.728832,-0.299008,412,653,352,1.0629676356018558
2024-04-25 14:15:54.609000+00:00,2024-04-25 14:15:30+00:00,2024-04-25 14:17:30+00:00,TABUENCA01-45,Sensoria-C1-E90A,Left,Gait,1.0.5,40.3887119,-3.6292984,F0:75:B1:51:59:F6,SCKS,-0.9375,0.46875,-0.625,5.6,-76.160004,-119.840004,-0.018688,0.784896,-0.177536,685,553,714,1.2203515118604147
2024-04-25 14:15:54.617000+00:00,2024-04-25 14:15:30+00:00,2024-04-25 14:17:30+00:00,TABUENCA01-45,Sensoria-C1-EEA1,Right,Gait,1.0.5,40.3887119,-3.6292984,CB:AA:BC:3F:36:A5,SCKS,0.023438,0.988282,0.066406,-1.12,7.84,58.240002,0.037376,0.738176,-0.289664,395,629,360,0.9907877715252645
2024-04-25 14:15:54.624000+00:00,2024-04-25 14:15:30+00:00,2024-04-25 14:17:30+00:00,TABUENCA01-45,Sensoria-C1-E90A,Left,Gait,1.0.5,40.3887119,-3.6292984,F0:75:B1:51:59:F6,SCKS,1.156249,0.09375,-0.1875,8.96,-168.0,88.480003,-0.018688,0.784896,-0.18688,700,559,712,1.1750987458511732
2024-04-25 14:15:54.634000+00:00,2024-04-25 14:15:30+00:00,2024-04-25 14:17:30+00:00,TABUENCA01-45,Sensoria-C1-EEA1,Right,Gait,1.0.5,40.3887119,-3.6292984,CB:AA:BC:3F:36:A5,SCKS,-0.039063,1.031251,-0.066406,3.36,2.24,44.799999,0.037376,0.738176,-0.289664,382,614,374,1.0341248956513907
2024-04-25 14:15:54.649000+00:00,2024-04-25 14:15:30+00:00,2024-04-25 14:17:30+00:00,TABUENCA01-45,Sensoria-C1-EEA1,Right,Gait,1.0.5,40.3887119,-3.6292984,CB:AA:BC:3F:36:A5,SCKS,-0.015625,0.992188,-0.109375,1.12,16.799999,43.68,0.04672,0.738176,-0.28032,371,602,394,0.9983206191369584
2024-04-25 14:15:54.657000+00:00,2024-04-25 14:15:30+00:00,2024-04-25 14:17:30+00:00,TABUENCA01-45,Sensoria-C1-E90A,Left,Gait,1.0.5,40.3887119,-3.6292984,F0:75:B1:51:59:F6,SCKS,0.8125,0.0,0.09375,-16.799999,-7.84,152.320007,0.009344,0.79424,-0.196224,707,560,711,0.8178907705189
2024-04-25 14:15:54.665000+00:00,2024-04-25 14:15:30+00:00,2024-04-25 14:17:30+00:00,TABUENCA01-45,Sensoria-C1-EEA1,Right,Gait,1.0.5,40.3887119,-3.6292984,CB:AA:BC:3F:36:A5,SCKS,-0.003906,0.953126,-0.09375,-3.36,17.92,42.560001,0.04672,0.738176,-0.28032,362,594,419,0.9577335178493024
2024-04-25 14:15:54.673000+00:00,2024-04-25 14:15:30+00:00,2024-04-25 14:17:30+00:00,TABUENCA01-45,Sensoria-C1-E90A,Left,Gait,1.0.5,40.3887119,-3.6292984,F0:75:B1:51:59:F6,SCKS,0.25,0.09375,0.0625,-17.92,61.599998,207.199997,0.037376,0.79424,-0.205568,709,559,708,0.27421763710600383
2024-04-25 14:15:54.698000+00:00,2024-04-25 14:15:30+00:00,2024-04-25 14:17:30+00:00,TABUENCA01-45,Sensoria-C1-EEA1,Right,Gait,1.0.5,40.3887119,-3.6292984,CB:AA:BC:3F:36:A5,SCKS,0.042969,0.949219,-0.050781,-3.36,21.280001,39.200001,0.04672,0.74752,-0.289664,355,587,445,0.9515470324072268
2024-04-25 14:15:54.706000+00:00,2024-04-25 14:15:30+00:00,2024-04-25 14:17:30+00:00,TABUENCA01-45,Sensoria-C1-E90A,Left,Gait,1.0.5,40.3887119,-3.6292984,F0:75:B1:51:59:F6,SCKS,0.375,0.6875,-0.28125,-10.08,52.639999,305.76001,0.130816,0.784896,-0.205568,711,557,707,0.8320954347308968
2024-04-25 14:15:54.714000+00:00,2024-04-25 14:15:30+00:00,2024-04-25 14:17:30+00:00,TABUENCA01-45,Sensoria-C1-EEA1,Right,Gait,1.0.5,40.3887119,-3.6292984,CB:AA:BC:3F:36:A5,SCKS,0.015625,0.953126,-0.023438,-5.6,20.16,33.599998,0.056064,0.74752,-0.28032,347,582,471,0.9535421607590301
2024-04-25 14:15:54.730000+00:00,2024-04-25 14:15:30+00:00,2024-04-25 14:17:30+00:00,TABUENCA01-45,Sensoria-C1-EEA1,Right,Gait,1.0.5,40.3887119,-3.6292984,CB:AA:BC:3F:36:A5,SCKS,0.027344,0.972657,-0.085938,-3.36,13.440001,33.599998,0.065408,0.756864,-0.289664,340,576,495,0.9768288866679773
2024-04-25 14:15:54.738000+00:00,2024-04-25 14:15:30+00:00,2024-04-25 14:17:30+00:00,TABUENCA01-45,Sensoria-C1-E90A,Left,Gait,1.0.5,40.3887119,-3.6292984,F0:75:B1:51:59:F6,SCKS,0.21875,0.968749,-0.21875,-19.040001,53.760002,348.320007,0.196224,0.784896,-0.205568,709,556,705,1.0169453033477267
2024-04-25 14:15:54.747000+00:00,2024-04-25 14:15:30+00:00,2024-04-25 14:17:30+00:00,TABUENCA01-45,Sensoria-C1-EEA1,Right,Gait,1.0.5,40.3887119,-3.6292984,CB:AA:BC:3F:36:A5,SCKS,0.046875,0.964844,-0.105469,-6.72,12.32,34.720001,0.065408,0.756864,-0.28032,332,570,518,0.9717226558653452
2024-04-25 14:15:54.770000+00:00,2024-04-25 14:15:30+00:00,2024-04-25 14:17:30+00:00,TABUENCA01-45,Sensoria-C1-E90A,Left,Gait,1.0.5,40.3887119,-3.6292984,F0:75:B1:51:59:F6,SCKS,0.3125,1.437499,-0.25,-15.68,45.920002,387.519989,0.261632,0.756864,-0.196224,709,553,705,1.4921660849252003
2024-04-25 14:15:54.794000+00:00,2024-04-25 14:15:30+00:00,2024-04-25 14:17:30+00:00,TABUENCA01-45,Sensoria-C1-EEA1,Right,Gait,1.0.5,40.3887119,-3.6292984,CB:AA:BC:3F:36:A5,SCKS,0.046875,0.964844,-0.054688,-7.84,14.56,35.84,0.074752,0.756864,-0.289664,324,564,538,0.967528804380004
2024-04-25 14:15:54.802000+00:00,2024-04-25 14:15:30+00:00,2024-04-25 14:17:30+00:00,TABUENCA01-45,Sensoria-C1-E90A,Left,Gait,1.0.5,40.3887119,-3.6292984,F0:75:B1:51:59:F6,SCKS,0.375,2.218749,-0.25,-6.72,53.760002,412.160004,0.383104,0.672768,-0.214912,710,553,702,2.2640609808485723
2024-04-25 14:15:54.810000+00:00,2024-04-25 14:15:30+00:00,2024-04-25 14:17:30+00:00,TABUENCA01-45,Sensoria-C1-EEA1,Right,Gait,1.0.5,40.3887119,-3.6292984,CB:AA:BC:3F:36:A5,SCKS,0.019531,0.941407,-0.007813,-7.84,15.68,39.200001,0.074752,0.756864,-0.289664,313,557,560,0.9416419927865367
2024-04-25 14:15:54.826000+00:00,2024-04-25 14:15:30+00:00,2024-04-25 14:17:30+00:00,TABUENCA01-45,Sensoria-C1-EEA1,Right,Gait,1.0.5,40.3887119,-3.6292984,CB:AA:BC:3F:36:A5,SCKS,0.011719,0.921876,0.039063,-5.6,10.08,44.799999,0.084096,0.756864,-0.289664,301,547,577,0.9227776613605252
2024-04-25 14:15:54.828000+00:00,2024-04-25 14:15:30+00:00,2024-04-25 14:17:30+00:00,TABUENCA01-45,Sensoria-C1-EEA1,Right,Gait,1.0.5,40.3887119,-3.6292984,CB:AA:BC:3F:36:A5,SCKS,0.015625,0.957032,0.007813,-4.48,2.24,52.639999,0.084096,0.766208,-0.289664,290,535,595,0.9571914294528551
2024-04-25 14:15:54.835000+00:00,2024-04-25 14:15:30+00:00,2024-04-25 14:17:30+00:00,TABUENCA01-45,Sensoria-C1-E90A,Left,Gait,1.0.5,40.3887119,-3.6292984,F0:75:B1:51:59:F6,SCKS,-0.09375,2.937498,-0.40625,13.440001,92.959999,428.959991,0.439168,0.60736,-0.242944,710,553,701,2.966938257700015
2024-04-25 14:15:54.844000+00:00,2024-04-25 14:15:30+00:00,2024-04-25 14:17:30+00:00,TABUENCA01-45,Sensoria-C1-EEA1,Right,Gait,1.0.5,40.3887119,-3.6292984,CB:AA:BC:3F:36:A5,SCKS,0.046875,1.042969,-0.023438,-3.36,-5.6,61.599998,0.09344,0.766208,-0.270976,278,522,616,1.044284894284122
2024-04-25 14:15:54.867000+00:00,2024-04-25 14:15:30+00:00,2024-04-25 14:17:30+00:00,TABUENCA01-45,Sensoria-C1-E90A,Left,Gait,1.0.5,40.3887119,-3.6292984,F0:75:B1:51:59:F6,SCKS,-0.75,3.124998,-0.625,-28.0,53.760002,418.880005,0.485888,0.541952,-0.242944,708,552,702,3.2739483044183824
2024-04-25 14:15:54.877000+00:00,2024-04-25 14:15:30+00:00,2024-04-25 14:17:30+00:00,TABUENCA01-45,Sensoria-C1-EEA1,Right,Gait,1.0.5,40.3887119,-3.6292984,CB:AA:BC:3F:36:A5,SCKS,0.058594,1.042969,0.035156,1.12,-10.08,68.32,0.102784,0.766208,-0.28032,265,508,641,1.0452050211001669
2024-04-25 14:15:54.893000+00:00,2024-04-25 14:15:30+00:00,2024-04-25 14:17:30+00:00,TABUENCA01-45,Sensoria-C1-EEA1,Right,Gait,1.0.5,40.3887119,-3.6292984,CB:AA:BC:3F:36:A5,SCKS,-0.019531,1.148438,-0.003906,5.6,-15.68,77.279999,0.102784,0.766208,-0.28032,251,493,664,1.148610707176718
2024-04-25 14:15:54.901000+00:00,2024-04-25 14:15:30+00:00,2024-04-25 14:17:30+00:00,TABUENCA01-45,Sensoria-C1-E90A,Left,Gait,1.0.5,40.3887119,-3.6292984,F0:75:B1:51:59:F6,SCKS,-2.718749,1.906249,-0.78125,22.4,89.599998,278.880005,0.51392,0.485888,-0.261632,706,552,706,3.4111190154408275
2024-04-25 14:15:54.909000+00:00,2024-04-25 14:15:30+00:00,2024-04-25 14:17:30+00:00,TABUENCA01-45,Sensoria-C1-EEA1,Right,Gait,1.0.5,40.3887119,-3.6292984,CB:AA:BC:3F:36:A5,SCKS,0.003906,1.203126,0.035156,4.48,-22.4,94.080002,0.121472,0.775552,-0.28032,241,478,685,1.2036458669592147
2024-04-25 14:15:54.925000+00:00,2024-04-25 14:15:30+00:00,2024-04-25 14:17:30+00:00,TABUENCA01-45,Sensoria-C1-EEA1,Right,Gait,1.0.5,40.3887119,-3.6292984,CB:AA:BC:3F:36:A5,SCKS,-0.011719,1.250001,0.046875,5.6,-31.360001,110.879997,0.130816,0.784896,-0.289664,231,468,702,1.250934490925484
2024-04-25 14:15:54.933000+00:00,2024-04-25 14:15:30+00:00,2024-04-25 14:17:30+00:00,TABUENCA01-45,Sensoria-C1-E90A,Left,Gait,1.0.5,40.3887119,-3.6292984,F0:75:B1:51:59:F6,SCKS,-3.562498,1.343749,-0.53125,33.599998,-62.720001,78.400002,0.523264,0.457856,-0.261632,703,552,712,3.844382907243372
2024-04-25 14:15:54.958000+00:00,2024-04-25 14:15:30+00:00,2024-04-25 14:17:30+00:00,TABUENCA01-45,Sensoria-C1-EEA1,Right,Gait,1.0.5,40.3887119,-3.6292984,CB:AA:BC:3F:36:A5,SCKS,0.0,1.429689,-0.214844,2.24,-32.48,126.559998,0.149504,0.784896,-0.28032,222,464,713,1.4457415332821424
2024-04-25 14:15:54.966000+00:00,2024-04-25 14:15:30+00:00,2024-04-25 14:17:30+00:00,TABUENCA01-45,Sensoria-C1-E90A,Left,Gait,1.0.5,40.3887119,-3.6292984,F0:75:B1:51:59:F6,SCKS,2.781249,1.531249,0.46875,43.68,54.880001,-166.880005,0.51392,0.485888,-0.252288,704,551,712,3.209329534731826
2024-04-25 14:15:54.973000+00:00,2024-04-25 14:15:30+00:00,2024-04-25 14:17:30+00:00,TABUENCA01-45,Sensoria-C1-EEA1,Right,Gait,1.0.5,40.3887119,-3.6292984,CB:AA:BC:3F:36:A5,SCKS,-0.015625,1.472657,-0.039063,-5.6,-7.84,152.320007,0.177536,0.79424,-0.28032,217,466,718,1.4732578519196835
2024-04-25 14:15:54.989000+00:00,2024-04-25 14:15:30+00:00,2024-04-25 14:17:30+00:00,TABUENCA01-45,Sensoria-C1-EEA1,Right,Gait,1.0.5,40.3887119,-3.6292984,CB:AA:BC:3F:36:A5,SCKS,-0.34375,1.898439,0.054688,-12.32,15.68,171.360001,0.177536,0.79424,-0.28032,215,478,721,1.9300843185117587
2024-04-25 14:15:54.997000+00:00,2024-04-25 14:15:30+00:00,2024-04-25 14:17:30+00:00,TABUENCA01-45,Sensoria-C1-E90A,Left,Gait,1.0.5,40.3887119,-3.6292984,F0:75:B1:51:59:F6,SCKS,-1.312499,1.312499,0.9375,54.880001,247.520004,-230.720001,0.504576,0.504576,-0.28032,712,554,682,2.079474332614375
2024-04-25 14:15:55.006000+00:00,2024-04-25 14:15:30+00:00,2024-04-25 14:17:30+00:00,TABUENCA01-45,Sensoria-C1-EEA1,Right,Gait,1.0.5,40.3887119,-3.6292984,CB:AA:BC:3F:36:A5,SCKS,-0.761719,1.996095,0.375,-32.48,58.240002,193.759995,0.205568,0.803584,-0.270976,220,501,722,2.1691556154379517
2024-04-25 14:15:55.013000+00:00,2024-04-25 14:15:30+00:00,2024-04-25 14:17:30+00:00,TABUENCA01-45,Sensoria-C1-E90A,Left,Gait,1.0.5,40.3887119,-3.6292984,F0:75:B1:51:59:F6,SCKS,-0.53125,1.874999,-0.1875,119.840004,41.439999,-218.399994,0.476544,0.551296,-0.299008,714,564,543,1.9578059307553954
2024-04-25 14:15:55.038000+00:00,2024-04-25 14:15:30+00:00,2024-04-25 14:17:30+00:00,TABUENCA01-45,Sensoria-C1-EEA1,Right,Gait,1.0.5,40.3887119,-3.6292984,CB:AA:BC:3F:36:A5,SCKS,-1.097657,1.996095,0.5625,-57.119999,90.720001,227.360001,0.242944,0.812928,-0.299008,232,522,719,2.3464126637644114
2024-04-25 14:15:55.046000+00:00,2024-04-25 14:15:30+00:00,2024-04-25 14:17:30+00:00,TABUENCA01-45,Sensoria-C1-E90A,Left,Gait,1.0.5,40.3887119,-3.6292984,F0:75:B1:51:59:F6,SCKS,-1.249999,1.937499,0.25,122.080002,75.040001,-184.800003,0.429824,0.626048,-0.289664,703,570,421,2.319245540041416
2024-04-25 14:15:55.055000+00:00,2024-04-25 14:15:30+00:00,2024-04-25 14:17:30+00:00,TABUENCA01-45,Sensoria-C1-EEA1,Right,Gait,1.0.5,40.3887119,-3.6292984,CB:AA:BC:3F:36:A5,SCKS,-0.457032,1.996095,-0.175781,-24.639999,41.439999,275.519989,0.299008,0.79424,-0.289664,264,559,720,2.0552791679015288
2024-04-25 14:15:55.071000+00:00,2024-04-25 14:15:30+00:00,2024-04-25 14:17:30+00:00,TABUENCA01-45,Sensoria-C1-EEA1,Right,Gait,1.0.5,40.3887119,-3.6292984,CB:AA:BC:3F:36:A5,SCKS,-0.480469,1.996095,-0.597657,-7.84,-30.24,304.640015,0.355072,0.79424,-0.299008,318,610,720,2.1383263545668143
2024-04-25 14:15:55.078000+00:00,2024-04-25 14:15:30+00:00,2024-04-25 14:17:30+00:00,TABUENCA01-45,Sensoria-C1-E90A,Left,Gait,1.0.5,40.3887119,-3.6292984,F0:75:B1:51:59:F6,SCKS,-0.1875,1.031249,-0.125,63.84,-84.0,-119.840004,0.42048,0.65408,-0.270976,676,558,365,1.0555831326811735
2024-04-25 14:15:55.087000+00:00,2024-04-25 14:15:30+00:00,2024-04-25 14:17:30+00:00,TABUENCA01-45,Sensoria-C1-EEA1,Right,Gait,1.0.5,40.3887119,-3.6292984,CB:AA:BC:3F:36:A5,SCKS,-0.398438,1.19922,-0.675782,10.08,-48.16,318.079987,0.355072,0.79424,-0.299008,387,660,720,1.4330257359056744
2024-04-25 14:15:55.104000+00:00,2024-04-25 14:15:30+00:00,2024-04-25 14:17:30+00:00,TABUENCA01-45,Sensoria-C1-EEA1,Right,Gait,1.0.5,40.3887119,-3.6292984,CB:AA:BC:3F:36:A5,SCKS,-0.523438,0.414063,-0.40625,10.08,23.52,231.839996,0.392448,0.79424,-0.289664,441,692,719,0.7813287210342392
2024-04-25 14:15:55.111000+00:00,2024-04-25 14:15:30+00:00,2024-04-25 14:17:30+00:00,TABUENCA01-45,Sensoria-C1-E90A,Left,Gait,1.0.5,40.3887119,-3.6292984,F0:75:B1:51:59:F6,SCKS,0.0625,0.9375,-0.1875,31.360001,-58.240002,-67.199997,0.392448,0.663424,-0.242944,644,534,350,0.9581068572972432
2024-04-25 14:15:55.136000+00:00,2024-04-25 14:15:30+00:00,2024-04-25 14:17:30+00:00,TABUENCA01-45,Sensoria-C1-EEA1,Right,Gait,1.0.5,40.3887119,-3.6292984,CB:AA:BC:3F:36:A5,SCKS,0.574219,0.589844,-0.691407,25.76,145.600006,145.600006,0.42048,0.784896,-0.299008,471,708,718,1.0750288572619806
2024-04-25 14:15:55.144000+00:00,2024-04-25 14:15:30+00:00,2024-04-25 14:17:30+00:00,TABUENCA01-45,Sensoria-C1-E90A,Left,Gait,1.0.5,40.3887119,-3.6292984,F0:75:B1:51:59:F6,SCKS,0.125,0.968749,-0.21875,21.280001,-42.560001,-36.959999,0.392448,0.672768,-0.242944,619,506,353,1.0009751183226285
2024-04-25 14:15:55.153000+00:00,2024-04-25 14:15:30+00:00,2024-04-25 14:17:30+00:00,TABUENCA01-45,Sensoria-C1-EEA1,Right,Gait,1.0.5,40.3887119,-3.6292984,CB:AA:BC:3F:36:A5,SCKS,-1.125001,0.40625,-0.476563,2.24,206.080002,2.24,0.439168,0.775552,-0.299008,488,715,716,1.2875475158105816
2024-04-25 14:15:55.169000+00:00,2024-04-25 14:15:30+00:00,2024-04-25 14:17:30+00:00,TABUENCA01-45,Sensoria-C1-EEA1,Right,Gait,1.0.5,40.3887119,-3.6292984,CB:AA:BC:3F:36:A5,SCKS,-1.035157,0.105469,-0.074219,-30.24,152.320007,-53.760002,0.429824,0.784896,-0.308352,493,720,713,1.0431597119190332
2024-04-25 14:15:55.176000+00:00,2024-04-25 14:15:30+00:00,2024-04-25 14:17:30+00:00,TABUENCA01-45,Sensoria-C1-E90A,Left,Gait,1.0.5,40.3887119,-3.6292984,F0:75:B1:51:59:F6,SCKS,0.09375,0.999999,-0.125,10.08,-43.68,-26.880001,0.383104,0.672768,-0.242944,596,483,374,1.012132433281831
2024-04-25 14:15:55.184000+00:00,2024-04-25 14:15:30+00:00,2024-04-25 14:17:30+00:00,TABUENCA01-45,Sensoria-C1-EEA1,Right,Gait,1.0.5,40.3887119,-3.6292984,CB:AA:BC:3F:36:A5,SCKS,-0.53125,-0.210938,0.128906,-13.440001,90.720001,-71.68,0.429824,0.784896,-0.317696,498,722,712,0.5859506456861363
2024-04-25 14:15:55.209000+00:00,2024-04-25 14:15:30+00:00,2024-04-25 14:17:30+00:00,TABUENCA01-45,Sensoria-C1-E90A,Left,Gait,1.0.5,40.3887119,-3.6292984,F0:75:B1:51:59:F6,SCKS,0.09375,0.9375,-0.21875,5.6,-45.920002,-22.4,0.37376,0.682112,-0.224256,567,454,432,0.967236721283885
2024-04-25 14:15:55.217000+00:00,2024-04-25 14:15:30+00:00,2024-04-25 14:17:30+00:00,TABUENCA01-45,Sensoria-C1-EEA1,Right,Gait,1.0.5,40.3887119,-3.6292984,CB:AA:BC:3F:36:A5,SCKS,-0.398438,-0.164063,0.0625,32.48,45.920002,-123.199997,0.42048,0.79424,-0.317696,498,723,712,0.43540298323851667
2024-04-25 14:15:55.234000+00:00,2024-04-25 14:15:30+00:00,2024-04-25 14:17:30+00:00,TABUENCA01-45,Sensoria-C1-EEA1,Right,Gait,1.0.5,40.3887119,-3.6292984,CB:AA:BC:3F:36:A5,SCKS,-0.570313,0.117188,-0.078125,48.16,24.639999,-174.720001,0.392448,0.803584,-0.317696,500,723,711,0.5874465600699352
2024-04-25 14:15:55.241000+00:00,2024-04-25 14:15:30+00:00,2024-04-25 14:17:30+00:00,TABUENCA01-45,Sensoria-C1-E90A,Left,Gait,1.0.5,40.3887119,-3.6292984,F0:75:B1:51:59:F6,SCKS,0.0625,0.9375,-0.21875,1.12,-39.200001,-22.4,0.37376,0.682112,-0.214912,553,438,481,0.9647093150270707
2024-04-25 14:15:55.249000+00:00,2024-04-25 14:15:30+00:00,2024-04-25 14:17:30+00:00,TABUENCA01-45,Sensoria-C1-EEA1,Right,Gait,1.0.5,40.3887119,-3.6292984,CB:AA:BC:3F:36:A5,SCKS,-0.5625,0.292969,-0.054688,45.920002,-7.84,-217.279999,0.345728,0.812928,-0.308352,500,722,709,0.6365751034284957
2024-04-25 14:15:55.266000+00:00,2024-04-25 14:15:30+00:00,2024-04-25 14:17:30+00:00,TABUENCA01-45,Sensoria-C1-EEA1,Right,Gait,1.0.5,40.3887119,-3.6292984,CB:AA:BC:3F:36:A5,SCKS,-0.457032,0.367188,-0.023438,48.16,-39.200001,-254.240005,0.308352,0.812928,-0.299008,499,722,709,0.586732150313923
2024-04-25 14:15:55.274000+00:00,2024-04-25 14:15:30+00:00,2024-04-25 14:17:30+00:00,TABUENCA01-45,Sensoria-C1-E90A,Left,Gait,1.0.5,40.3887119,-3.6292984,F0:75:B1:51:59:F6,SCKS,0.03125,0.9375,-0.21875,-3.36,-39.200001,-21.280001,0.364416,0.691456,-0.205568,539,424,528,0.9631896879639026
2024-04-25 14:15:55.306000+00:00,2024-04-25 14:15:30+00:00,2024-04-25 14:17:30+00:00,TABUENCA01-45,Sensoria-C1-E90A,Left,Gait,1.0.5,40.3887119,-3.6292984,F0:75:B1:51:59:F6,SCKS,0.03125,0.9375,-0.21875,-2.24,-34.720001,-24.639999,0.355072,0.691456,-0.205568,527,410,565,0.9631896879639026
2024-04-25 14:15:55.315000+00:00,2024-04-25 14:15:30+00:00,2024-04-25 14:17:30+00:00,TABUENCA01-45,Sensoria-C1-EEA1,Right,Gait,1.0.5,40.3887119,-3.6292984,CB:AA:BC:3F:36:A5,SCKS,-0.453125,0.984376,-0.082031,53.760002,-64.959999,-342.720001,0.18688,0.79424,-0.289664,500,720,709,1.0867600747000232
2024-04-25 14:15:55.331000+00:00,2024-04-25 14:15:30+00:00,2024-04-25 14:17:30+00:00,TABUENCA01-45,Sensoria-C1-EEA1,Right,Gait,1.0.5,40.3887119,-3.6292984,CB:AA:BC:3F:36:A5,SCKS,-0.433594,1.312501,-0.054688,43.68,-56.0,-370.720001,0.18688,0.79424,-0.289664,499,718,706,1.383348621707847
2024-04-25 14:15:55.339000+00:00,2024-04-25 14:15:30+00:00,2024-04-25 14:17:30+00:00,TABUENCA01-45,Sensoria-C1-E90A,Left,Gait,1.0.5,40.3887119,-3.6292984,F0:75:B1:51:59:F6,SCKS,0.0,0.9375,-0.1875,-2.24,-33.599998,-28.0,0.355072,0.7008,-0.205568,516,397,594,0.9560661587986472
2024-04-25 14:15:55.348000+00:00,2024-04-25 14:15:30+00:00,2024-04-25 14:17:30+00:00,TABUENCA01-45,Sensoria-C1-EEA1,Right,Gait,1.0.5,40.3887119,-3.6292984,CB:AA:BC:3F:36:A5,SCKS,-0.386719,1.832033,-0.003906,28.0,-25.76,-387.519989,0.121472,0.775552,-0.28032,499,718,708,1.8724080097259783
2024-04-25 14:15:55.355000+00:00,2024-04-25 14:15:30+00:00,2024-04-25 14:17:30+00:00,TABUENCA01-45,Sensoria-C1-E90A,Left,Gait,1.0.5,40.3887119,-3.6292984,F0:75:B1:51:59:F6,SCKS,0.0,0.9375,-0.1875,-1.12,-33.599998,-31.360001,0.345728,0.7008,-0.205568,504,380,619,0.9560661587986472
2024-04-25 14:15:55.364000+00:00,2024-04-25 14:15:30+00:00,2024-04-25 14:17:30+00:00,TABUENCA01-45,Sensoria-C1-EEA1,Right,Gait,1.0.5,40.3887119,-3.6292984,CB:AA:BC:3F:36:A5,SCKS,-0.351563,1.996095,0.121094,8.96,26.880001,-386.399994,0.065408,0.738176,-0.28032,498,716,707,2.030432355147543
2024-04-25 14:15:55.388000+00:00,2024-04-25 14:15:30+00:00,2024-04-25 14:17:30+00:00,TABUENCA01-45,Sensoria-C1-E90A,Left,Gait,1.0.5,40.3887119,-3.6292984,F0:75:B1:51:59:F6,SCKS,-0.03125,0.968749,-0.1875,0.0,-30.24,-35.84,0.336384,0.710144,-0.196224,489,359,640,0.9872220811453722
2024-04-25 14:15:55.397000+00:00,2024-04-25 14:15:30+00:00,2024-04-25 14:17:30+00:00,TABUENCA01-45,Sensoria-C1-EEA1,Right,Gait,1.0.5,40.3887119,-3.6292984,CB:AA:BC:3F:36:A5,SCKS,0.449219,1.996095,-0.070313,68.32,-17.92,-389.76001,0.009344,0.691456,-0.270976,498,717,706,2.0472266305797704
2024-04-25 14:15:55.414000+00:00,2024-04-25 14:15:30+00:00,2024-04-25 14:17:30+00:00,TABUENCA01-45,Sensoria-C1-EEA1,Right,Gait,1.0.5,40.3887119,-3.6292984,CB:AA:BC:3F:36:A5,SCKS,1.265626,1.996095,-0.101563,49.279999,-10.08,-392.0,-0.037376,0.644736,-0.28032,497,718,708,2.365696401457719
2024-04-25 14:15:55.421000+00:00,2024-04-25 14:15:30+00:00,2024-04-25 14:17:30+00:00,TABUENCA01-45,Sensoria-C1-E90A,Left,Gait,1.0.5,40.3887119,-3.6292984,F0:75:B1:51:59:F6,SCKS,0.0,0.999999,-0.1875,-2.24,-30.24,-40.32,0.32704,0.719488,-0.196224,470,339,658,1.0174253043840613
2024-04-25 14:15:55.429000+00:00,2024-04-25 14:15:30+00:00,2024-04-25 14:17:30+00:00,TABUENCA01-45,Sensoria-C1-EEA1,Right,Gait,1.0.5,40.3887119,-3.6292984,CB:AA:BC:3F:36:A5,SCKS,1.996095,1.996095,-0.261719,51.52,15.68,-341.600006,-0.037376,0.644736,-0.28032,498,717,710,2.8350109934550516
2024-04-25 14:15:55.445000+00:00,2024-04-25 14:15:30+00:00,2024-04-25 14:17:30+00:00,TABUENCA01-45,Sensoria-C1-EEA1,Right,Gait,1.0.5,40.3887119,-3.6292984,CB:AA:BC:3F:36:A5,SCKS,1.996095,1.656251,0.320313,64.959999,40.32,-208.320007,-0.074752,0.598016,-0.261632,498,720,710,2.6134580620310324
2024-04-25 14:15:55.453000+00:00,2024-04-25 14:15:30+00:00,2024-04-25 14:17:30+00:00,TABUENCA01-45,Sensoria-C1-E90A,Left,Gait,1.0.5,40.3887119,-3.6292984,F0:75:B1:51:59:F6,SCKS,0.0625,1.124999,-0.125,-1.12,-31.360001,-56.0,0.317696,0.728832,-0.18688,451,318,676,1.1336463293289492
2024-04-25 14:15:55.478000+00:00,2024-04-25 14:15:30+00:00,2024-04-25 14:17:30+00:00,TABUENCA01-45,Sensoria-C1-EEA1,Right,Gait,1.0.5,40.3887119,-3.6292984,CB:AA:BC:3F:36:A5,SCKS,1.996095,1.726564,0.5625,68.32,33.599998,-100.800003,-0.074752,0.56064,-0.252288,498,720,711,2.698485639228232
2024-04-25 14:15:55.485000+00:00,2024-04-25 14:15:30+00:00,2024-04-25 14:17:30+00:00,TABUENCA01-45,Sensoria-C1-E90A,Left,Gait,1.0.5,40.3887119,-3.6292984,F0:75:B1:51:59:F6,SCKS,0.0625,1.156249,-0.0625,4.48,-20.16,-82.879997,0.299008,0.738176,-0.196224,430,300,693,1.1596224601140668
2024-04-25 14:15:55.494000+00:00,2024-04-25 14:15:30+00:00,2024-04-25 14:17:30+00:00,TABUENCA01-45,Sensoria-C1-EEA1,Right,Gait,1.0.5,40.3887119,-3.6292984,CB:AA:BC:3F:36:A5,SCKS,1.996095,1.808595,1.101563,5.6,-8.96,61.599998,-0.074752,0.551296,-0.252288,495,719,713,2.9101292352778767
2024-04-25 14:15:55.511000+00:00,2024-04-25 14:15:30+00:00,2024-04-25 14:17:30+00:00,TABUENCA01-45,Sensoria-C1-EEA1,Right,Gait,1.0.5,40.3887119,-3.6292984,CB:AA:BC:3F:36:A5,SCKS,-0.105469,1.375001,0.121094,14.56,-134.399994,147.839996,-0.074752,0.569984,-0.270976,493,719,714,1.384346494486839
2024-04-25 14:15:55.527000+00:00,2024-04-25 14:15:30+00:00,2024-04-25 14:17:30+00:00,TABUENCA01-45,Sensoria-C1-EEA1,Right,Gait,1.0.5,40.3887119,-3.6292984,CB:AA:BC:3F:36:A5,SCKS,-2.000001,0.718751,0.929688,50.400002,-201.600006,64.959999,-0.084096,0.579328,-0.299008,500,718,695,2.3196824733885455
2024-04-25 14:15:55.534000+00:00,2024-04-25 14:15:30+00:00,2024-04-25 14:17:30+00:00,TABUENCA01-45,Sensoria-C1-E90A,Left,Gait,1.0.5,40.3887119,-3.6292984,F0:75:B1:51:59:F6,SCKS,0.1875,1.312499,-0.3125,15.68,-7.84,-113.120003,0.28032,0.74752,-0.18688,415,288,704,1.3621549563104045
2024-04-25 14:15:55.550000+00:00,2024-04-25 14:15:30+00:00,2024-04-25 14:17:30+00:00,TABUENCA01-45,Sensoria-C1-E90A,Left,Gait,1.0.5,40.3887119,-3.6292984,F0:75:B1:51:59:F6,SCKS,0.46875,1.906249,-0.1875,11.2,-22.4,-169.119995,0.224256,0.775552,-0.168192,427,315,710,1.9719706038633031
2024-04-25 14:15:55.559000+00:00,2024-04-25 14:15:30+00:00,2024-04-25 14:17:30+00:00,TABUENCA01-45,Sensoria-C1-EEA1,Right,Gait,1.0.5,40.3887119,-3.6292984,CB:AA:BC:3F:36:A5,SCKS,0.832032,1.265626,1.332032,59.360001,-204.960007,247.520004,-0.084096,0.579328,-0.299008,510,720,652,2.017026442544569
2024-04-25 14:15:55.576000+00:00,2024-04-25 14:15:30+00:00,2024-04-25 14:17:30+00:00,TABUENCA01-45,Sensoria-C1-EEA1,Right,Gait,1.0.5,40.3887119,-3.6292984,CB:AA:BC:3F:36:A5,SCKS,0.753907,1.88672,0.308594,63.84,-75.040001,237.440002,-0.065408,0.635392,-0.317696,515,725,587,2.055071380727443
2024-04-25 14:15:55.583000+00:00,2024-04-25 14:15:30+00:00,2024-04-25 14:17:30+00:00,TABUENCA01-45,Sensoria-C1-E90A,Left,Gait,1.0.5,40.3887119,-3.6292984,F0:75:B1:51:59:F6,SCKS,1.218749,2.531249,0.125,-23.52,-52.639999,-210.559998,0.196224,0.784896,-0.177536,485,365,709,2.812151422843727
2024-04-25 14:15:55.592000+00:00,2024-04-25 14:15:30+00:00,2024-04-25 14:17:30+00:00,TABUENCA01-45,Sensoria-C1-EEA1,Right,Gait,1.0.5,40.3887119,-3.6292984,CB:AA:BC:3F:36:A5,SCKS,0.117188,1.429689,-0.398438,43.68,70.559998,216.160004,-0.056064,0.663424,-0.299008,516,727,512,1.4887902820441166
2024-04-25 14:15:55.608000+00:00,2024-04-25 14:15:30+00:00,2024-04-25 14:17:30+00:00,TABUENCA01-45,Sensoria-C1-EEA1,Right,Gait,1.0.5,40.3887119,-3.6292984,CB:AA:BC:3F:36:A5,SCKS,0.230469,1.398438,-0.492188,38.080002,5.6,191.520004,-0.028032,0.682112,-0.299008,514,727,451,1.50033123914321
2024-04-25 14:15:55.616000+00:00,2024-04-25 14:15:30+00:00,2024-04-25 14:17:30+00:00,TABUENCA01-45,Sensoria-C1-E90A,Left,Gait,1.0.5,40.3887119,-3.6292984,F0:75:B1:51:59:F6,SCKS,0.375,2.249999,-0.25,-69.440002,-151.199997,-218.399994,0.149504,0.784896,-0.177536,533,414,708,2.294693988313256
2024-04-25 14:15:55.625000+00:00,2024-04-25 14:15:30+00:00,2024-04-25 14:17:30+00:00,TABUENCA01-45,Sensoria-C1-EEA1,Right,Gait,1.0.5,40.3887119,-3.6292984,CB:AA:BC:3F:36:A5,SCKS,0.1875,0.816407,0.136719,-12.32,10.08,170.240005,0.0,0.7008,-0.308352,501,731,407,0.8487453826737439
2024-04-25 14:15:55.648000+00:00,2024-04-25 14:15:30+00:00,2024-04-25 14:17:30+00:00,TABUENCA01-45,Sensoria-C1-E90A,Left,Gait,1.0.5,40.3887119,-3.6292984,F0:75:B1:51:59:F6,SCKS,0.84375,1.718749,-0.6875,3.36,-4.48,-283.360016,0.112128,0.79424,-0.196224,596,484,710,2.0343717549899774
2024-04-25 14:15:55.657000+00:00,2024-04-25 14:15:30+00:00,2024-04-25 14:17:30+00:00,TABUENCA01-45,Sensoria-C1-EEA1,Right,Gait,1.0.5,40.3887119,-3.6292984,CB:AA:BC:3F:36:A5,SCKS,0.144531,1.031251,0.179688,-8.96,13.440001,135.520004,0.0,0.7008,-0.308352,481,727,374,1.0567192684464497
2024-04-25 14:15:55.674000+00:00,2024-04-25 14:15:30+00:00,2024-04-25 14:17:30+00:00,TABUENCA01-45,Sensoria-C1-EEA1,Right,Gait,1.0.5,40.3887119,-3.6292984,CB:AA:BC:3F:36:A5,SCKS,0.035156,0.996094,-0.015625,-7.84,7.84,109.760002,0.009344,0.719488,-0.299008,463,714,357,0.9968366675624448
2024-04-25 14:15:55.680000+00:00,2024-04-25 14:15:30+00:00,2024-04-25 14:17:30+00:00,TABUENCA01-45,Sensoria-C1-E90A,Left,Gait,1.0.5,40.3887119,-3.6292984,F0:75:B1:51:59:F6,SCKS,0.9375,0.46875,-0.5,10.08,-6.72,-201.600006,0.018688,0.784896,-0.196224,658,536,712,1.1613065110038778
2024-04-25 14:15:55.689000+00:00,2024-04-25 14:15:30+00:00,2024-04-25 14:17:30+00:00,TABUENCA01-45,Sensoria-C1-EEA1,Right,Gait,1.0.5,40.3887119,-3.6292984,CB:AA:BC:3F:36:A5,SCKS,0.03125,0.996094,0.039063,-8.96,6.72,69.440002,0.028032,0.728832,-0.289664,444,696,349,0.9973493556948839
2024-04-25 14:15:55.697000+00:00,2024-04-25 14:15:30+00:00,2024-04-25 14:17:30+00:00,TABUENCA01-45,Sensoria-C1-E90A,Left,Gait,1.0.5,40.3887119,-3.6292984,F0:75:B1:51:59:F6,SCKS,-0.78125,0.375,-0.46875,17.92,-126.559998,-79.519997,-0.009344,0.784896,-0.18688,688,552,711,0.9852426731521529
2024-04-25 14:15:55.705000+00:00,2024-04-25 14:15:30+00:00,2024-04-25 14:17:30+00:00,TABUENCA01-45,Sensoria-C1-EEA1,Right,Gait,1.0.5,40.3887119,-3.6292984,CB:AA:BC:3F:36:A5,SCKS,-0.019531,1.015626,-0.015625,0.0,2.24,53.760002,0.028032,0.728832,-0.289664,431,677,345,1.0159339409932122
2024-04-25 14:15:55.729000+00:00,2024-04-25 14:15:30+00:00,2024-04-25 14:17:30+00:00,TABUENCA01-45,Sensoria-C1-E90A,Left,Gait,1.0.5,40.3887119,-3.6292984,F0:75:B1:51:59:F6,SCKS,1.156249,0.0625,-0.1875,6.72,-170.240005,140.0,-0.009344,0.79424,-0.205568,702,557,709,1.17301928799189
2024-04-25 14:15:55.738000+00:00,2024-04-25 14:15:30+00:00,2024-04-25 14:17:30+00:00,TABUENCA01-45,Sensoria-C1-EEA1,Right,Gait,1.0.5,40.3887119,-3.6292984,CB:AA:BC:3F:36:A5,SCKS,-0.023438,0.972657,0.035156,-6.72,11.2,42.560001,0.037376,0.738176,-0.289664,417,660,349,0.9735743031885137
2024-04-25 14:15:55.754000+00:00,2024-04-25 14:15:30+00:00,2024-04-25 14:17:30+00:00,TABUENCA01-45,Sensoria-C1-EEA1,Right,Gait,1.0.5,40.3887119,-3.6292984,CB:AA:BC:3F:36:A5,SCKS,-0.066406,1.019532,-0.015625,-4.48,7.84,33.599998,0.037376,0.738176,-0.289664,409,650,360,1.0218118204860425
2024-04-25 14:15:55.770000+00:00,2024-04-25 14:15:30+00:00,2024-04-25 14:17:30+00:00,TABUENCA01-45,Sensoria-C1-EEA1,Right,Gait,1.0.5,40.3887119,-3.6292984,CB:AA:BC:3F:36:A5,SCKS,-0.046875,0.992188,-0.089844,-6.72,11.2,34.720001,0.037376,0.728832,-0.299008,400,641,373,0.9973496063592746
2024-04-25 14:15:55.778000+00:00,2024-04-25 14:15:30+00:00,2024-04-25 14:17:30+00:00,TABUENCA01-45,Sensoria-C1-E90A,Left,Gait,1.0.5,40.3887119,-3.6292984,F0:75:B1:51:59:F6,SCKS,0.6875,0.0,0.09375,-11.2,-32.48,178.080002,0.018688,0.79424,-0.214912,707,557,706,0.6938626034742037
2024-04-25 14:15:55.786000+00:00,2024-04-25 14:15:30+00:00,2024-04-25 14:17:30+00:00,TABUENCA01-45,Sensoria-C1-EEA1,Right,Gait,1.0.5,40.3887119,-3.6292984,CB:AA:BC:3F:36:A5,SCKS,-0.03125,0.953126,-0.074219,-12.32,17.92,34.720001,0.04672,0.738176,-0.308352,395,635,391,0.9565219256959038
2024-04-25 14:15:55.793000+00:00,2024-04-25 14:15:30+00:00,2024-04-25 14:17:30+00:00,TABUENCA01-45,Sensoria-C1-E90A,Left,Gait,1.0.5,40.3887119,-3.6292984,F0:75:B1:51:59:F6,SCKS,0.34375,0.15625,0.0625,3.36,28.0,225.119995,0.037376,0.79424,-0.205568,709,556,706,0.38273277230987157
2024-04-25 14:15:55.819000+00:00,2024-04-25 14:15:30+00:00,2024-04-25 14:17:30+00:00,TABUENCA01-45,Sensoria-C1-EEA1,Right,Gait,1.0.5,40.3887119,-3.6292984,CB:AA:BC:3F:36:A5,SCKS,-0.007813,0.968751,-0.046875,-12.32,21.280001,33.599998,0.04672,0.738176,-0.299008,387,632,411,0.9699158770713057
2024-04-25 14:15:55.826000+00:00,2024-04-25 14:15:30+00:00,2024-04-25 14:17:30+00:00,TABUENCA01-45,Sensoria-C1-E90A,Left,Gait,1.0.5,40.3887119,-3.6292984,F0:75:B1:51:59:F6,SCKS,0.3125,0.5,-0.21875,26.880001,58.240002,276.640015,0.14016,0.79424,-0.205568,710,555,703,0.6288941186718159
2024-04-25 14:15:55.834000+00:00,2024-04-25 14:15:30+00:00,2024-04-25 14:17:30+00:00,TABUENCA01-45,Sensoria-C1-EEA1,Right,Gait,1.0.5,40.3887119,-3.6292984,CB:AA:BC:3F:36:A5,SCKS,-0.015625,0.960938,0.007813,-11.2,23.52,31.360001,0.056064,0.738176,-0.289664,379,626,429,0.9610967815147442
2024-04-25 14:15:55.851000+00:00,2024-04-25 14:15:30+00:00,2024-04-25 14:17:30+00:00,TABUENCA01-45,Sensoria-C1-EEA1,Right,Gait,1.0.5,40.3887119,-3.6292984,CB:AA:BC:3F:36:A5,SCKS,-0.015625,0.972657,-0.019531,-10.08,19.040001,30.24,0.056064,0.738176,-0.289664,372,619,447,0.9729785404802103
2024-04-25 14:15:55.859000+00:00,2024-04-25 14:15:30+00:00,2024-04-25 14:17:30+00:00,TABUENCA01-45,Sensoria-C1-E90A,Left,Gait,1.0.5,40.3887119,-3.6292984,F0:75:B1:51:59:F6,SCKS,0.25,0.8125,-0.25,4.48,62.720001,319.200012,0.196224,0.775552,-0.196224,708,554,704,0.8860904299223641
2024-04-25 14:15:55.868000+00:00,2024-04-25 14:15:30+00:00,2024-04-25 14:17:30+00:00,TABUENCA01-45,Sensoria-C1-EEA1,Right,Gait,1.0.5,40.3887119,-3.6292984,CB:AA:BC:3F:36:A5,SCKS,0.015625,0.964844,-0.050781,-7.84,15.68,30.24,0.065408,0.738176,-0.289664,363,613,462,0.9663057460876449
2024-04-25 14:15:55.884000+00:00,2024-04-25 14:15:30+00:00,2024-04-25 14:17:30+00:00,TABUENCA01-45,Sensoria-C1-EEA1,Right,Gait,1.0.5,40.3887119,-3.6292984,CB:AA:BC:3F:36:A5,SCKS,-0.003906,0.953126,0.003906,-8.96,16.799999,31.360001,0.074752,0.74752,-0.289664,350,605,474,0.9531420070209895
2024-04-25 14:15:55.891000+00:00,2024-04-25 14:15:30+00:00,2024-04-25 14:17:30+00:00,TABUENCA01-45,Sensoria-C1-E90A,Left,Gait,1.0.5,40.3887119,-3.6292984,F0:75:B1:51:59:F6,SCKS,0.34375,1.531249,-0.21875,4.48,69.440002,384.160004,0.32704,0.719488,-0.205568,709,552,701,1.5845312003873575
2024-04-25 14:15:55.924000+00:00,2024-04-25 14:15:30+00:00,2024-04-25 14:17:30+00:00,TABUENCA01-45,Sensoria-C1-E90A,Left,Gait,1.0.5,40.3887119,-3.6292984,F0:75:B1:51:59:F6,SCKS,0.3125,2.374999,-0.25,5.6,76.160004,407.679993,0.392448,0.672768,-0.205568,709,552,701,2.4084801224010546
2024-04-25 14:15:55.932000+00:00,2024-04-25 14:15:30+00:00,2024-04-25 14:17:30+00:00,TABUENCA01-45,Sensoria-C1-EEA1,Right,Gait,1.0.5,40.3887119,-3.6292984,CB:AA:BC:3F:36:A5,SCKS,-0.035156,0.937501,0.019531,-6.72,13.440001,36.959999,0.074752,0.74752,-0.28032,337,596,488,0.9383632182145676
2024-04-25 14:15:55.934000+00:00,2024-04-25 14:15:30+00:00,2024-04-25 14:17:30+00:00,TABUENCA01-45,Sensoria-C1-EEA1,Right,Gait,1.0.5,40.3887119,-3.6292984,CB:AA:BC:3F:36:A5,SCKS,-0.03125,0.929688,0.042969,-4.48,6.72,44.799999,0.074752,0.756864,-0.270976,322,585,500,0.9312049585375928
2024-04-25 14:15:55.949000+00:00,2024-04-25 14:15:30+00:00,2024-04-25 14:17:30+00:00,TABUENCA01-45,Sensoria-C1-EEA1,Right,Gait,1.0.5,40.3887119,-3.6292984,CB:AA:BC:3F:36:A5,SCKS,-0.003906,0.996094,0.03125,-1.12,-3.36,53.760002,0.074752,0.756864,-0.28032,306,572,511,0.9965917299335773
2024-04-25 14:15:55.956000+00:00,2024-04-25 14:15:30+00:00,2024-04-25 14:17:30+00:00,TABUENCA01-45,Sensoria-C1-E90A,Left,Gait,1.0.5,40.3887119,-3.6292984,F0:75:B1:51:59:F6,SCKS,-0.625,2.968748,0.21875,6.72,107.520004,422.23999,0.439168,0.616704,-0.2336,710,550,699,3.041700387941587
2024-04-25 14:15:55.965000+00:00,2024-04-25 14:15:30+00:00,2024-04-25 14:17:30+00:00,TABUENCA01-45,Sensoria-C1-EEA1,Right,Gait,1.0.5,40.3887119,-3.6292984,CB:AA:BC:3F:36:A5,SCKS,0.027344,1.035157,-0.011719,-1.12,-5.6,62.720001,0.084096,0.756864,-0.28032,289,555,528,1.035584397307144
2024-04-25 14:15:55.989000+00:00,2024-04-25 14:15:30+00:00,2024-04-25 14:17:30+00:00,TABUENCA01-45,Sensoria-C1-E90A,Left,Gait,1.0.5,40.3887119,-3.6292984,F0:75:B1:51:59:F6,SCKS,-0.90625,2.999998,-0.9375,-28.0,92.959999,389.76001,0.485888,0.551296,-0.252288,708,551,701,3.2711134667730497
2024-04-25 14:15:55.997000+00:00,2024-04-25 14:15:30+00:00,2024-04-25 14:17:30+00:00,TABUENCA01-45,Sensoria-C1-EEA1,Right,Gait,1.0.5,40.3887119,-3.6292984,CB:AA:BC:3F:36:A5,SCKS,-0.003906,1.078126,0.039063,2.24,-7.84,70.559998,0.084096,0.756864,-0.289664,273,537,556,1.0788405103077097
2024-04-25 14:15:56.013000+00:00,2024-04-25 14:15:30+00:00,2024-04-25 14:17:30+00:00,TABUENCA01-45,Sensoria-C1-EEA1,Right,Gait,1.0.5,40.3887119,-3.6292984,CB:AA:BC:3F:36:A5,SCKS,-0.070313,1.171876,0.023438,4.48,-16.799999,94.080002,0.102784,0.766208,-0.289664,257,517,595,1.174217448852213
2024-04-25 14:15:56.030000+00:00,2024-04-25 14:15:30+00:00,2024-04-25 14:17:30+00:00,TABUENCA01-45,Sensoria-C1-EEA1,Right,Gait,1.0.5,40.3887119,-3.6292984,CB:AA:BC:3F:36:A5,SCKS,-0.097656,1.26172,0.097656,-3.36,-17.92,114.239998,0.121472,0.775552,-0.28032,242,498,636,1.2692559816963638
2024-04-25 14:15:56.038000+00:00,2024-04-25 14:15:30+00:00,2024-04-25 14:17:30+00:00,TABUENCA01-45,Sensoria-C1-E90A,Left,Gait,1.0.5,40.3887119,-3.6292984,F0:75:B1:51:59:F6,SCKS,-2.437499,1.906249,-0.1875,11.2,-124.32,-85.120003,0.523264,0.457856,-0.2336,702,551,711,3.1000553019264028
2024-04-25 14:15:56.047000+00:00,2024-04-25 14:15:30+00:00,2024-04-25 14:17:30+00:00,TABUENCA01-45,Sensoria-C1-EEA1,Right,Gait,1.0.5,40.3887119,-3.6292984,CB:AA:BC:3F:36:A5,SCKS,-0.136719,1.457032,0.007813,-8.96,-28.0,131.039993,0.14016,0.784896,-0.299008,229,482,671,1.4634532370233087
2024-04-25 14:15:56.070000+00:00,2024-04-25 14:15:30+00:00,2024-04-25 14:17:30+00:00,TABUENCA01-45,Sensoria-C1-E90A,Left,Gait,1.0.5,40.3887119,-3.6292984,F0:75:B1:51:59:F6,SCKS,4.593748,-0.5,0.75,47.040001,56.0,-84.0,0.51392,0.485888,-0.2336,704,549,694,4.6813481698656
2024-04-25 14:15:56.079000+00:00,2024-04-25 14:15:30+00:00,2024-04-25 14:17:30+00:00,TABUENCA01-45,Sensoria-C1-EEA1,Right,Gait,1.0.5,40.3887119,-3.6292984,CB:AA:BC:3F:36:A5,SCKS,-0.117188,1.593751,-0.132813,-15.68,-19.040001,151.199997,0.14016,0.784896,-0.299008,217,473,689,1.6035630858541237
2024-04-25 14:15:56.095000+00:00,2024-04-25 14:15:30+00:00,2024-04-25 14:17:30+00:00,TABUENCA01-45,Sensoria-C1-EEA1,Right,Gait,1.0.5,40.3887119,-3.6292984,CB:AA:BC:3F:36:A5,SCKS,-0.296875,1.808595,0.035156,-24.639999,0.0,171.360001,0.168192,0.784896,-0.289664,210,473,703,1.8331357243766757
2024-04-25 14:15:56.103000+00:00,2024-04-25 14:15:30+00:00,2024-04-25 14:17:30+00:00,TABUENCA01-45,Sensoria-C1-E90A,Left,Gait,1.0.5,40.3887119,-3.6292984,F0:75:B1:51:59:F6,SCKS,-0.6875,1.749999,0.53125,78.400002,169.119995,-247.520004,0.504576,0.523264,-0.261632,711,557,638,1.9538114833578495
2024-04-25 14:15:56.112000+00:00,2024-04-25 14:15:30+00:00,2024-04-25 14:17:30+00:00,TABUENCA01-45,Sensoria-C1-EEA1,Right,Gait,1.0.5,40.3887119,-3.6292984,CB:AA:BC:3F:36:A5,SCKS,-0.566407,1.996095,0.300781,-31.360001,25.76,194.880005,0.196224,0.79424,-0.299008,210,489,708,2.0965880254916556
2024-04-25 14:15:56.127000+00:00,2024-04-25 14:15:30+00:00,2024-04-25 14:17:30+00:00,TABUENCA01-45,Sensoria-C1-EEA1,Right,Gait,1.0.5,40.3887119,-3.6292984,CB:AA:BC:3F:36:A5,SCKS,-1.13672,1.996095,0.5625,-51.52,64.959999,221.759995,0.242944,0.803584,-0.299008,222,508,712,2.3649384468575496
2024-04-25 14:15:56.135000+00:00,2024-04-25 14:15:30+00:00,2024-04-25 14:17:30+00:00,TABUENCA01-45,Sensoria-C1-E90A,Left,Gait,1.0.5,40.3887119,-3.6292984,F0:75:B1:51:59:F6,SCKS,0.03125,1.468749,-1.249999,120.959999,11.2,-201.600006,0.457856,0.588672,-0.28032,712,561,501,1.9289110107783616
2024-04-25 14:15:56.144000+00:00,2024-04-25 14:15:30+00:00,2024-04-25 14:17:30+00:00,TABUENCA01-45,Sensoria-C1-EEA1,Right,Gait,1.0.5,40.3887119,-3.6292984,CB:AA:BC:3F:36:A5,SCKS,-0.5625,1.996095,0.210938,-60.48,56.0,259.839996,0.28032,0.803584,-0.317696,246,536,712,2.0845374400257244
2024-04-25 14:15:56.176000+00:00,2024-04-25 14:15:30+00:00,2024-04-25 14:17:30+00:00,TABUENCA01-45,Sensoria-C1-EEA1,Right,Gait,1.0.5,40.3887119,-3.6292984,CB:AA:BC:3F:36:A5,SCKS,-0.722657,1.996095,-0.546875,-25.76,-2.24,293.440002,0.28032,0.803584,-0.317696,294,582,714,2.1921908343707215
2024-04-25 14:15:56.184000+00:00,2024-04-25 14:15:30+00:00,2024-04-25 14:17:30+00:00,TABUENCA01-45,Sensoria-C1-E90A,Left,Gait,1.0.5,40.3887119,-3.6292984,F0:75:B1:51:59:F6,SCKS,0.0625,0.875,0.25,61.599998,-98.559998,-215.040009,0.439168,0.635392,-0.261632,696,565,406,0.9121574699579015
2024-04-25 14:15:56.201000+00:00,2024-04-25 14:15:30+00:00,2024-04-25 14:17:30+00:00,TABUENCA01-45,Sensoria-C1-E90A,Left,Gait,1.0.5,40.3887119,-3.6292984,F0:75:B1:51:59:F6,SCKS,0.125,0.9375,-0.4375,61.599998,-81.760002,-112.0,0.42048,0.65408,-0.242944,663,545,367,1.0420832500333166
2024-04-25 14:15:56.208000+00:00,2024-04-25 14:15:30+00:00,2024-04-25 14:17:30+00:00,TABUENCA01-45,Sensoria-C1-EEA1,Right,Gait,1.0.5,40.3887119,-3.6292984,CB:AA:BC:3F:36:A5,SCKS,-0.558594,1.996095,-0.839844,-6.72,-91.840004,328.160004,0.336384,0.803584,-0.308352,359,638,714,2.2364615914870973
2024-04-25 14:15:56.225000+00:00,2024-04-25 14:15:30+00:00,2024-04-25 14:17:30+00:00,TABUENCA01-45,Sensoria-C1-EEA1,Right,Gait,1.0.5,40.3887119,-3.6292984,CB:AA:BC:3F:36:A5,SCKS,-0.359375,0.589844,-0.796876,8.96,-49.279999,287.839996,0.383104,0.803584,-0.308352,423,680,717,1.0545509444009806
2024-04-25 14:15:56.226000+00:00,2024-04-25 14:15:30+00:00,2024-04-25 14:17:30+00:00,TABUENCA01-45,Sensoria-C1-EEA1,Right,Gait,1.0.5,40.3887119,-3.6292984,CB:AA:BC:3F:36:A5,SCKS,0.179688,0.007813,-0.843751,2.24,50.400002,189.279999,0.42048,0.79424,-0.308352,463,702,715,0.8627076969136186
2024-04-25 14:15:56.234000+00:00,2024-04-25 14:15:30+00:00,2024-04-25 14:17:30+00:00,TABUENCA01-45,Sensoria-C1-E90A,Left,Gait,1.0.5,40.3887119,-3.6292984,F0:75:B1:51:59:F6,SCKS,0.0625,0.999999,-0.15625,28.0,-57.119999,-50.400002,0.401792,0.663424,-0.2336,629,514,358,1.0140603100905783
2024-04-25 14:15:56.258000+00:00,2024-04-25 14:15:30+00:00,2024-04-25 14:17:30+00:00,TABUENCA01-45,Sensoria-C1-EEA1,Right,Gait,1.0.5,40.3887119,-3.6292984,CB:AA:BC:3F:36:A5,SCKS,-0.710938,0.515625,-0.574219,4.48,235.199997,90.720001,0.439168,0.79424,-0.317696,480,714,714,1.0492994998712237
2024-04-25 14:15:56.265000+00:00,2024-04-25 14:15:30+00:00,2024-04-25 14:17:30+00:00,TABUENCA01-45,Sensoria-C1-E90A,Left,Gait,1.0.5,40.3887119,-3.6292984,F0:75:B1:51:59:F6,SCKS,0.125,0.968749,-0.1875,16.799999,-48.16,-29.120001,0.401792,0.672768,-0.214912,602,488,365,0.994613429931951
2024-04-25 14:15:56.274000+00:00,2024-04-25 14:15:30+00:00,2024-04-25 14:17:30+00:00,TABUENCA01-45,Sensoria-C1-EEA1,Right,Gait,1.0.5,40.3887119,-3.6292984,CB:AA:BC:3F:36:A5,SCKS,-1.445314,0.25,-0.347656,-26.880001,201.600006,-29.120001,0.439168,0.79424,-0.317696,492,719,713,1.507414094710541
2024-04-25 14:15:56.297000+00:00,2024-04-25 14:15:30+00:00,2024-04-25 14:17:30+00:00,TABUENCA01-45,Sensoria-C1-E90A,Left,Gait,1.0.5,40.3887119,-3.6292984,F0:75:B1:51:59:F6,SCKS,0.1875,0.999999,-0.25,11.2,-42.560001,-28.0,0.392448,0.682112,-0.214912,579,467,393,1.0476899589100774
2024-04-25 14:15:56.306000+00:00,2024-04-25 14:15:30+00:00,2024-04-25 14:17:30+00:00,TABUENCA01-45,Sensoria-C1-EEA1,Right,Gait,1.0.5,40.3887119,-3.6292984,CB:AA:BC:3F:36:A5,SCKS,-0.476563,-0.128906,0.039063,29.120001,26.880001,-128.800003,0.411136,0.803584,-0.345728,499,724,708,0.49523223620237006
2024-04-25 14:15:56.330000+00:00,2024-04-25 14:15:30+00:00,2024-04-25 14:17:30+00:00,TABUENCA01-45,Sensoria-C1-E90A,Left,Gait,1.0.5,40.3887119,-3.6292984,F0:75:B1:51:59:F6,SCKS,0.125,0.9375,-0.28125,4.48,-48.16,-32.48,0.37376,0.682112,-0.205568,559,451,444,0.986728337740434
2024-04-25 14:15:56.339000+00:00,2024-04-25 14:15:30+00:00,2024-04-25 14:17:30+00:00,TABUENCA01-45,Sensoria-C1-EEA1,Right,Gait,1.0.5,40.3887119,-3.6292984,CB:AA:BC:3F:36:A5,SCKS,-0.585938,0.117188,-0.082031,44.799999,-6.72,-183.680008,0.383104,0.803584,-0.336384,498,723,708,0.6031462941517588
2024-04-25 14:15:56.355000+00:00,2024-04-25 14:15:30+00:00,2024-04-25 14:17:30+00:00,TABUENCA01-45,Sensoria-C1-EEA1,Right,Gait,1.0.5,40.3887119,-3.6292984,CB:AA:BC:3F:36:A5,SCKS,-0.59375,0.320313,-0.101563,44.799999,-43.68,-228.479996,0.345728,0.812928,-0.317696,498,724,705,0.6822422762025232
2024-04-25 14:15:56.363000+00:00,2024-04-25 14:15:30+00:00,2024-04-25 14:17:30+00:00,TABUENCA01-45,Sensoria-C1-E90A,Left,Gait,1.0.5,40.3887119,-3.6292984,F0:75:B1:51:59:F6,SCKS,0.03125,0.9375,-0.21875,2.24,-43.68,-24.639999,0.37376,0.691456,-0.196224,544,435,499,0.9631896879639026
2024-04-25 14:15:56.379000+00:00,2024-04-25 14:15:30+00:00,2024-04-25 14:17:30+00:00,TABUENCA01-45,Sensoria-C1-E90A,Left,Gait,1.0.5,40.3887119,-3.6292984,F0:75:B1:51:59:F6,SCKS,0.03125,0.9375,-0.25,-3.36,-40.32,-21.280001,0.364416,0.691456,-0.177536,522,415,571,0.9707640354380667
2024-04-25 14:15:56.388000+00:00,2024-04-25 14:15:30+00:00,2024-04-25 14:17:30+00:00,TABUENCA01-45,Sensoria-C1-EEA1,Right,Gait,1.0.5,40.3887119,-3.6292984,CB:AA:BC:3F:36:A5,SCKS,-0.511719,0.421875,-0.082031,44.799999,-79.519997,-268.799988,0.289664,0.812928,-0.32704,498,722,706,0.6682543943342236
2024-04-25 14:15:56.389000+00:00,2024-04-25 14:15:30+00:00,2024-04-25 14:17:30+00:00,TABUENCA01-45,Sensoria-C1-EEA1,Right,Gait,1.0.5,40.3887119,-3.6292984,CB:AA:BC:3F:36:A5,SCKS,-0.476563,0.628907,-0.125,48.16,-104.160004,-306.880005,0.242944,0.812928,-0.317696,499,721,705,0.7989125782074031
2024-04-25 14:15:56.404000+00:00,2024-04-25 14:15:30+00:00,2024-04-25 14:17:30+00:00,TABUENCA01-45,Sensoria-C1-EEA1,Right,Gait,1.0.5,40.3887119,-3.6292984,CB:AA:BC:3F:36:A5,SCKS,-0.46875,0.945313,-0.1875,42.560001,-113.120003,-356.160004,0.242944,0.812928,-0.317696,500,719,706,1.0716806802723466
2024-04-25 14:15:56.412000+00:00,2024-04-25 14:15:30+00:00,2024-04-25 14:17:30+00:00,TABUENCA01-45,Sensoria-C1-E90A,Left,Gait,1.0.5,40.3887119,-3.6292984,F0:75:B1:51:59:F6,SCKS,0.0,0.9375,-0.25,-3.36,-40.32,-23.52,0.355072,0.691456,-0.168192,507,404,606,0.9702609185162515
2024-04-25 14:15:56.436000+00:00,2024-04-25 14:15:30+00:00,2024-04-25 14:17:30+00:00,TABUENCA01-45,Sensoria-C1-EEA1,Right,Gait,1.0.5,40.3887119,-3.6292984,CB:AA:BC:3F:36:A5,SCKS,-0.398438,1.515626,-0.199219,28.0,-96.32,-381.920013,0.177536,0.803584,-0.299008,498,718,705,1.579735174540657
2024-04-25 14:15:56.444000+00:00,2024-04-25 14:15:30+00:00,2024-04-25 14:17:30+00:00,TABUENCA01-45,Sensoria-C1-E90A,Left,Gait,1.0.5,40.3887119,-3.6292984,F0:75:B1:51:59:F6,SCKS,0.0,0.9375,-0.21875,-1.12,-38.080002,-26.880001,0.355072,0.7008,-0.177536,493,389,633,0.9626826125468352
2024-04-25 14:15:56.453000+00:00,2024-04-25 14:15:30+00:00,2024-04-25 14:17:30+00:00,TABUENCA01-45,Sensoria-C1-EEA1,Right,Gait,1.0.5,40.3887119,-3.6292984,CB:AA:BC:3F:36:A5,SCKS,-0.328125,1.996095,-0.105469,5.6,-45.920002,-394.23999,0.112128,0.766208,-0.317696,498,717,704,2.025631993875245
2024-04-25 14:15:56.469000+00:00,2024-04-25 14:15:30+00:00,2024-04-25 14:17:30+00:00,TABUENCA01-45,Sensoria-C1-EEA1,Right,Gait,1.0.5,40.3887119,-3.6292984,CB:AA:BC:3F:36:A5,SCKS,-0.253906,1.996095,-0.070313,16.799999,-19.040001,-395.360016,0.056064,0.728832,-0.299008,499,717,704,2.013406919584315
2024-04-25 14:15:56.476000+00:00,2024-04-25 14:15:30+00:00,2024-04-25 14:17:30+00:00,TABUENCA01-45,Sensoria-C1-E90A,Left,Gait,1.0.5,40.3887119,-3.6292984,F0:75:B1:51:59:F6,SCKS,-0.03125,0.90625,-0.1875,1.12,-32.48,-33.599998,0.345728,0.7008,-0.168192,477,370,655,0.9259707743768159
2024-04-25 14:15:56.485000+00:00,2024-04-25 14:15:30+00:00,2024-04-25 14:17:30+00:00,TABUENCA01-45,Sensoria-C1-EEA1,Right,Gait,1.0.5,40.3887119,-3.6292984,CB:AA:BC:3F:36:A5,SCKS,0.394532,1.996095,-0.457032,62.720001,-35.84,-393.119995,-0.009344,0.682112,-0.308352,497,716,704,2.085408592356184
2024-04-25 14:15:56.509000+00:00,2024-04-25 14:15:30+00:00,2024-04-25 14:17:30+00:00,TABUENCA01-45,Sensoria-C1-E90A,Left,Gait,1.0.5,40.3887119,-3.6292984,F0:75:B1:51:59:F6,SCKS,-0.03125,0.968749,-0.15625,0.0,-31.360001,-33.599998,0.336384,0.710144,-0.168192,462,350,672,0.9817663927844545
2024-04-25 14:15:56.518000+00:00,2024-04-25 14:15:30+00:00,2024-04-25 14:17:30+00:00,TABUENCA01-45,Sensoria-C1-EEA1,Right,Gait,1.0.5,40.3887119,-3.6292984,CB:AA:BC:3F:36:A5,SCKS,1.390626,1.996095,-0.113281,58.240002,2.24,-390.880005,-0.009344,0.682112,-0.308352,497,717,703,2.4353785138786948
2024-04-25 14:15:56.534000+00:00,2024-04-25 14:15:30+00:00,2024-04-25 14:17:30+00:00,TABUENCA01-45,Sensoria-C1-EEA1,Right,Gait,1.0.5,40.3887119,-3.6292984,CB:AA:BC:3F:36:A5,SCKS,1.996095,1.996095,-0.410157,62.720001,24.639999,-356.160004,-0.04672,0.626048,-0.308352,497,717,705,2.852546101765754
2024-04-25 14:15:56.542000+00:00,2024-04-25 14:15:30+00:00,2024-04-25 14:17:30+00:00,TABUENCA01-45,Sensoria-C1-E90A,Left,Gait,1.0.5,40.3887119,-3.6292984,F0:75:B1:51:59:F6,SCKS,0.03125,1.062499,-0.1875,-2.24,-32.48,-44.799999,0.317696,0.719488,-0.177536,441,326,686,1.0793687680774353
2024-04-25 14:15:56.552000+00:00,2024-04-25 14:15:30+00:00,2024-04-25 14:17:30+00:00,TABUENCA01-45,Sensoria-C1-EEA1,Right,Gait,1.0.5,40.3887119,-3.6292984,CB:AA:BC:3F:36:A5,SCKS,1.996095,1.753908,0.3125,62.720001,64.959999,-229.600006,-0.084096,0.588672,-0.28032,497,720,706,2.6754896321026926
2024-04-25 14:15:56.566000+00:00,2024-04-25 14:15:30+00:00,2024-04-25 14:17:30+00:00,TABUENCA01-45,Sensoria-C1-EEA1,Right,Gait,1.0.5,40.3887119,-3.6292984,CB:AA:BC:3F:36:A5,SCKS,1.996095,1.769533,0.304688,73.919998,53.760002,-125.440002,-0.084096,0.551296,-0.270976,494,720,710,2.6848607160256934
2024-04-25 14:15:56.574000+00:00,2024-04-25 14:15:30+00:00,2024-04-25 14:17:30+00:00,TABUENCA01-45,Sensoria-C1-E90A,Left,Gait,1.0.5,40.3887119,-3.6292984,F0:75:B1:51:59:F6,SCKS,0.09375,1.187499,-0.15625,-3.36,-31.360001,-79.519997,0.308352,0.728832,-0.177536,421,305,700,1.2013979357402775
2024-04-25 14:15:56.583000+00:00,2024-04-25 14:15:30+00:00,2024-04-25 14:17:30+00:00,TABUENCA01-45,Sensoria-C1-EEA1,Right,Gait,1.0.5,40.3887119,-3.6292984,CB:AA:BC:3F:36:A5,SCKS,1.996095,1.746095,1.179688,5.6,45.920002,45.920002,-0.084096,0.56064,-0.270976,495,721,709,2.9025689958025116
2024-04-25 14:15:56.606000+00:00,2024-04-25 14:15:30+00:00,2024-04-25 14:17:30+00:00,TABUENCA01-45,Sensoria-C1-E90A,Left,Gait,1.0.5,40.3887119,-3.6292984,F0:75:B1:51:59:F6,SCKS,0.1875,1.343749,-0.125,2.24,-20.16,-109.760002,0.289664,0.738176,-0.168192,404,291,711,1.3625133485588317
2024-04-25 14:15:56.615000+00:00,2024-04-25 14:15:30+00:00,2024-04-25 14:17:30+00:00,TABUENCA01-45,Sensoria-C1-EEA1,Right,Gait,1.0.5,40.3887119,-3.6292984,CB:AA:BC:3F:36:A5,SCKS,0.859376,1.996095,0.828126,10.08,-79.519997,161.279999,-0.084096,0.56064,-0.270976,493,718,710,2.3256644277016836
2024-04-25 14:15:56.631000+00:00,2024-04-25 14:15:30+00:00,2024-04-25 14:17:30+00:00,TABUENCA01-45,Sensoria-C1-EEA1,Right,Gait,1.0.5,40.3887119,-3.6292984,CB:AA:BC:3F:36:A5,SCKS,-2.000001,1.343751,0.195313,22.4,-147.839996,72.800003,-0.074752,0.569984,-0.28032,497,716,696,2.417398998504591
2024-04-25 14:15:56.639000+00:00,2024-04-25 14:15:30+00:00,2024-04-25 14:17:30+00:00,TABUENCA01-45,Sensoria-C1-E90A,Left,Gait,1.0.5,40.3887119,-3.6292984,F0:75:B1:51:59:F6,SCKS,0.25,1.468749,-0.21875,7.84,-21.280001,-143.360001,0.261632,0.74752,-0.168192,397,291,716,1.5058470000305477
2024-04-25 14:15:56.648000+00:00,2024-04-25 14:15:30+00:00,2024-04-25 14:17:30+00:00,TABUENCA01-45,Sensoria-C1-EEA1,Right,Gait,1.0.5,40.3887119,-3.6292984,CB:AA:BC:3F:36:A5,SCKS,0.054688,0.890626,1.800783,56.0,-240.800003,196.0,-0.074752,0.588672,-0.308352,510,719,654,2.009732535017782
2024-04-25 14:15:56.671000+00:00,2024-04-25 14:15:30+00:00,2024-04-25 14:17:30+00:00,TABUENCA01-45,Sensoria-C1-E90A,Left,Gait,1.0.5,40.3887119,-3.6292984,F0:75:B1:51:59:F6,SCKS,0.53125,1.937499,-0.0625,6.72,-23.52,-181.440002,0.2336,0.756864,-0.168192,418,329,717,2.0099838774231498
2024-04-25 14:15:56.680000+00:00,2024-04-25 14:15:30+00:00,2024-04-25 14:17:30+00:00,TABUENCA01-45,Sensoria-C1-EEA1,Right,Gait,1.0.5,40.3887119,-3.6292984,CB:AA:BC:3F:36:A5,SCKS,1.160157,1.996095,0.09375,88.480003,-144.479996,269.920013,-0.065408,0.626048,-0.336384,516,725,581,2.3106597707525007
2024-04-25 14:15:56.696000+00:00,2024-04-25 14:15:30+00:00,2024-04-25 14:17:30+00:00,TABUENCA01-45,Sensoria-C1-EEA1,Right,Gait,1.0.5,40.3887119,-3.6292984,CB:AA:BC:3F:36:A5,SCKS,0.203125,1.519532,-0.394532,45.920002,67.199997,231.839996,-0.037376,0.65408,-0.32704,516,726,494,1.5830011887781388
2024-04-25 14:15:56.704000+00:00,2024-04-25 14:15:30+00:00,2024-04-25 14:17:30+00:00,TABUENCA01-45,Sensoria-C1-E90A,Left,Gait,1.0.5,40.3887119,-3.6292984,F0:75:B1:51:59:F6,SCKS,1.093749,2.562499,0.40625,-40.32,-63.84,-197.119995,0.158848,0.784896,-0.158848,470,375,713,2.8156219672573233
2024-04-25 14:15:56.713000+00:00,2024-04-25 14:15:30+00:00,2024-04-25 14:17:30+00:00,TABUENCA01-45,Sensoria-C1-EEA1,Right,Gait,1.0.5,40.3887119,-3.6292984,CB:AA:BC:3F:36:A5,SCKS,0.511719,1.54297,-0.488282,51.52,-1.12,202.720001,-0.018688,0.691456,-0.32704,511,725,429,1.6973603233801007
2024-04-25 14:15:56.720000+00:00,2024-04-25 14:15:30+00:00,2024-04-25 14:17:30+00:00,TABUENCA01-45,Sensoria-C1-E90A,Left,Gait,1.0.5,40.3887119,-3.6292984,F0:75:B1:51:59:F6,SCKS,0.59375,2.374999,-1.124999,14.56,-110.879997,-260.959991,0.121472,0.784896,-0.177536,558,469,711,2.694212698081204
2024-04-25 14:15:56.729000+00:00,2024-04-25 14:15:30+00:00,2024-04-25 14:17:30+00:00,TABUENCA01-45,Sensoria-C1-EEA1,Right,Gait,1.0.5,40.3887119,-3.6292984,CB:AA:BC:3F:36:A5,SCKS,0.402344,0.949219,0.132813,2.24,1.12,153.440002,-0.018688,0.691456,-0.32704,493,730,389,1.0394886710618831
2024-04-25 14:15:56.745000+00:00,2024-04-25 14:15:30+00:00,2024-04-25 14:17:30+00:00,TABUENCA01-45,Sensoria-C1-EEA1,Right,Gait,1.0.5,40.3887119,-3.6292984,CB:AA:BC:3F:36:A5,SCKS,-0.0625,0.945313,-0.132813,-6.72,25.76,128.800003,0.0,0.710144,-0.32704,469,723,362,0.9566411087435036
2024-04-25 14:15:56.755000+00:00,2024-04-25 14:15:30+00:00,2024-04-25 14:17:30+00:00,TABUENCA01-45,Sensoria-C1-E90A,Left,Gait,1.0.5,40.3887119,-3.6292984,F0:75:B1:51:59:F6,SCKS,1.062499,1.218749,-0.59375,14.56,11.2,-268.799988,0.018688,0.79424,-0.177536,631,530,713,1.7224378980102593
2024-04-25 14:15:56.777000+00:00,2024-04-25 14:15:30+00:00,2024-04-25 14:17:30+00:00,TABUENCA01-45,Sensoria-C1-EEA1,Right,Gait,1.0.5,40.3887119,-3.6292984,CB:AA:BC:3F:36:A5,SCKS,0.09375,1.015626,0.066406,-6.72,5.6,103.040001,0.018688,0.728832,-0.308352,443,704,351,1.0221032194509514
2024-04-25 14:15:56.794000+00:00,2024-04-25 14:15:30+00:00,2024-04-25 14:17:30+00:00,TABUENCA01-45,Sensoria-C1-EEA1,Right,Gait,1.0.5,40.3887119,-3.6292984,CB:AA:BC:3F:36:A5,SCKS,0.0,1.035157,0.0625,10.08,-16.799999,76.160004,0.037376,0.738176,-0.317696,420,676,346,1.0370420746763365
2024-04-25 14:15:56.801000+00:00,2024-04-25 14:15:30+00:00,2024-04-25 14:17:30+00:00,TABUENCA01-45,Sensoria-C1-E90A,Left,Gait,1.0.5,40.3887119,-3.6292984,F0:75:B1:51:59:F6,SCKS,-0.21875,0.40625,-0.375,8.96,-53.760002,-98.559998,-0.009344,0.784896,-0.177536,675,551,712,0.594571799701264
2024-04-25 14:15:56.810000+00:00,2024-04-25 14:15:30+00:00,2024-04-25 14:17:30+00:00,TABUENCA01-45,Sensoria-C1-EEA1,Right,Gait,1.0.5,40.3887119,-3.6292984,CB:AA:BC:3F:36:A5,SCKS,0.0625,1.003907,-0.023438,20.16,-7.84,58.240002,0.037376,0.738176,-0.308352,399,649,350,1.0061236775332345
2024-04-25 14:15:56.817000+00:00,2024-04-25 14:15:30+00:00,2024-04-25 14:17:30+00:00,TABUENCA01-45,Sensoria-C1-E90A,Left,Gait,1.0.5,40.3887119,-3.6292984,F0:75:B1:51:59:F6,SCKS,1.312499,0.125,-0.25,13.440001,-171.360001,110.879997,-0.018688,0.784896,-0.18688,695,557,711,1.3419309315315004
2024-04-25 14:15:56.826000+00:00,2024-04-25 14:15:30+00:00,2024-04-25 14:17:30+00:00,TABUENCA01-45,Sensoria-C1-EEA1,Right,Gait,1.0.5,40.3887119,-3.6292984,CB:AA:BC:3F:36:A5,SCKS,-0.066406,1.042969,-0.003906,13.440001,-2.24,41.439999,0.037376,0.738176,-0.308352,384,626,362,1.0450882013653202
2024-04-25 14:15:56.842000+00:00,2024-04-25 14:15:30+00:00,2024-04-25 14:17:30+00:00,TABUENCA01-45,Sensoria-C1-EEA1,Right,Gait,1.0.5,40.3887119,-3.6292984,CB:AA:BC:3F:36:A5,SCKS,-0.023438,1.039063,-0.128906,10.08,8.96,41.439999,0.04672,0.74752,-0.299008,372,610,380,1.0472907975576793
2024-04-25 14:15:56.866000+00:00,2024-04-25 14:15:30+00:00,2024-04-25 14:17:30+00:00,TABUENCA01-45,Sensoria-C1-E90A,Left,Gait,1.0.5,40.3887119,-3.6292984,F0:75:B1:51:59:F6,SCKS,0.71875,-0.03125,0.125,-15.68,-13.440001,156.800003,0.0,0.784896,-0.18688,704,557,709,0.7302075903467452
2024-04-25 14:15:56.875000+00:00,2024-04-25 14:15:30+00:00,2024-04-25 14:17:30+00:00,TABUENCA01-45,Sensoria-C1-EEA1,Right,Gait,1.0.5,40.3887119,-3.6292984,CB:AA:BC:3F:36:A5,SCKS,-0.023438,0.968751,-0.125,-2.24,15.68,38.080002,0.04672,0.74752,-0.308352,361,599,403,0.9770633755519649
2024-04-25 14:15:56.882000+00:00,2024-04-25 14:15:30+00:00,2024-04-25 14:17:30+00:00,TABUENCA01-45,Sensoria-C1-E90A,Left,Gait,1.0.5,40.3887119,-3.6292984,F0:75:B1:51:59:F6,SCKS,0.28125,0.0625,0.125,-6.72,30.24,213.919998,0.028032,0.79424,-0.196224,707,555,708,0.3140586131600278
2024-04-25 14:15:56.891000+00:00,2024-04-25 14:15:30+00:00,2024-04-25 14:17:30+00:00,TABUENCA01-45,Sensoria-C1-EEA1,Right,Gait,1.0.5,40.3887119,-3.6292984,CB:AA:BC:3F:36:A5,SCKS,0.027344,0.957032,-0.058594,-4.48,23.52,38.080002,0.04672,0.74752,-0.308352,352,590,434,0.9592138448729772
2024-04-25 14:15:56.907000+00:00,2024-04-25 14:15:30+00:00,2024-04-25 14:17:30+00:00,TABUENCA01-45,Sensoria-C1-EEA1,Right,Gait,1.0.5,40.3887119,-3.6292984,CB:AA:BC:3F:36:A5,SCKS,0.015625,0.960938,-0.050781,-4.48,26.880001,32.48,0.056064,0.74752,-0.299008,345,582,464,0.9624056787186991
2024-04-25 14:15:56.915000+00:00,2024-04-25 14:15:30+00:00,2024-04-25 14:17:30+00:00,TABUENCA01-45,Sensoria-C1-E90A,Left,Gait,1.0.5,40.3887119,-3.6292984,F0:75:B1:51:59:F6,SCKS,0.34375,0.40625,-0.21875,17.92,40.32,282.23999,0.121472,0.79424,-0.18688,709,556,705,0.5753735199850615
2024-04-25 14:15:56.924000+00:00,2024-04-25 14:15:30+00:00,2024-04-25 14:17:30+00:00,TABUENCA01-45,Sensoria-C1-EEA1,Right,Gait,1.0.5,40.3887119,-3.6292984,CB:AA:BC:3F:36:A5,SCKS,0.019531,0.980469,-0.121094,-6.72,26.880001,29.120001,0.056064,0.74752,-0.299008,338,574,495,0.9881116722101809
2024-04-25 14:15:56.948000+00:00,2024-04-25 14:15:30+00:00,2024-04-25 14:17:30+00:00,TABUENCA01-45,Sensoria-C1-E90A,Left,Gait,1.0.5,40.3887119,-3.6292984,F0:75:B1:51:59:F6,SCKS,0.40625,0.75,-0.15625,-3.36,51.52,324.799988,0.168192,0.784896,-0.196224,709,555,704,0.8671523078444755
2024-04-25 14:15:56.956000+00:00,2024-04-25 14:15:30+00:00,2024-04-25 14:17:30+00:00,TABUENCA01-45,Sensoria-C1-EEA1,Right,Gait,1.0.5,40.3887119,-3.6292984,CB:AA:BC:3F:36:A5,SCKS,0.03125,0.976563,-0.078125,-7.84,26.880001,28.0,0.056064,0.756864,-0.299008,328,568,524,0.9801812950133255
2024-04-25 14:15:56.972000+00:00,2024-04-25 14:15:30+00:00,2024-04-25 14:17:30+00:00,TABUENCA01-45,Sensoria-C1-EEA1,Right,Gait,1.0.5,40.3887119,-3.6292984,CB:AA:BC:3F:36:A5,SCKS,0.011719,0.960938,-0.050781,-4.48,24.639999,29.120001,0.065408,0.756864,-0.289664,320,561,551,0.9623501882194443
2024-04-25 14:15:56.980000+00:00,2024-04-25 14:15:30+00:00,2024-04-25 14:17:30+00:00,TABUENCA01-45,Sensoria-C1-E90A,Left,Gait,1.0.5,40.3887119,-3.6292984,F0:75:B1:51:59:F6,SCKS,0.34375,1.124999,-0.125,-7.84,77.279999,375.200012,0.2336,0.766208,-0.196224,709,554,703,1.1829673759242054
2024-04-25 14:15:56.989000+00:00,2024-04-25 14:15:30+00:00,2024-04-25 14:17:30+00:00,TABUENCA01-45,Sensoria-C1-EEA1,Right,Gait,1.0.5,40.3887119,-3.6292984,CB:AA:BC:3F:36:A5,SCKS,-0.019531,0.925782,0.0,-6.72,23.52,33.599998,0.074752,0.756864,-0.299008,307,552,576,0.9259879974843087
2024-04-25 14:15:57.005000+00:00,2024-04-25 14:15:30+00:00,2024-04-25 14:17:30+00:00,TABUENCA01-45,Sensoria-C1-EEA1,Right,Gait,1.0.5,40.3887119,-3.6292984,CB:AA:BC:3F:36:A5,SCKS,-0.027344,0.933594,0.019531,-5.6,19.040001,42.560001,0.074752,0.756864,-0.289664,297,541,598,0.9341985394620353
2024-04-25 14:15:57.028000+00:00,2024-04-25 14:15:30+00:00,2024-04-25 14:17:30+00:00,TABUENCA01-45,Sensoria-C1-E90A,Left,Gait,1.0.5,40.3887119,-3.6292984,F0:75:B1:51:59:F6,SCKS,0.0,2.999998,-0.40625,2.24,99.68,449.119995,0.429824,0.626048,-0.224256,708,549,699,3.0273795702726147
2024-04-25 14:15:57.037000+00:00,2024-04-25 14:15:30+00:00,2024-04-25 14:17:30+00:00,TABUENCA01-45,Sensoria-C1-EEA1,Right,Gait,1.0.5,40.3887119,-3.6292984,CB:AA:BC:3F:36:A5,SCKS,0.003906,0.957032,-0.011719,-2.24,6.72,53.760002,0.074752,0.756864,-0.289664,283,530,620,0.9571117180460178
2024-04-25 14:15:57.061000+00:00,2024-04-25 14:15:30+00:00,2024-04-25 14:17:30+00:00,TABUENCA01-45,Sensoria-C1-E90A,Left,Gait,1.0.5,40.3887119,-3.6292984,F0:75:B1:51:59:F6,SCKS,-0.71875,3.499998,-0.875,-21.280001,98.559998,428.959991,0.476544,0.56064,-0.242944,706,549,700,3.6786155768854134
2024-04-25 14:15:57.069000+00:00,2024-04-25 14:15:30+00:00,2024-04-25 14:17:30+00:00,TABUENCA01-45,Sensoria-C1-EEA1,Right,Gait,1.0.5,40.3887119,-3.6292984,CB:AA:BC:3F:36:A5,SCKS,0.011719,1.078126,-0.035156,-5.6,-2.24,68.32,0.084096,0.756864,-0.289664,269,517,640,1.0787626945593733
2024-04-25 14:15:57.070000+00:00,2024-04-25 14:15:30+00:00,2024-04-25 14:17:30+00:00,TABUENCA01-45,Sensoria-C1-EEA1,Right,Gait,1.0.5,40.3887119,-3.6292984,CB:AA:BC:3F:36:A5,SCKS,0.003906,1.085938,0.03125,-3.36,-6.72,77.279999,0.09344,0.766208,-0.289664,256,503,661,1.0863945688284713
2024-04-25 14:15:57.086000+00:00,2024-04-25 14:15:30+00:00,2024-04-25 14:17:30+00:00,TABUENCA01-45,Sensoria-C1-EEA1,Right,Gait,1.0.5,40.3887119,-3.6292984,CB:AA:BC:3F:36:A5,SCKS,-0.070313,1.207032,0.019531,-2.24,-14.56,89.599998,0.112128,0.775552,-0.289664,242,487,680,1.209235968268394
2024-04-25 14:15:57.094000+00:00,2024-04-25 14:15:30+00:00,2024-04-25 14:17:30+00:00,TABUENCA01-45,Sensoria-C1-E90A,Left,Gait,1.0.5,40.3887119,-3.6292984,F0:75:B1:51:59:F6,SCKS,-3.187498,1.812499,-0.71875,12.32,86.239998,259.839996,0.504576,0.495232,-0.252288,706,550,706,3.736562282032109
2024-04-25 14:15:57.102000+00:00,2024-04-25 14:15:30+00:00,2024-04-25 14:17:30+00:00,TABUENCA01-45,Sensoria-C1-EEA1,Right,Gait,1.0.5,40.3887119,-3.6292984,CB:AA:BC:3F:36:A5,SCKS,-0.0625,1.257813,0.085938,-8.96,-22.4,108.639999,0.121472,0.784896,-0.308352,232,473,697,1.26229360008399
2024-04-25 14:15:57.126000+00:00,2024-04-25 14:15:30+00:00,2024-04-25 14:17:30+00:00,TABUENCA01-45,Sensoria-C1-E90A,Left,Gait,1.0.5,40.3887119,-3.6292984,F0:75:B1:51:59:F6,SCKS,-3.593748,1.531249,-0.59375,39.200001,-54.880001,70.559998,0.51392,0.4672,-0.270976,703,550,709,3.9512386981812426
2024-04-25 14:15:57.135000+00:00,2024-04-25 14:15:30+00:00,2024-04-25 14:17:30+00:00,TABUENCA01-45,Sensoria-C1-EEA1,Right,Gait,1.0.5,40.3887119,-3.6292984,CB:AA:BC:3F:36:A5,SCKS,-0.070313,1.296876,0.070313,-12.32,-30.24,126.559998,0.130816,0.784896,-0.308352,222,465,709,1.30068258822589
2024-04-25 14:15:57.151000+00:00,2024-04-25 14:15:30+00:00,2024-04-25 14:17:30+00:00,TABUENCA01-45,Sensoria-C1-EEA1,Right,Gait,1.0.5,40.3887119,-3.6292984,CB:AA:BC:3F:36:A5,SCKS,-0.125,1.500001,-0.246094,-15.68,-33.599998,144.479996,0.130816,0.784896,-0.308352,215,458,716,1.5251853188504667
2024-04-25 14:15:57.158000+00:00,2024-04-25 14:15:30+00:00,2024-04-25 14:17:30+00:00,TABUENCA01-45,Sensoria-C1-E90A,Left,Gait,1.0.5,40.3887119,-3.6292984,F0:75:B1:51:59:F6,SCKS,1.437499,1.156249,0.65625,23.52,40.32,-142.240005,0.504576,0.485888,-0.252288,699,549,704,1.9580549500721374
2024-04-25 14:15:57.167000+00:00,2024-04-25 14:15:30+00:00,2024-04-25 14:17:30+00:00,TABUENCA01-45,Sensoria-C1-EEA1,Right,Gait,1.0.5,40.3887119,-3.6292984,CB:AA:BC:3F:36:A5,SCKS,-0.140625,1.656251,-0.183594,-20.16,-14.56,165.759995,0.168192,0.79424,-0.289664,210,465,718,1.6723186067439422
2024-04-25 14:15:57.183000+00:00,2024-04-25 14:15:30+00:00,2024-04-25 14:17:30+00:00,TABUENCA01-45,Sensoria-C1-EEA1,Right,Gait,1.0.5,40.3887119,-3.6292984,CB:AA:BC:3F:36:A5,SCKS,-0.460938,1.988283,0.082031,-22.4,20.16,185.919998,0.196224,0.803584,-0.308352,214,483,721,2.0426605721200963
2024-04-25 14:15:57.191000+00:00,2024-04-25 14:15:30+00:00,2024-04-25 14:17:30+00:00,TABUENCA01-45,Sensoria-C1-E90A,Left,Gait,1.0.5,40.3887119,-3.6292984,F0:75:B1:51:59:F6,SCKS,-0.78125,1.156249,0.875,43.68,212.800003,-216.160004,0.504576,0.523264,-0.289664,710,551,671,1.6470847921406475
2024-04-25 14:15:57.216000+00:00,2024-04-25 14:15:30+00:00,2024-04-25 14:17:30+00:00,TABUENCA01-45,Sensoria-C1-EEA1,Right,Gait,1.0.5,40.3887119,-3.6292984,CB:AA:BC:3F:36:A5,SCKS,-0.882813,1.996095,0.496094,-35.84,62.720001,212.800003,0.2336,0.803584,-0.299008,220,501,721,2.238272391562296
2024-04-25 14:15:57.232000+00:00,2024-04-25 14:15:30+00:00,2024-04-25 14:17:30+00:00,TABUENCA01-45,Sensoria-C1-EEA1,Right,Gait,1.0.5,40.3887119,-3.6292984,CB:AA:BC:3F:36:A5,SCKS,-0.828126,1.996095,0.542969,-53.760002,81.760002,244.160004,0.28032,0.803584,-0.308352,239,524,721,2.2282287261100464
2024-04-25 14:15:57.239000+00:00,2024-04-25 14:15:30+00:00,2024-04-25 14:17:30+00:00,TABUENCA01-45,Sensoria-C1-E90A,Left,Gait,1.0.5,40.3887119,-3.6292984,F0:75:B1:51:59:F6,SCKS,-1.187499,1.906249,-0.999999,175.839996,90.720001,-196.0,0.448512,0.598016,-0.289664,708,561,491,2.4584420117226684
2024-04-25 14:15:57.249000+00:00,2024-04-25 14:15:30+00:00,2024-04-25 14:17:30+00:00,TABUENCA01-45,Sensoria-C1-EEA1,Right,Gait,1.0.5,40.3887119,-3.6292984,CB:AA:BC:3F:36:A5,SCKS,-0.644532,1.996095,-0.390625,-19.040001,38.080002,284.480011,0.28032,0.803584,-0.308352,280,568,719,2.1336364823169855
2024-04-25 14:15:57.256000+00:00,2024-04-25 14:15:30+00:00,2024-04-25 14:17:30+00:00,TABUENCA01-45,Sensoria-C1-E90A,Left,Gait,1.0.5,40.3887119,-3.6292984,F0:75:B1:51:59:F6,SCKS,-0.15625,1.281249,-0.0625,92.959999,-73.919998,-191.520004,0.42048,0.635392,-0.270976,686,561,398,1.2922535790242564
2024-04-25 14:15:57.265000+00:00,2024-04-25 14:15:30+00:00,2024-04-25 14:17:30+00:00,TABUENCA01-45,Sensoria-C1-EEA1,Right,Gait,1.0.5,40.3887119,-3.6292984,CB:AA:BC:3F:36:A5,SCKS,-0.621094,1.996095,-0.625,-4.48,-63.84,318.079987,0.336384,0.803584,-0.317696,339,624,719,2.181920714843003
2024-04-25 14:15:57.288000+00:00,2024-04-25 14:15:30+00:00,2024-04-25 14:17:30+00:00,TABUENCA01-45,Sensoria-C1-E90A,Left,Gait,1.0.5,40.3887119,-3.6292984,F0:75:B1:51:59:F6,SCKS,-0.03125,0.90625,-0.25,56.0,-54.880001,-98.559998,0.401792,0.663424,-0.242944,646,539,361,0.9406198089557757
2024-04-25 14:15:57.297000+00:00,2024-04-25 14:15:30+00:00,2024-04-25 14:17:30+00:00,TABUENCA01-45,Sensoria-C1-EEA1,Right,Gait,1.0.5,40.3887119,-3.6292984,CB:AA:BC:3F:36:A5,SCKS,-0.363282,0.718751,-0.703125,17.92,-47.040001,315.839996,0.392448,0.79424,-0.299008,407,669,718,1.0690938112018047
2024-04-25 14:15:57.314000+00:00,2024-04-25 14:15:30+00:00,2024-04-25 14:17:30+00:00,TABUENCA01-45,Sensoria-C1-EEA1,Right,Gait,1.0.5,40.3887119,-3.6292984,CB:AA:BC:3F:36:A5,SCKS,-0.671875,-0.234375,-0.652344,22.4,48.16,212.800003,0.429824,0.784896,-0.299008,450,694,717,0.9653498591629877
2024-04-25 14:15:57.321000+00:00,2024-04-25 14:15:30+00:00,2024-04-25 14:17:30+00:00,TABUENCA01-45,Sensoria-C1-E90A,Left,Gait,1.0.5,40.3887119,-3.6292984,F0:75:B1:51:59:F6,SCKS,0.125,0.968749,-0.21875,28.0,-40.32,-34.720001,0.392448,0.672768,-0.242944,609,509,356,1.0009751183226285
2024-04-25 14:15:57.330000+00:00,2024-04-25 14:15:30+00:00,2024-04-25 14:17:30+00:00,TABUENCA01-45,Sensoria-C1-EEA1,Right,Gait,1.0.5,40.3887119,-3.6292984,CB:AA:BC:3F:36:A5,SCKS,-0.222656,0.878907,-0.812501,39.200001,226.240005,98.559998,0.429824,0.784896,-0.299008,474,709,716,1.2174609168207413
2024-04-25 14:15:57.346000+00:00,2024-04-25 14:15:30+00:00,2024-04-25 14:17:30+00:00,TABUENCA01-45,Sensoria-C1-EEA1,Right,Gait,1.0.5,40.3887119,-3.6292984,CB:AA:BC:3F:36:A5,SCKS,-1.535157,0.136719,-0.1875,-17.92,215.040009,-62.720001,0.429824,0.79424,-0.317696,492,720,712,1.552596325388541
2024-04-25 14:15:57.354000+00:00,2024-04-25 14:15:30+00:00,2024-04-25 14:17:30+00:00,TABUENCA01-45,Sensoria-C1-E90A,Left,Gait,1.0.5,40.3887119,-3.6292984,F0:75:B1:51:59:F6,SCKS,0.0625,0.999999,-0.09375,12.32,-36.959999,-24.639999,0.392448,0.672768,-0.2336,580,483,372,1.0063266430443942
2024-04-25 14:15:57.370000+00:00,2024-04-25 14:15:30+00:00,2024-04-25 14:17:30+00:00,TABUENCA01-45,Sensoria-C1-E90A,Left,Gait,1.0.5,40.3887119,-3.6292984,F0:75:B1:51:59:F6,SCKS,0.125,0.968749,-0.25,14.56,-38.080002,-29.120001,0.37376,0.682112,-0.224256,559,463,410,1.0082656519990156
2024-04-25 14:15:57.379000+00:00,2024-04-25 14:15:30+00:00,2024-04-25 14:17:30+00:00,TABUENCA01-45,Sensoria-C1-EEA1,Right,Gait,1.0.5,40.3887119,-3.6292984,CB:AA:BC:3F:36:A5,SCKS,-0.898438,-0.136719,0.132813,3.36,135.520004,-82.879997,0.429824,0.79424,-0.32704,497,721,711,0.9184346562352708
2024-04-25 14:15:57.395000+00:00,2024-04-25 14:15:30+00:00,2024-04-25 14:17:30+00:00,TABUENCA01-45,Sensoria-C1-EEA1,Right,Gait,1.0.5,40.3887119,-3.6292984,CB:AA:BC:3F:36:A5,SCKS,-0.574219,-0.136719,0.152344,62.720001,57.119999,-135.520004,0.411136,0.79424,-0.32704,498,724,710,0.6096131882251237
2024-04-25 14:15:57.403000+00:00,2024-04-25 14:15:30+00:00,2024-04-25 14:17:30+00:00,TABUENCA01-45,Sensoria-C1-E90A,Left,Gait,1.0.5,40.3887119,-3.6292984,F0:75:B1:51:59:F6,SCKS,0.09375,0.9375,-0.1875,8.96,-44.799999,-29.120001,0.37376,0.682112,-0.224256,545,447,467,0.9606516343087124
2024-04-25 14:15:57.412000+00:00,2024-04-25 14:15:30+00:00,2024-04-25 14:17:30+00:00,TABUENCA01-45,Sensoria-C1-EEA1,Right,Gait,1.0.5,40.3887119,-3.6292984,CB:AA:BC:3F:36:A5,SCKS,-0.699219,0.164063,0.0625,78.400002,16.799999,-193.759995,0.383104,0.803584,-0.317696,500,723,707,0.7209231081953194
2024-04-25 14:15:57.427000+00:00,2024-04-25 14:15:30+00:00,2024-04-25 14:17:30+00:00,TABUENCA01-45,Sensoria-C1-EEA1,Right,Gait,1.0.5,40.3887119,-3.6292984,CB:AA:BC:3F:36:A5,SCKS,-0.675782,0.375,0.125,77.279999,-28.0,-243.040009,0.336384,0.812928,-0.308352,498,723,708,0.7828992984567045
2024-04-25 14:15:57.434000+00:00,2024-04-25 14:15:30+00:00,2024-04-25 14:17:30+00:00,TABUENCA01-45,Sensoria-C1-E90A,Left,Gait,1.0.5,40.3887119,-3.6292984,F0:75:B1:51:59:F6,SCKS,0.0625,0.9375,-0.25,-2.24,-43.68,-24.639999,0.364416,0.691456,-0.214912,535,431,524,0.9722718241315028
2024-04-25 14:15:57.443000+00:00,2024-04-25 14:15:30+00:00,2024-04-25 14:17:30+00:00,TABUENCA01-45,Sensoria-C1-EEA1,Right,Gait,1.0.5,40.3887119,-3.6292984,CB:AA:BC:3F:36:A5,SCKS,-0.527344,0.605469,0.152344,77.279999,-82.879997,-309.119995,0.28032,0.812928,-0.299008,500,722,707,0.817247268966376
2024-04-25 14:15:57.467000+00:00,2024-04-25 14:15:30+00:00,2024-04-25 14:17:30+00:00,TABUENCA01-45,Sensoria-C1-E90A,Left,Gait,1.0.5,40.3887119,-3.6292984,F0:75:B1:51:59:F6,SCKS,0.0625,0.9375,-0.21875,-6.72,-41.439999,-21.280001,0.355072,0.691456,-0.196224,526,415,574,0.9647093150270707
2024-04-25 14:15:57.476000+00:00,2024-04-25 14:15:30+00:00,2024-04-25 14:17:30+00:00,TABUENCA01-45,Sensoria-C1-EEA1,Right,Gait,1.0.5,40.3887119,-3.6292984,CB:AA:BC:3F:36:A5,SCKS,-0.523438,0.925782,0.101563,73.919998,-94.080002,-346.079987,0.224256,0.803584,-0.28032,498,720,707,1.0683513908527476
2024-04-25 14:15:57.493000+00:00,2024-04-25 14:15:30+00:00,2024-04-25 14:17:30+00:00,TABUENCA01-45,Sensoria-C1-EEA1,Right,Gait,1.0.5,40.3887119,-3.6292984,CB:AA:BC:3F:36:A5,SCKS,-0.460938,1.265626,0.101563,54.880001,-80.639999,-371.839996,0.224256,0.803584,-0.28032,499,720,706,1.3507731322057748
2024-04-25 14:15:57.501000+00:00,2024-04-25 14:15:30+00:00,2024-04-25 14:17:30+00:00,TABUENCA01-45,Sensoria-C1-E90A,Left,Gait,1.0.5,40.3887119,-3.6292984,F0:75:B1:51:59:F6,SCKS,0.03125,0.9375,-0.1875,-3.36,-36.959999,-26.880001,0.355072,0.691456,-0.205568,517,399,609,0.9565767415633729
2024-04-25 14:15:57.509000+00:00,2024-04-25 14:15:30+00:00,2024-04-25 14:17:30+00:00,TABUENCA01-45,Sensoria-C1-EEA1,Right,Gait,1.0.5,40.3887119,-3.6292984,CB:AA:BC:3F:36:A5,SCKS,-0.386719,1.687501,0.121094,30.24,-43.68,-383.040009,0.158848,0.784896,-0.270976,499,720,705,1.7354754296151818
2024-04-25 14:15:57.525000+00:00,2024-04-25 14:15:30+00:00,2024-04-25 14:17:30+00:00,TABUENCA01-45,Sensoria-C1-EEA1,Right,Gait,1.0.5,40.3887119,-3.6292984,CB:AA:BC:3F:36:A5,SCKS,-0.402344,1.996095,0.242188,-1.12,19.040001,-379.679993,0.09344,0.756864,-0.289664,497,719,704,2.05059283396412
2024-04-25 14:15:57.533000+00:00,2024-04-25 14:15:30+00:00,2024-04-25 14:17:30+00:00,TABUENCA01-45,Sensoria-C1-E90A,Left,Gait,1.0.5,40.3887119,-3.6292984,F0:75:B1:51:59:F6,SCKS,0.0,0.968749,-0.15625,-1.12,-33.599998,-35.84,0.345728,0.710144,-0.196224,503,379,632,0.981268917015616
2024-04-25 14:15:57.558000+00:00,2024-04-25 14:15:30+00:00,2024-04-25 14:17:30+00:00,TABUENCA01-45,Sensoria-C1-EEA1,Right,Gait,1.0.5,40.3887119,-3.6292984,CB:AA:BC:3F:36:A5,SCKS,-0.160156,1.996095,0.300781,21.280001,16.799999,-375.200012,0.037376,0.710144,-0.28032,498,718,704,2.0249726919941415
2024-04-25 14:15:57.566000+00:00,2024-04-25 14:15:30+00:00,2024-04-25 14:17:30+00:00,TABUENCA01-45,Sensoria-C1-E90A,Left,Gait,1.0.5,40.3887119,-3.6292984,F0:75:B1:51:59:F6,SCKS,-0.03125,0.999999,-0.125,1.12,-29.120001,-45.920002,0.336384,0.710144,-0.18688,478,338,660,1.008265621005199
2024-04-25 14:15:57.574000+00:00,2024-04-25 14:15:30+00:00,2024-04-25 14:17:30+00:00,TABUENCA01-45,Sensoria-C1-EEA1,Right,Gait,1.0.5,40.3887119,-3.6292984,CB:AA:BC:3F:36:A5,SCKS,0.589844,1.996095,0.414063,44.799999,10.08,-375.200012,-0.009344,0.672768,-0.270976,498,717,705,2.122206248537121
2024-04-25 14:15:57.590000+00:00,2024-04-25 14:15:30+00:00,2024-04-25 14:17:30+00:00,TABUENCA01-45,Sensoria-C1-EEA1,Right,Gait,1.0.5,40.3887119,-3.6292984,CB:AA:BC:3F:36:A5,SCKS,1.398438,1.996095,0.316406,30.24,3.36,-383.040009,-0.009344,0.672768,-0.270976,498,718,706,2.457668986195049
2024-04-25 14:15:57.598000+00:00,2024-04-25 14:15:30+00:00,2024-04-25 14:17:30+00:00,TABUENCA01-45,Sensoria-C1-E90A,Left,Gait,1.0.5,40.3887119,-3.6292984,F0:75:B1:51:59:F6,SCKS,0.0,1.031249,-0.125,-5.6,-29.120001,-53.760002,0.317696,0.719488,-0.18688,457,310,678,1.0387971409283914
2024-04-25 14:15:57.607000+00:00,2024-04-25 14:15:30+00:00,2024-04-25 14:17:30+00:00,TABUENCA01-45,Sensoria-C1-EEA1,Right,Gait,1.0.5,40.3887119,-3.6292984,CB:AA:BC:3F:36:A5,SCKS,1.996095,1.996095,-0.828126,40.32,-12.32,-346.079987,-0.04672,0.616704,-0.28032,497,721,708,2.9418672930514727
2024-04-25 14:15:57.623000+00:00,2024-04-25 14:15:30+00:00,2024-04-25 14:17:30+00:00,TABUENCA01-45,Sensoria-C1-EEA1,Right,Gait,1.0.5,40.3887119,-3.6292984,CB:AA:BC:3F:36:A5,SCKS,1.996095,1.089845,0.601563,72.800003,13.440001,-188.160004,-0.084096,0.569984,-0.261632,496,719,709,2.352453063510301
2024-04-25 14:15:57.630000+00:00,2024-04-25 14:15:30+00:00,2024-04-25 14:17:30+00:00,TABUENCA01-45,Sensoria-C1-E90A,Left,Gait,1.0.5,40.3887119,-3.6292984,F0:75:B1:51:59:F6,SCKS,0.0625,1.124999,-0.125,-11.2,-28.0,-71.68,0.299008,0.738176,-0.18688,437,288,691,1.1336463293289492
2024-04-25 14:15:57.655000+00:00,2024-04-25 14:15:30+00:00,2024-04-25 14:17:30+00:00,TABUENCA01-45,Sensoria-C1-EEA1,Right,Gait,1.0.5,40.3887119,-3.6292984,CB:AA:BC:3F:36:A5,SCKS,1.996095,1.996095,0.652344,66.080002,21.280001,-88.480003,-0.084096,0.56064,-0.261632,494,720,713,2.897299292856366
2024-04-25 14:15:57.671000+00:00,2024-04-25 14:15:30+00:00,2024-04-25 14:17:30+00:00,TABUENCA01-45,Sensoria-C1-EEA1,Right,Gait,1.0.5,40.3887119,-3.6292984,CB:AA:BC:3F:36:A5,SCKS,1.128907,1.996095,0.871094,-12.32,-44.799999,80.639999,-0.074752,0.56064,-0.270976,495,719,714,2.453086019794251
2024-04-25 14:15:57.678000+00:00,2024-04-25 14:15:30+00:00,2024-04-25 14:17:30+00:00,TABUENCA01-45,Sensoria-C1-E90A,Left,Gait,1.0.5,40.3887119,-3.6292984,F0:75:B1:51:59:F6,SCKS,0.09375,1.218749,0.0,-6.72,-15.68,-101.919998,0.289664,0.756864,-0.18688,422,274,704,1.2223494539210136
2024-04-25 14:15:57.687000+00:00,2024-04-25 14:15:30+00:00,2024-04-25 14:17:30+00:00,TABUENCA01-45,Sensoria-C1-EEA1,Right,Gait,1.0.5,40.3887119,-3.6292984,CB:AA:BC:3F:36:A5,SCKS,-1.921876,1.933595,-0.382813,17.92,-159.039993,133.279999,-0.074752,0.56064,-0.270976,498,717,698,2.752987972434678
2024-04-25 14:15:57.695000+00:00,2024-04-25 14:15:30+00:00,2024-04-25 14:17:30+00:00,TABUENCA01-45,Sensoria-C1-E90A,Left,Gait,1.0.5,40.3887119,-3.6292984,F0:75:B1:51:59:F6,SCKS,0.21875,1.437499,-0.3125,2.24,3.36,-140.0,0.261632,0.756864,-0.196224,421,271,708,1.4872495377376993
2024-04-25 14:15:57.704000+00:00,2024-04-25 14:15:30+00:00,2024-04-25 14:17:30+00:00,TABUENCA01-45,Sensoria-C1-EEA1,Right,Gait,1.0.5,40.3887119,-3.6292984,CB:AA:BC:3F:36:A5,SCKS,-1.093751,0.910157,1.316407,29.120001,-164.639999,164.639999,-0.074752,0.588672,-0.28032,507,717,658,1.938454127468329
2024-04-25 14:15:57.711000+00:00,2024-04-25 14:15:30+00:00,2024-04-25 14:17:30+00:00,TABUENCA01-45,Sensoria-C1-E90A,Left,Gait,1.0.5,40.3887119,-3.6292984,F0:75:B1:51:59:F6,SCKS,0.3125,1.781249,-0.25,1.12,-6.72,-179.199997,0.2336,0.766208,-0.18688,455,303,710,1.8256517329438822
2024-04-25 14:15:57.737000+00:00,2024-04-25 14:15:30+00:00,2024-04-25 14:17:30+00:00,TABUENCA01-45,Sensoria-C1-EEA1,Right,Gait,1.0.5,40.3887119,-3.6292984,CB:AA:BC:3F:36:A5,SCKS,0.683594,1.750001,0.09375,61.599998,-120.959999,274.399994,-0.056064,0.626048,-0.299008,514,722,581,1.8811149139106307
2024-04-25 14:15:57.744000+00:00,2024-04-25 14:15:30+00:00,2024-04-25 14:17:30+00:00,TABUENCA01-45,Sensoria-C1-E90A,Left,Gait,1.0.5,40.3887119,-3.6292984,F0:75:B1:51:59:F6,SCKS,0.9375,2.437499,-0.09375,-11.2,-22.4,-213.919998,0.196224,0.775552,-0.196224,523,359,706,2.613254041898912
2024-04-25 14:15:57.753000+00:00,2024-04-25 14:15:30+00:00,2024-04-25 14:17:30+00:00,TABUENCA01-45,Sensoria-C1-EEA1,Right,Gait,1.0.5,40.3887119,-3.6292984,CB:AA:BC:3F:36:A5,SCKS,0.367188,1.675782,-0.292969,44.799999,31.360001,235.199997,-0.037376,0.65408,-0.299008,517,724,496,1.7403744349504218
2024-04-25 14:15:57.769000+00:00,2024-04-25 14:15:30+00:00,2024-04-25 14:17:30+00:00,TABUENCA01-45,Sensoria-C1-EEA1,Right,Gait,1.0.5,40.3887119,-3.6292984,CB:AA:BC:3F:36:A5,SCKS,0.277344,1.234376,-0.066406,-8.96,35.84,218.399994,-0.018688,0.682112,-0.289664,510,723,429,1.2668912978420839
2024-04-25 14:15:57.776000+00:00,2024-04-25 14:15:30+00:00,2024-04-25 14:17:30+00:00,TABUENCA01-45,Sensoria-C1-E90A,Left,Gait,1.0.5,40.3887119,-3.6292984,F0:75:B1:51:59:F6,SCKS,0.6875,2.031249,-0.1875,-64.959999,-103.040001,-217.279999,0.121472,0.79424,-0.224256,569,406,707,2.152622818795945
2024-04-25 14:15:57.785000+00:00,2024-04-25 14:15:30+00:00,2024-04-25 14:17:30+00:00,TABUENCA01-45,Sensoria-C1-EEA1,Right,Gait,1.0.5,40.3887119,-3.6292984,CB:AA:BC:3F:36:A5,SCKS,0.054688,0.765626,0.125,3.36,42.560001,161.279999,-0.018688,0.682112,-0.289664,493,729,391,0.7776882082300078
2024-04-25 14:15:57.809000+00:00,2024-04-25 14:15:30+00:00,2024-04-25 14:17:30+00:00,TABUENCA01-45,Sensoria-C1-E90A,Left,Gait,1.0.5,40.3887119,-3.6292984,F0:75:B1:51:59:F6,SCKS,0.6875,2.124999,-0.9375,-21.280001,-64.959999,-269.920013,0.065408,0.79424,-0.214912,624,477,709,2.422226919593001
2024-04-25 14:15:57.818000+00:00,2024-04-25 14:15:30+00:00,2024-04-25 14:17:30+00:00,TABUENCA01-45,Sensoria-C1-EEA1,Right,Gait,1.0.5,40.3887119,-3.6292984,CB:AA:BC:3F:36:A5,SCKS,-0.113281,0.996094,0.035156,-8.96,29.120001,136.639999,0.0,0.710144,-0.270976,469,722,365,1.0031309915125741
2024-04-25 14:15:57.834000+00:00,2024-04-25 14:15:30+00:00,2024-04-25 14:17:30+00:00,TABUENCA01-45,Sensoria-C1-EEA1,Right,Gait,1.0.5,40.3887119,-3.6292984,CB:AA:BC:3F:36:A5,SCKS,0.199219,1.007813,0.03125,-2.24,-4.48,105.279999,0.018688,0.719488,-0.28032,445,703,353,1.0277897720010645
2024-04-25 14:15:57.841000+00:00,2024-04-25 14:15:30+00:00,2024-04-25 14:17:30+00:00,TABUENCA01-45,Sensoria-C1-E90A,Left,Gait,1.0.5,40.3887119,-3.6292984,F0:75:B1:51:59:F6,SCKS,0.5625,0.71875,-0.46875,20.16,-21.280001,-162.399994,0.018688,0.79424,-0.205568,674,534,713,1.0260284474613752
2024-04-25 14:15:57.850000+00:00,2024-04-25 14:15:30+00:00,2024-04-25 14:17:30+00:00,TABUENCA01-45,Sensoria-C1-EEA1,Right,Gait,1.0.5,40.3887119,-3.6292984,CB:AA:BC:3F:36:A5,SCKS,-0.03125,0.968751,0.074219,7.84,-12.32,73.919998,0.037376,0.728832,-0.28032,426,679,348,0.9720923425590802
2024-04-25 14:15:57.866000+00:00,2024-04-25 14:15:30+00:00,2024-04-25 14:17:30+00:00,TABUENCA01-45,Sensoria-C1-EEA1,Right,Gait,1.0.5,40.3887119,-3.6292984,CB:AA:BC:3F:36:A5,SCKS,0.050781,1.062501,-0.117188,29.120001,-14.56,62.720001,0.037376,0.728832,-0.28032,407,653,350,1.0701495747352328
2024-04-25 14:15:57.882000+00:00,2024-04-25 14:15:30+00:00,2024-04-25 14:17:30+00:00,TABUENCA01-45,Sensoria-C1-EEA1,Right,Gait,1.0.5,40.3887119,-3.6292984,CB:AA:BC:3F:36:A5,SCKS,-0.042969,0.976563,0.113281,-1.12,2.24,47.040001,0.037376,0.738176,-0.289664,391,632,359,0.984049903658854
2024-04-25 14:15:57.889000+00:00,2024-04-25 14:15:30+00:00,2024-04-25 14:17:30+00:00,TABUENCA01-45,Sensoria-C1-E90A,Left,Gait,1.0.5,40.3887119,-3.6292984,F0:75:B1:51:59:F6,SCKS,1.343749,0.125,-0.28125,29.120001,-211.680008,75.040001,-0.009344,0.79424,-0.214912,701,558,711,1.3785455877485517
2024-04-25 14:15:57.905000+00:00,2024-04-25 14:15:30+00:00,2024-04-25 14:17:30+00:00,TABUENCA01-45,Sensoria-C1-E90A,Left,Gait,1.0.5,40.3887119,-3.6292984,F0:75:B1:51:59:F6,SCKS,0.968749,0.0,0.0,4.48,-69.440002,153.440002,0.009344,0.79424,-0.214912,710,558,709,0.968749
2024-04-25 14:15:57.914000+00:00,2024-04-25 14:15:30+00:00,2024-04-25 14:17:30+00:00,TABUENCA01-45,Sensoria-C1-EEA1,Right,Gait,1.0.5,40.3887119,-3.6292984,CB:AA:BC:3F:36:A5,SCKS,-0.023438,1.050782,-0.125,5.6,5.6,42.560001,0.037376,0.738176,-0.289664,379,612,377,1.0584503537568497
2024-04-25 14:15:57.938000+00:00,2024-04-25 14:15:30+00:00,2024-04-25 14:17:30+00:00,TABUENCA01-45,Sensoria-C1-E90A,Left,Gait,1.0.5,40.3887119,-3.6292984,F0:75:B1:51:59:F6,SCKS,0.34375,0.0625,0.03125,20.16,1.12,202.720001,0.037376,0.79424,-0.214912,712,559,708,0.350780380010057
2024-04-25 14:15:57.946000+00:00,2024-04-25 14:15:30+00:00,2024-04-25 14:17:30+00:00,TABUENCA01-45,Sensoria-C1-EEA1,Right,Gait,1.0.5,40.3887119,-3.6292984,CB:AA:BC:3F:36:A5,SCKS,-0.027344,0.984376,-0.082031,-8.96,17.92,41.439999,0.04672,0.74752,-0.270976,370,599,397,0.98816642761885
2024-04-25 14:15:57.947000+00:00,2024-04-25 14:15:30+00:00,2024-04-25 14:17:30+00:00,TABUENCA01-45,Sensoria-C1-EEA1,Right,Gait,1.0.5,40.3887119,-3.6292984,CB:AA:BC:3F:36:A5,SCKS,0.011719,0.984376,-0.082031,-15.68,28.0,41.439999,0.04672,0.74752,-0.270976,360,589,428,0.9878575450428062
2024-04-25 14:15:57.963000+00:00,2024-04-25 14:15:30+00:00,2024-04-25 14:17:30+00:00,TABUENCA01-45,Sensoria-C1-EEA1,Right,Gait,1.0.5,40.3887119,-3.6292984,CB:AA:BC:3F:36:A5,SCKS,0.019531,0.960938,-0.035156,-17.92,32.48,36.959999,0.056064,0.74752,-0.270976,353,577,455,0.9617792075840483
2024-04-25 14:15:57.971000+00:00,2024-04-25 14:15:30+00:00,2024-04-25 14:17:30+00:00,TABUENCA01-45,Sensoria-C1-E90A,Left,Gait,1.0.5,40.3887119,-3.6292984,F0:75:B1:51:59:F6,SCKS,0.5,0.4375,-0.09375,45.920002,32.48,274.399994,0.084096,0.79424,-0.205568,711,557,706,0.6709659547994965
2024-04-25 14:15:57.996000+00:00,2024-04-25 14:15:30+00:00,2024-04-25 14:17:30+00:00,TABUENCA01-45,Sensoria-C1-EEA1,Right,Gait,1.0.5,40.3887119,-3.6292984,CB:AA:BC:3F:36:A5,SCKS,0.011719,0.968751,-0.039063,-19.040001,29.120001,33.599998,0.065408,0.74752,-0.270976,346,569,488,0.9696090722198303
2024-04-25 14:15:58.003000+00:00,2024-04-25 14:15:30+00:00,2024-04-25 14:17:30+00:00,TABUENCA01-45,Sensoria-C1-E90A,Left,Gait,1.0.5,40.3887119,-3.6292984,F0:75:B1:51:59:F6,SCKS,0.4375,0.75,-0.03125,30.24,60.48,318.079987,0.18688,0.775552,-0.214912,712,556,705,0.8688399234036153
2024-04-25 14:15:58.012000+00:00,2024-04-25 14:15:30+00:00,2024-04-25 14:17:30+00:00,TABUENCA01-45,Sensoria-C1-EEA1,Right,Gait,1.0.5,40.3887119,-3.6292984,CB:AA:BC:3F:36:A5,SCKS,0.035156,0.972657,-0.0625,-20.16,25.76,31.360001,0.065408,0.74752,-0.270976,340,560,516,0.9752967927687449
2024-04-25 14:15:58.028000+00:00,2024-04-25 14:15:30+00:00,2024-04-25 14:17:30+00:00,TABUENCA01-45,Sensoria-C1-EEA1,Right,Gait,1.0.5,40.3887119,-3.6292984,CB:AA:BC:3F:36:A5,SCKS,0.042969,0.964844,-0.042969,-20.16,25.76,29.120001,0.074752,0.74752,-0.28032,328,551,542,0.9667557159169011
2024-04-25 14:15:58.036000+00:00,2024-04-25 14:15:30+00:00,2024-04-25 14:17:30+00:00,TABUENCA01-45,Sensoria-C1-E90A,Left,Gait,1.0.5,40.3887119,-3.6292984,F0:75:B1:51:59:F6,SCKS,0.375,1.124999,-0.03125,24.639999,88.480003,359.519989,0.252288,0.756864,-0.205568,710,555,704,1.186264857652371
2024-04-25 14:15:58.045000+00:00,2024-04-25 14:15:30+00:00,2024-04-25 14:17:30+00:00,TABUENCA01-45,Sensoria-C1-EEA1,Right,Gait,1.0.5,40.3887119,-3.6292984,CB:AA:BC:3F:36:A5,SCKS,0.015625,0.945313,0.011719,-20.16,26.880001,30.24,0.074752,0.756864,-0.28032,319,544,565,0.9455147505750505
2024-04-25 14:15:58.053000+00:00,2024-04-25 14:15:30+00:00,2024-04-25 14:17:30+00:00,TABUENCA01-45,Sensoria-C1-E90A,Left,Gait,1.0.5,40.3887119,-3.6292984,F0:75:B1:51:59:F6,SCKS,0.4375,2.062499,-0.0625,-3.36,79.519997,411.040009,0.317696,0.719488,-0.196224,710,552,700,2.109316151031182
2024-04-25 14:15:58.085000+00:00,2024-04-25 14:15:30+00:00,2024-04-25 14:17:30+00:00,TABUENCA01-45,Sensoria-C1-E90A,Left,Gait,1.0.5,40.3887119,-3.6292984,F0:75:B1:51:59:F6,SCKS,0.125,2.781249,-0.15625,-5.6,101.919998,432.320007,0.439168,0.60736,-0.2336,709,552,700,2.7884377458535807
2024-04-25 14:15:58.093000+00:00,2024-04-25 14:15:30+00:00,2024-04-25 14:17:30+00:00,TABUENCA01-45,Sensoria-C1-EEA1,Right,Gait,1.0.5,40.3887119,-3.6292984,CB:AA:BC:3F:36:A5,SCKS,-0.011719,0.945313,0.042969,-17.92,22.4,35.84,0.074752,0.756864,-0.270976,307,533,585,0.9463616316667746
2024-04-25 14:15:58.094000+00:00,2024-04-25 14:15:30+00:00,2024-04-25 14:17:30+00:00,TABUENCA01-45,Sensoria-C1-EEA1,Right,Gait,1.0.5,40.3887119,-3.6292984,CB:AA:BC:3F:36:A5,SCKS,-0.019531,0.984376,0.0625,-11.2,5.6,51.52,0.084096,0.756864,-0.28032,292,520,604,0.9865514783005497
2024-04-25 14:15:58.109000+00:00,2024-04-25 14:15:30+00:00,2024-04-25 14:17:30+00:00,TABUENCA01-45,Sensoria-C1-EEA1,Right,Gait,1.0.5,40.3887119,-3.6292984,CB:AA:BC:3F:36:A5,SCKS,0.035156,1.031251,0.027344,-14.56,-2.24,62.720001,0.084096,0.756864,-0.28032,278,505,621,1.0322123152108775
2024-04-25 14:15:58.117000+00:00,2024-04-25 14:15:30+00:00,2024-04-25 14:17:30+00:00,TABUENCA01-45,Sensoria-C1-E90A,Left,Gait,1.0.5,40.3887119,-3.6292984,F0:75:B1:51:59:F6,SCKS,-0.5625,3.406248,-0.3125,-34.720001,104.160004,418.880005,0.485888,0.541952,-0.252288,708,553,699,3.4664950508408348
2024-04-25 14:15:58.126000+00:00,2024-04-25 14:15:30+00:00,2024-04-25 14:17:30+00:00,TABUENCA01-45,Sensoria-C1-EEA1,Right,Gait,1.0.5,40.3887119,-3.6292984,CB:AA:BC:3F:36:A5,SCKS,0.0,1.074219,0.070313,-21.280001,-1.12,70.559998,0.09344,0.766208,-0.270976,261,488,648,1.0765177090647418
2024-04-25 14:15:58.142000+00:00,2024-04-25 14:15:30+00:00,2024-04-25 14:17:30+00:00,TABUENCA01-45,Sensoria-C1-EEA1,Right,Gait,1.0.5,40.3887119,-3.6292984,CB:AA:BC:3F:36:A5,SCKS,-0.074219,1.160157,0.101563,-20.16,-10.08,80.639999,0.102784,0.766208,-0.289664,247,474,670,1.1669566262629474
2024-04-25 14:15:58.150000+00:00,2024-04-25 14:15:30+00:00,2024-04-25 14:17:30+00:00,TABUENCA01-45,Sensoria-C1-E90A,Left,Gait,1.0.5,40.3887119,-3.6292984,F0:75:B1:51:59:F6,SCKS,-2.468749,1.874999,-0.9375,3.36,115.360001,286.720001,0.504576,0.495232,-0.270976,707,553,705,3.238711028326238
2024-04-25 14:15:58.184000+00:00,2024-04-25 14:15:30+00:00,2024-04-25 14:17:30+00:00,TABUENCA01-45,Sensoria-C1-E90A,Left,Gait,1.0.5,40.3887119,-3.6292984,F0:75:B1:51:59:F6,SCKS,-3.374998,1.562499,-0.6875,28.0,-87.360001,51.52,0.51392,0.457856,-0.261632,705,551,709,3.7821516197800693
2024-04-25 14:15:58.191000+00:00,2024-04-25 14:15:30+00:00,2024-04-25 14:17:30+00:00,TABUENCA01-45,Sensoria-C1-EEA1,Right,Gait,1.0.5,40.3887119,-3.6292984,CB:AA:BC:3F:36:A5,SCKS,-0.117188,1.238282,0.183594,-20.16,-21.280001,98.559998,0.112128,0.775552,-0.28032,235,458,688,1.2572915714757658
2024-04-25 14:15:58.193000+00:00,2024-04-25 14:15:30+00:00,2024-04-25 14:17:30+00:00,TABUENCA01-45,Sensoria-C1-EEA1,Right,Gait,1.0.5,40.3887119,-3.6292984,CB:AA:BC:3F:36:A5,SCKS,-0.089844,1.312501,0.179688,-25.76,-32.48,116.480003,0.14016,0.784896,-0.28032,226,452,704,1.3277871051795163
2024-04-25 14:15:58.208000+00:00,2024-04-25 14:15:30+00:00,2024-04-25 14:17:30+00:00,TABUENCA01-45,Sensoria-C1-EEA1,Right,Gait,1.0.5,40.3887119,-3.6292984,CB:AA:BC:3F:36:A5,SCKS,-0.167969,1.472657,-0.039063,-33.599998,-40.32,135.520004,0.14016,0.784896,-0.28032,216,445,713,1.482719846288907
2024-04-25 14:15:58.216000+00:00,2024-04-25 14:15:30+00:00,2024-04-25 14:17:30+00:00,TABUENCA01-45,Sensoria-C1-E90A,Left,Gait,1.0.5,40.3887119,-3.6292984,F0:75:B1:51:59:F6,SCKS,1.499999,1.156249,0.34375,15.68,63.84,-153.440002,0.51392,0.4672,-0.242944,702,551,708,1.924856569332375
2024-04-25 14:15:58.224000+00:00,2024-04-25 14:15:30+00:00,2024-04-25 14:17:30+00:00,TABUENCA01-45,Sensoria-C1-EEA1,Right,Gait,1.0.5,40.3887119,-3.6292984,CB:AA:BC:3F:36:A5,SCKS,-0.152344,1.679689,-0.09375,-39.200001,-30.24,160.160004,0.158848,0.784896,-0.289664,212,453,717,1.6891870510861136
2024-04-25 14:15:58.248000+00:00,2024-04-25 14:15:30+00:00,2024-04-25 14:17:30+00:00,TABUENCA01-45,Sensoria-C1-E90A,Left,Gait,1.0.5,40.3887119,-3.6292984,F0:75:B1:51:59:F6,SCKS,-1.437499,1.406249,0.65625,47.040001,225.119995,-258.720001,0.485888,0.523264,-0.28032,708,552,670,2.1153259057417135
2024-04-25 14:15:58.257000+00:00,2024-04-25 14:15:30+00:00,2024-04-25 14:17:30+00:00,TABUENCA01-45,Sensoria-C1-EEA1,Right,Gait,1.0.5,40.3887119,-3.6292984,CB:AA:BC:3F:36:A5,SCKS,-0.433594,1.988283,0.105469,-44.799999,-2.24,181.440002,0.18688,0.79424,-0.299008,212,474,719,2.0377430541866657
2024-04-25 14:15:58.280000+00:00,2024-04-25 14:15:30+00:00,2024-04-25 14:17:30+00:00,TABUENCA01-45,Sensoria-C1-E90A,Left,Gait,1.0.5,40.3887119,-3.6292984,F0:75:B1:51:59:F6,SCKS,-0.375,1.406249,-0.1875,134.399994,17.92,-226.240005,0.4672,0.569984,-0.289664,709,559,549,1.4674186519194172
2024-04-25 14:15:58.382000+00:00,2024-04-25 14:15:30+00:00,2024-04-25 14:17:30+00:00,TABUENCA01-45,Sensoria-C1-EEA1,Right,Gait,1.0.5,40.3887119,-3.6292984,CB:AA:BC:3F:36:A5,SCKS,-0.917969,1.996095,0.480469,-56.0,31.360001,209.440002,0.224256,0.803584,-0.299008,224,496,719,2.248980389853811
2024-04-25 14:15:58.382000+00:00,2024-04-25 14:15:30+00:00,2024-04-25 14:17:30+00:00,TABUENCA01-45,Sensoria-C1-E90A,Left,Gait,1.0.5,40.3887119,-3.6292984,F0:75:B1:51:59:F6,SCKS,0.03125,0.968749,-0.34375,84.0,-82.879997,-118.720001,0.411136,0.644736,-0.252288,667,547,361,1.0284042250015313
2024-04-25 14:15:58.383000+00:00,2024-04-25 14:15:30+00:00,2024-04-25 14:17:30+00:00,TABUENCA01-45,Sensoria-C1-E90A,Left,Gait,1.0.5,40.3887119,-3.6292984,F0:75:B1:51:59:F6,SCKS,0.15625,0.968749,-0.25,28.0,-53.760002,-47.040001,0.383104,0.663424,-0.224256,609,504,360,1.0126147774455003
2024-04-25 14:15:58.383000+00:00,2024-04-25 14:15:30+00:00,2024-04-25 14:17:30+00:00,TABUENCA01-45,Sensoria-C1-EEA1,Right,Gait,1.0.5,40.3887119,-3.6292984,CB:AA:BC:3F:36:A5,SCKS,-0.378907,1.996095,-0.390625,-34.720001,-40.32,291.200012,0.270976,0.803584,-0.317696,283,550,718,2.068949891683943
2024-04-25 14:15:58.384000+00:00,2024-04-25 14:15:30+00:00,2024-04-25 14:17:30+00:00,TABUENCA01-45,Sensoria-C1-EEA1,Right,Gait,1.0.5,40.3887119,-3.6292984,CB:AA:BC:3F:36:A5,SCKS,-0.519532,0.742188,-1.078126,4.48,-38.080002,315.839996,0.37376,0.803584,-0.32704,409,658,718,1.4082301652230007
2024-04-25 14:15:58.385000+00:00,2024-04-25 14:15:30+00:00,2024-04-25 14:17:30+00:00,TABUENCA01-45,Sensoria-C1-EEA1,Right,Gait,1.0.5,40.3887119,-3.6292984,CB:AA:BC:3F:36:A5,SCKS,-0.246094,0.164063,-0.906251,10.08,51.52,203.839996,0.411136,0.79424,-0.336384,454,687,717,0.9532941832435567
2024-04-25 14:15:58.386000+00:00,2024-04-25 14:15:30+00:00,2024-04-25 14:17:30+00:00,TABUENCA01-45,Sensoria-C1-EEA1,Right,Gait,1.0.5,40.3887119,-3.6292984,CB:AA:BC:3F:36:A5,SCKS,-0.558594,0.667969,-0.699219,2.24,265.440002,128.800003,0.429824,0.784896,-0.336384,478,704,715,1.1167439508490744
2024-04-25 14:15:58.393000+00:00,2024-04-25 14:15:30+00:00,2024-04-25 14:17:30+00:00,TABUENCA01-45,Sensoria-C1-E90A,Left,Gait,1.0.5,40.3887119,-3.6292984,F0:75:B1:51:59:F6,SCKS,0.0625,0.999999,-0.09375,11.2,-47.040001,-34.720001,0.383104,0.672768,-0.214912,576,471,380,1.0063266430443942
2024-04-25 14:15:58.402000+00:00,2024-04-25 14:15:30+00:00,2024-04-25 14:17:30+00:00,TABUENCA01-45,Sensoria-C1-EEA1,Right,Gait,1.0.5,40.3887119,-3.6292984,CB:AA:BC:3F:36:A5,SCKS,-1.515626,0.296875,-0.554688,-8.96,255.360001,6.72,0.429824,0.784896,-0.336384,490,713,715,1.6410166711051413
2024-04-25 14:15:58.427000+00:00,2024-04-25 14:15:30+00:00,2024-04-25 14:17:30+00:00,TABUENCA01-45,Sensoria-C1-E90A,Left,Gait,1.0.5,40.3887119,-3.6292984,F0:75:B1:51:59:F6,SCKS,0.09375,0.968749,-0.21875,6.72,-50.400002,-32.48,0.37376,0.682112,-0.214912,555,446,423,0.9975546350957425
2024-04-25 14:15:58.436000+00:00,2024-04-25 14:15:30+00:00,2024-04-25 14:17:30+00:00,TABUENCA01-45,Sensoria-C1-EEA1,Right,Gait,1.0.5,40.3887119,-3.6292984,CB:AA:BC:3F:36:A5,SCKS,-1.101563,0.015625,-0.125,3.36,178.080002,-35.84,0.429824,0.79424,-0.345728,495,718,714,1.1087426137720153
2024-04-25 14:15:58.452000+00:00,2024-04-25 14:15:30+00:00,2024-04-25 14:17:30+00:00,TABUENCA01-45,Sensoria-C1-EEA1,Right,Gait,1.0.5,40.3887119,-3.6292984,CB:AA:BC:3F:36:A5,SCKS,-0.609375,-0.109375,0.0625,64.959999,43.68,-109.760002,0.42048,0.79424,-0.345728,496,721,711,0.6222596172418712
2024-04-25 14:15:58.459000+00:00,2024-04-25 14:15:30+00:00,2024-04-25 14:17:30+00:00,TABUENCA01-45,Sensoria-C1-E90A,Left,Gait,1.0.5,40.3882544,-3.6292402,F0:75:B1:51:59:F6,SCKS,0.0625,0.9375,-0.1875,-2.24,-44.799999,-28.0,0.364416,0.682112,-0.205568,535,429,481,0.9581068572972432
2024-04-25 14:15:58.468000+00:00,2024-04-25 14:15:30+00:00,2024-04-25 14:17:30+00:00,TABUENCA01-45,Sensoria-C1-EEA1,Right,Gait,1.0.5,40.3882544,-3.6292402,CB:AA:BC:3F:36:A5,SCKS,-0.671875,0.128906,-0.039063,82.879997,-15.68,-166.880005,0.392448,0.803584,-0.336384,498,722,710,0.6852435263685458
2024-04-25 14:15:58.485000+00:00,2024-04-25 14:15:30+00:00,2024-04-25 14:17:30+00:00,TABUENCA01-45,Sensoria-C1-EEA1,Right,Gait,1.0.5,40.3882544,-3.6292402,CB:AA:BC:3F:36:A5,SCKS,-0.523438,0.3125,-0.089844,89.599998,-88.480003,-238.559998,0.364416,0.812928,-0.317696,498,722,709,0.6162106248516005
2024-04-25 14:15:58.492000+00:00,2024-04-25 14:15:30+00:00,2024-04-25 14:17:30+00:00,TABUENCA01-45,Sensoria-C1-E90A,Left,Gait,1.0.5,40.3882544,-3.6292402,F0:75:B1:51:59:F6,SCKS,0.03125,0.9375,-0.25,-5.6,-40.32,-20.16,0.355072,0.691456,-0.205568,522,413,542,0.9707640354380667
2024-04-25 14:15:58.517000+00:00,2024-04-25 14:15:30+00:00,2024-04-25 14:17:30+00:00,TABUENCA01-45,Sensoria-C1-EEA1,Right,Gait,1.0.5,40.3882544,-3.6292402,CB:AA:BC:3F:36:A5,SCKS,-0.511719,0.523438,-0.117188,91.840004,-114.239998,-281.119995,0.317696,0.812928,-0.308352,496,720,709,0.741334406424658
2024-04-25 14:15:58.524000+00:00,2024-04-25 14:15:30+00:00,2024-04-25 14:17:30+00:00,TABUENCA01-45,Sensoria-C1-E90A,Left,Gait,1.0.5,40.3882544,-3.6292402,F0:75:B1:51:59:F6,SCKS,0.03125,0.9375,-0.28125,-10.08,-39.200001,-17.92,0.355072,0.691456,-0.196224,511,403,590,0.9792774759995249
2024-04-25 14:15:58.533000+00:00,2024-04-25 14:15:30+00:00,2024-04-25 14:17:30+00:00,TABUENCA01-45,Sensoria-C1-EEA1,Right,Gait,1.0.5,40.3882544,-3.6292402,CB:AA:BC:3F:36:A5,SCKS,-0.511719,0.777344,-0.117188,89.599998,-126.559998,-320.320007,0.252288,0.812928,-0.289664,497,720,708,0.938004827621372
2024-04-25 14:15:58.549000+00:00,2024-04-25 14:15:30+00:00,2024-04-25 14:17:30+00:00,TABUENCA01-45,Sensoria-C1-EEA1,Right,Gait,1.0.5,40.3882544,-3.6292402,CB:AA:BC:3F:36:A5,SCKS,-0.460938,1.089845,-0.132813,79.519997,-127.68,-353.920013,0.252288,0.812928,-0.270976,496,720,708,1.1907414735525086
2024-04-25 14:15:58.556000+00:00,2024-04-25 14:15:30+00:00,2024-04-25 14:17:30+00:00,TABUENCA01-45,Sensoria-C1-E90A,Left,Gait,1.0.5,40.3882544,-3.6292402,F0:75:B1:51:59:F6,SCKS,0.03125,0.968749,-0.25,-10.08,-42.560001,-19.040001,0.355072,0.691456,-0.196224,500,389,628,1.0009751183226285
2024-04-25 14:15:58.565000+00:00,2024-04-25 14:15:30+00:00,2024-04-25 14:17:30+00:00,TABUENCA01-45,Sensoria-C1-EEA1,Right,Gait,1.0.5,40.3882544,-3.6292402,CB:AA:BC:3F:36:A5,SCKS,-0.386719,1.460939,-0.15625,60.48,-110.879997,-383.040009,0.18688,0.79424,-0.270976,495,719,706,1.5193118209182734
2024-04-25 14:15:58.589000+00:00,2024-04-25 14:15:30+00:00,2024-04-25 14:17:30+00:00,TABUENCA01-45,Sensoria-C1-E90A,Left,Gait,1.0.5,40.3882544,-3.6292402,F0:75:B1:51:59:F6,SCKS,0.0,0.9375,-0.125,-5.6,-44.799999,-24.639999,0.345728,0.7008,-0.205568,488,377,658,0.9457966219013473
2024-04-25 14:15:58.598000+00:00,2024-04-25 14:15:30+00:00,2024-04-25 14:17:30+00:00,TABUENCA01-45,Sensoria-C1-EEA1,Right,Gait,1.0.5,40.3882544,-3.6292402,CB:AA:BC:3F:36:A5,SCKS,-0.40625,1.996095,-0.0625,33.599998,-69.440002,-400.959991,0.121472,0.766208,-0.28032,496,720,706,2.037974622394744
2024-04-25 14:15:58.614000+00:00,2024-04-25 14:15:30+00:00,2024-04-25 14:17:30+00:00,TABUENCA01-45,Sensoria-C1-EEA1,Right,Gait,1.0.5,40.3882544,-3.6292402,CB:AA:BC:3F:36:A5,SCKS,-0.378907,1.996095,0.078125,17.92,-24.639999,-407.679993,0.065408,0.728832,-0.28032,496,717,704,2.0332410775161414
2024-04-25 14:15:58.621000+00:00,2024-04-25 14:15:30+00:00,2024-04-25 14:17:30+00:00,TABUENCA01-45,Sensoria-C1-E90A,Left,Gait,1.0.5,40.3882544,-3.6292402,F0:75:B1:51:59:F6,SCKS,-0.03125,0.9375,-0.125,1.12,-34.720001,-35.84,0.336384,0.710144,-0.18688,475,361,676,0.94631274560792
2024-04-25 14:15:58.630000+00:00,2024-04-25 14:15:30+00:00,2024-04-25 14:17:30+00:00,TABUENCA01-45,Sensoria-C1-EEA1,Right,Gait,1.0.5,40.3882544,-3.6292402,CB:AA:BC:3F:36:A5,SCKS,0.167969,1.996095,-0.167969,56.0,-45.920002,-406.559998,0.009344,0.682112,-0.28032,496,718,705,2.0101796981730264
2024-04-25 14:15:58.646000+00:00,2024-04-25 14:15:30+00:00,2024-04-25 14:17:30+00:00,TABUENCA01-45,Sensoria-C1-EEA1,Right,Gait,1.0.5,40.3882544,-3.6292402,CB:AA:BC:3F:36:A5,SCKS,0.953126,1.996095,0.023438,48.16,-16.799999,-408.799988,-0.04672,0.626048,-0.289664,495,717,705,2.212101661485068
2024-04-25 14:15:58.654000+00:00,2024-04-25 14:15:30+00:00,2024-04-25 14:17:30+00:00,TABUENCA01-45,Sensoria-C1-E90A,Left,Gait,1.0.5,40.3882544,-3.6292402,F0:75:B1:51:59:F6,SCKS,-0.03125,0.968749,-0.125,2.24,-26.880001,-45.920002,0.32704,0.710144,-0.177536,459,340,690,0.9772799944238089
2024-04-25 14:15:58.662000+00:00,2024-04-25 14:15:30+00:00,2024-04-25 14:17:30+00:00,TABUENCA01-45,Sensoria-C1-EEA1,Right,Gait,1.0.5,40.3882544,-3.6292402,CB:AA:BC:3F:36:A5,SCKS,1.996095,1.996095,-0.746094,51.52,10.08,-383.040009,-0.04672,0.626048,-0.289664,494,717,704,2.9198367685345015
2024-04-25 14:15:58.686000+00:00,2024-04-25 14:15:30+00:00,2024-04-25 14:17:30+00:00,TABUENCA01-45,Sensoria-C1-E90A,Left,Gait,1.0.5,40.3882544,-3.6292402,F0:75:B1:51:59:F6,SCKS,0.0,1.062499,-0.1875,1.12,-24.639999,-57.119999,0.317696,0.719488,-0.177536,440,318,702,1.0789162965684596
2024-04-25 14:15:58.695000+00:00,2024-04-25 14:15:30+00:00,2024-04-25 14:17:30+00:00,TABUENCA01-45,Sensoria-C1-EEA1,Right,Gait,1.0.5,40.3882544,-3.6292402,CB:AA:BC:3F:36:A5,SCKS,1.996095,1.585939,0.375,73.919998,61.599998,-236.320007,-0.074752,0.579328,-0.28032,495,718,707,2.5768629689500373
2024-04-25 14:15:58.711000+00:00,2024-04-25 14:15:30+00:00,2024-04-25 14:17:30+00:00,TABUENCA01-45,Sensoria-C1-EEA1,Right,Gait,1.0.5,40.3882544,-3.6292402,CB:AA:BC:3F:36:A5,SCKS,1.996095,1.945314,0.964844,80.639999,67.199997,-114.239998,-0.084096,0.541952,-0.261632,493,719,711,2.9495026278945744
2024-04-25 14:15:58.727000+00:00,2024-04-25 14:15:30+00:00,2024-04-25 14:17:30+00:00,TABUENCA01-45,Sensoria-C1-EEA1,Right,Gait,1.0.5,40.3882544,-3.6292402,CB:AA:BC:3F:36:A5,SCKS,1.996095,1.996095,1.425782,11.2,-22.4,69.440002,-0.084096,0.551296,-0.261632,493,720,714,3.1625377167037865
2024-04-25 14:15:58.734000+00:00,2024-04-25 14:15:30+00:00,2024-04-25 14:17:30+00:00,TABUENCA01-45,Sensoria-C1-E90A,Left,Gait,1.0.5,40.3882544,-3.6292402,F0:75:B1:51:59:F6,SCKS,0.09375,1.218749,0.0,7.84,-8.96,-103.040001,0.28032,0.738176,-0.177536,416,293,717,1.2223494539210136
2024-04-25 14:15:58.735000+00:00,2024-04-25 14:15:30+00:00,2024-04-25 14:17:30+00:00,TABUENCA01-45,Sensoria-C1-E90A,Left,Gait,1.0.5,40.3882544,-3.6292402,F0:75:B1:51:59:F6,SCKS,0.25,1.468749,-0.34375,17.92,3.36,-140.0,0.270976,0.756864,-0.177536,410,287,719,1.5290152672556936
2024-04-25 14:15:58.744000+00:00,2024-04-25 14:15:30+00:00,2024-04-25 14:17:30+00:00,TABUENCA01-45,Sensoria-C1-EEA1,Right,Gait,1.0.5,40.3882544,-3.6292402,CB:AA:BC:3F:36:A5,SCKS,-1.191407,0.796876,0.023438,17.92,-178.080002,148.960007,-0.074752,0.579328,-0.289664,494,717,702,1.4335310735624116
2024-04-25 14:15:58.767000+00:00,2024-04-25 14:15:30+00:00,2024-04-25 14:17:30+00:00,TABUENCA01-45,Sensoria-C1-E90A,Left,Gait,1.0.5,40.3882544,-3.6292402,F0:75:B1:51:59:F6,SCKS,0.375,1.874999,-0.25,14.56,-13.440001,-179.199997,0.2336,0.766208,-0.177536,432,315,717,1.928405105262118
2024-04-25 14:15:58.776000+00:00,2024-04-25 14:15:30+00:00,2024-04-25 14:17:30+00:00,TABUENCA01-45,Sensoria-C1-EEA1,Right,Gait,1.0.5,40.3882544,-3.6292402,CB:AA:BC:3F:36:A5,SCKS,-1.820314,0.968751,1.710939,36.959999,-219.520004,120.959999,-0.074752,0.579328,-0.289664,505,719,660,2.6794278904866986
2024-04-25 14:15:58.792000+00:00,2024-04-25 14:15:30+00:00,2024-04-25 14:17:30+00:00,TABUENCA01-45,Sensoria-C1-EEA1,Right,Gait,1.0.5,40.3882544,-3.6292402,CB:AA:BC:3F:36:A5,SCKS,1.410157,1.988283,0.265625,87.360001,-95.199997,265.440002,-0.074752,0.60736,-0.32704,511,724,584,2.4520131919227106
2024-04-25 14:15:58.824000+00:00,2024-04-25 14:15:30+00:00,2024-04-25 14:17:30+00:00,TABUENCA01-45,Sensoria-C1-EEA1,Right,Gait,1.0.5,40.3882544,-3.6292402,CB:AA:BC:3F:36:A5,SCKS,0.816407,1.691407,-0.054688,1.12,6.72,218.399994,-0.037376,0.672768,-0.32704,507,725,414,1.87892756822662
2024-04-25 14:15:58.831000+00:00,2024-04-25 14:15:30+00:00,2024-04-25 14:17:30+00:00,TABUENCA01-45,Sensoria-C1-E90A,Left,Gait,1.0.5,40.3882544,-3.6292402,F0:75:B1:51:59:F6,SCKS,1.187499,2.656249,-0.03125,-8.96,-49.279999,-219.520004,0.196224,0.775552,-0.168192,494,366,717,2.909774765768306
2024-04-25 14:15:58.832000+00:00,2024-04-25 14:15:30+00:00,2024-04-25 14:17:30+00:00,TABUENCA01-45,Sensoria-C1-E90A,Left,Gait,1.0.5,40.3882544,-3.6292402,F0:75:B1:51:59:F6,SCKS,0.46875,2.124999,0.15625,-41.439999,-106.400002,-230.720001,0.158848,0.784896,-0.18688,547,411,713,2.1816877354472615
2024-04-25 14:15:58.840000+00:00,2024-04-25 14:15:30+00:00,2024-04-25 14:17:30+00:00,TABUENCA01-45,Sensoria-C1-EEA1,Right,Gait,1.0.5,40.3882544,-3.6292402,CB:AA:BC:3F:36:A5,SCKS,-0.035156,0.644532,0.050781,-8.96,63.84,168.0,-0.009344,0.7008,-0.308352,491,729,373,0.6474844811429846
2024-04-25 14:15:58.864000+00:00,2024-04-25 14:15:30+00:00,2024-04-25 14:17:30+00:00,TABUENCA01-45,Sensoria-C1-E90A,Left,Gait,1.0.5,40.3882544,-3.6292402,F0:75:B1:51:59:F6,SCKS,0.84375,2.156249,-0.875,12.32,-11.2,-290.079987,0.056064,0.79424,-0.177536,605,477,713,2.475267422421464
2024-04-25 14:15:58.873000+00:00,2024-04-25 14:15:30+00:00,2024-04-25 14:17:30+00:00,TABUENCA01-45,Sensoria-C1-EEA1,Right,Gait,1.0.5,40.3882544,-3.6292402,CB:AA:BC:3F:36:A5,SCKS,-0.042969,1.000001,-0.070313,-16.799999,47.040001,137.759995,-0.009344,0.7008,-0.308352,469,717,349,1.0033903791301768
2024-04-25 14:15:58.889000+00:00,2024-04-25 14:15:30+00:00,2024-04-25 14:17:30+00:00,TABUENCA01-45,Sensoria-C1-EEA1,Right,Gait,1.0.5,40.3882544,-3.6292402,CB:AA:BC:3F:36:A5,SCKS,0.046875,0.953126,0.042969,-14.56,23.52,97.440002,0.0,0.719488,-0.299008,446,696,338,0.9552448756533584
2024-04-25 14:15:58.897000+00:00,2024-04-25 14:15:30+00:00,2024-04-25 14:17:30+00:00,TABUENCA01-45,Sensoria-C1-E90A,Left,Gait,1.0.5,40.3882544,-3.6292402,F0:75:B1:51:59:F6,SCKS,0.78125,0.75,-0.34375,4.48,6.72,-219.520004,0.009344,0.784896,-0.168192,664,532,713,1.1362286851686152
2024-04-25 14:15:58.905000+00:00,2024-04-25 14:15:30+00:00,2024-04-25 14:17:30+00:00,TABUENCA01-45,Sensoria-C1-EEA1,Right,Gait,1.0.5,40.3882544,-3.6292402,CB:AA:BC:3F:36:A5,SCKS,-0.097656,0.972657,0.15625,-10.08,4.48,68.32,0.018688,0.728832,-0.308352,430,673,336,0.9899557548117996
2024-04-25 14:15:58.922000+00:00,2024-04-25 14:15:30+00:00,2024-04-25 14:17:30+00:00,TABUENCA01-45,Sensoria-C1-EEA1,Right,Gait,1.0.5,40.3882544,-3.6292402,CB:AA:BC:3F:36:A5,SCKS,0.039063,1.042969,-0.097656,15.68,-12.32,52.639999,0.028032,0.728832,-0.308352,414,649,339,1.0482590077199432
2024-04-25 14:15:58.930000+00:00,2024-04-25 14:15:30+00:00,2024-04-25 14:17:30+00:00,TABUENCA01-45,Sensoria-C1-E90A,Left,Gait,1.0.5,40.3882544,-3.6292402,F0:75:B1:51:59:F6,SCKS,-0.6875,0.15625,-0.5,16.799999,-110.879997,-79.519997,-0.018688,0.784896,-0.177536,693,552,715,0.8643322928712082
2024-04-25 14:15:58.954000+00:00,2024-04-25 14:15:30+00:00,2024-04-25 14:17:30+00:00,TABUENCA01-45,Sensoria-C1-EEA1,Right,Gait,1.0.5,40.3882544,-3.6292402,CB:AA:BC:3F:36:A5,SCKS,-0.054688,1.035157,0.058594,12.32,-4.48,36.959999,0.028032,0.738176,-0.308352,402,632,352,1.0382552907782365
2024-04-25 14:15:58.962000+00:00,2024-04-25 14:15:30+00:00,2024-04-25 14:17:30+00:00,TABUENCA01-45,Sensoria-C1-E90A,Left,Gait,1.0.5,40.3882544,-3.6292402,F0:75:B1:51:59:F6,SCKS,1.312499,0.125,-0.15625,2.24,-128.800003,119.840004,-0.028032,0.775552,-0.177536,705,558,711,1.3276643730630873
2024-04-25 14:15:58.971000+00:00,2024-04-25 14:15:30+00:00,2024-04-25 14:17:30+00:00,TABUENCA01-45,Sensoria-C1-EEA1,Right,Gait,1.0.5,40.3882544,-3.6292402,CB:AA:BC:3F:36:A5,SCKS,-0.097656,1.039063,-0.171875,13.440001,6.72,35.84,0.028032,0.738176,-0.308352,391,620,372,1.0577001597475535
2024-04-25 14:15:58.987000+00:00,2024-04-25 14:15:30+00:00,2024-04-25 14:17:30+00:00,TABUENCA01-45,Sensoria-C1-EEA1,Right,Gait,1.0.5,40.3882544,-3.6292402,CB:AA:BC:3F:36:A5,SCKS,-0.054688,0.984376,-0.175781,-5.6,15.68,36.959999,0.037376,0.738176,-0.28032,382,611,399,1.0014418838260162
2024-04-25 14:15:58.994000+00:00,2024-04-25 14:15:30+00:00,2024-04-25 14:17:30+00:00,TABUENCA01-45,Sensoria-C1-E90A,Left,Gait,1.0.5,40.3882544,-3.6292402,F0:75:B1:51:59:F6,SCKS,0.5625,-0.0625,0.125,-21.280001,0.0,156.800003,0.0,0.784896,-0.196224,709,556,709,0.5796011559684815
2024-04-25 14:15:59.003000+00:00,2024-04-25 14:15:30+00:00,2024-04-25 14:17:30+00:00,TABUENCA01-45,Sensoria-C1-EEA1,Right,Gait,1.0.5,40.3882544,-3.6292402,CB:AA:BC:3F:36:A5,SCKS,0.0,0.949219,-0.097656,-13.440001,25.76,39.200001,0.037376,0.74752,-0.299008,375,602,429,0.9542292199974804
2024-04-25 14:15:59.027000+00:00,2024-04-25 14:15:30+00:00,2024-04-25 14:17:30+00:00,TABUENCA01-45,Sensoria-C1-E90A,Left,Gait,1.0.5,40.3882544,-3.6292402,F0:75:B1:51:59:F6,SCKS,0.4375,0.15625,-0.125,1.12,7.84,247.520004,0.065408,0.79424,-0.18688,711,556,708,0.4810876349481454
2024-04-25 14:15:59.051000+00:00,2024-04-25 14:15:30+00:00,2024-04-25 14:17:30+00:00,TABUENCA01-45,Sensoria-C1-EEA1,Right,Gait,1.0.5,40.3882544,-3.6292402,CB:AA:BC:3F:36:A5,SCKS,-0.007813,0.941407,-0.054688,-15.68,35.84,35.84,0.04672,0.738176,-0.289664,366,592,457,0.9430264895335656
2024-04-25 14:15:59.053000+00:00,2024-04-25 14:15:30+00:00,2024-04-25 14:17:30+00:00,TABUENCA01-45,Sensoria-C1-EEA1,Right,Gait,1.0.5,40.3882544,-3.6292402,CB:AA:BC:3F:36:A5,SCKS,-0.007813,0.960938,-0.046875,-15.68,38.080002,34.720001,0.04672,0.74752,-0.28032,358,584,485,0.9621123367039838
2024-04-25 14:15:59.060000+00:00,2024-04-25 14:15:30+00:00,2024-04-25 14:17:30+00:00,TABUENCA01-45,Sensoria-C1-E90A,Left,Gait,1.0.5,40.3882544,-3.6292402,F0:75:B1:51:59:F6,SCKS,0.4375,0.5625,-0.1875,3.36,26.880001,291.200012,0.112128,0.79424,-0.177536,712,555,707,0.7368641326594747
2024-04-25 14:15:59.076000+00:00,2024-04-25 14:15:30+00:00,2024-04-25 14:17:30+00:00,TABUENCA01-45,Sensoria-C1-E90A,Left,Gait,1.0.5,40.3882544,-3.6292402,F0:75:B1:51:59:F6,SCKS,0.3125,0.78125,-0.0625,-5.6,51.52,338.23999,0.168192,0.784896,-0.18688,710,554,706,0.84375
2024-04-25 14:15:59.084000+00:00,2024-04-25 14:15:30+00:00,2024-04-25 14:17:30+00:00,TABUENCA01-45,Sensoria-C1-EEA1,Right,Gait,1.0.5,40.3882544,-3.6292402,CB:AA:BC:3F:36:A5,SCKS,-0.011719,0.964844,-0.046875,-14.56,34.720001,35.84,0.04672,0.756864,-0.28032,348,574,511,0.9660530756236948
2024-04-25 14:15:59.085000+00:00,2024-04-25 14:15:30+00:00,2024-04-25 14:17:30+00:00,TABUENCA01-45,Sensoria-C1-EEA1,Right,Gait,1.0.5,40.3882544,-3.6292402,CB:AA:BC:3F:36:A5,SCKS,-0.046875,0.960938,-0.019531,-13.440001,29.120001,40.32,0.04672,0.756864,-0.28032,335,564,534,0.962278839749685
2024-04-25 14:15:59.108000+00:00,2024-04-25 14:15:30+00:00,2024-04-25 14:17:30+00:00,TABUENCA01-45,Sensoria-C1-E90A,Left,Gait,1.0.5,40.3882544,-3.6292402,F0:75:B1:51:59:F6,SCKS,0.46875,1.281249,-0.0625,-8.96,54.880001,394.23999,0.299008,0.728832,-0.18688,710,553,704,1.3657348983243418
2024-04-25 14:15:59.117000+00:00,2024-04-25 14:15:30+00:00,2024-04-25 14:17:30+00:00,TABUENCA01-45,Sensoria-C1-EEA1,Right,Gait,1.0.5,40.3882544,-3.6292402,CB:AA:BC:3F:36:A5,SCKS,-0.035156,0.957032,-0.035156,-6.72,13.440001,51.52,0.065408,0.74752,-0.28032,322,552,554,0.95832256453451
2024-04-25 14:15:59.141000+00:00,2024-04-25 14:15:30+00:00,2024-04-25 14:17:30+00:00,TABUENCA01-45,Sensoria-C1-E90A,Left,Gait,1.0.5,40.3882544,-3.6292402,F0:75:B1:51:59:F6,SCKS,0.46875,2.281249,-0.09375,-16.799999,58.240002,431.200012,0.37376,0.682112,-0.205568,709,551,701,2.3307965644819797
2024-04-25 14:15:59.149000+00:00,2024-04-25 14:15:30+00:00,2024-04-25 14:17:30+00:00,TABUENCA01-45,Sensoria-C1-EEA1,Right,Gait,1.0.5,40.3882544,-3.6292402,CB:AA:BC:3F:36:A5,SCKS,-0.011719,0.996094,0.0,-8.96,8.96,58.240002,0.065408,0.756864,-0.28032,306,537,573,0.9961629343621454
2024-04-25 14:15:59.150000+00:00,2024-04-25 14:15:30+00:00,2024-04-25 14:17:30+00:00,TABUENCA01-45,Sensoria-C1-EEA1,Right,Gait,1.0.5,40.3882544,-3.6292402,CB:AA:BC:3F:36:A5,SCKS,0.015625,1.003907,0.019531,-8.96,4.48,64.959999,0.074752,0.756864,-0.28032,289,521,593,1.0042185346004127
2024-04-25 14:15:59.166000+00:00,2024-04-25 14:15:30+00:00,2024-04-25 14:17:30+00:00,TABUENCA01-45,Sensoria-C1-EEA1,Right,Gait,1.0.5,40.3882544,-3.6292402,CB:AA:BC:3F:36:A5,SCKS,-0.011719,1.066407,0.054688,-13.440001,2.24,71.68,0.084096,0.766208,-0.28032,275,503,619,1.0678726524984148
2024-04-25 14:15:59.173000+00:00,2024-04-25 14:15:30+00:00,2024-04-25 14:17:30+00:00,TABUENCA01-45,Sensoria-C1-E90A,Left,Gait,1.0.5,40.3882544,-3.6292402,F0:75:B1:51:59:F6,SCKS,0.125,3.062498,-0.25,-3.36,97.440002,453.600006,0.429824,0.626048,-0.214912,708,551,702,3.075226658313823
2024-04-25 14:15:59.182000+00:00,2024-04-25 14:15:30+00:00,2024-04-25 14:17:30+00:00,TABUENCA01-45,Sensoria-C1-EEA1,Right,Gait,1.0.5,40.3882544,-3.6292402,CB:AA:BC:3F:36:A5,SCKS,-0.023438,1.10547,0.023438,-12.32,-5.6,81.760002,0.084096,0.766208,-0.28032,257,486,648,1.1059668171278918
2024-04-25 14:15:59.206000+00:00,2024-04-25 14:15:30+00:00,2024-04-25 14:17:30+00:00,TABUENCA01-45,Sensoria-C1-E90A,Left,Gait,1.0.5,40.3882544,-3.6292402,F0:75:B1:51:59:F6,SCKS,-2.187499,2.374999,-1.249999,13.440001,155.680008,325.920013,0.504576,0.495232,-0.261632,707,551,707,3.462408067372042
2024-04-25 14:15:59.214000+00:00,2024-04-25 14:15:30+00:00,2024-04-25 14:17:30+00:00,TABUENCA01-45,Sensoria-C1-EEA1,Right,Gait,1.0.5,40.3882544,-3.6292402,CB:AA:BC:3F:36:A5,SCKS,-0.023438,1.160157,0.082031,-16.799999,-13.440001,92.959999,0.09344,0.775552,-0.28032,245,467,670,1.1632895982746516
2024-04-25 14:15:59.231000+00:00,2024-04-25 14:15:30+00:00,2024-04-25 14:17:30+00:00,TABUENCA01-45,Sensoria-C1-EEA1,Right,Gait,1.0.5,40.3882544,-3.6292402,CB:AA:BC:3F:36:A5,SCKS,-0.074219,1.257813,0.128906,-23.52,-19.040001,109.760002,0.102784,0.775552,-0.289664,232,453,691,1.2665775774764056
2024-04-25 14:15:59.238000+00:00,2024-04-25 14:15:30+00:00,2024-04-25 14:17:30+00:00,TABUENCA01-45,Sensoria-C1-E90A,Left,Gait,1.0.5,40.3882544,-3.6292402,F0:75:B1:51:59:F6,SCKS,-3.999998,1.468749,-0.75,17.92,-54.880001,146.720001,0.523264,0.4672,-0.252288,703,553,711,4.326627742827548
2024-04-25 14:15:59.247000+00:00,2024-04-25 14:15:30+00:00,2024-04-25 14:17:30+00:00,TABUENCA01-45,Sensoria-C1-EEA1,Right,Gait,1.0.5,40.3882544,-3.6292402,CB:AA:BC:3F:36:A5,SCKS,-0.121094,1.328126,0.144531,-30.24,-26.880001,127.68,0.130816,0.784896,-0.299008,221,442,706,1.3414438634072616
2024-04-25 14:15:59.263000+00:00,2024-04-25 14:15:30+00:00,2024-04-25 14:17:30+00:00,TABUENCA01-45,Sensoria-C1-EEA1,Right,Gait,1.0.5,40.3882544,-3.6292402,CB:AA:BC:3F:36:A5,SCKS,-0.121094,1.453126,-0.042969,-32.48,-36.959999,144.479996,0.158848,0.79424,-0.299008,215,441,715,1.458795826588834
2024-04-25 14:15:59.271000+00:00,2024-04-25 14:15:30+00:00,2024-04-25 14:17:30+00:00,TABUENCA01-45,Sensoria-C1-E90A,Left,Gait,1.0.5,40.3882544,-3.6292402,F0:75:B1:51:59:F6,SCKS,-1.093749,3.531248,-0.25,21.280001,-23.52,-116.480003,0.51392,0.4672,-0.242944,703,549,711,3.7051989572093156
2024-04-25 14:15:59.296000+00:00,2024-04-25 14:15:30+00:00,2024-04-25 14:17:30+00:00,TABUENCA01-45,Sensoria-C1-EEA1,Right,Gait,1.0.5,40.3882544,-3.6292402,CB:AA:BC:3F:36:A5,SCKS,-0.214844,1.734376,-0.183594,-31.360001,-22.4,168.0,0.158848,0.79424,-0.299008,211,453,719,1.7572492169717988
2024-04-25 14:15:59.303000+00:00,2024-04-25 14:15:30+00:00,2024-04-25 14:17:30+00:00,TABUENCA01-45,Sensoria-C1-E90A,Left,Gait,1.0.5,40.3882544,-3.6292402,F0:75:B1:51:59:F6,SCKS,1.968749,0.59375,0.78125,28.0,80.639999,-138.880005,0.51392,0.495232,-0.242944,707,551,675,2.1997416325561963
2024-04-25 14:15:59.312000+00:00,2024-04-25 14:15:30+00:00,2024-04-25 14:17:30+00:00,TABUENCA01-45,Sensoria-C1-EEA1,Right,Gait,1.0.5,40.3882544,-3.6292402,CB:AA:BC:3F:36:A5,SCKS,-0.523438,1.996095,0.144531,-30.24,10.08,194.880005,0.18688,0.803584,-0.308352,212,470,721,2.068640084410529
2024-04-25 14:15:59.328000+00:00,2024-04-25 14:15:30+00:00,2024-04-25 14:17:30+00:00,TABUENCA01-45,Sensoria-C1-EEA1,Right,Gait,1.0.5,40.3882544,-3.6292402,CB:AA:BC:3F:36:A5,SCKS,-1.128907,1.996095,0.5625,-42.560001,45.920002,225.119995,0.224256,0.812928,-0.317696,221,490,722,2.361193027618454
2024-04-25 14:15:59.336000+00:00,2024-04-25 14:15:30+00:00,2024-04-25 14:17:30+00:00,TABUENCA01-45,Sensoria-C1-E90A,Left,Gait,1.0.5,40.3882544,-3.6292402,F0:75:B1:51:59:F6,SCKS,-0.09375,1.687499,-0.125,98.559998,40.32,-240.800003,0.4672,0.569984,-0.28032,710,559,553,1.6947173621288596
2024-04-25 14:15:59.345000+00:00,2024-04-25 14:15:30+00:00,2024-04-25 14:17:30+00:00,TABUENCA01-45,Sensoria-C1-EEA1,Right,Gait,1.0.5,40.3882544,-3.6292402,CB:AA:BC:3F:36:A5,SCKS,-0.742188,1.996095,0.269531,-42.560001,24.639999,266.559998,0.28032,0.803584,-0.317696,243,512,721,2.146598527049248
2024-04-25 14:15:59.360000+00:00,2024-04-25 14:15:30+00:00,2024-04-25 14:17:30+00:00,TABUENCA01-45,Sensoria-C1-EEA1,Right,Gait,1.0.5,40.3882544,-3.6292402,CB:AA:BC:3F:36:A5,SCKS,-0.644532,1.996095,-0.652344,-17.92,-17.92,316.959991,0.336384,0.803584,-0.317696,289,556,720,2.196672356630592
2024-04-25 14:15:59.368000+00:00,2024-04-25 14:15:30+00:00,2024-04-25 14:17:30+00:00,TABUENCA01-45,Sensoria-C1-E90A,Left,Gait,1.0.5,40.3882544,-3.6292402,F0:75:B1:51:59:F6,SCKS,-2.062499,2.281249,-0.34375,133.279999,68.32,-227.360001,0.448512,0.60736,-0.261632,701,566,409,3.0945376371118836
2024-04-25 14:15:59.393000+00:00,2024-04-25 14:15:30+00:00,2024-04-25 14:17:30+00:00,TABUENCA01-45,Sensoria-C1-EEA1,Right,Gait,1.0.5,40.3882544,-3.6292402,CB:AA:BC:3F:36:A5,SCKS,-0.566407,1.996095,-0.878907,-21.280001,-61.599998,344.959991,0.336384,0.803584,-0.317696,355,616,721,2.253372950339779
2024-04-25 14:15:59.400000+00:00,2024-04-25 14:15:30+00:00,2024-04-25 14:17:30+00:00,TABUENCA01-45,Sensoria-C1-E90A,Left,Gait,1.0.5,40.3882544,-3.6292402,F0:75:B1:51:59:F6,SCKS,-0.21875,1.031249,-0.21875,90.720001,-73.919998,-166.880005,0.411136,0.644736,-0.242944,671,553,351,1.076651115729232
2024-04-25 14:15:59.409000+00:00,2024-04-25 14:15:30+00:00,2024-04-25 14:17:30+00:00,TABUENCA01-45,Sensoria-C1-EEA1,Right,Gait,1.0.5,40.3882544,-3.6292402,CB:AA:BC:3F:36:A5,SCKS,-0.621094,0.523438,-0.968751,0.0,-13.440001,294.559998,0.392448,0.803584,-0.32704,420,665,719,1.2642086839920852
2024-04-25 14:15:59.417000+00:00,2024-04-25 14:15:30+00:00,2024-04-25 14:17:30+00:00,TABUENCA01-45,Sensoria-C1-E90A,Left,Gait,1.0.5,40.3882544,-3.6292402,F0:75:B1:51:59:F6,SCKS,-0.0625,0.968749,-0.1875,45.920002,-56.0,-81.760002,0.401792,0.65408,-0.224256,632,521,338,0.9887047714060047
2024-04-25 14:15:59.425000+00:00,2024-04-25 14:15:30+00:00,2024-04-25 14:17:30+00:00,TABUENCA01-45,Sensoria-C1-EEA1,Right,Gait,1.0.5,40.3882544,-3.6292402,CB:AA:BC:3F:36:A5,SCKS,0.132813,-0.246094,-0.929688,8.96,56.0,187.039993,0.429824,0.79424,-0.317696,458,691,718,0.9708353759258054
2024-04-25 14:15:59.442000+00:00,2024-04-25 14:15:30+00:00,2024-04-25 14:17:30+00:00,TABUENCA01-45,Sensoria-C1-EEA1,Right,Gait,1.0.5,40.3882544,-3.6292402,CB:AA:BC:3F:36:A5,SCKS,-0.632813,0.449219,-0.664063,11.2,256.480011,99.68,0.448512,0.79424,-0.32704,479,706,718,1.0213861517070808
2024-04-25 14:15:59.474000+00:00,2024-04-25 14:15:30+00:00,2024-04-25 14:17:30+00:00,TABUENCA01-45,Sensoria-C1-EEA1,Right,Gait,1.0.5,40.3882544,-3.6292402,CB:AA:BC:3F:36:A5,SCKS,-1.402345,0.25,-0.457032,-7.84,229.600006,-24.639999,0.439168,0.79424,-0.345728,489,714,714,1.4959778568043713
2024-04-25 14:15:59.490000+00:00,2024-04-25 14:15:30+00:00,2024-04-25 14:17:30+00:00,TABUENCA01-45,Sensoria-C1-EEA1,Right,Gait,1.0.5,40.3882544,-3.6292402,CB:AA:BC:3F:36:A5,SCKS,-1.007813,-0.03125,-0.085938,-8.96,153.440002,-62.720001,0.439168,0.79424,-0.345728,494,718,714,1.0119530351320658
2024-04-25 14:15:59.497000+00:00,2024-04-25 14:15:30+00:00,2024-04-25 14:17:30+00:00,TABUENCA01-45,Sensoria-C1-E90A,Left,Gait,1.0.5,40.3882544,-3.6292402,F0:75:B1:51:59:F6,SCKS,0.125,0.999999,-0.21875,22.4,-38.080002,-38.080002,0.392448,0.663424,-0.224256,598,490,345,1.0312490303030593
2024-04-25 14:15:59.498000+00:00,2024-04-25 14:15:30+00:00,2024-04-25 14:17:30+00:00,TABUENCA01-45,Sensoria-C1-E90A,Left,Gait,1.0.5,40.3882544,-3.6292402,F0:75:B1:51:59:F6,SCKS,0.03125,1.031249,-0.125,1.12,-38.080002,-29.120001,0.383104,0.672768,-0.214912,574,462,373,1.0392670794848649
2024-04-25 14:15:59.507000+00:00,2024-04-25 14:15:30+00:00,2024-04-25 14:17:30+00:00,TABUENCA01-45,Sensoria-C1-EEA1,Right,Gait,1.0.5,40.3882544,-3.6292402,CB:AA:BC:3F:36:A5,SCKS,-0.5,-0.152344,0.085938,63.84,33.599998,-132.160004,0.392448,0.803584,-0.336384,497,719,711,0.5297112743561345
2024-04-25 14:15:59.514000+00:00,2024-04-25 14:15:30+00:00,2024-04-25 14:17:30+00:00,TABUENCA01-45,Sensoria-C1-E90A,Left,Gait,1.0.5,40.3882544,-3.6292402,F0:75:B1:51:59:F6,SCKS,0.0625,0.968749,-0.1875,-2.24,-54.880001,-21.280001,0.37376,0.682112,-0.196224,556,447,421,0.9887047714060047
2024-04-25 14:15:59.523000+00:00,2024-04-25 14:15:30+00:00,2024-04-25 14:17:30+00:00,TABUENCA01-45,Sensoria-C1-EEA1,Right,Gait,1.0.5,40.3882544,-3.6292402,CB:AA:BC:3F:36:A5,SCKS,-0.648438,0.238281,-0.085938,84.0,-32.48,-215.040009,0.392448,0.803584,-0.336384,497,720,711,0.6961573203299668
2024-04-25 14:15:59.547000+00:00,2024-04-25 14:15:30+00:00,2024-04-25 14:17:30+00:00,TABUENCA01-45,Sensoria-C1-E90A,Left,Gait,1.0.5,40.3882544,-3.6292402,F0:75:B1:51:59:F6,SCKS,0.0625,0.9375,-0.21875,-4.48,-45.920002,-17.92,0.37376,0.691456,-0.18688,539,430,508,0.9647093150270707
2024-04-25 14:15:59.556000+00:00,2024-04-25 14:15:30+00:00,2024-04-25 14:17:30+00:00,TABUENCA01-45,Sensoria-C1-EEA1,Right,Gait,1.0.5,40.3882544,-3.6292402,CB:AA:BC:3F:36:A5,SCKS,-0.566407,0.386719,-0.0625,84.0,-73.919998,-260.959991,0.345728,0.812928,-0.336384,496,719,710,0.6886760665291048
2024-04-25 14:15:59.571000+00:00,2024-04-25 14:15:30+00:00,2024-04-25 14:17:30+00:00,TABUENCA01-45,Sensoria-C1-EEA1,Right,Gait,1.0.5,40.3882544,-3.6292402,CB:AA:BC:3F:36:A5,SCKS,-0.433594,0.539063,-0.042969,85.120003,-98.559998,-297.920013,0.299008,0.822272,-0.308352,497,719,709,0.6931370786258659
2024-04-25 14:15:59.579000+00:00,2024-04-25 14:15:30+00:00,2024-04-25 14:17:30+00:00,TABUENCA01-45,Sensoria-C1-E90A,Left,Gait,1.0.5,40.3882544,-3.6292402,F0:75:B1:51:59:F6,SCKS,0.03125,0.9375,-0.25,-10.08,-38.080002,-13.440001,0.364416,0.691456,-0.196224,533,422,557,0.9707640354380667
2024-04-25 14:15:59.588000+00:00,2024-04-25 14:15:30+00:00,2024-04-25 14:17:30+00:00,TABUENCA01-45,Sensoria-C1-EEA1,Right,Gait,1.0.5,40.3882544,-3.6292402,CB:AA:BC:3F:36:A5,SCKS,-0.433594,0.812501,-0.066406,85.120003,-104.160004,-337.119995,0.242944,0.812928,-0.289664,495,717,708,0.923347923955537
2024-04-25 14:15:59.604000+00:00,2024-04-25 14:15:30+00:00,2024-04-25 14:17:30+00:00,TABUENCA01-45,Sensoria-C1-EEA1,Right,Gait,1.0.5,40.3882544,-3.6292402,CB:AA:BC:3F:36:A5,SCKS,-0.464844,1.183595,-0.082031,76.160004,-89.599998,-368.480011,0.177536,0.79424,-0.299008,497,716,707,1.2742472889207965
2024-04-25 14:15:59.612000+00:00,2024-04-25 14:15:30+00:00,2024-04-25 14:17:30+00:00,TABUENCA01-45,Sensoria-C1-E90A,Left,Gait,1.0.5,40.3882544,-3.6292402,F0:75:B1:51:59:F6,SCKS,0.03125,0.9375,-0.25,-12.32,-41.439999,-11.2,0.364416,0.691456,-0.18688,522,411,591,0.9707640354380667
2024-04-25 14:15:59.620000+00:00,2024-04-25 14:15:30+00:00,2024-04-25 14:17:30+00:00,TABUENCA01-45,Sensoria-C1-EEA1,Right,Gait,1.0.5,40.3882544,-3.6292402,CB:AA:BC:3F:36:A5,SCKS,-0.410157,1.585939,-0.03125,56.0,-58.240002,-389.76001,0.177536,0.79424,-0.299008,497,716,706,1.6384162593400984
2024-04-25 14:15:59.645000+00:00,2024-04-25 14:15:30+00:00,2024-04-25 14:17:30+00:00,TABUENCA01-45,Sensoria-C1-E90A,Left,Gait,1.0.5,40.3882544,-3.6292402,F0:75:B1:51:59:F6,SCKS,0.03125,0.90625,-0.125,-6.72,-45.920002,-15.68,0.355072,0.7008,-0.18688,511,399,617,0.9153636572423006
2024-04-25 14:15:59.653000+00:00,2024-04-25 14:15:30+00:00,2024-04-25 14:17:30+00:00,TABUENCA01-45,Sensoria-C1-EEA1,Right,Gait,1.0.5,40.3882544,-3.6292402,CB:AA:BC:3F:36:A5,SCKS,-0.332031,1.996095,0.101563,24.639999,1.12,-392.0,0.112128,0.766208,-0.299008,495,715,706,2.0260688233510233
2024-04-25 14:15:59.670000+00:00,2024-04-25 14:15:30+00:00,2024-04-25 14:17:30+00:00,TABUENCA01-45,Sensoria-C1-EEA1,Right,Gait,1.0.5,40.3882544,-3.6292402,CB:AA:BC:3F:36:A5,SCKS,-0.300781,1.996095,0.316406,39.200001,12.32,-389.76001,0.04672,0.728832,-0.28032,495,715,706,2.043276098774221
2024-04-25 14:15:59.677000+00:00,2024-04-25 14:15:30+00:00,2024-04-25 14:17:30+00:00,TABUENCA01-45,Sensoria-C1-E90A,Left,Gait,1.0.5,40.3882544,-3.6292402,F0:75:B1:51:59:F6,SCKS,0.0,0.9375,-0.0625,-1.12,-33.599998,-33.599998,0.345728,0.7008,-0.177536,495,379,633,0.9395810236483068
2024-04-25 14:15:59.686000+00:00,2024-04-25 14:15:30+00:00,2024-04-25 14:17:30+00:00,TABUENCA01-45,Sensoria-C1-EEA1,Right,Gait,1.0.5,40.3882544,-3.6292402,CB:AA:BC:3F:36:A5,SCKS,0.554688,1.996095,0.226563,75.040001,-22.4,-395.360016,0.0,0.682112,-0.28032,496,715,707,2.0840836881800118
2024-04-25 14:15:59.702000+00:00,2024-04-25 14:15:30+00:00,2024-04-25 14:17:30+00:00,TABUENCA01-45,Sensoria-C1-EEA1,Right,Gait,1.0.5,40.3882544,-3.6292402,CB:AA:BC:3F:36:A5,SCKS,1.10547,1.996095,0.246094,45.920002,-2.24,-403.200012,-0.04672,0.626048,-0.270976,494,716,707,2.2949992215164254
2024-04-25 14:15:59.710000+00:00,2024-04-25 14:15:30+00:00,2024-04-25 14:17:30+00:00,TABUENCA01-45,Sensoria-C1-E90A,Left,Gait,1.0.5,40.3882544,-3.6292402,F0:75:B1:51:59:F6,SCKS,0.0,0.999999,-0.15625,2.24,-28.0,-42.560001,0.336384,0.719488,-0.168192,474,353,644,1.012132433281831
2024-04-25 14:15:59.735000+00:00,2024-04-25 14:15:30+00:00,2024-04-25 14:17:30+00:00,TABUENCA01-45,Sensoria-C1-EEA1,Right,Gait,1.0.5,40.3882544,-3.6292402,CB:AA:BC:3F:36:A5,SCKS,1.996095,1.996095,-0.632813,47.040001,4.48,-360.640015,-0.04672,0.626048,-0.270976,494,717,710,2.892964360481995
2024-04-25 14:15:59.743000+00:00,2024-04-25 14:15:30+00:00,2024-04-25 14:17:30+00:00,TABUENCA01-45,Sensoria-C1-E90A,Left,Gait,1.0.5,40.3882544,-3.6292402,F0:75:B1:51:59:F6,SCKS,0.09375,1.093749,-0.25,-1.12,-29.120001,-62.720001,0.317696,0.719488,-0.158848,449,323,657,1.125866749442846
2024-04-25 14:15:59.752000+00:00,2024-04-25 14:15:30+00:00,2024-04-25 14:17:30+00:00,TABUENCA01-45,Sensoria-C1-EEA1,Right,Gait,1.0.5,40.3882544,-3.6292402,CB:AA:BC:3F:36:A5,SCKS,1.996095,1.35547,0.5,79.519997,26.880001,-206.080002,-0.074752,0.579328,-0.252288,493,716,712,2.464080796143868
2024-04-25 14:15:59.760000+00:00,2024-04-25 14:15:30+00:00,2024-04-25 14:17:30+00:00,TABUENCA01-45,Sensoria-C1-E90A,Left,Gait,1.0.5,40.3882544,-3.6292402,F0:75:B1:51:59:F6,SCKS,0.1875,1.281249,-0.03125,-3.36,-26.880001,-94.080002,0.308352,0.728832,-0.168192,426,297,680,1.2952728718308741
2024-04-25 14:15:59.767000+00:00,2024-04-25 14:15:30+00:00,2024-04-25 14:17:30+00:00,TABUENCA01-45,Sensoria-C1-EEA1,Right,Gait,1.0.5,40.3882544,-3.6292402,CB:AA:BC:3F:36:A5,SCKS,1.996095,1.921876,0.957032,72.800003,36.959999,-100.800003,-0.084096,0.541952,-0.252288,493,718,713,2.9315376268137854
2024-04-25 14:15:59.783000+00:00,2024-04-25 14:15:30+00:00,2024-04-25 14:17:30+00:00,TABUENCA01-45,Sensoria-C1-EEA1,Right,Gait,1.0.5,40.3882544,-3.6292402,CB:AA:BC:3F:36:A5,SCKS,0.765626,1.996095,0.996094,3.36,-48.16,77.279999,-0.084096,0.551296,-0.252288,493,718,714,2.3585549978190037
2024-04-25 14:15:59.791000+00:00,2024-04-25 14:15:30+00:00,2024-04-25 14:17:30+00:00,TABUENCA01-45,Sensoria-C1-E90A,Left,Gait,1.0.5,40.3882544,-3.6292402,F0:75:B1:51:59:F6,SCKS,0.15625,1.406249,0.0,7.84,-10.08,-126.559998,0.289664,0.74752,-0.168192,406,276,696,1.414902933950241
2024-04-25 14:15:59.816000+00:00,2024-04-25 14:15:30+00:00,2024-04-25 14:17:30+00:00,TABUENCA01-45,Sensoria-C1-EEA1,Right,Gait,1.0.5,40.3882544,-3.6292402,CB:AA:BC:3F:36:A5,SCKS,-1.98047,1.996095,-0.6875,39.200001,-190.399994,134.399994,-0.074752,0.569984,-0.28032,497,716,697,2.8947042888566354
2024-04-25 14:15:59.823000+00:00,2024-04-25 14:15:30+00:00,2024-04-25 14:17:30+00:00,TABUENCA01-45,Sensoria-C1-E90A,Left,Gait,1.0.5,40.3882544,-3.6292402,F0:75:B1:51:59:F6,SCKS,0.25,1.687499,-0.21875,7.84,-10.08,-162.399994,0.261632,0.756864,-0.168192,401,274,703,1.7198850070574487
2024-04-25 14:15:59.832000+00:00,2024-04-25 14:15:30+00:00,2024-04-25 14:17:30+00:00,TABUENCA01-45,Sensoria-C1-EEA1,Right,Gait,1.0.5,40.3882544,-3.6292402,CB:AA:BC:3F:36:A5,SCKS,-0.574219,0.804688,1.85547,39.200001,-229.600006,265.440002,-0.074752,0.598016,-0.308352,506,718,649,2.102384160472343
2024-04-25 14:15:59.848000+00:00,2024-04-25 14:15:30+00:00,2024-04-25 14:17:30+00:00,TABUENCA01-45,Sensoria-C1-EEA1,Right,Gait,1.0.5,40.3882544,-3.6292402,CB:AA:BC:3F:36:A5,SCKS,0.597657,1.988283,0.316406,53.760002,-41.439999,238.559998,-0.074752,0.598016,-0.308352,512,722,573,2.1001371228026993
2024-04-25 14:15:59.856000+00:00,2024-04-25 14:15:30+00:00,2024-04-25 14:17:30+00:00,TABUENCA01-45,Sensoria-C1-E90A,Left,Gait,1.0.5,40.3882544,-3.6292402,F0:75:B1:51:59:F6,SCKS,0.65625,2.218749,-0.0625,-5.6,-23.52,-208.320007,0.196224,0.784896,-0.177536,442,322,707,2.314609564808069
2024-04-25 14:15:59.864000+00:00,2024-04-25 14:15:30+00:00,2024-04-25 14:17:30+00:00,TABUENCA01-45,Sensoria-C1-EEA1,Right,Gait,1.0.5,40.3882544,-3.6292402,CB:AA:BC:3F:36:A5,SCKS,0.253906,1.57422,-0.652344,58.240002,57.119999,231.839996,-0.056064,0.644736,-0.308352,514,724,483,1.722843451846975
2024-04-25 14:15:59.881000+00:00,2024-04-25 14:15:30+00:00,2024-04-25 14:17:30+00:00,TABUENCA01-45,Sensoria-C1-EEA1,Right,Gait,1.0.5,40.3882544,-3.6292402,CB:AA:BC:3F:36:A5,SCKS,0.511719,1.382813,-0.234375,-10.08,33.599998,218.399994,-0.037376,0.672768,-0.299008,513,725,420,1.4929701164306672
2024-04-25 14:15:59.888000+00:00,2024-04-25 14:15:30+00:00,2024-04-25 14:17:30+00:00,TABUENCA01-45,Sensoria-C1-E90A,Left,Gait,1.0.5,40.3882544,-3.6292402,F0:75:B1:51:59:F6,SCKS,0.9375,1.781249,-0.09375,-72.800003,-109.760002,-226.240005,0.149504,0.784896,-0.168192,543,407,706,2.015078984184243
2024-04-25 14:15:59.913000+00:00,2024-04-25 14:15:30+00:00,2024-04-25 14:17:30+00:00,TABUENCA01-45,Sensoria-C1-EEA1,Right,Gait,1.0.5,40.3882544,-3.6292402,CB:AA:BC:3F:36:A5,SCKS,0.027344,0.664063,0.035156,-7.84,61.599998,169.119995,-0.009344,0.7008,-0.299008,500,730,383,0.6655548862723494
2024-04-25 14:15:59.930000+00:00,2024-04-25 14:15:30+00:00,2024-04-25 14:17:30+00:00,TABUENCA01-45,Sensoria-C1-EEA1,Right,Gait,1.0.5,40.3882544,-3.6292402,CB:AA:BC:3F:36:A5,SCKS,-0.019531,0.992188,-0.023438,-14.56,38.080002,135.520004,0.009344,0.719488,-0.299008,480,723,363,0.9926569534078729
2024-04-25 14:15:59.937000+00:00,2024-04-25 14:15:30+00:00,2024-04-25 14:17:30+00:00,TABUENCA01-45,Sensoria-C1-E90A,Left,Gait,1.0.5,40.3882544,-3.6292402,F0:75:B1:51:59:F6,SCKS,0.8125,1.718749,-0.75,-2.24,13.440001,-295.679993,0.056064,0.79424,-0.177536,605,479,710,2.043710932348555
2024-04-25 14:15:59.946000+00:00,2024-04-25 14:15:30+00:00,2024-04-25 14:17:30+00:00,TABUENCA01-45,Sensoria-C1-EEA1,Right,Gait,1.0.5,40.3882544,-3.6292402,CB:AA:BC:3F:36:A5,SCKS,0.058594,0.949219,0.054688,-13.440001,19.040001,100.800003,0.009344,0.719488,-0.299008,458,704,351,0.9525968423950397
2024-04-25 14:15:59.953000+00:00,2024-04-25 14:15:30+00:00,2024-04-25 14:17:30+00:00,TABUENCA01-45,Sensoria-C1-E90A,Left,Gait,1.0.5,40.3882544,-3.6292402,F0:75:B1:51:59:F6,SCKS,0.875,0.375,-0.375,2.24,-7.84,-198.240005,0.009344,0.79424,-0.18688,664,534,712,1.0231690964840563
2024-04-25 14:15:59.962000+00:00,2024-04-25 14:15:30+00:00,2024-04-25 14:17:30+00:00,TABUENCA01-45,Sensoria-C1-EEA1,Right,Gait,1.0.5,40.3882544,-3.6292402,CB:AA:BC:3F:36:A5,SCKS,-0.074219,0.980469,0.09375,-11.2,13.440001,76.160004,0.018688,0.719488,-0.299008,439,682,349,0.9877332546907591
2024-04-25 14:15:59.995000+00:00,2024-04-25 14:15:30+00:00,2024-04-25 14:17:30+00:00,TABUENCA01-45,Sensoria-C1-EEA1,Right,Gait,1.0.5,40.3882544,-3.6292402,CB:AA:BC:3F:36:A5,SCKS,0.007813,1.042969,-0.089844,0.0,4.48,63.84,0.028032,0.728832,-0.289664,422,661,349,1.046860698596523
2024-04-25 14:16:00.002000+00:00,2024-04-25 14:15:30+00:00,2024-04-25 14:17:30+00:00,TABUENCA01-45,Sensoria-C1-E90A,Left,Gait,1.0.5,40.3882544,-3.6292402,F0:75:B1:51:59:F6,SCKS,-0.4375,0.4375,-0.28125,15.68,-140.0,-87.360001,-0.018688,0.784896,-0.18688,693,554,712,0.6796425990916108
2024-04-25 14:16:00.011000+00:00,2024-04-25 14:15:30+00:00,2024-04-25 14:17:30+00:00,TABUENCA01-45,Sensoria-C1-EEA1,Right,Gait,1.0.5,40.3882544,-3.6292402,CB:AA:BC:3F:36:A5,SCKS,-0.039063,0.980469,0.085938,-4.48,10.08,52.639999,0.037376,0.728832,-0.28032,406,642,356,0.9850029024190742
2024-04-25 14:16:00.027000+00:00,2024-04-25 14:15:30+00:00,2024-04-25 14:17:30+00:00,TABUENCA01-45,Sensoria-C1-EEA1,Right,Gait,1.0.5,40.3882544,-3.6292402,CB:AA:BC:3F:36:A5,SCKS,-0.070313,1.027344,-0.125,-1.12,6.72,45.920002,0.04672,0.738176,-0.289664,391,626,372,1.0373064216059786
2024-04-25 14:16:00.044000+00:00,2024-04-25 14:15:30+00:00,2024-04-25 14:17:30+00:00,TABUENCA01-45,Sensoria-C1-EEA1,Right,Gait,1.0.5,40.3882544,-3.6292402,CB:AA:BC:3F:36:A5,SCKS,-0.015625,0.972657,-0.113281,-5.6,11.2,48.16,0.04672,0.738176,-0.289664,378,613,393,0.9793560972572745
2024-04-25 14:16:00.051000+00:00,2024-04-25 14:15:30+00:00,2024-04-25 14:17:30+00:00,TABUENCA01-45,Sensoria-C1-E90A,Left,Gait,1.0.5,40.3882544,-3.6292402,F0:75:B1:51:59:F6,SCKS,0.6875,0.03125,0.03125,-17.92,32.48,180.320007,0.028032,0.803584,-0.196224,710,557,707,0.6889189901577688
2024-04-25 14:16:00.067000+00:00,2024-04-25 14:15:30+00:00,2024-04-25 14:17:30+00:00,TABUENCA01-45,Sensoria-C1-E90A,Left,Gait,1.0.5,40.3882544,-3.6292402,F0:75:B1:51:59:F6,SCKS,0.34375,0.15625,-0.15625,-3.36,67.199997,239.680008,0.065408,0.79424,-0.196224,712,556,708,0.40864677595693816
2024-04-25 14:16:00.076000+00:00,2024-04-25 14:15:30+00:00,2024-04-25 14:17:30+00:00,TABUENCA01-45,Sensoria-C1-EEA1,Right,Gait,1.0.5,40.3882544,-3.6292402,CB:AA:BC:3F:36:A5,SCKS,0.019531,0.957032,-0.121094,-10.08,19.040001,47.040001,0.04672,0.74752,-0.28032,365,603,419,0.9648603348780589
2024-04-25 14:16:00.092000+00:00,2024-04-25 14:15:30+00:00,2024-04-25 14:17:30+00:00,TABUENCA01-45,Sensoria-C1-EEA1,Right,Gait,1.0.5,40.3882544,-3.6292402,CB:AA:BC:3F:36:A5,SCKS,0.039063,0.957032,-0.050781,-10.08,25.76,42.560001,0.056064,0.74752,-0.28032,354,593,447,0.9591740597795585
2024-04-25 14:16:00.108000+00:00,2024-04-25 14:15:30+00:00,2024-04-25 14:17:30+00:00,TABUENCA01-45,Sensoria-C1-EEA1,Right,Gait,1.0.5,40.3882544,-3.6292402,CB:AA:BC:3F:36:A5,SCKS,0.019531,0.949219,-0.03125,-8.96,29.120001,35.84,0.065408,0.74752,-0.289664,344,585,473,0.9499340674078386
2024-04-25 14:16:00.115000+00:00,2024-04-25 14:15:30+00:00,2024-04-25 14:17:30+00:00,TABUENCA01-45,Sensoria-C1-E90A,Left,Gait,1.0.5,40.3882544,-3.6292402,F0:75:B1:51:59:F6,SCKS,0.375,0.5625,-0.3125,7.84,70.559998,290.079987,0.121472,0.79424,-0.196224,712,556,706,0.7447734554883115
2024-04-25 14:16:00.125000+00:00,2024-04-25 14:15:30+00:00,2024-04-25 14:17:30+00:00,TABUENCA01-45,Sensoria-C1-EEA1,Right,Gait,1.0.5,40.3882544,-3.6292402,CB:AA:BC:3F:36:A5,SCKS,0.035156,0.972657,-0.074219,-10.08,22.4,32.48,0.065408,0.756864,-0.28032,334,577,499,0.9761178432679121
2024-04-25 14:16:00.132000+00:00,2024-04-25 14:15:30+00:00,2024-04-25 14:17:30+00:00,TABUENCA01-45,Sensoria-C1-E90A,Left,Gait,1.0.5,40.3882544,-3.6292402,F0:75:B1:51:59:F6,SCKS,0.375,0.84375,-0.21875,-10.08,82.879997,338.23999,0.177536,0.784896,-0.196224,712,555,705,0.948889153168061
2024-04-25 14:16:00.140000+00:00,2024-04-25 14:15:30+00:00,2024-04-25 14:17:30+00:00,TABUENCA01-45,Sensoria-C1-EEA1,Right,Gait,1.0.5,40.3882544,-3.6292402,CB:AA:BC:3F:36:A5,SCKS,0.054688,0.980469,-0.089844,-13.440001,19.040001,28.0,0.065408,0.756864,-0.28032,326,571,521,0.9860944080771374
2024-04-25 14:16:00.164000+00:00,2024-04-25 14:15:30+00:00,2024-04-25 14:17:30+00:00,TABUENCA01-45,Sensoria-C1-E90A,Left,Gait,1.0.5,40.3882544,-3.6292402,F0:75:B1:51:59:F6,SCKS,0.40625,1.374999,-0.28125,-13.440001,91.840004,389.76001,0.242944,0.766208,-0.205568,710,552,703,1.4610827748628754
2024-04-25 14:16:00.174000+00:00,2024-04-25 14:15:30+00:00,2024-04-25 14:17:30+00:00,TABUENCA01-45,Sensoria-C1-EEA1,Right,Gait,1.0.5,40.3882544,-3.6292402,CB:AA:BC:3F:36:A5,SCKS,0.039063,0.972657,-0.058594,-12.32,20.16,28.0,0.065408,0.74752,-0.28032,317,566,544,0.9752029606466543
2024-04-25 14:16:00.189000+00:00,2024-04-25 14:15:30+00:00,2024-04-25 14:17:30+00:00,TABUENCA01-45,Sensoria-C1-EEA1,Right,Gait,1.0.5,40.3882544,-3.6292402,CB:AA:BC:3F:36:A5,SCKS,0.015625,0.972657,0.019531,-10.08,21.280001,32.48,0.074752,0.756864,-0.270976,309,557,563,0.9729785404802103
2024-04-25 14:16:00.197000+00:00,2024-04-25 14:15:30+00:00,2024-04-25 14:17:30+00:00,TABUENCA01-45,Sensoria-C1-E90A,Left,Gait,1.0.5,40.3882544,-3.6292402,F0:75:B1:51:59:F6,SCKS,0.4375,2.312499,-0.3125,-19.040001,86.239998,428.959991,0.37376,0.682112,-0.224256,710,552,703,2.3741765151312992
2024-04-25 14:16:00.206000+00:00,2024-04-25 14:15:30+00:00,2024-04-25 14:17:30+00:00,TABUENCA01-45,Sensoria-C1-EEA1,Right,Gait,1.0.5,40.3882544,-3.6292402,CB:AA:BC:3F:36:A5,SCKS,0.0,0.929688,0.007813,-6.72,13.440001,41.439999,0.074752,0.756864,-0.270976,296,550,584,0.9297208292347762
2024-04-25 14:16:00.229000+00:00,2024-04-25 14:15:30+00:00,2024-04-25 14:17:30+00:00,TABUENCA01-45,Sensoria-C1-E90A,Left,Gait,1.0.5,40.3882544,-3.6292402,F0:75:B1:51:59:F6,SCKS,0.1875,3.156248,-0.75,-5.6,88.480003,453.600006,0.439168,0.616704,-0.2336,710,552,701,3.249547305010961
2024-04-25 14:16:00.270000+00:00,2024-04-25 14:15:30+00:00,2024-04-25 14:17:30+00:00,TABUENCA01-45,Sensoria-C1-EEA1,Right,Gait,1.0.5,40.3882544,-3.6292402,CB:AA:BC:3F:36:A5,SCKS,0.011719,0.949219,-0.007813,-4.48,3.36,56.0,0.084096,0.756864,-0.270976,285,542,605,0.9493234895919305
2024-04-25 14:16:00.271000+00:00,2024-04-25 14:15:30+00:00,2024-04-25 14:17:30+00:00,TABUENCA01-45,Sensoria-C1-EEA1,Right,Gait,1.0.5,40.3882544,-3.6292402,CB:AA:BC:3F:36:A5,SCKS,0.035156,1.066407,-0.003906,-2.24,-5.6,64.959999,0.09344,0.766208,-0.270976,270,528,627,1.0669934820892768
2024-04-25 14:16:00.272000+00:00,2024-04-25 14:15:30+00:00,2024-04-25 14:17:30+00:00,TABUENCA01-45,Sensoria-C1-EEA1,Right,Gait,1.0.5,40.3882544,-3.6292402,CB:AA:BC:3F:36:A5,SCKS,-0.011719,1.085938,0.058594,3.36,-7.84,72.800003,0.09344,0.766208,-0.270976,253,513,652,1.0875807701688185
2024-04-25 14:16:00.278000+00:00,2024-04-25 14:15:30+00:00,2024-04-25 14:17:30+00:00,TABUENCA01-45,Sensoria-C1-E90A,Left,Gait,1.0.5,40.3882544,-3.6292402,F0:75:B1:51:59:F6,SCKS,-0.6875,3.312498,-0.625,-41.439999,39.200001,436.799988,0.485888,0.551296,-0.252288,708,550,702,3.440337810448852
2024-04-25 14:16:00.287000+00:00,2024-04-25 14:15:30+00:00,2024-04-25 14:17:30+00:00,TABUENCA01-45,Sensoria-C1-EEA1,Right,Gait,1.0.5,40.3882544,-3.6292402,CB:AA:BC:3F:36:A5,SCKS,-0.058594,1.183595,0.0625,1.12,-15.68,86.239998,0.112128,0.775552,-0.270976,241,498,677,1.1866914640550001
2024-04-25 14:16:00.294000+00:00,2024-04-25 14:15:30+00:00,2024-04-25 14:17:30+00:00,TABUENCA01-45,Sensoria-C1-E90A,Left,Gait,1.0.5,40.3882544,-3.6292402,F0:75:B1:51:59:F6,SCKS,-3.312498,1.781249,-0.8125,12.32,61.599998,283.360016,0.51392,0.495232,-0.270976,706,550,707,3.8478107087024176
2024-04-25 14:16:00.303000+00:00,2024-04-25 14:15:30+00:00,2024-04-25 14:17:30+00:00,TABUENCA01-45,Sensoria-C1-EEA1,Right,Gait,1.0.5,40.3882544,-3.6292402,CB:AA:BC:3F:36:A5,SCKS,-0.097656,1.26172,0.085938,-2.24,-23.52,107.520004,0.121472,0.775552,-0.261632,231,485,694,1.26840821212258
2024-04-25 14:16:00.327000+00:00,2024-04-25 14:15:30+00:00,2024-04-25 14:17:30+00:00,TABUENCA01-45,Sensoria-C1-E90A,Left,Gait,1.0.5,40.3882544,-3.6292402,F0:75:B1:51:59:F6,SCKS,-3.718748,1.499999,-0.40625,31.360001,-94.080002,59.360001,0.523264,0.448512,-0.252288,705,551,712,4.030399825080013
2024-04-25 14:16:00.335000+00:00,2024-04-25 14:15:30+00:00,2024-04-25 14:17:30+00:00,TABUENCA01-45,Sensoria-C1-EEA1,Right,Gait,1.0.5,40.3882544,-3.6292402,CB:AA:BC:3F:36:A5,SCKS,-0.097656,1.347657,0.058594,-3.36,-36.959999,127.68,0.14016,0.784896,-0.28032,222,476,708,1.3524604766206665
2024-04-25 14:16:00.352000+00:00,2024-04-25 14:15:30+00:00,2024-04-25 14:17:30+00:00,TABUENCA01-45,Sensoria-C1-EEA1,Right,Gait,1.0.5,40.3882544,-3.6292402,CB:AA:BC:3F:36:A5,SCKS,-0.160156,1.546876,-0.25,-10.08,-35.84,148.960007,0.14016,0.784896,-0.28032,212,470,715,1.5751112036018282
2024-04-25 14:16:00.359000+00:00,2024-04-25 14:15:30+00:00,2024-04-25 14:17:30+00:00,TABUENCA01-45,Sensoria-C1-E90A,Left,Gait,1.0.5,40.3882544,-3.6292402,F0:75:B1:51:59:F6,SCKS,1.093749,1.343749,0.5625,26.880001,26.880001,-160.160004,0.51392,0.485888,-0.2336,704,552,706,1.8216351171411909
2024-04-25 14:16:00.368000+00:00,2024-04-25 14:15:30+00:00,2024-04-25 14:17:30+00:00,TABUENCA01-45,Sensoria-C1-EEA1,Right,Gait,1.0.5,40.3882544,-3.6292402,CB:AA:BC:3F:36:A5,SCKS,-0.191406,1.722657,-0.125,-19.040001,-13.440001,171.360001,0.168192,0.79424,-0.28032,206,475,721,1.7377595911071821
2024-04-25 14:16:00.384000+00:00,2024-04-25 14:15:30+00:00,2024-04-25 14:17:30+00:00,TABUENCA01-45,Sensoria-C1-EEA1,Right,Gait,1.0.5,40.3882544,-3.6292402,CB:AA:BC:3F:36:A5,SCKS,-0.484375,1.996095,0.148438,-24.639999,17.92,194.880005,0.205568,0.79424,-0.28032,207,495,721,2.059380545089712
2024-04-25 14:16:00.392000+00:00,2024-04-25 14:15:30+00:00,2024-04-25 14:17:30+00:00,TABUENCA01-45,Sensoria-C1-E90A,Left,Gait,1.0.5,40.3882544,-3.6292402,F0:75:B1:51:59:F6,SCKS,-0.71875,1.906249,0.25,98.559998,141.119995,-267.679993,0.495232,0.523264,-0.28032,713,556,616,2.0525318054785413
2024-04-25 14:16:00.400000+00:00,2024-04-25 14:15:30+00:00,2024-04-25 14:17:30+00:00,TABUENCA01-45,Sensoria-C1-EEA1,Right,Gait,1.0.5,40.3882544,-3.6292402,CB:AA:BC:3F:36:A5,SCKS,-1.011719,1.996095,0.550782,-43.68,59.360001,221.759995,0.2336,0.803584,-0.28032,216,513,722,2.3046325944735746
2024-04-25 14:16:00.408000+00:00,2024-04-25 14:15:30+00:00,2024-04-25 14:17:30+00:00,TABUENCA01-45,Sensoria-C1-E90A,Left,Gait,1.0.5,40.3882544,-3.6292402,F0:75:B1:51:59:F6,SCKS,-1.281249,2.249999,-1.499999,174.720001,68.32,-194.880005,0.457856,0.60736,-0.289664,706,560,467,2.992338801005494
2024-04-25 14:16:00.433000+00:00,2024-04-25 14:15:30+00:00,2024-04-25 14:17:30+00:00,TABUENCA01-45,Sensoria-C1-EEA1,Right,Gait,1.0.5,40.3882544,-3.6292402,CB:AA:BC:3F:36:A5,SCKS,-0.730469,1.996095,0.351563,-51.52,53.760002,259.839996,0.289664,0.803584,-0.289664,241,540,721,2.1544318861256673
2024-04-25 14:16:00.440000+00:00,2024-04-25 14:15:30+00:00,2024-04-25 14:17:30+00:00,TABUENCA01-45,Sensoria-C1-E90A,Left,Gait,1.0.5,40.3882544,-3.6292402,F0:75:B1:51:59:F6,SCKS,-0.125,0.84375,-0.09375,90.720001,-70.559998,-209.440002,0.42048,0.644736,-0.261632,685,563,384,0.8580956386091239
2024-04-25 14:16:00.449000+00:00,2024-04-25 14:15:30+00:00,2024-04-25 14:17:30+00:00,TABUENCA01-45,Sensoria-C1-EEA1,Right,Gait,1.0.5,40.3882544,-3.6292402,CB:AA:BC:3F:36:A5,SCKS,-0.664063,1.996095,-0.457032,-24.639999,5.6,297.920013,0.289664,0.803584,-0.289664,287,582,719,2.1527315592098333
2024-04-25 14:16:00.466000+00:00,2024-04-25 14:15:30+00:00,2024-04-25 14:17:30+00:00,TABUENCA01-45,Sensoria-C1-EEA1,Right,Gait,1.0.5,40.3882544,-3.6292402,CB:AA:BC:3F:36:A5,SCKS,-0.703125,1.996095,-0.773438,-16.799999,-75.040001,333.76001,0.345728,0.803584,-0.289664,352,635,718,2.25321689024692
2024-04-25 14:16:00.473000+00:00,2024-04-25 14:15:30+00:00,2024-04-25 14:17:30+00:00,TABUENCA01-45,Sensoria-C1-E90A,Left,Gait,1.0.5,40.3882544,-3.6292402,F0:75:B1:51:59:F6,SCKS,0.09375,0.875,-0.3125,54.880001,-68.32,-106.400002,0.411136,0.663424,-0.242944,648,542,354,0.9338470498427459
2024-04-25 14:16:00.482000+00:00,2024-04-25 14:15:30+00:00,2024-04-25 14:17:30+00:00,TABUENCA01-45,Sensoria-C1-EEA1,Right,Gait,1.0.5,40.3882544,-3.6292402,CB:AA:BC:3F:36:A5,SCKS,-0.707032,0.699219,-0.695313,2.24,-58.240002,306.880005,0.392448,0.79424,-0.308352,418,676,719,1.2133678860733046
2024-04-25 14:16:00.506000+00:00,2024-04-25 14:15:30+00:00,2024-04-25 14:17:30+00:00,TABUENCA01-45,Sensoria-C1-E90A,Left,Gait,1.0.5,40.3882544,-3.6292402,F0:75:B1:51:59:F6,SCKS,0.125,0.999999,-0.21875,29.120001,-42.560001,-31.360001,0.401792,0.672768,-0.224256,614,514,349,1.0312490303030593
2024-04-25 14:16:00.515000+00:00,2024-04-25 14:15:30+00:00,2024-04-25 14:17:30+00:00,TABUENCA01-45,Sensoria-C1-EEA1,Right,Gait,1.0.5,40.3882544,-3.6292402,CB:AA:BC:3F:36:A5,SCKS,-0.390625,0.101563,-0.625,-2.24,17.92,208.320007,0.429824,0.79424,-0.299008,458,698,718,0.7439945790084763
2024-04-25 14:16:00.531000+00:00,2024-04-25 14:15:30+00:00,2024-04-25 14:17:30+00:00,TABUENCA01-45,Sensoria-C1-EEA1,Right,Gait,1.0.5,40.3882544,-3.6292402,CB:AA:BC:3F:36:A5,SCKS,-0.441407,0.750001,-0.613282,15.68,174.720001,106.400002,0.448512,0.79424,-0.289664,479,711,716,1.0646391178112893
2024-04-25 14:16:00.538000+00:00,2024-04-25 14:15:30+00:00,2024-04-25 14:17:30+00:00,TABUENCA01-45,Sensoria-C1-E90A,Left,Gait,1.0.5,40.3882544,-3.6292402,F0:75:B1:51:59:F6,SCKS,0.03125,0.999999,-0.09375,22.4,-24.639999,-25.76,0.392448,0.682112,-0.2336,588,489,361,1.0048699542731885
2024-04-25 14:16:00.547000+00:00,2024-04-25 14:15:30+00:00,2024-04-25 14:17:30+00:00,TABUENCA01-45,Sensoria-C1-EEA1,Right,Gait,1.0.5,40.3882544,-3.6292402,CB:AA:BC:3F:36:A5,SCKS,-1.441407,0.335938,-0.414063,-21.280001,160.160004,-45.920002,0.439168,0.79424,-0.299008,489,715,714,1.5368658521360934
2024-04-25 14:16:00.564000+00:00,2024-04-25 14:15:30+00:00,2024-04-25 14:17:30+00:00,TABUENCA01-45,Sensoria-C1-EEA1,Right,Gait,1.0.5,40.3882544,-3.6292402,CB:AA:BC:3F:36:A5,SCKS,-0.671875,-0.179688,0.039063,-28.0,67.199997,-92.959999,0.439168,0.79424,-0.299008,495,719,712,0.6965843171777556
2024-04-25 14:16:00.571000+00:00,2024-04-25 14:15:30+00:00,2024-04-25 14:17:30+00:00,TABUENCA01-45,Sensoria-C1-E90A,Left,Gait,1.0.5,40.3882544,-3.6292402,F0:75:B1:51:59:F6,SCKS,0.125,1.031249,-0.34375,22.4,-29.120001,-26.880001,0.383104,0.682112,-0.224256,570,469,398,1.0941953950282373
2024-04-25 14:16:00.596000+00:00,2024-04-25 14:15:30+00:00,2024-04-25 14:17:30+00:00,TABUENCA01-45,Sensoria-C1-EEA1,Right,Gait,1.0.5,40.3882544,-3.6292402,CB:AA:BC:3F:36:A5,SCKS,-0.347656,-0.179688,-0.015625,17.92,23.52,-143.360001,0.42048,0.79424,-0.32704,496,722,710,0.3916587957712683
2024-04-25 14:16:00.603000+00:00,2024-04-25 14:15:30+00:00,2024-04-25 14:17:30+00:00,TABUENCA01-45,Sensoria-C1-E90A,Left,Gait,1.0.5,40.3882544,-3.6292402,F0:75:B1:51:59:F6,SCKS,0.09375,0.968749,-0.1875,5.6,-48.16,-28.0,0.37376,0.691456,-0.205568,554,453,453,0.9911709930688044
2024-04-25 14:16:00.612000+00:00,2024-04-25 14:15:30+00:00,2024-04-25 14:17:30+00:00,TABUENCA01-45,Sensoria-C1-EEA1,Right,Gait,1.0.5,40.3882544,-3.6292402,CB:AA:BC:3F:36:A5,SCKS,-0.585938,0.253906,-0.171875,40.32,12.32,-226.240005,0.401792,0.803584,-0.317696,498,721,709,0.6613112824570588
2024-04-25 14:16:00.628000+00:00,2024-04-25 14:15:30+00:00,2024-04-25 14:17:30+00:00,TABUENCA01-45,Sensoria-C1-EEA1,Right,Gait,1.0.5,40.3882544,-3.6292402,CB:AA:BC:3F:36:A5,SCKS,-0.578125,0.359375,-0.035156,33.599998,-11.2,-266.559998,0.336384,0.812928,-0.308352,498,721,708,0.6816266210954499
2024-04-25 14:16:00.636000+00:00,2024-04-25 14:15:30+00:00,2024-04-25 14:17:30+00:00,TABUENCA01-45,Sensoria-C1-E90A,Left,Gait,1.0.5,40.3882544,-3.6292402,F0:75:B1:51:59:F6,SCKS,0.03125,0.9375,-0.25,-2.24,-51.52,-20.16,0.37376,0.7008,-0.196224,544,438,512,0.9707640354380667
2024-04-25 14:16:00.644000+00:00,2024-04-25 14:15:30+00:00,2024-04-25 14:17:30+00:00,TABUENCA01-45,Sensoria-C1-EEA1,Right,Gait,1.0.5,40.3882544,-3.6292402,CB:AA:BC:3F:36:A5,SCKS,-0.480469,0.507813,0.007813,45.920002,-42.560001,-305.76001,0.289664,0.822272,-0.308352,498,719,708,0.6991319946183266
2024-04-25 14:16:00.661000+00:00,2024-04-25 14:15:30+00:00,2024-04-25 14:17:30+00:00,TABUENCA01-45,Sensoria-C1-EEA1,Right,Gait,1.0.5,40.3882544,-3.6292402,CB:AA:BC:3F:36:A5,SCKS,-0.503907,0.781251,-0.027344,54.880001,-56.0,-339.360016,0.2336,0.812928,-0.289664,497,718,707,0.9300661718318756
2024-04-25 14:16:00.669000+00:00,2024-04-25 14:15:30+00:00,2024-04-25 14:17:30+00:00,TABUENCA01-45,Sensoria-C1-E90A,Left,Gait,1.0.5,40.3882544,-3.6292402,F0:75:B1:51:59:F6,SCKS,0.03125,0.9375,-0.28125,-6.72,-48.16,-17.92,0.364416,0.7008,-0.214912,535,427,565,0.9792774759995249
2024-04-25 14:16:00.693000+00:00,2024-04-25 14:15:30+00:00,2024-04-25 14:17:30+00:00,TABUENCA01-45,Sensoria-C1-EEA1,Right,Gait,1.0.5,40.3882544,-3.6292402,CB:AA:BC:3F:36:A5,SCKS,-0.480469,1.128907,-0.035156,51.52,-53.760002,-368.480011,0.168192,0.79424,-0.289664,496,717,705,1.2274027126196194
2024-04-25 14:16:00.701000+00:00,2024-04-25 14:15:30+00:00,2024-04-25 14:17:30+00:00,TABUENCA01-45,Sensoria-C1-E90A,Left,Gait,1.0.5,40.3882544,-3.6292402,F0:75:B1:51:59:F6,SCKS,0.03125,0.90625,-0.21875,-3.36,-40.32,-21.280001,0.355072,0.7008,-0.18688,525,413,604,0.9328007222874563
2024-04-25 14:16:00.710000+00:00,2024-04-25 14:15:30+00:00,2024-04-25 14:17:30+00:00,TABUENCA01-45,Sensoria-C1-EEA1,Right,Gait,1.0.5,40.3882544,-3.6292402,CB:AA:BC:3F:36:A5,SCKS,-0.433594,1.535157,-0.003906,40.32,-34.720001,-387.519989,0.168192,0.79424,-0.289664,495,716,704,1.5952197429573771
2024-04-25 14:16:00.726000+00:00,2024-04-25 14:15:30+00:00,2024-04-25 14:17:30+00:00,TABUENCA01-45,Sensoria-C1-EEA1,Right,Gait,1.0.5,40.3882544,-3.6292402,CB:AA:BC:3F:36:A5,SCKS,-0.421875,1.996095,0.132813,22.4,8.96,-396.480011,0.102784,0.766208,-0.289664,496,716,706,2.044508023368703
2024-04-25 14:16:00.733000+00:00,2024-04-25 14:15:30+00:00,2024-04-25 14:17:30+00:00,TABUENCA01-45,Sensoria-C1-E90A,Left,Gait,1.0.5,40.3882544,-3.6292402,F0:75:B1:51:59:F6,SCKS,0.0,0.9375,-0.1875,7.84,-34.720001,-38.080002,0.345728,0.710144,-0.18688,507,380,642,0.9560661587986472
2024-04-25 14:16:00.742000+00:00,2024-04-25 14:15:30+00:00,2024-04-25 14:17:30+00:00,TABUENCA01-45,Sensoria-C1-EEA1,Right,Gait,1.0.5,40.3882544,-3.6292402,CB:AA:BC:3F:36:A5,SCKS,-0.25,1.996095,0.292969,38.080002,4.48,-393.119995,0.04672,0.728832,-0.289664,498,717,705,2.0329107417656096
2024-04-25 14:16:00.752000+00:00,2024-04-25 14:15:30+00:00,2024-04-25 14:17:30+00:00,TABUENCA01-45,Sensoria-C1-E90A,Left,Gait,1.0.5,40.3882544,-3.6292402,F0:75:B1:51:59:F6,SCKS,-0.03125,0.968749,-0.15625,7.84,-35.84,-44.799999,0.345728,0.719488,-0.196224,491,353,664,0.9817663927844545
2024-04-25 14:16:00.790000+00:00,2024-04-25 14:15:30+00:00,2024-04-25 14:17:30+00:00,TABUENCA01-45,Sensoria-C1-EEA1,Right,Gait,1.0.5,40.3882544,-3.6292402,CB:AA:BC:3F:36:A5,SCKS,0.585938,1.996095,0.386719,68.32,-35.84,-398.720001,-0.009344,0.672768,-0.28032,496,718,706,2.115956089768878
2024-04-25 14:16:00.791000+00:00,2024-04-25 14:15:30+00:00,2024-04-25 14:17:30+00:00,TABUENCA01-45,Sensoria-C1-EEA1,Right,Gait,1.0.5,40.3882544,-3.6292402,CB:AA:BC:3F:36:A5,SCKS,1.253907,1.996095,0.246094,41.439999,-48.16,-396.480011,-0.056064,0.616704,-0.289664,494,716,707,2.3700717859402487
2024-04-25 14:16:00.798000+00:00,2024-04-25 14:15:30+00:00,2024-04-25 14:17:30+00:00,TABUENCA01-45,Sensoria-C1-E90A,Left,Gait,1.0.5,40.3882544,-3.6292402,F0:75:B1:51:59:F6,SCKS,0.0,1.031249,-0.15625,4.48,-32.48,-51.52,0.317696,0.719488,-0.177536,470,322,683,1.0430189655519213
2024-04-25 14:16:00.807000+00:00,2024-04-25 14:15:30+00:00,2024-04-25 14:17:30+00:00,TABUENCA01-45,Sensoria-C1-EEA1,Right,Gait,1.0.5,40.3882544,-3.6292402,CB:AA:BC:3F:36:A5,SCKS,1.996095,1.996095,-0.710938,10.08,-33.599998,-344.959991,-0.056064,0.616704,-0.289664,494,717,708,2.9110519297831154
2024-04-25 14:16:00.814000+00:00,2024-04-25 14:15:30+00:00,2024-04-25 14:17:30+00:00,TABUENCA01-45,Sensoria-C1-E90A,Left,Gait,1.0.5,40.3882544,-3.6292402,F0:75:B1:51:59:F6,SCKS,0.0625,1.156249,-0.25,-1.12,-30.24,-70.559998,0.308352,0.738176,-0.18688,448,297,697,1.1846172377612105
2024-04-25 14:16:00.823000+00:00,2024-04-25 14:15:30+00:00,2024-04-25 14:17:30+00:00,TABUENCA01-45,Sensoria-C1-EEA1,Right,Gait,1.0.5,40.3882544,-3.6292402,CB:AA:BC:3F:36:A5,SCKS,1.996095,1.468751,-0.066406,64.959999,-31.360001,-199.360001,-0.074752,0.579328,-0.289664,492,717,708,2.479119703818676
2024-04-25 14:16:00.839000+00:00,2024-04-25 14:15:30+00:00,2024-04-25 14:17:30+00:00,TABUENCA01-45,Sensoria-C1-EEA1,Right,Gait,1.0.5,40.3882544,-3.6292402,CB:AA:BC:3F:36:A5,SCKS,1.996095,1.781251,0.339844,52.639999,56.0,-99.68,-0.084096,0.551296,-0.28032,492,718,711,2.6968026101963782
2024-04-25 14:16:00.847000+00:00,2024-04-25 14:15:30+00:00,2024-04-25 14:17:30+00:00,TABUENCA01-45,Sensoria-C1-E90A,Left,Gait,1.0.5,40.3882544,-3.6292402,F0:75:B1:51:59:F6,SCKS,0.125,1.281249,-0.03125,-1.12,-29.120001,-99.68,0.299008,0.74752,-0.177536,431,279,709,1.287711366145768
2024-04-25 14:16:00.872000+00:00,2024-04-25 14:15:30+00:00,2024-04-25 14:17:30+00:00,TABUENCA01-45,Sensoria-C1-EEA1,Right,Gait,1.0.5,40.3882544,-3.6292402,CB:AA:BC:3F:36:A5,SCKS,1.875001,1.88672,0.246094,-4.48,-62.720001,110.879997,-0.084096,0.551296,-0.289664,493,720,714,2.671311169676232
2024-04-25 14:16:00.879000+00:00,2024-04-25 14:15:30+00:00,2024-04-25 14:17:30+00:00,TABUENCA01-45,Sensoria-C1-E90A,Left,Gait,1.0.5,40.3882544,-3.6292402,F0:75:B1:51:59:F6,SCKS,0.15625,1.437499,-0.1875,10.08,-10.08,-140.0,0.261632,0.766208,-0.177536,433,274,713,1.458071907520682
2024-04-25 14:16:00.888000+00:00,2024-04-25 14:15:30+00:00,2024-04-25 14:17:30+00:00,TABUENCA01-45,Sensoria-C1-EEA1,Right,Gait,1.0.5,40.3882544,-3.6292402,CB:AA:BC:3F:36:A5,SCKS,-2.000001,1.746095,0.03125,22.4,-115.360001,94.080002,-0.084096,0.579328,-0.308352,494,717,697,2.6551512784634324
2024-04-25 14:16:00.904000+00:00,2024-04-25 14:15:30+00:00,2024-04-25 14:17:30+00:00,TABUENCA01-45,Sensoria-C1-EEA1,Right,Gait,1.0.5,40.3882544,-3.6292402,CB:AA:BC:3F:36:A5,SCKS,0.6875,1.210938,1.35547,43.68,-136.639999,254.240005,-0.084096,0.579328,-0.308352,504,718,657,1.9432771317400923
2024-04-25 14:16:00.912000+00:00,2024-04-25 14:15:30+00:00,2024-04-25 14:17:30+00:00,TABUENCA01-45,Sensoria-C1-E90A,Left,Gait,1.0.5,40.3882544,-3.6292402,F0:75:B1:51:59:F6,SCKS,0.21875,1.687499,-0.21875,5.6,-20.16,-178.080002,0.2336,0.775552,-0.177536,469,306,713,1.715621170305671
2024-04-25 14:16:00.921000+00:00,2024-04-25 14:15:30+00:00,2024-04-25 14:17:30+00:00,TABUENCA01-45,Sensoria-C1-EEA1,Right,Gait,1.0.5,40.3882544,-3.6292402,CB:AA:BC:3F:36:A5,SCKS,0.476563,1.878908,0.214844,63.84,-67.199997,255.360001,-0.074752,0.60736,-0.336384,512,721,581,1.9502731884966784
2024-04-25 14:16:00.953000+00:00,2024-04-25 14:15:30+00:00,2024-04-25 14:17:30+00:00,TABUENCA01-45,Sensoria-C1-EEA1,Right,Gait,1.0.5,40.3882544,-3.6292402,CB:AA:BC:3F:36:A5,SCKS,0.300781,1.566407,-0.613282,59.360001,21.280001,245.279999,-0.04672,0.644736,-0.317696,517,723,487,1.7088636315206664
2024-04-25 14:16:00.960000+00:00,2024-04-25 14:15:30+00:00,2024-04-25 14:17:30+00:00,TABUENCA01-45,Sensoria-C1-E90A,Left,Gait,1.0.5,40.3882544,-3.6292402,F0:75:B1:51:59:F6,SCKS,0.875,2.343749,-0.09375,-17.92,-53.760002,-210.559998,0.158848,0.784896,-0.168192,524,356,712,2.503512220361826
2024-04-25 14:16:00.969000+00:00,2024-04-25 14:15:30+00:00,2024-04-25 14:17:30+00:00,TABUENCA01-45,Sensoria-C1-EEA1,Right,Gait,1.0.5,40.3882544,-3.6292402,CB:AA:BC:3F:36:A5,SCKS,0.535157,1.347657,-0.140625,11.2,1.12,222.880005,-0.028032,0.682112,-0.317696,510,728,419,1.4568279908496404
2024-04-25 14:16:00.977000+00:00,2024-04-25 14:15:30+00:00,2024-04-25 14:17:30+00:00,TABUENCA01-45,Sensoria-C1-E90A,Left,Gait,1.0.5,40.3882544,-3.6292402,F0:75:B1:51:59:F6,SCKS,0.5,2.374999,-0.4375,-68.32,-171.360001,-220.639999,0.112128,0.79424,-0.196224,557,399,710,2.466176494089788
2024-04-25 14:16:00.985000+00:00,2024-04-25 14:15:30+00:00,2024-04-25 14:17:30+00:00,TABUENCA01-45,Sensoria-C1-EEA1,Right,Gait,1.0.5,40.3882544,-3.6292402,CB:AA:BC:3F:36:A5,SCKS,0.121094,0.757813,0.222656,-10.08,67.199997,176.960007,-0.009344,0.7008,-0.308352,490,727,377,0.7990744609490406
2024-04-25 14:16:01.002000+00:00,2024-04-25 14:15:30+00:00,2024-04-25 14:17:30+00:00,TABUENCA01-45,Sensoria-C1-EEA1,Right,Gait,1.0.5,40.3882544,-3.6292402,CB:AA:BC:3F:36:A5,SCKS,0.023438,1.042969,-0.03125,-4.48,39.200001,132.160004,0.009344,0.719488,-0.308352,468,715,354,1.0437002621945632
2024-04-25 14:16:01.034000+00:00,2024-04-25 14:15:30+00:00,2024-04-25 14:17:30+00:00,TABUENCA01-45,Sensoria-C1-EEA1,Right,Gait,1.0.5,40.3882544,-3.6292402,CB:AA:BC:3F:36:A5,SCKS,-0.035156,0.996094,0.046875,-4.48,20.16,104.160004,0.009344,0.719488,-0.308352,447,696,341,0.9978158481388237
2024-04-25 14:16:01.042000+00:00,2024-04-25 14:15:30+00:00,2024-04-25 14:17:30+00:00,TABUENCA01-45,Sensoria-C1-E90A,Left,Gait,1.0.5,40.3882544,-3.6292402,F0:75:B1:51:59:F6,SCKS,0.71875,0.34375,-0.375,-2.24,-5.6,-199.360001,0.018688,0.79424,-0.205568,676,537,715,0.8805626752253357
2024-04-25 14:16:01.050000+00:00,2024-04-25 14:15:30+00:00,2024-04-25 14:17:30+00:00,TABUENCA01-45,Sensoria-C1-EEA1,Right,Gait,1.0.5,40.3882544,-3.6292402,CB:AA:BC:3F:36:A5,SCKS,-0.09375,0.968751,0.035156,-5.6,12.32,77.279999,0.018688,0.728832,-0.289664,429,675,338,0.9739114471228891
2024-04-25 14:16:01.067000+00:00,2024-04-25 14:15:30+00:00,2024-04-25 14:17:30+00:00,TABUENCA01-45,Sensoria-C1-EEA1,Right,Gait,1.0.5,40.3882544,-3.6292402,CB:AA:BC:3F:36:A5,SCKS,-0.050781,1.035157,-0.015625,-2.24,0.0,60.48,0.028032,0.728832,-0.289664,413,653,341,1.0365195923063877
2024-04-25 14:16:01.074000+00:00,2024-04-25 14:15:30+00:00,2024-04-25 14:17:30+00:00,TABUENCA01-45,Sensoria-C1-E90A,Left,Gait,1.0.5,40.3882544,-3.6292402,F0:75:B1:51:59:F6,SCKS,-0.3125,0.375,-0.40625,15.68,-133.279999,15.68,-0.028032,0.784896,-0.196224,698,554,714,0.6350750447781742
2024-04-25 14:16:01.083000+00:00,2024-04-25 14:15:30+00:00,2024-04-25 14:17:30+00:00,TABUENCA01-45,Sensoria-C1-EEA1,Right,Gait,1.0.5,40.3882544,-3.6292402,CB:AA:BC:3F:36:A5,SCKS,0.003906,1.023438,-0.042969,-5.6,7.84,48.16,0.037376,0.728832,-0.28032,400,636,349,1.0243470757711959
2024-04-25 14:16:01.090000+00:00,2024-04-25 14:15:30+00:00,2024-04-25 14:17:30+00:00,TABUENCA01-45,Sensoria-C1-E90A,Left,Gait,1.0.5,40.3882544,-3.6292402,F0:75:B1:51:59:F6,SCKS,1.062499,-0.03125,-0.03125,-13.440001,-42.560001,148.960007,-0.009344,0.803584,-0.214912,708,557,711,1.063417721312279
2024-04-25 14:16:01.099000+00:00,2024-04-25 14:15:30+00:00,2024-04-25 14:17:30+00:00,TABUENCA01-45,Sensoria-C1-EEA1,Right,Gait,1.0.5,40.3882544,-3.6292402,CB:AA:BC:3F:36:A5,SCKS,-0.027344,0.996094,0.015625,-5.6,6.72,38.080002,0.04672,0.738176,-0.289664,389,624,362,0.9965917377727953
2024-04-25 14:16:01.124000+00:00,2024-04-25 14:15:30+00:00,2024-04-25 14:17:30+00:00,TABUENCA01-45,Sensoria-C1-E90A,Left,Gait,1.0.5,40.3882544,-3.6292402,F0:75:B1:51:59:F6,SCKS,0.4375,0.03125,0.09375,-22.4,43.68,189.279999,0.028032,0.79424,-0.214912,711,558,710,0.44852187795022885
2024-04-25 14:16:01.132000+00:00,2024-04-25 14:15:30+00:00,2024-04-25 14:17:30+00:00,TABUENCA01-45,Sensoria-C1-EEA1,Right,Gait,1.0.5,40.3882544,-3.6292402,CB:AA:BC:3F:36:A5,SCKS,-0.007813,1.000001,-0.09375,-3.36,10.08,34.720001,0.04672,0.738176,-0.289664,379,617,382,1.0044163008782763
2024-04-25 14:16:01.148000+00:00,2024-04-25 14:15:30+00:00,2024-04-25 14:17:30+00:00,TABUENCA01-45,Sensoria-C1-EEA1,Right,Gait,1.0.5,40.3882544,-3.6292402,CB:AA:BC:3F:36:A5,SCKS,-0.011719,0.960938,-0.054688,-7.84,22.4,32.48,0.04672,0.738176,-0.289664,372,609,406,0.9625642587115937
2024-04-25 14:16:01.156000+00:00,2024-04-25 14:15:30+00:00,2024-04-25 14:17:30+00:00,TABUENCA01-45,Sensoria-C1-E90A,Left,Gait,1.0.5,40.3882544,-3.6292402,F0:75:B1:51:59:F6,SCKS,0.40625,0.21875,-0.1875,0.0,48.16,263.200012,0.056064,0.803584,-0.214912,712,554,708,0.49804304532841337
2024-04-25 14:16:01.165000+00:00,2024-04-25 14:15:30+00:00,2024-04-25 14:17:30+00:00,TABUENCA01-45,Sensoria-C1-EEA1,Right,Gait,1.0.5,40.3882544,-3.6292402,CB:AA:BC:3F:36:A5,SCKS,-0.003906,0.957032,-0.074219,-7.84,24.639999,26.880001,0.04672,0.74752,-0.289664,368,603,431,0.9599135199698982
2024-04-25 14:16:01.181000+00:00,2024-04-25 14:15:30+00:00,2024-04-25 14:17:30+00:00,TABUENCA01-45,Sensoria-C1-EEA1,Right,Gait,1.0.5,40.3882544,-3.6292402,CB:AA:BC:3F:36:A5,SCKS,0.007813,0.945313,-0.050781,-13.440001,23.52,23.52,0.056064,0.738176,-0.299008,360,600,453,0.9467082026152515
2024-04-25 14:16:01.188000+00:00,2024-04-25 14:15:30+00:00,2024-04-25 14:17:30+00:00,TABUENCA01-45,Sensoria-C1-E90A,Left,Gait,1.0.5,40.3882544,-3.6292402,F0:75:B1:51:59:F6,SCKS,0.40625,0.625,-0.21875,-4.48,45.920002,306.880005,0.102784,0.803584,-0.214912,712,553,706,0.7768626809160033
2024-04-25 14:16:01.213000+00:00,2024-04-25 14:15:30+00:00,2024-04-25 14:17:30+00:00,TABUENCA01-45,Sensoria-C1-EEA1,Right,Gait,1.0.5,40.3882544,-3.6292402,CB:AA:BC:3F:36:A5,SCKS,0.023438,0.957032,-0.046875,-12.32,20.16,20.16,0.065408,0.74752,-0.28032,357,598,470,0.9584658859307409
2024-04-25 14:16:01.221000+00:00,2024-04-25 14:15:30+00:00,2024-04-25 14:17:30+00:00,TABUENCA01-45,Sensoria-C1-E90A,Left,Gait,1.0.5,40.3882544,-3.6292402,F0:75:B1:51:59:F6,SCKS,0.3125,1.031249,-0.1875,-8.96,50.400002,375.200012,0.224256,0.775552,-0.214912,714,552,705,1.093749057142908
2024-04-25 14:16:01.230000+00:00,2024-04-25 14:15:30+00:00,2024-04-25 14:17:30+00:00,TABUENCA01-45,Sensoria-C1-EEA1,Right,Gait,1.0.5,40.3882544,-3.6292402,CB:AA:BC:3F:36:A5,SCKS,0.023438,0.960938,-0.058594,-8.96,21.280001,20.16,0.065408,0.74752,-0.28032,350,594,488,0.9630080147766165
2024-04-25 14:16:01.246000+00:00,2024-04-25 14:15:30+00:00,2024-04-25 14:17:30+00:00,TABUENCA01-45,Sensoria-C1-EEA1,Right,Gait,1.0.5,40.3882544,-3.6292402,CB:AA:BC:3F:36:A5,SCKS,-0.035156,0.914063,0.039063,-7.84,24.639999,21.280001,0.065408,0.74752,-0.28032,343,591,500,0.9155725150276193
2024-04-25 14:16:01.254000+00:00,2024-04-25 14:15:30+00:00,2024-04-25 14:17:30+00:00,TABUENCA01-45,Sensoria-C1-E90A,Left,Gait,1.0.5,40.3882544,-3.6292402,F0:75:B1:51:59:F6,SCKS,0.4375,1.718749,-0.21875,-7.84,34.720001,416.640015,0.299008,0.738176,-0.214912,712,551,703,1.7869963451280477
2024-04-25 14:16:01.263000+00:00,2024-04-25 14:15:30+00:00,2024-04-25 14:17:30+00:00,TABUENCA01-45,Sensoria-C1-EEA1,Right,Gait,1.0.5,40.3882544,-3.6292402,CB:AA:BC:3F:36:A5,SCKS,-0.109375,0.921876,0.058594,-3.36,16.799999,30.24,0.065408,0.74752,-0.289664,332,585,509,0.9301889629731156
2024-04-25 14:16:01.286000+00:00,2024-04-25 14:15:30+00:00,2024-04-25 14:17:30+00:00,TABUENCA01-45,Sensoria-C1-E90A,Left,Gait,1.0.5,40.3882544,-3.6292402,F0:75:B1:51:59:F6,SCKS,0.34375,2.656249,-0.25,2.24,42.560001,441.279999,0.429824,0.635392,-0.2336,711,550,704,2.6900414146442055
2024-04-25 14:16:01.295000+00:00,2024-04-25 14:15:30+00:00,2024-04-25 14:17:30+00:00,TABUENCA01-45,Sensoria-C1-EEA1,Right,Gait,1.0.5,40.3882544,-3.6292402,CB:AA:BC:3F:36:A5,SCKS,-0.042969,0.949219,0.03125,0.0,1.12,48.16,0.065408,0.74752,-0.289664,317,576,516,0.9507047950978263
2024-04-25 14:16:01.311000+00:00,2024-04-25 14:15:30+00:00,2024-04-25 14:17:30+00:00,TABUENCA01-45,Sensoria-C1-EEA1,Right,Gait,1.0.5,40.3882544,-3.6292402,CB:AA:BC:3F:36:A5,SCKS,-0.027344,1.050782,0.015625,1.12,-7.84,61.599998,0.074752,0.756864,-0.289664,304,566,521,1.0512538449323265
2024-04-25 14:16:01.319000+00:00,2024-04-25 14:15:30+00:00,2024-04-25 14:17:30+00:00,TABUENCA01-45,Sensoria-C1-E90A,Left,Gait,1.0.5,40.3882544,-3.6292402,F0:75:B1:51:59:F6,SCKS,-0.65625,3.437498,-0.15625,-25.76,53.760002,444.640015,0.476544,0.569984,-0.224256,710,551,705,3.503065889332372
2024-04-25 14:16:01.328000+00:00,2024-04-25 14:15:30+00:00,2024-04-25 14:17:30+00:00,TABUENCA01-45,Sensoria-C1-EEA1,Right,Gait,1.0.5,40.3882544,-3.6292402,CB:AA:BC:3F:36:A5,SCKS,-0.023438,1.046876,0.015625,4.48,-11.2,70.559998,0.074752,0.756864,-0.289664,290,551,530,1.0472549068135226
2024-04-25 14:16:01.343000+00:00,2024-04-25 14:15:30+00:00,2024-04-25 14:17:30+00:00,TABUENCA01-45,Sensoria-C1-EEA1,Right,Gait,1.0.5,40.3882544,-3.6292402,CB:AA:BC:3F:36:A5,SCKS,-0.054688,1.148438,-0.046875,5.6,-14.56,84.0,0.09344,0.766208,-0.289664,272,532,552,1.1506945219357745
2024-04-25 14:16:01.351000+00:00,2024-04-25 14:15:30+00:00,2024-04-25 14:17:30+00:00,TABUENCA01-45,Sensoria-C1-E90A,Left,Gait,1.0.5,40.3882544,-3.6292402,F0:75:B1:51:59:F6,SCKS,-2.343749,2.343749,-1.156249,21.280001,132.160004,302.399994,0.51392,0.504576,-0.252288,707,549,709,3.510445911846955
2024-04-25 14:16:01.359000+00:00,2024-04-25 14:15:30+00:00,2024-04-25 14:17:30+00:00,TABUENCA01-45,Sensoria-C1-EEA1,Right,Gait,1.0.5,40.3882544,-3.6292402,CB:AA:BC:3F:36:A5,SCKS,-0.066406,1.214845,-0.015625,0.0,-17.92,106.400002,0.102784,0.766208,-0.270976,255,512,591,1.2167589208573735
2024-04-25 14:16:01.383000+00:00,2024-04-25 14:15:30+00:00,2024-04-25 14:17:30+00:00,TABUENCA01-45,Sensoria-C1-E90A,Left,Gait,1.0.5,40.3882544,-3.6292402,F0:75:B1:51:59:F6,SCKS,-3.874998,1.499999,-0.65625,20.16,-66.080002,107.520004,0.523264,0.4672,-0.28032,706,549,713,4.206693542736979
2024-04-25 14:16:01.392000+00:00,2024-04-25 14:15:30+00:00,2024-04-25 14:17:30+00:00,TABUENCA01-45,Sensoria-C1-EEA1,Right,Gait,1.0.5,40.3882544,-3.6292402,CB:AA:BC:3F:36:A5,SCKS,-0.132813,1.300782,0.113281,-7.84,-20.16,131.039993,0.121472,0.775552,-0.28032,240,489,635,1.3124426423482285
2024-04-25 14:16:01.408000+00:00,2024-04-25 14:15:30+00:00,2024-04-25 14:17:30+00:00,TABUENCA01-45,Sensoria-C1-EEA1,Right,Gait,1.0.5,40.3882544,-3.6292402,CB:AA:BC:3F:36:A5,SCKS,-0.105469,1.523439,-0.03125,-14.56,-30.24,148.960007,0.14016,0.784896,-0.299008,228,474,668,1.5274052046467566
2024-04-25 14:16:01.416000+00:00,2024-04-25 14:15:30+00:00,2024-04-25 14:17:30+00:00,TABUENCA01-45,Sensoria-C1-E90A,Left,Gait,1.0.5,40.3882544,-3.6292402,F0:75:B1:51:59:F6,SCKS,-1.031249,1.749999,0.34375,23.52,-10.08,-126.559998,0.523264,0.457856,-0.261632,702,550,712,2.060129865445866
2024-04-25 14:16:01.424000+00:00,2024-04-25 14:15:30+00:00,2024-04-25 14:17:30+00:00,TABUENCA01-45,Sensoria-C1-EEA1,Right,Gait,1.0.5,40.3882544,-3.6292402,CB:AA:BC:3F:36:A5,SCKS,-0.144531,1.679689,-0.164063,-17.92,-20.16,166.880005,0.14016,0.784896,-0.299008,217,465,690,1.693859797814152
2024-04-25 14:16:01.432000+00:00,2024-04-25 14:15:30+00:00,2024-04-25 14:17:30+00:00,TABUENCA01-45,Sensoria-C1-E90A,Left,Gait,1.0.5,40.3882544,-3.6292402,F0:75:B1:51:59:F6,SCKS,0.59375,0.8125,0.8125,30.24,135.520004,-150.080002,0.504576,0.504576,-0.28032,708,551,683,1.2933876304109297
2024-04-25 14:16:01.441000+00:00,2024-04-25 14:15:30+00:00,2024-04-25 14:17:30+00:00,TABUENCA01-45,Sensoria-C1-EEA1,Right,Gait,1.0.5,40.3882544,-3.6292402,CB:AA:BC:3F:36:A5,SCKS,-0.347656,1.945314,0.058594,-23.52,0.0,187.039993,0.168192,0.79424,-0.289664,210,474,702,1.977003922547449
2024-04-25 14:16:01.464000+00:00,2024-04-25 14:15:30+00:00,2024-04-25 14:17:30+00:00,TABUENCA01-45,Sensoria-C1-E90A,Left,Gait,1.0.5,40.3882544,-3.6292402,F0:75:B1:51:59:F6,SCKS,-0.1875,1.499999,0.1875,88.480003,41.439999,-229.600006,0.485888,0.551296,-0.289664,712,557,601,1.5232562161373246
2024-04-25 14:16:01.473000+00:00,2024-04-25 14:15:30+00:00,2024-04-25 14:17:30+00:00,TABUENCA01-45,Sensoria-C1-EEA1,Right,Gait,1.0.5,40.3882544,-3.6292402,CB:AA:BC:3F:36:A5,SCKS,-0.757813,1.996095,0.4375,-32.48,33.599998,208.320007,0.205568,0.803584,-0.289664,214,495,708,2.179468293413327
2024-04-25 14:16:01.490000+00:00,2024-04-25 14:15:30+00:00,2024-04-25 14:17:30+00:00,TABUENCA01-45,Sensoria-C1-EEA1,Right,Gait,1.0.5,40.3882544,-3.6292402,CB:AA:BC:3F:36:A5,SCKS,-1.312501,1.996095,0.5625,-57.119999,70.559998,236.320007,0.252288,0.803584,-0.299008,229,518,709,2.454273899552778
2024-04-25 14:16:01.497000+00:00,2024-04-25 14:15:30+00:00,2024-04-25 14:17:30+00:00,TABUENCA01-45,Sensoria-C1-E90A,Left,Gait,1.0.5,40.3882544,-3.6292402,F0:75:B1:51:59:F6,SCKS,-1.749999,2.093749,-0.968749,152.320007,92.959999,-183.680008,0.4672,0.588672,-0.270976,706,564,461,2.8956443151746036
2024-04-25 14:16:01.505000+00:00,2024-04-25 14:15:30+00:00,2024-04-25 14:17:30+00:00,TABUENCA01-45,Sensoria-C1-EEA1,Right,Gait,1.0.5,40.3882544,-3.6292402,CB:AA:BC:3F:36:A5,SCKS,-0.273438,1.996095,-0.105469,-45.920002,30.24,283.360016,0.308352,0.803584,-0.299008,264,555,713,2.0174953032981264
2024-04-25 14:16:01.522000+00:00,2024-04-25 14:15:30+00:00,2024-04-25 14:17:30+00:00,TABUENCA01-45,Sensoria-C1-EEA1,Right,Gait,1.0.5,40.3882544,-3.6292402,CB:AA:BC:3F:36:A5,SCKS,-0.800782,1.996095,-0.6875,-28.0,-23.52,310.23999,0.308352,0.803584,-0.299008,318,607,714,2.2579422735200736
2024-04-25 14:16:01.529000+00:00,2024-04-25 14:15:30+00:00,2024-04-25 14:17:30+00:00,TABUENCA01-45,Sensoria-C1-E90A,Left,Gait,1.0.5,40.3882544,-3.6292402,F0:75:B1:51:59:F6,SCKS,-0.1875,0.999999,0.0,81.760002,-60.48,-189.279999,0.439168,0.626048,-0.261632,681,559,378,1.0174253043840613
2024-04-25 14:16:01.554000+00:00,2024-04-25 14:15:30+00:00,2024-04-25 14:17:30+00:00,TABUENCA01-45,Sensoria-C1-EEA1,Right,Gait,1.0.5,40.3882544,-3.6292402,CB:AA:BC:3F:36:A5,SCKS,-0.882813,1.867189,-0.800782,-3.36,-84.0,340.480011,0.355072,0.803584,-0.308352,386,657,715,2.2151761478974983
2024-04-25 14:16:01.561000+00:00,2024-04-25 14:15:30+00:00,2024-04-25 14:17:30+00:00,TABUENCA01-45,Sensoria-C1-E90A,Left,Gait,1.0.5,40.3882544,-3.6292402,F0:75:B1:51:59:F6,SCKS,0.0625,1.031249,-0.15625,22.4,-50.400002,-54.880001,0.401792,0.663424,-0.252288,632,518,346,1.0448898566360956
2024-04-25 14:16:01.570000+00:00,2024-04-25 14:15:30+00:00,2024-04-25 14:17:30+00:00,TABUENCA01-45,Sensoria-C1-EEA1,Right,Gait,1.0.5,40.3882544,-3.6292402,CB:AA:BC:3F:36:A5,SCKS,-0.507813,0.519532,-0.558594,5.6,-49.279999,262.079987,0.401792,0.79424,-0.299008,440,689,715,0.9164140978995249
2024-04-25 14:16:01.587000+00:00,2024-04-25 14:15:30+00:00,2024-04-25 14:17:30+00:00,TABUENCA01-45,Sensoria-C1-EEA1,Right,Gait,1.0.5,40.3882544,-3.6292402,CB:AA:BC:3F:36:A5,SCKS,1.093751,-0.054688,-0.910157,10.08,150.080002,109.760002,0.439168,0.784896,-0.308352,469,706,713,1.4239620051089845
2024-04-25 14:16:01.594000+00:00,2024-04-25 14:15:30+00:00,2024-04-25 14:17:30+00:00,TABUENCA01-45,Sensoria-C1-E90A,Left,Gait,1.0.5,40.3882544,-3.6292402,F0:75:B1:51:59:F6,SCKS,0.0625,0.999999,-0.0625,12.32,-44.799999,-34.720001,0.401792,0.672768,-0.2336,604,491,358,1.0038976541465767
2024-04-25 14:16:01.603000+00:00,2024-04-25 14:15:30+00:00,2024-04-25 14:17:30+00:00,TABUENCA01-45,Sensoria-C1-EEA1,Right,Gait,1.0.5,40.3882544,-3.6292402,CB:AA:BC:3F:36:A5,SCKS,-1.550782,0.257813,-0.449219,-25.76,152.320007,-49.279999,0.439168,0.79424,-0.317696,483,713,711,1.6349893163118836
2024-04-25 14:16:01.619000+00:00,2024-04-25 14:15:30+00:00,2024-04-25 14:17:30+00:00,TABUENCA01-45,Sensoria-C1-EEA1,Right,Gait,1.0.5,40.3882544,-3.6292402,CB:AA:BC:3F:36:A5,SCKS,-1.070313,-0.070313,-0.070313,-45.920002,87.360001,-79.519997,0.439168,0.79424,-0.317696,490,717,710,1.0749222083048617
2024-04-25 14:16:01.627000+00:00,2024-04-25 14:15:30+00:00,2024-04-25 14:17:30+00:00,TABUENCA01-45,Sensoria-C1-E90A,Left,Gait,1.0.5,40.3882544,-3.6292402,F0:75:B1:51:59:F6,SCKS,0.125,0.999999,-0.34375,6.72,-42.560001,-30.24,0.392448,0.672768,-0.224256,582,469,392,1.0647943756899731
2024-04-25 14:16:01.652000+00:00,2024-04-25 14:15:30+00:00,2024-04-25 14:17:30+00:00,TABUENCA01-45,Sensoria-C1-EEA1,Right,Gait,1.0.5,40.3882544,-3.6292402,CB:AA:BC:3F:36:A5,SCKS,-0.441407,-0.21875,0.023438,-4.48,24.639999,-108.639999,0.429824,0.79424,-0.32704,495,719,708,0.4931947302972731
2024-04-25 14:16:01.659000+00:00,2024-04-25 14:15:30+00:00,2024-04-25 14:17:30+00:00,TABUENCA01-45,Sensoria-C1-E90A,Left,Gait,1.0.5,40.3882544,-3.6292402,F0:75:B1:51:59:F6,SCKS,0.09375,0.968749,-0.15625,4.48,-43.68,-32.48,0.383104,0.691456,-0.224256,563,452,449,0.9857371607081676
2024-04-25 14:16:01.668000+00:00,2024-04-25 14:15:30+00:00,2024-04-25 14:17:30+00:00,TABUENCA01-45,Sensoria-C1-EEA1,Right,Gait,1.0.5,40.3882544,-3.6292402,CB:AA:BC:3F:36:A5,SCKS,-0.398438,-0.113281,-0.070313,30.24,13.440001,-163.520004,0.401792,0.803584,-0.32704,496,720,707,0.420153951277386
2024-04-25 14:16:01.684000+00:00,2024-04-25 14:15:30+00:00,2024-04-25 14:17:30+00:00,TABUENCA01-45,Sensoria-C1-EEA1,Right,Gait,1.0.5,40.3882544,-3.6292402,CB:AA:BC:3F:36:A5,SCKS,-0.609375,0.21875,-0.136719,39.200001,5.6,-218.399994,0.364416,0.812928,-0.308352,496,722,707,0.6617261805958715
2024-04-25 14:16:01.692000+00:00,2024-04-25 14:15:30+00:00,2024-04-25 14:17:30+00:00,TABUENCA01-45,Sensoria-C1-E90A,Left,Gait,1.0.5,40.3882544,-3.6292402,F0:75:B1:51:59:F6,SCKS,0.0625,0.9375,-0.21875,10.08,-41.439999,-24.639999,0.37376,0.691456,-0.196224,548,436,508,0.9647093150270707
2024-04-25 14:16:01.700000+00:00,2024-04-25 14:15:30+00:00,2024-04-25 14:17:30+00:00,TABUENCA01-45,Sensoria-C1-EEA1,Right,Gait,1.0.5,40.3882544,-3.6292402,CB:AA:BC:3F:36:A5,SCKS,-0.527344,0.363282,-0.0625,34.720001,-17.92,-262.079987,0.317696,0.812928,-0.317696,497,720,704,0.643406369147835
2024-04-25 14:16:01.724000+00:00,2024-04-25 14:15:30+00:00,2024-04-25 14:17:30+00:00,TABUENCA01-45,Sensoria-C1-E90A,Left,Gait,1.0.5,40.3882544,-3.6292402,F0:75:B1:51:59:F6,SCKS,0.03125,0.9375,-0.28125,10.08,-34.720001,-23.52,0.364416,0.691456,-0.196224,537,426,560,0.9792774759995249
2024-04-25 14:16:01.733000+00:00,2024-04-25 14:15:30+00:00,2024-04-25 14:17:30+00:00,TABUENCA01-45,Sensoria-C1-EEA1,Right,Gait,1.0.5,40.3882544,-3.6292402,CB:AA:BC:3F:36:A5,SCKS,-0.492188,0.511719,-0.019531,41.439999,-39.200001,-304.640015,0.261632,0.812928,-0.299008,496,717,705,0.7102723578079047
2024-04-25 14:16:01.749000+00:00,2024-04-25 14:15:30+00:00,2024-04-25 14:17:30+00:00,TABUENCA01-45,Sensoria-C1-EEA1,Right,Gait,1.0.5,40.3882544,-3.6292402,CB:AA:BC:3F:36:A5,SCKS,-0.535157,0.976563,-0.03125,48.16,-47.040001,-355.040009,0.196224,0.803584,-0.308352,496,717,705,1.1140219343073996
2024-04-25 14:16:01.757000+00:00,2024-04-25 14:15:30+00:00,2024-04-25 14:17:30+00:00,TABUENCA01-45,Sensoria-C1-E90A,Left,Gait,1.0.5,40.3882544,-3.6292402,F0:75:B1:51:59:F6,SCKS,0.0,0.90625,-0.25,3.36,-36.959999,-26.880001,0.364416,0.691456,-0.205568,525,411,598,0.9401005597807077
2024-04-25 14:16:01.765000+00:00,2024-04-25 14:15:30+00:00,2024-04-25 14:17:30+00:00,TABUENCA01-45,Sensoria-C1-EEA1,Right,Gait,1.0.5,40.3882544,-3.6292402,CB:AA:BC:3F:36:A5,SCKS,-0.5,1.367188,-0.023438,38.080002,-32.48,-379.679993,0.130816,0.775552,-0.308352,496,717,703,1.455936937915925
2024-04-25 14:16:01.773000+00:00,2024-04-25 14:15:30+00:00,2024-04-25 14:17:30+00:00,TABUENCA01-45,Sensoria-C1-E90A,Left,Gait,1.0.5,40.3882544,-3.6292402,F0:75:B1:51:59:F6,SCKS,0.03125,0.9375,-0.1875,3.36,-36.959999,-31.360001,0.355072,0.7008,-0.205568,514,396,627,0.9565767415633729
2024-04-25 14:16:01.781000+00:00,2024-04-25 14:15:30+00:00,2024-04-25 14:17:30+00:00,TABUENCA01-45,Sensoria-C1-EEA1,Right,Gait,1.0.5,40.3882544,-3.6292402,CB:AA:BC:3F:36:A5,SCKS,-0.4375,1.914064,0.050781,25.76,-2.24,-392.0,0.130816,0.775552,-0.308352,496,716,703,1.9640839992365398
2024-04-25 14:16:01.805000+00:00,2024-04-25 14:15:30+00:00,2024-04-25 14:17:30+00:00,TABUENCA01-45,Sensoria-C1-E90A,Left,Gait,1.0.5,40.3882544,-3.6292402,F0:75:B1:51:59:F6,SCKS,-0.03125,0.968749,-0.15625,3.36,-34.720001,-35.84,0.336384,0.719488,-0.196224,504,371,647,0.9817663927844545
2024-04-25 14:16:01.814000+00:00,2024-04-25 14:15:30+00:00,2024-04-25 14:17:30+00:00,TABUENCA01-45,Sensoria-C1-EEA1,Right,Gait,1.0.5,40.3882544,-3.6292402,CB:AA:BC:3F:36:A5,SCKS,-0.40625,1.996095,0.171875,11.2,43.68,-392.0,0.065408,0.74752,-0.299008,495,715,704,2.044254222730138
2024-04-25 14:16:01.830000+00:00,2024-04-25 14:15:30+00:00,2024-04-25 14:17:30+00:00,TABUENCA01-45,Sensoria-C1-EEA1,Right,Gait,1.0.5,40.3882544,-3.6292402,CB:AA:BC:3F:36:A5,SCKS,0.058594,1.996095,0.152344,56.0,3.36,-390.880005,0.018688,0.7008,-0.299008,495,714,702,2.002757399236612
2024-04-25 14:16:01.838000+00:00,2024-04-25 14:15:30+00:00,2024-04-25 14:17:30+00:00,TABUENCA01-45,Sensoria-C1-E90A,Left,Gait,1.0.5,40.3882544,-3.6292402,F0:75:B1:51:59:F6,SCKS,-0.03125,0.999999,-0.15625,1.12,-34.720001,-38.080002,0.32704,0.719488,-0.177536,484,343,664,1.0126147465848006
2024-04-25 14:16:01.862000+00:00,2024-04-25 14:15:30+00:00,2024-04-25 14:17:30+00:00,TABUENCA01-45,Sensoria-C1-EEA1,Right,Gait,1.0.5,40.3882544,-3.6292402,CB:AA:BC:3F:36:A5,SCKS,0.742188,1.996095,0.425782,62.720001,-17.92,-396.480011,-0.037376,0.644736,-0.28032,495,715,703,2.171757027821713
2024-04-25 14:16:01.863000+00:00,2024-04-25 14:15:30+00:00,2024-04-25 14:17:30+00:00,TABUENCA01-45,Sensoria-C1-EEA1,Right,Gait,1.0.5,40.3882544,-3.6292402,CB:AA:BC:3F:36:A5,SCKS,1.898439,1.996095,-0.554688,53.760002,-42.560001,-388.640015,-0.074752,0.588672,-0.28032,494,715,704,2.8100079471578012
2024-04-25 14:16:01.880000+00:00,2024-04-25 14:15:30+00:00,2024-04-25 14:17:30+00:00,TABUENCA01-45,Sensoria-C1-EEA1,Right,Gait,1.0.5,40.3882544,-3.6292402,CB:AA:BC:3F:36:A5,SCKS,1.996095,1.906251,0.042969,72.800003,6.72,-213.919998,-0.074752,0.588672,-0.28032,493,715,703,2.760440989948345
2024-04-25 14:16:01.888000+00:00,2024-04-25 14:15:30+00:00,2024-04-25 14:17:30+00:00,TABUENCA01-45,Sensoria-C1-E90A,Left,Gait,1.0.5,40.3882544,-3.6292402,F0:75:B1:51:59:F6,SCKS,0.0,1.031249,-0.1875,-4.48,-36.959999,-47.040001,0.32704,0.719488,-0.196224,463,317,683,1.0481558805831317
2024-04-25 14:16:01.903000+00:00,2024-04-25 14:15:30+00:00,2024-04-25 14:17:30+00:00,TABUENCA01-45,Sensoria-C1-E90A,Left,Gait,1.0.5,40.3882544,-3.6292402,F0:75:B1:51:59:F6,SCKS,0.09375,1.218749,-0.125,3.36,-20.16,-89.599998,0.299008,0.738176,-0.168192,429,286,701,1.2287242113269357
2024-04-25 14:16:01.912000+00:00,2024-04-25 14:15:30+00:00,2024-04-25 14:17:30+00:00,TABUENCA01-45,Sensoria-C1-EEA1,Right,Gait,1.0.5,40.3882544,-3.6292402,CB:AA:BC:3F:36:A5,SCKS,1.996095,1.933595,0.761719,66.080002,30.24,-88.480003,-0.09344,0.551296,-0.289664,492,716,707,2.8815621992264893
2024-04-25 14:16:01.936000+00:00,2024-04-25 14:15:30+00:00,2024-04-25 14:17:30+00:00,TABUENCA01-45,Sensoria-C1-E90A,Left,Gait,1.0.5,40.3882544,-3.6292402,F0:75:B1:51:59:F6,SCKS,0.125,1.374999,-0.15625,8.96,-5.6,-123.199997,0.270976,0.74752,-0.168192,417,274,708,1.3894823901370612
2024-04-25 14:16:01.960000+00:00,2024-04-25 14:15:30+00:00,2024-04-25 14:17:30+00:00,TABUENCA01-45,Sensoria-C1-EEA1,Right,Gait,1.0.5,40.3882544,-3.6292402,CB:AA:BC:3F:36:A5,SCKS,-1.968751,1.765626,-0.175781,15.68,-150.080002,133.279999,-0.084096,0.56064,-0.308352,493,715,705,2.6503423612503347
2024-04-25 14:16:01.962000+00:00,2024-04-25 14:15:30+00:00,2024-04-25 14:17:30+00:00,TABUENCA01-45,Sensoria-C1-EEA1,Right,Gait,1.0.5,40.3882544,-3.6292402,CB:AA:BC:3F:36:A5,SCKS,-1.027344,0.816407,1.359376,29.120001,-185.919998,155.680008,-0.084096,0.588672,-0.32704,499,714,672,1.8894071010137017
2024-04-25 14:16:01.968000+00:00,2024-04-25 14:15:30+00:00,2024-04-25 14:17:30+00:00,TABUENCA01-45,Sensoria-C1-E90A,Left,Gait,1.0.5,40.3882544,-3.6292402,F0:75:B1:51:59:F6,SCKS,0.21875,1.624999,-0.25,6.72,-16.799999,-157.919998,0.252288,0.766208,-0.177536,431,285,710,1.658605833976536
2024-04-25 14:16:01.993000+00:00,2024-04-25 14:15:30+00:00,2024-04-25 14:17:30+00:00,TABUENCA01-45,Sensoria-C1-EEA1,Right,Gait,1.0.5,40.3882544,-3.6292402,CB:AA:BC:3F:36:A5,SCKS,0.796876,1.875001,0.207031,60.48,-147.839996,269.920013,-0.084096,0.588672,-0.32704,508,719,613,2.04780417626735
2024-04-25 14:16:02.001000+00:00,2024-04-25 14:15:30+00:00,2024-04-25 14:17:30+00:00,TABUENCA01-45,Sensoria-C1-E90A,Left,Gait,1.0.5,40.3882544,-3.6292402,F0:75:B1:51:59:F6,SCKS,0.5625,2.093749,-0.0625,-12.32,-44.799999,-194.880005,0.214912,0.775552,-0.18688,485,338,710,2.168893122078863
2024-04-25 14:16:02.010000+00:00,2024-04-25 14:15:30+00:00,2024-04-25 14:17:30+00:00,TABUENCA01-45,Sensoria-C1-EEA1,Right,Gait,1.0.5,40.3882544,-3.6292402,CB:AA:BC:3F:36:A5,SCKS,0.441407,1.679689,-0.050781,43.68,30.24,246.399994,-0.065408,0.626048,-0.32704,513,721,530,1.7374619380956233
2024-04-25 14:16:02.026000+00:00,2024-04-25 14:15:30+00:00,2024-04-25 14:17:30+00:00,TABUENCA01-45,Sensoria-C1-EEA1,Right,Gait,1.0.5,40.3882544,-3.6292402,CB:AA:BC:3F:36:A5,SCKS,0.246094,1.339845,-0.796876,52.639999,22.4,213.919998,-0.037376,0.663424,-0.317696,514,724,458,1.5782136231312287
2024-04-25 14:16:02.033000+00:00,2024-04-25 14:15:30+00:00,2024-04-25 14:17:30+00:00,TABUENCA01-45,Sensoria-C1-E90A,Left,Gait,1.0.5,40.3882544,-3.6292402,F0:75:B1:51:59:F6,SCKS,1.062499,2.531249,0.15625,-40.32,-86.239998,-189.279999,0.18688,0.784896,-0.177536,523,371,709,2.749643556445453
2024-04-25 14:16:02.042000+00:00,2024-04-25 14:15:30+00:00,2024-04-25 14:17:30+00:00,TABUENCA01-45,Sensoria-C1-EEA1,Right,Gait,1.0.5,40.3882544,-3.6292402,CB:AA:BC:3F:36:A5,SCKS,0.339844,1.093751,-0.078125,-15.68,15.68,207.199997,-0.018688,0.691456,-0.317696,505,726,408,1.1479933405564684
2024-04-25 14:16:02.066000+00:00,2024-04-25 14:15:30+00:00,2024-04-25 14:17:30+00:00,TABUENCA01-45,Sensoria-C1-E90A,Left,Gait,1.0.5,40.3882544,-3.6292402,F0:75:B1:51:59:F6,SCKS,0.625,2.312499,-1.281249,5.6,-71.68,-271.040009,0.09344,0.803584,-0.205568,591,460,709,2.716592649810052
2024-04-25 14:16:02.074000+00:00,2024-04-25 14:15:30+00:00,2024-04-25 14:17:30+00:00,TABUENCA01-45,Sensoria-C1-EEA1,Right,Gait,1.0.5,40.3882544,-3.6292402,CB:AA:BC:3F:36:A5,SCKS,0.207031,0.898438,0.222656,-10.08,22.4,147.839996,-0.009344,0.710144,-0.317696,487,728,375,0.9484874111663264
2024-04-25 14:16:02.091000+00:00,2024-04-25 14:15:30+00:00,2024-04-25 14:17:30+00:00,TABUENCA01-45,Sensoria-C1-EEA1,Right,Gait,1.0.5,40.3882544,-3.6292402,CB:AA:BC:3F:36:A5,SCKS,-0.039063,0.941407,-0.09375,-8.96,19.040001,120.959999,-0.009344,0.710144,-0.317696,467,715,356,0.9468696426214118
2024-04-25 14:16:02.099000+00:00,2024-04-25 14:15:30+00:00,2024-04-25 14:17:30+00:00,TABUENCA01-45,Sensoria-C1-E90A,Left,Gait,1.0.5,40.3882544,-3.6292402,F0:75:B1:51:59:F6,SCKS,0.9375,0.90625,-0.40625,22.4,17.92,-243.040009,0.037376,0.79424,-0.18688,653,522,711,1.36573583646326
2024-04-25 14:16:02.107000+00:00,2024-04-25 14:15:30+00:00,2024-04-25 14:17:30+00:00,TABUENCA01-45,Sensoria-C1-EEA1,Right,Gait,1.0.5,40.3882544,-3.6292402,CB:AA:BC:3F:36:A5,SCKS,0.078125,0.972657,0.042969,-7.84,17.92,95.199997,0.018688,0.719488,-0.308352,447,697,346,0.9767351177443145
2024-04-25 14:16:02.115000+00:00,2024-04-25 14:15:30+00:00,2024-04-25 14:17:30+00:00,TABUENCA01-45,Sensoria-C1-E90A,Left,Gait,1.0.5,40.3882544,-3.6292402,F0:75:B1:51:59:F6,SCKS,-0.875,0.0625,-0.4375,29.120001,-69.440002,-98.559998,0.0,0.784896,-0.18688,688,547,714,0.9802741963348827
2024-04-25 14:16:02.139000+00:00,2024-04-25 14:15:30+00:00,2024-04-25 14:17:30+00:00,TABUENCA01-45,Sensoria-C1-EEA1,Right,Gait,1.0.5,40.3882544,-3.6292402,CB:AA:BC:3F:36:A5,SCKS,0.0,1.000001,0.113281,1.12,1.12,66.080002,0.018688,0.728832,-0.317696,430,674,342,1.0063968327464072
2024-04-25 14:16:02.140000+00:00,2024-04-25 14:15:30+00:00,2024-04-25 14:17:30+00:00,TABUENCA01-45,Sensoria-C1-EEA1,Right,Gait,1.0.5,40.3882544,-3.6292402,CB:AA:BC:3F:36:A5,SCKS,0.019531,1.019532,-0.042969,4.48,-3.36,52.639999,0.018688,0.738176,-0.317696,416,656,345,1.0206239728450437
2024-04-25 14:16:02.147000+00:00,2024-04-25 14:15:30+00:00,2024-04-25 14:17:30+00:00,TABUENCA01-45,Sensoria-C1-E90A,Left,Gait,1.0.5,40.3882544,-3.6292402,F0:75:B1:51:59:F6,SCKS,1.468749,0.15625,-0.21875,22.4,-153.440002,113.120003,0.0,0.79424,-0.18688,702,555,710,1.4931474307652945
2024-04-25 14:16:02.172000+00:00,2024-04-25 14:15:30+00:00,2024-04-25 14:17:30+00:00,TABUENCA01-45,Sensoria-C1-EEA1,Right,Gait,1.0.5,40.3882544,-3.6292402,CB:AA:BC:3F:36:A5,SCKS,-0.023438,0.976563,0.085938,-5.6,8.96,41.439999,0.037376,0.738176,-0.308352,407,640,350,0.9806171386718672
2024-04-25 14:16:02.180000+00:00,2024-04-25 14:15:30+00:00,2024-04-25 14:17:30+00:00,TABUENCA01-45,Sensoria-C1-E90A,Left,Gait,1.0.5,40.3882544,-3.6292402,F0:75:B1:51:59:F6,SCKS,0.6875,-0.0625,0.09375,-6.72,10.08,160.160004,0.028032,0.79424,-0.205568,708,555,708,0.6966717753002486
2024-04-25 14:16:02.188000+00:00,2024-04-25 14:15:30+00:00,2024-04-25 14:17:30+00:00,TABUENCA01-45,Sensoria-C1-EEA1,Right,Gait,1.0.5,40.3882544,-3.6292402,CB:AA:BC:3F:36:A5,SCKS,-0.0625,1.027344,-0.011719,1.12,1.12,34.720001,0.037376,0.738176,-0.317696,397,629,363,1.0293100987054389
2024-04-25 14:16:02.204000+00:00,2024-04-25 14:15:30+00:00,2024-04-25 14:17:30+00:00,TABUENCA01-45,Sensoria-C1-EEA1,Right,Gait,1.0.5,40.3882544,-3.6292402,CB:AA:BC:3F:36:A5,SCKS,-0.023438,0.964844,-0.054688,-6.72,16.799999,35.84,0.037376,0.738176,-0.317696,390,622,380,0.966676813378701
2024-04-25 14:16:02.212000+00:00,2024-04-25 14:15:30+00:00,2024-04-25 14:17:30+00:00,TABUENCA01-45,Sensoria-C1-E90A,Left,Gait,1.0.5,40.3882544,-3.6292402,F0:75:B1:51:59:F6,SCKS,0.3125,0.0625,0.0,7.84,24.639999,227.360001,0.056064,0.803584,-0.18688,710,555,707,0.31868871959954903
2024-04-25 14:16:02.221000+00:00,2024-04-25 14:15:30+00:00,2024-04-25 14:17:30+00:00,TABUENCA01-45,Sensoria-C1-EEA1,Right,Gait,1.0.5,40.3882544,-3.6292402,CB:AA:BC:3F:36:A5,SCKS,-0.019531,0.976563,-0.046875,-6.72,23.52,35.84,0.04672,0.74752,-0.299008,384,614,400,0.9778824155055658
2024-04-25 14:16:02.245000+00:00,2024-04-25 14:15:30+00:00,2024-04-25 14:17:30+00:00,TABUENCA01-45,Sensoria-C1-E90A,Left,Gait,1.0.5,40.3882544,-3.6292402,F0:75:B1:51:59:F6,SCKS,0.5,0.5,-0.1875,24.639999,28.0,293.440002,0.102784,0.803584,-0.18688,712,553,706,0.7315437444199766
2024-04-25 14:16:02.253000+00:00,2024-04-25 14:15:30+00:00,2024-04-25 14:17:30+00:00,TABUENCA01-45,Sensoria-C1-EEA1,Right,Gait,1.0.5,40.3882544,-3.6292402,CB:AA:BC:3F:36:A5,SCKS,-0.011719,0.972657,-0.003906,-6.72,26.880001,33.599998,0.04672,0.74752,-0.299008,376,610,422,0.9727354375399305
2024-04-25 14:16:02.269000+00:00,2024-04-25 14:15:30+00:00,2024-04-25 14:17:30+00:00,TABUENCA01-45,Sensoria-C1-EEA1,Right,Gait,1.0.5,40.3882544,-3.6292402,CB:AA:BC:3F:36:A5,SCKS,-0.007813,0.972657,-0.03125,-7.84,21.280001,32.48,0.056064,0.74752,-0.289664,368,607,441,0.9731902409693595
2024-04-25 14:16:02.277000+00:00,2024-04-25 14:15:30+00:00,2024-04-25 14:17:30+00:00,TABUENCA01-45,Sensoria-C1-E90A,Left,Gait,1.0.5,40.3882544,-3.6292402,F0:75:B1:51:59:F6,SCKS,0.34375,0.78125,-0.03125,8.96,44.799999,332.640015,0.158848,0.79424,-0.177536,711,553,705,0.854103148044778
2024-04-25 14:16:02.285000+00:00,2024-04-25 14:15:30+00:00,2024-04-25 14:17:30+00:00,TABUENCA01-45,Sensoria-C1-EEA1,Right,Gait,1.0.5,40.3882544,-3.6292402,CB:AA:BC:3F:36:A5,SCKS,0.03125,0.980469,-0.046875,-3.36,13.440001,32.48,0.056064,0.74752,-0.299008,358,600,462,0.9820861917805382
2024-04-25 14:16:02.302000+00:00,2024-04-25 14:15:30+00:00,2024-04-25 14:17:30+00:00,TABUENCA01-45,Sensoria-C1-EEA1,Right,Gait,1.0.5,40.3882544,-3.6292402,CB:AA:BC:3F:36:A5,SCKS,0.046875,0.957032,-0.050781,-3.36,14.56,31.360001,0.056064,0.74752,-0.299008,351,596,477,0.9595239572881961
2024-04-25 14:16:02.309000+00:00,2024-04-25 14:15:30+00:00,2024-04-25 14:17:30+00:00,TABUENCA01-45,Sensoria-C1-E90A,Left,Gait,1.0.5,40.3882544,-3.6292402,F0:75:B1:51:59:F6,SCKS,0.40625,1.218749,0.0,4.48,56.0,387.519989,0.299008,0.738176,-0.18688,709,550,703,1.284674350760145
2024-04-25 14:16:02.334000+00:00,2024-04-25 14:15:30+00:00,2024-04-25 14:17:30+00:00,TABUENCA01-45,Sensoria-C1-EEA1,Right,Gait,1.0.5,40.3882544,-3.6292402,CB:AA:BC:3F:36:A5,SCKS,0.0,0.945313,0.0,-2.24,15.68,33.599998,0.056064,0.756864,-0.308352,340,589,497,0.945313
2024-04-25 14:16:02.341000+00:00,2024-04-25 14:15:30+00:00,2024-04-25 14:17:30+00:00,TABUENCA01-45,Sensoria-C1-E90A,Left,Gait,1.0.5,40.3882544,-3.6292402,F0:75:B1:51:59:F6,SCKS,0.53125,2.062499,0.0,-8.96,49.279999,428.959991,0.355072,0.691456,-0.196224,708,550,703,2.129818933031867
2024-04-25 14:16:02.351000+00:00,2024-04-25 14:15:30+00:00,2024-04-25 14:17:30+00:00,TABUENCA01-45,Sensoria-C1-EEA1,Right,Gait,1.0.5,40.3882544,-3.6292402,CB:AA:BC:3F:36:A5,SCKS,-0.019531,0.925782,0.03125,0.0,10.08,41.439999,0.065408,0.756864,-0.308352,326,581,511,0.9265151558312471
2024-04-25 14:16:02.367000+00:00,2024-04-25 14:15:30+00:00,2024-04-25 14:17:30+00:00,TABUENCA01-45,Sensoria-C1-EEA1,Right,Gait,1.0.5,40.3882544,-3.6292402,CB:AA:BC:3F:36:A5,SCKS,-0.003906,0.988282,0.050781,0.0,-1.12,52.639999,0.074752,0.756864,-0.289664,314,569,522,0.9895934914504035
2024-04-25 14:16:02.374000+00:00,2024-04-25 14:15:30+00:00,2024-04-25 14:17:30+00:00,TABUENCA01-45,Sensoria-C1-E90A,Left,Gait,1.0.5,40.3882544,-3.6292402,F0:75:B1:51:59:F6,SCKS,-0.21875,3.031248,0.21875,-4.48,77.279999,444.640015,0.42048,0.635392,-0.196224,707,550,702,3.0469932002720324
2024-04-25 14:16:02.383000+00:00,2024-04-25 14:15:30+00:00,2024-04-25 14:17:30+00:00,TABUENCA01-45,Sensoria-C1-EEA1,Right,Gait,1.0.5,40.3882544,-3.6292402,CB:AA:BC:3F:36:A5,SCKS,0.023438,1.031251,0.019531,1.12,-7.84,60.48,0.074752,0.756864,-0.289664,293,556,534,1.0317021977324656
2024-04-25 14:16:02.399000+00:00,2024-04-25 14:15:30+00:00,2024-04-25 14:17:30+00:00,TABUENCA01-45,Sensoria-C1-EEA1,Right,Gait,1.0.5,40.3882544,-3.6292402,CB:AA:BC:3F:36:A5,SCKS,-0.003906,1.121095,-0.015625,4.48,-11.2,67.199997,0.084096,0.766208,-0.289664,278,538,553,1.1212106833624087
2024-04-25 14:16:02.407000+00:00,2024-04-25 14:15:30+00:00,2024-04-25 14:17:30+00:00,TABUENCA01-45,Sensoria-C1-E90A,Left,Gait,1.0.5,40.3882544,-3.6292402,F0:75:B1:51:59:F6,SCKS,-1.312499,2.937498,-1.312499,0.0,140.0,362.880005,0.504576,0.504576,-0.2336,708,549,704,3.474795209793809
2024-04-25 14:16:02.432000+00:00,2024-04-25 14:15:30+00:00,2024-04-25 14:17:30+00:00,TABUENCA01-45,Sensoria-C1-EEA1,Right,Gait,1.0.5,40.3882544,-3.6292402,CB:AA:BC:3F:36:A5,SCKS,-0.035156,1.19922,0.007813,-2.24,-10.08,81.760002,0.09344,0.766208,-0.289664,259,521,582,1.1997606410051131
2024-04-25 14:16:02.439000+00:00,2024-04-25 14:15:30+00:00,2024-04-25 14:17:30+00:00,TABUENCA01-45,Sensoria-C1-E90A,Left,Gait,1.0.5,40.3882544,-3.6292402,F0:75:B1:51:59:F6,SCKS,-4.062498,1.156249,-0.3125,-10.08,-22.4,180.320007,0.523264,0.4672,-0.242944,705,549,708,4.2353816829189075
2024-04-25 14:16:02.449000+00:00,2024-04-25 14:15:30+00:00,2024-04-25 14:17:30+00:00,TABUENCA01-45,Sensoria-C1-EEA1,Right,Gait,1.0.5,40.3882544,-3.6292402,CB:AA:BC:3F:36:A5,SCKS,-0.082031,1.222657,0.066406,-16.799999,-11.2,104.160004,0.102784,0.775552,-0.308352,244,506,619,1.2272037245078748
2024-04-25 14:16:02.455000+00:00,2024-04-25 14:15:30+00:00,2024-04-25 14:17:30+00:00,TABUENCA01-45,Sensoria-C1-E90A,Left,Gait,1.0.5,40.3882544,-3.6292402,F0:75:B1:51:59:F6,SCKS,-2.812499,1.906249,-0.25,22.4,-45.920002,-44.799999,0.523264,0.457856,-0.2336,703,548,712,3.4068219611541193
2024-04-25 14:16:02.464000+00:00,2024-04-25 14:15:30+00:00,2024-04-25 14:17:30+00:00,TABUENCA01-45,Sensoria-C1-EEA1,Right,Gait,1.0.5,40.3882544,-3.6292402,CB:AA:BC:3F:36:A5,SCKS,-0.082031,1.359376,0.03125,-26.880001,-14.56,125.440002,0.121472,0.775552,-0.299008,230,493,653,1.3622073105210528
2024-04-25 14:16:02.480000+00:00,2024-04-25 14:15:30+00:00,2024-04-25 14:17:30+00:00,TABUENCA01-45,Sensoria-C1-EEA1,Right,Gait,1.0.5,40.3882544,-3.6292402,CB:AA:BC:3F:36:A5,SCKS,-0.097656,1.54297,-0.175781,-31.360001,-13.440001,142.240005,0.149504,0.784896,-0.308352,217,481,677,1.5560180189178403
2024-04-25 14:16:02.488000+00:00,2024-04-25 14:15:30+00:00,2024-04-25 14:17:30+00:00,TABUENCA01-45,Sensoria-C1-E90A,Left,Gait,1.0.5,40.3882544,-3.6292402,F0:75:B1:51:59:F6,SCKS,4.312498,0.75,0.25,39.200001,33.599998,-119.840004,0.51392,0.485888,-0.2336,703,548,693,4.384363009606298
2024-04-25 14:16:02.513000+00:00,2024-04-25 14:15:30+00:00,2024-04-25 14:17:30+00:00,TABUENCA01-45,Sensoria-C1-EEA1,Right,Gait,1.0.5,40.3882544,-3.6292402,CB:AA:BC:3F:36:A5,SCKS,-0.246094,1.742189,0.054688,-35.84,1.12,161.279999,0.149504,0.784896,-0.308352,211,482,693,1.7603339302248877
2024-04-25 14:16:02.520000+00:00,2024-04-25 14:15:30+00:00,2024-04-25 14:17:30+00:00,TABUENCA01-45,Sensoria-C1-E90A,Left,Gait,1.0.5,40.3882544,-3.6292402,F0:75:B1:51:59:F6,SCKS,-0.84375,1.937499,0.59375,58.240002,162.399994,-263.200012,0.495232,0.551296,-0.270976,707,551,628,2.1950752834472445
2024-04-25 14:16:02.529000+00:00,2024-04-25 14:15:30+00:00,2024-04-25 14:17:30+00:00,TABUENCA01-45,Sensoria-C1-EEA1,Right,Gait,1.0.5,40.3882544,-3.6292402,CB:AA:BC:3F:36:A5,SCKS,-0.492188,1.98047,0.234375,-42.560001,17.92,183.680008,0.177536,0.79424,-0.299008,210,495,701,2.054128060484302
2024-04-25 14:16:02.545000+00:00,2024-04-25 14:15:30+00:00,2024-04-25 14:17:30+00:00,TABUENCA01-45,Sensoria-C1-EEA1,Right,Gait,1.0.5,40.3882544,-3.6292402,CB:AA:BC:3F:36:A5,SCKS,-0.992188,1.996095,0.46875,-52.639999,34.720001,207.199997,0.214912,0.803584,-0.317696,222,512,705,2.2778408282557847
2024-04-25 14:16:02.553000+00:00,2024-04-25 14:15:30+00:00,2024-04-25 14:17:30+00:00,TABUENCA01-45,Sensoria-C1-E90A,Left,Gait,1.0.5,40.3882544,-3.6292402,F0:75:B1:51:59:F6,SCKS,-0.09375,1.624999,-1.124999,105.279999,13.440001,-206.080002,0.4672,0.588672,-0.270976,706,555,490,1.9786443749451292
2024-04-25 14:16:02.562000+00:00,2024-04-25 14:15:30+00:00,2024-04-25 14:17:30+00:00,TABUENCA01-45,Sensoria-C1-EEA1,Right,Gait,1.0.5,40.3882544,-3.6292402,CB:AA:BC:3F:36:A5,SCKS,-0.980469,1.996095,0.34375,-60.48,21.280001,244.160004,0.261632,0.803584,-0.32704,251,538,708,2.250306372804823
2024-04-25 14:16:02.586000+00:00,2024-04-25 14:15:30+00:00,2024-04-25 14:17:30+00:00,TABUENCA01-45,Sensoria-C1-E90A,Left,Gait,1.0.5,40.3882544,-3.6292402,F0:75:B1:51:59:F6,SCKS,0.03125,1.062499,-0.125,67.199997,-85.120003,-198.240005,0.448512,0.616704,-0.242944,687,563,401,1.0702829941193124
2024-04-25 14:16:02.594000+00:00,2024-04-25 14:15:30+00:00,2024-04-25 14:17:30+00:00,TABUENCA01-45,Sensoria-C1-EEA1,Right,Gait,1.0.5,40.3882544,-3.6292402,CB:AA:BC:3F:36:A5,SCKS,-0.527344,1.996095,-0.488282,-28.0,-5.6,288.959991,0.308352,0.803584,-0.336384,299,585,709,2.121533939131071
2024-04-25 14:16:02.611000+00:00,2024-04-25 14:15:30+00:00,2024-04-25 14:17:30+00:00,TABUENCA01-45,Sensoria-C1-EEA1,Right,Gait,1.0.5,40.3882544,-3.6292402,CB:AA:BC:3F:36:A5,SCKS,-0.457032,1.996095,-0.800782,-20.16,-35.84,314.720001,0.308352,0.803584,-0.336384,360,638,709,2.19875540012367
2024-04-25 14:16:02.619000+00:00,2024-04-25 14:15:30+00:00,2024-04-25 14:17:30+00:00,TABUENCA01-45,Sensoria-C1-E90A,Left,Gait,1.0.5,40.3882544,-3.6292402,F0:75:B1:51:59:F6,SCKS,0.03125,0.9375,-0.25,48.16,-60.48,-95.199997,0.42048,0.644736,-0.2336,654,547,368,0.9707640354380667
2024-04-25 14:16:02.627000+00:00,2024-04-25 14:15:30+00:00,2024-04-25 14:17:30+00:00,TABUENCA01-45,Sensoria-C1-EEA1,Right,Gait,1.0.5,40.3882544,-3.6292402,CB:AA:BC:3F:36:A5,SCKS,-0.480469,0.835938,-0.753907,22.4,29.120001,253.119995,0.364416,0.803584,-0.336384,422,679,709,1.2239356864043143
2024-04-25 14:16:02.643000+00:00,2024-04-25 14:15:30+00:00,2024-04-25 14:17:30+00:00,TABUENCA01-45,Sensoria-C1-EEA1,Right,Gait,1.0.5,40.3882544,-3.6292402,CB:AA:BC:3F:36:A5,SCKS,0.410157,0.414063,-0.816407,20.16,75.040001,163.520004,0.401792,0.803584,-0.32704,460,699,707,1.003093875101927
2024-04-25 14:16:02.651000+00:00,2024-04-25 14:15:30+00:00,2024-04-25 14:17:30+00:00,TABUENCA01-45,Sensoria-C1-E90A,Left,Gait,1.0.5,40.3882544,-3.6292402,F0:75:B1:51:59:F6,SCKS,0.15625,0.999999,-0.21875,23.52,-42.560001,-42.560001,0.411136,0.65408,-0.224256,619,516,361,1.0355016296467137
2024-04-25 14:16:02.660000+00:00,2024-04-25 14:15:30+00:00,2024-04-25 14:17:30+00:00,TABUENCA01-45,Sensoria-C1-EEA1,Right,Gait,1.0.5,40.3882544,-3.6292402,CB:AA:BC:3F:36:A5,SCKS,-1.003907,0.238281,-0.535157,0.0,190.399994,62.720001,0.42048,0.79424,-0.345728,480,710,707,1.1623253048346662
2024-04-25 14:16:02.683000+00:00,2024-04-25 14:15:30+00:00,2024-04-25 14:17:30+00:00,TABUENCA01-45,Sensoria-C1-E90A,Left,Gait,1.0.5,40.3882544,-3.6292402,F0:75:B1:51:59:F6,SCKS,0.0625,0.999999,-0.03125,8.96,-32.48,-32.48,0.392448,0.672768,-0.196224,585,488,375,1.0024374357040942
2024-04-25 14:16:02.692000+00:00,2024-04-25 14:15:30+00:00,2024-04-25 14:17:30+00:00,TABUENCA01-45,Sensoria-C1-EEA1,Right,Gait,1.0.5,40.3882544,-3.6292402,CB:AA:BC:3F:36:A5,SCKS,-1.191407,0.195313,-0.171875,-23.52,137.759995,-17.92,0.42048,0.79424,-0.355072,489,714,705,1.219483014741493
2024-04-25 14:16:02.708000+00:00,2024-04-25 14:15:30+00:00,2024-04-25 14:17:30+00:00,TABUENCA01-45,Sensoria-C1-EEA1,Right,Gait,1.0.5,40.3882544,-3.6292402,CB:AA:BC:3F:36:A5,SCKS,-0.707032,-0.171875,0.023438,4.48,59.360001,-54.880001,0.42048,0.79424,-0.355072,491,717,702,0.7280004151736452
2024-04-25 14:16:02.716000+00:00,2024-04-25 14:15:30+00:00,2024-04-25 14:17:30+00:00,TABUENCA01-45,Sensoria-C1-E90A,Left,Gait,1.0.5,40.3882544,-3.6292402,F0:75:B1:51:59:F6,SCKS,0.09375,0.968749,-0.1875,-3.36,-38.080002,-26.880001,0.392448,0.682112,-0.196224,550,453,436,0.9911709930688044
2024-04-25 14:16:02.724000+00:00,2024-04-25 14:15:30+00:00,2024-04-25 14:17:30+00:00,TABUENCA01-45,Sensoria-C1-EEA1,Right,Gait,1.0.5,40.3882544,-3.6292402,CB:AA:BC:3F:36:A5,SCKS,-0.527344,-0.160156,0.007813,38.080002,13.440001,-104.160004,0.401792,0.79424,-0.345728,494,718,703,0.5511829838093698
2024-04-25 14:16:02.741000+00:00,2024-04-25 14:15:30+00:00,2024-04-25 14:17:30+00:00,TABUENCA01-45,Sensoria-C1-EEA1,Right,Gait,1.0.5,40.3882544,-3.6292402,CB:AA:BC:3F:36:A5,SCKS,-0.648438,0.09375,-0.089844,54.880001,-19.040001,-161.279999,0.383104,0.803584,-0.345728,496,718,702,0.6613114596617844
2024-04-25 14:16:02.752000+00:00,2024-04-25 14:15:30+00:00,2024-04-25 14:17:30+00:00,TABUENCA01-45,Sensoria-C1-E90A,Left,Gait,1.0.5,40.3882544,-3.6292402,F0:75:B1:51:59:F6,SCKS,0.0625,0.9375,-0.21875,-3.36,-41.439999,-23.52,0.383104,0.682112,-0.196224,531,441,493,0.9647093150270707
2024-04-25 14:16:02.767000+00:00,2024-04-25 14:15:30+00:00,2024-04-25 14:17:30+00:00,TABUENCA01-45,Sensoria-C1-E90A,Left,Gait,1.0.5,40.3882544,-3.6292402,F0:75:B1:51:59:F6,SCKS,0.03125,0.9375,-0.25,-2.24,-44.799999,-19.040001,0.37376,0.691456,-0.177536,519,433,544,0.9707640354380667
2024-04-25 14:16:02.773000+00:00,2024-04-25 14:15:30+00:00,2024-04-25 14:17:30+00:00,TABUENCA01-45,Sensoria-C1-EEA1,Right,Gait,1.0.5,40.3882544,-3.6292402,CB:AA:BC:3F:36:A5,SCKS,-0.621094,0.234375,-0.050781,53.760002,-53.760002,-209.440002,0.355072,0.812928,-0.32704,495,718,700,0.6657838293485356
2024-04-25 14:16:02.789000+00:00,2024-04-25 14:15:30+00:00,2024-04-25 14:17:30+00:00,TABUENCA01-45,Sensoria-C1-EEA1,Right,Gait,1.0.5,40.3882544,-3.6292402,CB:AA:BC:3F:36:A5,SCKS,-0.496094,0.339844,-0.019531,58.240002,-80.639999,-252.0,0.308352,0.803584,-0.308352,497,719,698,0.6016516110948261
2024-04-25 14:16:02.797000+00:00,2024-04-25 14:15:30+00:00,2024-04-25 14:17:30+00:00,TABUENCA01-45,Sensoria-C1-E90A,Left,Gait,1.0.5,40.3882544,-3.6292402,F0:75:B1:51:59:F6,SCKS,0.03125,0.9375,-0.25,-5.6,-45.920002,-16.799999,0.364416,0.682112,-0.18688,506,424,584,0.9707640354380667
2024-04-25 14:16:02.806000+00:00,2024-04-25 14:15:30+00:00,2024-04-25 14:17:30+00:00,TABUENCA01-45,Sensoria-C1-EEA1,Right,Gait,1.0.5,40.3882544,-3.6292402,CB:AA:BC:3F:36:A5,SCKS,-0.449219,0.566407,-0.035156,61.599998,-90.720001,-290.079987,0.308352,0.803584,-0.308352,495,718,699,0.7237752026326959
2024-04-25 14:16:02.822000+00:00,2024-04-25 14:15:30+00:00,2024-04-25 14:17:30+00:00,TABUENCA01-45,Sensoria-C1-EEA1,Right,Gait,1.0.5,40.3882544,-3.6292402,CB:AA:BC:3F:36:A5,SCKS,-0.445313,0.859376,-0.054688,56.0,-85.120003,-324.799988,0.242944,0.803584,-0.308352,496,717,699,0.9694439409728651
2024-04-25 14:16:02.829000+00:00,2024-04-25 14:15:30+00:00,2024-04-25 14:17:30+00:00,TABUENCA01-45,Sensoria-C1-E90A,Left,Gait,1.0.5,40.3882544,-3.6292402,F0:75:B1:51:59:F6,SCKS,0.03125,0.9375,-0.1875,-1.12,-45.920002,-22.4,0.364416,0.691456,-0.18688,499,414,614,0.9565767415633729
2024-04-25 14:16:02.854000+00:00,2024-04-25 14:15:30+00:00,2024-04-25 14:17:30+00:00,TABUENCA01-45,Sensoria-C1-EEA1,Right,Gait,1.0.5,40.3882544,-3.6292402,CB:AA:BC:3F:36:A5,SCKS,-0.429688,1.171876,-0.027344,42.560001,-71.68,-353.920013,0.18688,0.79424,-0.299008,496,716,697,1.248468193850368
2024-04-25 14:16:02.862000+00:00,2024-04-25 14:15:30+00:00,2024-04-25 14:17:30+00:00,TABUENCA01-45,Sensoria-C1-E90A,Left,Gait,1.0.5,40.3882544,-3.6292402,F0:75:B1:51:59:F6,SCKS,0.03125,0.9375,-0.125,3.36,-39.200001,-34.720001,0.355072,0.691456,-0.177536,492,399,635,0.94631274560792
2024-04-25 14:16:02.871000+00:00,2024-04-25 14:15:30+00:00,2024-04-25 14:17:30+00:00,TABUENCA01-45,Sensoria-C1-EEA1,Right,Gait,1.0.5,40.3882544,-3.6292402,CB:AA:BC:3F:36:A5,SCKS,-0.421875,1.839845,0.046875,13.440001,-20.16,-384.160004,0.121472,0.775552,-0.289664,495,714,696,1.8881751521707408
2024-04-25 14:16:02.887000+00:00,2024-04-25 14:15:30+00:00,2024-04-25 14:17:30+00:00,TABUENCA01-45,Sensoria-C1-EEA1,Right,Gait,1.0.5,40.3882544,-3.6292402,CB:AA:BC:3F:36:A5,SCKS,-0.402344,1.996095,0.140625,1.12,28.0,-384.160004,0.065408,0.738176,-0.299008,497,714,695,2.04109072164517
2024-04-25 14:16:02.894000+00:00,2024-04-25 14:15:30+00:00,2024-04-25 14:17:30+00:00,TABUENCA01-45,Sensoria-C1-E90A,Left,Gait,1.0.5,40.3882544,-3.6292402,F0:75:B1:51:59:F6,SCKS,-0.03125,0.999999,-0.09375,5.6,-30.24,-41.439999,0.336384,0.710144,-0.168192,479,378,650,1.0048699542731885
2024-04-25 14:16:02.903000+00:00,2024-04-25 14:15:30+00:00,2024-04-25 14:17:30+00:00,TABUENCA01-45,Sensoria-C1-EEA1,Right,Gait,1.0.5,40.3882544,-3.6292402,CB:AA:BC:3F:36:A5,SCKS,0.0,1.996095,-0.007813,44.799999,-4.48,-386.399994,0.009344,0.7008,-0.289664,494,713,696,1.9961102905385764
2024-04-25 14:16:02.920000+00:00,2024-04-25 14:15:30+00:00,2024-04-25 14:17:30+00:00,TABUENCA01-45,Sensoria-C1-EEA1,Right,Gait,1.0.5,40.3882544,-3.6292402,CB:AA:BC:3F:36:A5,SCKS,1.187501,1.996095,0.238281,45.920002,-10.08,-395.360016,-0.037376,0.644736,-0.299008,493,714,697,2.3348087092922625
2024-04-25 14:16:02.943000+00:00,2024-04-25 14:15:30+00:00,2024-04-25 14:17:30+00:00,TABUENCA01-45,Sensoria-C1-E90A,Left,Gait,1.0.5,40.3882544,-3.6292402,F0:75:B1:51:59:F6,SCKS,0.0,1.031249,-0.15625,5.6,-26.880001,-47.040001,0.336384,0.710144,-0.168192,463,352,666,1.0430189655519213
2024-04-25 14:16:02.952000+00:00,2024-04-25 14:15:30+00:00,2024-04-25 14:17:30+00:00,TABUENCA01-45,Sensoria-C1-EEA1,Right,Gait,1.0.5,40.3882544,-3.6292402,CB:AA:BC:3F:36:A5,SCKS,1.996095,1.996095,-0.300781,61.599998,-14.56,-361.76001,-0.074752,0.588672,-0.289664,493,714,698,2.8388835319560046
2024-04-25 14:16:02.960000+00:00,2024-04-25 14:15:30+00:00,2024-04-25 14:17:30+00:00,TABUENCA01-45,Sensoria-C1-E90A,Left,Gait,1.0.5,40.3882544,-3.6292402,F0:75:B1:51:59:F6,SCKS,0.09375,1.062499,-0.1875,5.6,-20.16,-61.599998,0.32704,0.719488,-0.177536,440,326,682,1.0829817346109767
2024-04-25 14:16:02.968000+00:00,2024-04-25 14:15:30+00:00,2024-04-25 14:17:30+00:00,TABUENCA01-45,Sensoria-C1-EEA1,Right,Gait,1.0.5,40.3882544,-3.6292402,CB:AA:BC:3F:36:A5,SCKS,1.996095,1.531251,0.363282,78.400002,-6.72,-211.680008,-0.074752,0.588672,-0.289664,493,715,698,2.5418691322627134
2024-04-25 14:16:02.984000+00:00,2024-04-25 14:15:30+00:00,2024-04-25 14:17:30+00:00,TABUENCA01-45,Sensoria-C1-EEA1,Right,Gait,1.0.5,40.3882544,-3.6292402,CB:AA:BC:3F:36:A5,SCKS,1.996095,1.902345,0.730469,68.32,8.96,-86.239998,-0.084096,0.56064,-0.28032,491,715,700,2.8525246200534364
2024-04-25 14:16:03+00:00,2024-04-25 14:15:30+00:00,2024-04-25 14:17:30+00:00,TABUENCA01-45,Sensoria-C1-EEA1,Right,Gait,1.0.5,40.3882544,-3.6292402,CB:AA:BC:3F:36:A5,SCKS,0.781251,1.996095,0.929688,-5.6,-39.200001,95.199997,-0.084096,0.56064,-0.28032,493,717,704,2.3364648834018453
2024-04-25 14:16:03.008000+00:00,2024-04-25 14:15:30+00:00,2024-04-25 14:17:30+00:00,TABUENCA01-45,Sensoria-C1-E90A,Left,Gait,1.0.5,40.3882544,-3.6292402,F0:75:B1:51:59:F6,SCKS,0.125,1.249999,-0.125,10.08,-8.96,-89.599998,0.299008,0.728832,-0.158848,420,302,699,1.2624371271477246
2024-04-25 14:16:03.033000+00:00,2024-04-25 14:15:30+00:00,2024-04-25 14:17:30+00:00,TABUENCA01-45,Sensoria-C1-EEA1,Right,Gait,1.0.5,40.3882544,-3.6292402,CB:AA:BC:3F:36:A5,SCKS,-2.000001,1.996095,-0.410157,24.639999,-163.520004,132.160004,-0.084096,0.569984,-0.308352,493,715,692,2.855280724145176
2024-04-25 14:16:03.040000+00:00,2024-04-25 14:15:30+00:00,2024-04-25 14:17:30+00:00,TABUENCA01-45,Sensoria-C1-E90A,Left,Gait,1.0.5,40.3882544,-3.6292402,F0:75:B1:51:59:F6,SCKS,0.1875,1.406249,-0.1875,4.48,-5.6,-129.919998,0.270976,0.756864,-0.168192,408,281,707,1.4310306600492528
2024-04-25 14:16:03.049000+00:00,2024-04-25 14:15:30+00:00,2024-04-25 14:17:30+00:00,TABUENCA01-45,Sensoria-C1-EEA1,Right,Gait,1.0.5,40.3882544,-3.6292402,CB:AA:BC:3F:36:A5,SCKS,-0.667969,0.906251,1.515626,31.360001,-160.160004,185.919998,-0.084096,0.598016,-0.317696,502,716,656,1.888013673636396
2024-04-25 14:16:03.057000+00:00,2024-04-25 14:15:30+00:00,2024-04-25 14:17:30+00:00,TABUENCA01-45,Sensoria-C1-E90A,Left,Gait,1.0.5,40.3882544,-3.6292402,F0:75:B1:51:59:F6,SCKS,0.28125,1.687499,-0.21875,-3.36,-21.280001,-163.520004,0.242944,0.766208,-0.149504,421,293,710,1.7247046123904812
2024-04-25 14:16:03.066000+00:00,2024-04-25 14:15:30+00:00,2024-04-25 14:17:30+00:00,TABUENCA01-45,Sensoria-C1-EEA1,Right,Gait,1.0.5,40.3882544,-3.6292402,CB:AA:BC:3F:36:A5,SCKS,0.707032,1.996095,0.089844,58.240002,-110.879997,274.399994,-0.084096,0.598016,-0.317696,509,720,589,2.1195191535782354
2024-04-25 14:16:03.082000+00:00,2024-04-25 14:15:30+00:00,2024-04-25 14:17:30+00:00,TABUENCA01-45,Sensoria-C1-EEA1,Right,Gait,1.0.5,40.3882544,-3.6292402,CB:AA:BC:3F:36:A5,SCKS,0.285156,1.57422,-0.234375,33.599998,53.760002,236.320007,-0.056064,0.635392,-0.336384,512,724,512,1.6169150235435998
2024-04-25 14:16:03.089000+00:00,2024-04-25 14:15:30+00:00,2024-04-25 14:17:30+00:00,TABUENCA01-45,Sensoria-C1-E90A,Left,Gait,1.0.5,40.3882544,-3.6292402,F0:75:B1:51:59:F6,SCKS,0.84375,2.343749,-0.0625,-21.280001,-40.32,-201.600006,0.205568,0.775552,-0.168192,478,343,709,2.4917824318148245
2024-04-25 14:16:03.105000+00:00,2024-04-25 14:15:30+00:00,2024-04-25 14:17:30+00:00,TABUENCA01-45,Sensoria-C1-E90A,Left,Gait,1.0.5,40.3882544,-3.6292402,F0:75:B1:51:59:F6,SCKS,1.031249,1.968749,-0.21875,-62.720001,-109.760002,-207.199997,0.168192,0.784896,-0.177536,536,391,709,2.233226071740611
2024-04-25 14:16:03.114000+00:00,2024-04-25 14:15:30+00:00,2024-04-25 14:17:30+00:00,TABUENCA01-45,Sensoria-C1-EEA1,Right,Gait,1.0.5,40.3882544,-3.6292402,CB:AA:BC:3F:36:A5,SCKS,0.179688,1.277345,-0.515625,25.76,54.880001,216.160004,-0.037376,0.672768,-0.308352,512,723,449,1.3891605979849846
2024-04-25 14:16:03.130000+00:00,2024-04-25 14:15:30+00:00,2024-04-25 14:17:30+00:00,TABUENCA01-45,Sensoria-C1-EEA1,Right,Gait,1.0.5,40.3882544,-3.6292402,CB:AA:BC:3F:36:A5,SCKS,0.035156,0.847657,-0.125,-7.84,36.959999,196.0,-0.009344,0.691456,-0.308352,502,726,409,0.8575449457521163
2024-04-25 14:16:03.147000+00:00,2024-04-25 14:15:30+00:00,2024-04-25 14:17:30+00:00,TABUENCA01-45,Sensoria-C1-EEA1,Right,Gait,1.0.5,40.3882544,-3.6292402,CB:AA:BC:3F:36:A5,SCKS,0.183594,1.046876,0.148438,-7.84,3.36,148.960007,0.009344,0.710144,-0.299008,480,724,381,1.0731681862858218
2024-04-25 14:16:03.154000+00:00,2024-04-25 14:15:30+00:00,2024-04-25 14:17:30+00:00,TABUENCA01-45,Sensoria-C1-E90A,Left,Gait,1.0.5,40.3882544,-3.6292402,F0:75:B1:51:59:F6,SCKS,0.71875,2.343749,-1.249999,-7.84,-114.239998,-259.839996,0.121472,0.79424,-0.177536,590,456,710,2.7517736893687315
2024-04-25 14:16:03.163000+00:00,2024-04-25 14:15:30+00:00,2024-04-25 14:17:30+00:00,TABUENCA01-45,Sensoria-C1-EEA1,Right,Gait,1.0.5,40.3882544,-3.6292402,CB:AA:BC:3F:36:A5,SCKS,0.054688,0.957032,0.09375,-4.48,3.36,117.599998,0.009344,0.710144,-0.299008,455,709,365,0.9631666983798807
2024-04-25 14:16:03.170000+00:00,2024-04-25 14:15:30+00:00,2024-04-25 14:17:30+00:00,TABUENCA01-45,Sensoria-C1-E90A,Left,Gait,1.0.5,40.3882544,-3.6292402,F0:75:B1:51:59:F6,SCKS,0.9375,1.062499,-0.5,25.76,22.4,-252.0,0.018688,0.784896,-0.177536,653,521,711,1.5026012029147988
2024-04-25 14:16:03.179000+00:00,2024-04-25 14:15:30+00:00,2024-04-25 14:17:30+00:00,TABUENCA01-45,Sensoria-C1-EEA1,Right,Gait,1.0.5,40.3882544,-3.6292402,CB:AA:BC:3F:36:A5,SCKS,-0.050781,0.972657,0.132813,-7.84,8.96,89.599998,0.018688,0.728832,-0.308352,429,681,359,0.9829952403643671
2024-04-25 14:16:03.203000+00:00,2024-04-25 14:15:30+00:00,2024-04-25 14:17:30+00:00,TABUENCA01-45,Sensoria-C1-E90A,Left,Gait,1.0.5,40.3882544,-3.6292402,F0:75:B1:51:59:F6,SCKS,1.187499,0.375,-0.375,30.24,-185.919998,25.76,-0.009344,0.784896,-0.168192,694,554,710,1.3005398398361352
2024-04-25 14:16:03.212000+00:00,2024-04-25 14:15:30+00:00,2024-04-25 14:17:30+00:00,TABUENCA01-45,Sensoria-C1-EEA1,Right,Gait,1.0.5,40.3882544,-3.6292402,CB:AA:BC:3F:36:A5,SCKS,-0.003906,1.054688,-0.023438,1.12,-2.24,68.32,0.037376,0.738176,-0.32704,408,654,358,1.05495562656635
2024-04-25 14:16:03.228000+00:00,2024-04-25 14:15:30+00:00,2024-04-25 14:17:30+00:00,TABUENCA01-45,Sensoria-C1-EEA1,Right,Gait,1.0.5,40.3882544,-3.6292402,CB:AA:BC:3F:36:A5,SCKS,-0.007813,0.976563,0.113281,-3.36,7.84,44.799999,0.037376,0.738176,-0.308352,389,631,362,0.9831423706152634
2024-04-25 14:16:03.235000+00:00,2024-04-25 14:15:30+00:00,2024-04-25 14:17:30+00:00,TABUENCA01-45,Sensoria-C1-E90A,Left,Gait,1.0.5,40.3882544,-3.6292402,F0:75:B1:51:59:F6,SCKS,1.249999,0.0,0.0,-3.36,-41.439999,145.600006,0.009344,0.79424,-0.18688,706,558,707,1.249999
2024-04-25 14:16:03.244000+00:00,2024-04-25 14:15:30+00:00,2024-04-25 14:17:30+00:00,TABUENCA01-45,Sensoria-C1-EEA1,Right,Gait,1.0.5,40.3882544,-3.6292402,CB:AA:BC:3F:36:A5,SCKS,-0.03125,1.015626,-0.101563,-2.24,6.72,40.32,0.037376,0.738176,-0.308352,375,615,376,1.021169808281169
2024-04-25 14:16:03.260000+00:00,2024-04-25 14:15:30+00:00,2024-04-25 14:17:30+00:00,TABUENCA01-45,Sensoria-C1-EEA1,Right,Gait,1.0.5,40.3882544,-3.6292402,CB:AA:BC:3F:36:A5,SCKS,-0.003906,0.984376,-0.089844,-7.84,12.32,39.200001,0.037376,0.738176,-0.308352,363,602,397,0.9884752452884189
2024-04-25 14:16:03.268000+00:00,2024-04-25 14:15:30+00:00,2024-04-25 14:17:30+00:00,TABUENCA01-45,Sensoria-C1-E90A,Left,Gait,1.0.5,40.3882544,-3.6292402,F0:75:B1:51:59:F6,SCKS,0.34375,0.0,0.125,-7.84,41.439999,191.520004,0.037376,0.803584,-0.177536,707,557,707,0.3657718722099883
2024-04-25 14:16:03.300000+00:00,2024-04-25 14:15:30+00:00,2024-04-25 14:17:30+00:00,TABUENCA01-45,Sensoria-C1-E90A,Left,Gait,1.0.5,40.3882544,-3.6292402,F0:75:B1:51:59:F6,SCKS,0.5,0.34375,-0.21875,20.16,45.920002,280.0,0.084096,0.79424,-0.177536,710,557,706,0.6449927325171967
2024-04-25 14:16:03.309000+00:00,2024-04-25 14:15:30+00:00,2024-04-25 14:17:30+00:00,TABUENCA01-45,Sensoria-C1-EEA1,Right,Gait,1.0.5,40.3882544,-3.6292402,CB:AA:BC:3F:36:A5,SCKS,0.015625,0.953126,-0.054688,-8.96,16.799999,38.080002,0.04672,0.74752,-0.308352,354,594,422,0.9548214963253603
2024-04-25 14:16:03.310000+00:00,2024-04-25 14:15:30+00:00,2024-04-25 14:17:30+00:00,TABUENCA01-45,Sensoria-C1-EEA1,Right,Gait,1.0.5,40.3882544,-3.6292402,CB:AA:BC:3F:36:A5,SCKS,0.03125,0.968751,-0.046875,-5.6,16.799999,35.84,0.04672,0.74752,-0.308352,347,589,444,0.9703877205148467
2024-04-25 14:16:03.326000+00:00,2024-04-25 14:15:30+00:00,2024-04-25 14:17:30+00:00,TABUENCA01-45,Sensoria-C1-EEA1,Right,Gait,1.0.5,40.3882544,-3.6292402,CB:AA:BC:3F:36:A5,SCKS,0.019531,0.968751,-0.015625,-4.48,22.4,30.24,0.056064,0.74752,-0.299008,341,583,472,0.9690738364990565
2024-04-25 14:16:03.333000+00:00,2024-04-25 14:15:30+00:00,2024-04-25 14:17:30+00:00,TABUENCA01-45,Sensoria-C1-E90A,Left,Gait,1.0.5,40.3882544,-3.6292402,F0:75:B1:51:59:F6,SCKS,0.4375,0.75,-0.1875,1.12,49.279999,324.799988,0.14016,0.79424,-0.177536,710,555,703,0.8882919002219934
2024-04-25 14:16:03.342000+00:00,2024-04-25 14:15:30+00:00,2024-04-25 14:17:30+00:00,TABUENCA01-45,Sensoria-C1-EEA1,Right,Gait,1.0.5,40.3882544,-3.6292402,CB:AA:BC:3F:36:A5,SCKS,0.019531,0.976563,-0.070313,-5.6,17.92,26.880001,0.056064,0.74752,-0.289664,334,577,498,0.9792857963327151
2024-04-25 14:16:03.358000+00:00,2024-04-25 14:15:30+00:00,2024-04-25 14:17:30+00:00,TABUENCA01-45,Sensoria-C1-EEA1,Right,Gait,1.0.5,40.3882544,-3.6292402,CB:AA:BC:3F:36:A5,SCKS,0.070313,0.964844,-0.085938,-7.84,20.16,24.639999,0.056064,0.74752,-0.289664,328,572,523,0.9712122333192679
2024-04-25 14:16:03.367000+00:00,2024-04-25 14:15:30+00:00,2024-04-25 14:17:30+00:00,TABUENCA01-45,Sensoria-C1-E90A,Left,Gait,1.0.5,40.3882544,-3.6292402,F0:75:B1:51:59:F6,SCKS,0.3125,1.062499,-0.09375,0.0,57.119999,377.440002,0.205568,0.775552,-0.177536,709,554,702,1.111462746789563
2024-04-25 14:16:03.391000+00:00,2024-04-25 14:15:30+00:00,2024-04-25 14:17:30+00:00,TABUENCA01-45,Sensoria-C1-EEA1,Right,Gait,1.0.5,40.3882544,-3.6292402,CB:AA:BC:3F:36:A5,SCKS,0.046875,0.953126,-0.042969,-5.6,22.4,25.76,0.074752,0.74752,-0.299008,320,567,542,0.9552448756533584
2024-04-25 14:16:03.398000+00:00,2024-04-25 14:15:30+00:00,2024-04-25 14:17:30+00:00,TABUENCA01-45,Sensoria-C1-E90A,Left,Gait,1.0.5,40.3882544,-3.6292402,F0:75:B1:51:59:F6,SCKS,0.53125,1.781249,-0.15625,-4.48,34.720001,421.119995,0.345728,0.710144,-0.177536,708,552,702,1.865338742695546
2024-04-25 14:16:03.407000+00:00,2024-04-25 14:15:30+00:00,2024-04-25 14:17:30+00:00,TABUENCA01-45,Sensoria-C1-EEA1,Right,Gait,1.0.5,40.3882544,-3.6292402,CB:AA:BC:3F:36:A5,SCKS,0.0,0.917969,0.0,-5.6,22.4,33.599998,0.074752,0.74752,-0.289664,308,562,559,0.917969
2024-04-25 14:16:03.423000+00:00,2024-04-25 14:15:30+00:00,2024-04-25 14:17:30+00:00,TABUENCA01-45,Sensoria-C1-EEA1,Right,Gait,1.0.5,40.3882544,-3.6292402,CB:AA:BC:3F:36:A5,SCKS,-0.054688,0.925782,0.054688,-7.84,14.56,47.040001,0.074752,0.756864,-0.299008,296,553,573,0.9290069247384543
2024-04-25 14:16:03.431000+00:00,2024-04-25 14:15:30+00:00,2024-04-25 14:17:30+00:00,TABUENCA01-45,Sensoria-C1-E90A,Left,Gait,1.0.5,40.3882544,-3.6292402,F0:75:B1:51:59:F6,SCKS,0.34375,2.812499,-0.1875,-2.24,41.439999,445.76001,0.401792,0.65408,-0.196224,707,550,700,2.839625140313594
2024-04-25 14:16:03.440000+00:00,2024-04-25 14:15:30+00:00,2024-04-25 14:17:30+00:00,TABUENCA01-45,Sensoria-C1-EEA1,Right,Gait,1.0.5,40.3882544,-3.6292402,CB:AA:BC:3F:36:A5,SCKS,-0.015625,1.058594,0.039063,-7.84,0.0,61.599998,0.084096,0.756864,-0.299008,282,540,586,1.0594297123594374
2024-04-25 14:16:03.447000+00:00,2024-04-25 14:15:30+00:00,2024-04-25 14:17:30+00:00,TABUENCA01-45,Sensoria-C1-E90A,Left,Gait,1.0.5,40.3882544,-3.6292402,F0:75:B1:51:59:F6,SCKS,-0.59375,3.281248,0.375,1.12,81.760002,448.0,0.457856,0.588672,-0.205568,707,550,702,3.355555468175724
2024-04-25 14:16:03.472000+00:00,2024-04-25 14:15:30+00:00,2024-04-25 14:17:30+00:00,TABUENCA01-45,Sensoria-C1-EEA1,Right,Gait,1.0.5,40.3882544,-3.6292402,CB:AA:BC:3F:36:A5,SCKS,0.0,1.066407,0.066406,-7.84,-4.48,69.440002,0.084096,0.756864,-0.299008,267,526,601,1.0684725763841578
2024-04-25 14:16:03.480000+00:00,2024-04-25 14:15:30+00:00,2024-04-25 14:17:30+00:00,TABUENCA01-45,Sensoria-C1-E90A,Left,Gait,1.0.5,40.3882544,-3.6292402,F0:75:B1:51:59:F6,SCKS,-1.531249,2.812499,-1.187499,14.56,138.880005,364.0,0.495232,0.51392,-0.224256,708,550,706,3.4154103706587002
2024-04-25 14:16:03.488000+00:00,2024-04-25 14:15:30+00:00,2024-04-25 14:17:30+00:00,TABUENCA01-45,Sensoria-C1-EEA1,Right,Gait,1.0.5,40.3882544,-3.6292402,CB:AA:BC:3F:36:A5,SCKS,-0.039063,1.140626,0.007813,-3.36,-8.96,78.400002,0.09344,0.766208,-0.289664,250,510,627,1.1413214414940254
2024-04-25 14:16:03.504000+00:00,2024-04-25 14:15:30+00:00,2024-04-25 14:17:30+00:00,TABUENCA01-45,Sensoria-C1-EEA1,Right,Gait,1.0.5,40.3882544,-3.6292402,CB:AA:BC:3F:36:A5,SCKS,-0.117188,1.179688,0.078125,-5.6,-14.56,98.559998,0.102784,0.766208,-0.299008,235,493,655,1.1880657895558646
2024-04-25 14:16:03.512000+00:00,2024-04-25 14:15:30+00:00,2024-04-25 14:17:30+00:00,TABUENCA01-45,Sensoria-C1-E90A,Left,Gait,1.0.5,40.3882544,-3.6292402,F0:75:B1:51:59:F6,SCKS,-4.062498,1.249999,-0.46875,11.2,8.96,176.960007,0.51392,0.4672,-0.224256,703,550,709,4.27622661496149
2024-04-25 14:16:03.521000+00:00,2024-04-25 14:15:30+00:00,2024-04-25 14:17:30+00:00,TABUENCA01-45,Sensoria-C1-EEA1,Right,Gait,1.0.5,40.3882544,-3.6292402,CB:AA:BC:3F:36:A5,SCKS,-0.085938,1.316407,0.082031,-5.6,-29.120001,118.720001,0.121472,0.775552,-0.299008,224,481,679,1.3217570935894387
2024-04-25 14:16:03.545000+00:00,2024-04-25 14:15:30+00:00,2024-04-25 14:17:30+00:00,TABUENCA01-45,Sensoria-C1-E90A,Left,Gait,1.0.5,40.3882544,-3.6292402,F0:75:B1:51:59:F6,SCKS,2.718749,1.468749,0.34375,21.280001,68.32,-147.839996,0.51392,0.4672,-0.224256,701,550,705,3.109177353015103
2024-04-25 14:16:03.553000+00:00,2024-04-25 14:15:30+00:00,2024-04-25 14:17:30+00:00,TABUENCA01-45,Sensoria-C1-EEA1,Right,Gait,1.0.5,40.3882544,-3.6292402,CB:AA:BC:3F:36:A5,SCKS,-0.105469,1.464845,-0.046875,-11.2,-35.84,138.880005,0.149504,0.784896,-0.299008,212,471,696,1.4693848541519
2024-04-25 14:16:03.570000+00:00,2024-04-25 14:15:30+00:00,2024-04-25 14:17:30+00:00,TABUENCA01-45,Sensoria-C1-EEA1,Right,Gait,1.0.5,40.3882544,-3.6292402,CB:AA:BC:3F:36:A5,SCKS,-0.1875,1.648439,-0.101563,-17.92,-21.280001,159.039993,0.149504,0.784896,-0.299008,204,473,705,1.6621740070431856
2024-04-25 14:16:03.577000+00:00,2024-04-25 14:15:30+00:00,2024-04-25 14:17:30+00:00,TABUENCA01-45,Sensoria-C1-E90A,Left,Gait,1.0.5,40.3882544,-3.6292402,F0:75:B1:51:59:F6,SCKS,-1.124999,1.468749,0.6875,42.560001,204.960007,-253.119995,0.51392,0.485888,-0.242944,707,552,665,1.9737027701764014
2024-04-25 14:16:03.586000+00:00,2024-04-25 14:15:30+00:00,2024-04-25 14:17:30+00:00,TABUENCA01-45,Sensoria-C1-EEA1,Right,Gait,1.0.5,40.3882544,-3.6292402,CB:AA:BC:3F:36:A5,SCKS,-0.339844,1.925783,0.078125,-21.280001,-1.12,179.199997,0.177536,0.79424,-0.308352,200,487,711,1.9570992879897535
2024-04-25 14:16:03.602000+00:00,2024-04-25 14:15:30+00:00,2024-04-25 14:17:30+00:00,TABUENCA01-45,Sensoria-C1-EEA1,Right,Gait,1.0.5,40.3882544,-3.6292402,CB:AA:BC:3F:36:A5,SCKS,-0.726563,1.996095,0.441407,-28.0,25.76,201.600006,0.205568,0.803584,-0.317696,205,509,712,2.169591938969861
2024-04-25 14:16:03.610000+00:00,2024-04-25 14:15:30+00:00,2024-04-25 14:17:30+00:00,TABUENCA01-45,Sensoria-C1-E90A,Left,Gait,1.0.5,40.3882544,-3.6292402,F0:75:B1:51:59:F6,SCKS,-0.21875,1.531249,-0.1875,107.520004,11.2,-216.160004,0.476544,0.579328,-0.270976,706,560,544,1.5581178750341709
2024-04-25 14:16:03.618000+00:00,2024-04-25 14:15:30+00:00,2024-04-25 14:17:30+00:00,TABUENCA01-45,Sensoria-C1-EEA1,Right,Gait,1.0.5,40.3882544,-3.6292402,CB:AA:BC:3F:36:A5,SCKS,-1.296876,1.996095,0.597657,-47.040001,49.279999,228.479996,0.242944,0.812928,-0.317696,223,531,711,2.4542771844374056
2024-04-25 14:16:03.642000+00:00,2024-04-25 14:15:30+00:00,2024-04-25 14:17:30+00:00,TABUENCA01-45,Sensoria-C1-E90A,Left,Gait,1.0.5,40.3882544,-3.6292402,F0:75:B1:51:59:F6,SCKS,-0.875,1.906249,0.5,96.32,32.48,-220.639999,0.448512,0.616704,-0.252288,700,568,423,2.15624911594208
2024-04-25 14:16:03.651000+00:00,2024-04-25 14:15:30+00:00,2024-04-25 14:17:30+00:00,TABUENCA01-45,Sensoria-C1-EEA1,Right,Gait,1.0.5,40.3882544,-3.6292402,CB:AA:BC:3F:36:A5,SCKS,-0.390625,1.996095,-0.167969,-36.959999,1.12,280.0,0.299008,0.803584,-0.317696,261,565,713,2.0408813597588176
2024-04-25 14:16:03.667000+00:00,2024-04-25 14:15:30+00:00,2024-04-25 14:17:30+00:00,TABUENCA01-45,Sensoria-C1-EEA1,Right,Gait,1.0.5,40.3882544,-3.6292402,CB:AA:BC:3F:36:A5,SCKS,-0.625,1.996095,-0.835938,-21.280001,-56.0,330.399994,0.355072,0.812928,-0.308352,321,615,713,2.252512505818558
2024-04-25 14:16:03.675000+00:00,2024-04-25 14:15:30+00:00,2024-04-25 14:17:30+00:00,TABUENCA01-45,Sensoria-C1-E90A,Left,Gait,1.0.5,40.3882544,-3.6292402,F0:75:B1:51:59:F6,SCKS,-0.03125,0.999999,-0.125,82.879997,-58.240002,-135.520004,0.42048,0.644736,-0.242944,667,557,366,1.008265621005199
2024-04-25 14:16:03.684000+00:00,2024-04-25 14:15:30+00:00,2024-04-25 14:17:30+00:00,TABUENCA01-45,Sensoria-C1-EEA1,Right,Gait,1.0.5,40.3882544,-3.6292402,CB:AA:BC:3F:36:A5,SCKS,-0.519532,0.667969,-0.851563,1.12,-31.360001,306.880005,0.355072,0.812928,-0.308352,389,664,713,1.2005230638992321
2024-04-25 14:16:03.700000+00:00,2024-04-25 14:15:30+00:00,2024-04-25 14:17:30+00:00,TABUENCA01-45,Sensoria-C1-EEA1,Right,Gait,1.0.5,40.3882544,-3.6292402,CB:AA:BC:3F:36:A5,SCKS,-0.488282,-0.144531,-0.765626,11.2,32.48,210.559998,0.401792,0.79424,-0.317696,442,692,711,0.9195062225787273
2024-04-25 14:16:03.707000+00:00,2024-04-25 14:15:30+00:00,2024-04-25 14:17:30+00:00,TABUENCA01-45,Sensoria-C1-E90A,Left,Gait,1.0.5,40.3882544,-3.6292402,F0:75:B1:51:59:F6,SCKS,-0.0625,0.968749,-0.1875,35.84,-53.760002,-64.959999,0.401792,0.663424,-0.224256,635,529,347,0.9887047714060047
2024-04-25 14:16:03.732000+00:00,2024-04-25 14:15:30+00:00,2024-04-25 14:17:30+00:00,TABUENCA01-45,Sensoria-C1-EEA1,Right,Gait,1.0.5,40.3882544,-3.6292402,CB:AA:BC:3F:36:A5,SCKS,-0.445313,0.828126,-0.695313,20.16,209.440002,113.120003,0.429824,0.79424,-0.308352,469,706,709,1.169425717099637
2024-04-25 14:16:03.739000+00:00,2024-04-25 14:15:30+00:00,2024-04-25 14:17:30+00:00,TABUENCA01-45,Sensoria-C1-E90A,Left,Gait,1.0.5,40.3882544,-3.6292402,F0:75:B1:51:59:F6,SCKS,0.125,0.999999,-0.21875,13.440001,-35.84,-29.120001,0.401792,0.663424,-0.214912,607,506,347,1.0312490303030593
2024-04-25 14:16:03.748000+00:00,2024-04-25 14:15:30+00:00,2024-04-25 14:17:30+00:00,TABUENCA01-45,Sensoria-C1-EEA1,Right,Gait,1.0.5,40.3882544,-3.6292402,CB:AA:BC:3F:36:A5,SCKS,-1.562501,0.304688,-0.433594,-13.440001,197.119995,-29.120001,0.439168,0.79424,-0.336384,482,715,707,1.6499236070742789
2024-04-25 14:16:03.764000+00:00,2024-04-25 14:15:30+00:00,2024-04-25 14:17:30+00:00,TABUENCA01-45,Sensoria-C1-EEA1,Right,Gait,1.0.5,40.3882544,-3.6292402,CB:AA:BC:3F:36:A5,SCKS,-1.027344,-0.0625,-0.027344,-23.52,118.720001,-67.199997,0.42048,0.803584,-0.355072,489,717,706,1.0296065455658294
2024-04-25 14:16:03.772000+00:00,2024-04-25 14:15:30+00:00,2024-04-25 14:17:30+00:00,TABUENCA01-45,Sensoria-C1-E90A,Left,Gait,1.0.5,40.3882544,-3.6292402,F0:75:B1:51:59:F6,SCKS,0.125,0.999999,-0.09375,1.12,-36.959999,-22.4,0.392448,0.672768,-0.205568,586,486,366,1.012132433281831
2024-04-25 14:16:03.781000+00:00,2024-04-25 14:15:30+00:00,2024-04-25 14:17:30+00:00,TABUENCA01-45,Sensoria-C1-EEA1,Right,Gait,1.0.5,40.3882544,-3.6292402,CB:AA:BC:3F:36:A5,SCKS,-0.511719,-0.222656,0.058594,31.360001,43.68,-108.639999,0.42048,0.803584,-0.355072,492,719,705,0.5611285825307779
2024-04-25 14:16:03.788000+00:00,2024-04-25 14:15:30+00:00,2024-04-25 14:17:30+00:00,TABUENCA01-45,Sensoria-C1-E90A,Left,Gait,1.0.5,40.3882544,-3.6292402,F0:75:B1:51:59:F6,SCKS,0.09375,0.9375,-0.1875,-2.24,-49.279999,-22.4,0.392448,0.672768,-0.205568,572,474,409,0.9606516343087124
2024-04-25 14:16:03.813000+00:00,2024-04-25 14:15:30+00:00,2024-04-25 14:17:30+00:00,TABUENCA01-45,Sensoria-C1-EEA1,Right,Gait,1.0.5,40.3882544,-3.6292402,CB:AA:BC:3F:36:A5,SCKS,-0.554688,-0.050781,-0.023438,57.119999,20.16,-166.880005,0.401792,0.803584,-0.336384,491,720,704,0.5575005176221812
2024-04-25 14:16:03.820000+00:00,2024-04-25 14:15:30+00:00,2024-04-25 14:17:30+00:00,TABUENCA01-45,Sensoria-C1-E90A,Left,Gait,1.0.5,40.3882544,-3.6292402,F0:75:B1:51:59:F6,SCKS,0.09375,0.9375,-0.1875,-2.24,-45.920002,-20.16,0.392448,0.672768,-0.196224,561,465,460,0.9606516343087124
2024-04-25 14:16:03.829000+00:00,2024-04-25 14:15:30+00:00,2024-04-25 14:17:30+00:00,TABUENCA01-45,Sensoria-C1-EEA1,Right,Gait,1.0.5,40.3882544,-3.6292402,CB:AA:BC:3F:36:A5,SCKS,-0.695313,0.261719,-0.0625,62.720001,-5.6,-217.279999,0.364416,0.812928,-0.32704,492,719,703,0.745562373601297
2024-04-25 14:16:03.845000+00:00,2024-04-25 14:15:30+00:00,2024-04-25 14:17:30+00:00,TABUENCA01-45,Sensoria-C1-EEA1,Right,Gait,1.0.5,40.3882544,-3.6292402,CB:AA:BC:3F:36:A5,SCKS,-0.550782,0.324219,0.003906,60.48,-39.200001,-257.600006,0.317696,0.822272,-0.317696,492,719,699,0.6391353755825131
2024-04-25 14:16:03.853000+00:00,2024-04-25 14:15:30+00:00,2024-04-25 14:17:30+00:00,TABUENCA01-45,Sensoria-C1-E90A,Left,Gait,1.0.5,40.3882544,-3.6292402,F0:75:B1:51:59:F6,SCKS,0.0625,0.90625,-0.25,-6.72,-39.200001,-15.68,0.37376,0.682112,-0.18688,554,457,506,0.9421758394800834
2024-04-25 14:16:03.862000+00:00,2024-04-25 14:15:30+00:00,2024-04-25 14:17:30+00:00,TABUENCA01-45,Sensoria-C1-EEA1,Right,Gait,1.0.5,40.3882544,-3.6292402,CB:AA:BC:3F:36:A5,SCKS,-0.488282,0.503907,0.0,66.080002,-63.84,-295.679993,0.261632,0.812928,-0.308352,492,719,700,0.7016705609992484
2024-04-25 14:16:03.886000+00:00,2024-04-25 14:15:30+00:00,2024-04-25 14:17:30+00:00,TABUENCA01-45,Sensoria-C1-E90A,Left,Gait,1.0.5,40.3882544,-3.6292402,F0:75:B1:51:59:F6,SCKS,0.0625,0.968749,-0.1875,-4.48,-36.959999,-19.040001,0.37376,0.691456,-0.196224,541,438,551,0.9887047714060047
2024-04-25 14:16:03.894000+00:00,2024-04-25 14:15:30+00:00,2024-04-25 14:17:30+00:00,TABUENCA01-45,Sensoria-C1-EEA1,Right,Gait,1.0.5,40.3882544,-3.6292402,CB:AA:BC:3F:36:A5,SCKS,-0.53125,0.945313,-0.019531,61.599998,-63.84,-344.959991,0.205568,0.803584,-0.308352,492,716,700,1.0845389298821873
2024-04-25 14:16:03.910000+00:00,2024-04-25 14:15:30+00:00,2024-04-25 14:17:30+00:00,TABUENCA01-45,Sensoria-C1-EEA1,Right,Gait,1.0.5,40.3882544,-3.6292402,CB:AA:BC:3F:36:A5,SCKS,-0.417969,1.26172,-0.015625,50.400002,-50.400002,-369.600006,0.130816,0.784896,-0.299008,491,716,699,1.329240228094982
2024-04-25 14:16:03.918000+00:00,2024-04-25 14:15:30+00:00,2024-04-25 14:17:30+00:00,TABUENCA01-45,Sensoria-C1-E90A,Left,Gait,1.0.5,40.3882544,-3.6292402,F0:75:B1:51:59:F6,SCKS,0.0625,0.9375,-0.15625,-1.12,-38.080002,-26.880001,0.364416,0.691456,-0.168192,528,420,573,0.9524844158830107
2024-04-25 14:16:03.927000+00:00,2024-04-25 14:15:30+00:00,2024-04-25 14:17:30+00:00,TABUENCA01-45,Sensoria-C1-EEA1,Right,Gait,1.0.5,40.3882544,-3.6292402,CB:AA:BC:3F:36:A5,SCKS,-0.351563,1.777345,0.039063,32.48,-17.92,-388.640015,0.130816,0.784896,-0.299008,491,715,699,1.8122024472897613
2024-04-25 14:16:03.943000+00:00,2024-04-25 14:15:30+00:00,2024-04-25 14:17:30+00:00,TABUENCA01-45,Sensoria-C1-EEA1,Right,Gait,1.0.5,40.3882544,-3.6292402,CB:AA:BC:3F:36:A5,SCKS,-0.417969,1.996095,0.21875,12.32,33.599998,-395.360016,0.074752,0.74752,-0.289664,490,714,697,2.0510838345825846
2024-04-25 14:16:03.950000+00:00,2024-04-25 14:15:30+00:00,2024-04-25 14:17:30+00:00,TABUENCA01-45,Sensoria-C1-E90A,Left,Gait,1.0.5,40.3882544,-3.6292402,F0:75:B1:51:59:F6,SCKS,0.03125,0.968749,-0.125,1.12,-32.48,-38.080002,0.364416,0.7008,-0.196224,511,395,585,0.9772799944238089
2024-04-25 14:16:03.959000+00:00,2024-04-25 14:15:30+00:00,2024-04-25 14:17:30+00:00,TABUENCA01-45,Sensoria-C1-EEA1,Right,Gait,1.0.5,40.3882544,-3.6292402,CB:AA:BC:3F:36:A5,SCKS,0.09375,1.996095,0.152344,70.559998,-19.040001,-406.559998,0.018688,0.7008,-0.28032,491,715,700,2.0040940611311138
2024-04-25 14:16:03.983000+00:00,2024-04-25 14:15:30+00:00,2024-04-25 14:17:30+00:00,TABUENCA01-45,Sensoria-C1-E90A,Left,Gait,1.0.5,40.3882544,-3.6292402,F0:75:B1:51:59:F6,SCKS,0.03125,0.999999,-0.15625,1.12,-30.24,-48.16,0.336384,0.710144,-0.168192,490,369,601,1.0126147465848006
2024-04-25 14:16:03.992000+00:00,2024-04-25 14:15:30+00:00,2024-04-25 14:17:30+00:00,TABUENCA01-45,Sensoria-C1-EEA1,Right,Gait,1.0.5,40.3882544,-3.6292402,CB:AA:BC:3F:36:A5,SCKS,1.058594,1.996095,0.15625,47.040001,-11.2,-418.880005,-0.028032,0.65408,-0.289664,492,716,699,2.264824621987539
2024-04-25 14:16:04.008000+00:00,2024-04-25 14:15:30+00:00,2024-04-25 14:17:30+00:00,TABUENCA01-45,Sensoria-C1-EEA1,Right,Gait,1.0.5,40.3882544,-3.6292402,CB:AA:BC:3F:36:A5,SCKS,1.996095,1.996095,-0.457032,51.52,-6.72,-368.480011,-0.074752,0.588672,-0.270976,490,715,702,2.859662348438011
2024-04-25 14:16:04.024000+00:00,2024-04-25 14:15:30+00:00,2024-04-25 14:17:30+00:00,TABUENCA01-45,Sensoria-C1-EEA1,Right,Gait,1.0.5,40.3882544,-3.6292402,CB:AA:BC:3F:36:A5,SCKS,1.996095,1.582032,0.347656,78.400002,12.32,-203.839996,-0.074752,0.588672,-0.270976,488,716,701,2.5706196125418868
2024-04-25 14:16:04.041000+00:00,2024-04-25 14:15:30+00:00,2024-04-25 14:17:30+00:00,TABUENCA01-45,Sensoria-C1-EEA1,Right,Gait,1.0.5,40.3882544,-3.6292402,CB:AA:BC:3F:36:A5,SCKS,1.996095,1.937501,0.812501,77.279999,20.16,-84.0,-0.084096,0.551296,-0.261632,487,716,706,2.898010222381384
2024-04-25 14:16:04.048000+00:00,2024-04-25 14:15:30+00:00,2024-04-25 14:17:30+00:00,TABUENCA01-45,Sensoria-C1-E90A,Left,Gait,1.0.5,40.3882544,-3.6292402,F0:75:B1:51:59:F6,SCKS,0.125,1.249999,-0.0625,-6.72,-30.24,-97.440002,0.308352,0.728832,-0.177536,433,302,668,1.2577872435356467
2024-04-25 14:16:04.073000+00:00,2024-04-25 14:15:30+00:00,2024-04-25 14:17:30+00:00,TABUENCA01-45,Sensoria-C1-EEA1,Right,Gait,1.0.5,40.3882544,-3.6292402,CB:AA:BC:3F:36:A5,SCKS,1.996095,1.996095,1.125001,3.36,-48.16,92.959999,-0.09344,0.541952,-0.261632,486,718,710,3.0388184789570762
2024-04-25 14:16:04.081000+00:00,2024-04-25 14:15:30+00:00,2024-04-25 14:17:30+00:00,TABUENCA01-45,Sensoria-C1-E90A,Left,Gait,1.0.5,40.3882544,-3.6292402,F0:75:B1:51:59:F6,SCKS,0.125,1.406249,-0.03125,4.48,-11.2,-126.559998,0.299008,0.738176,-0.177536,414,284,686,1.412139445133164
2024-04-25 14:16:04.089000+00:00,2024-04-25 14:15:30+00:00,2024-04-25 14:17:30+00:00,TABUENCA01-45,Sensoria-C1-EEA1,Right,Gait,1.0.5,40.3882544,-3.6292402,CB:AA:BC:3F:36:A5,SCKS,-2.000001,1.644532,-0.425782,16.799999,-154.559998,101.919998,-0.084096,0.569984,-0.270976,487,715,699,2.6240769444795253
2024-04-25 14:16:04.105000+00:00,2024-04-25 14:15:30+00:00,2024-04-25 14:17:30+00:00,TABUENCA01-45,Sensoria-C1-EEA1,Right,Gait,1.0.5,40.3882544,-3.6292402,CB:AA:BC:3F:36:A5,SCKS,-1.19922,1.050782,1.562501,47.040001,-192.639999,152.320007,-0.084096,0.588672,-0.308352,499,716,670,2.2324159099336756
2024-04-25 14:16:04.113000+00:00,2024-04-25 14:15:30+00:00,2024-04-25 14:17:30+00:00,TABUENCA01-45,Sensoria-C1-E90A,Left,Gait,1.0.5,40.3882544,-3.6292402,F0:75:B1:51:59:F6,SCKS,0.25,1.624999,-0.21875,10.08,-8.96,-159.039993,0.242944,0.766208,-0.168192,415,291,696,1.658605833976536
2024-04-25 14:16:04.122000+00:00,2024-04-25 14:15:30+00:00,2024-04-25 14:17:30+00:00,TABUENCA01-45,Sensoria-C1-EEA1,Right,Gait,1.0.5,40.3882544,-3.6292402,CB:AA:BC:3F:36:A5,SCKS,0.707032,1.839845,0.320313,69.440002,-188.160004,267.679993,-0.065408,0.626048,-0.32704,503,720,618,1.9968786370277989
2024-04-25 14:16:04.129000+00:00,2024-04-25 14:15:30+00:00,2024-04-25 14:17:30+00:00,TABUENCA01-45,Sensoria-C1-E90A,Left,Gait,1.0.5,40.3882544,-3.6292402,F0:75:B1:51:59:F6,SCKS,0.65625,2.124999,-0.0625,-2.24,-23.52,-203.839996,0.205568,0.775552,-0.177536,467,344,698,2.2249024838183358
2024-04-25 14:16:04.139000+00:00,2024-04-25 14:15:30+00:00,2024-04-25 14:17:30+00:00,TABUENCA01-45,Sensoria-C1-EEA1,Right,Gait,1.0.5,40.3882544,-3.6292402,CB:AA:BC:3F:36:A5,SCKS,0.46875,1.609376,0.074219,40.32,25.76,245.279999,-0.065408,0.626048,-0.32704,509,724,547,1.677893361282832
2024-04-25 14:16:04.171000+00:00,2024-04-25 14:15:30+00:00,2024-04-25 14:17:30+00:00,TABUENCA01-45,Sensoria-C1-EEA1,Right,Gait,1.0.5,40.3882544,-3.6292402,CB:AA:BC:3F:36:A5,SCKS,0.078125,1.375001,-0.875001,60.48,43.68,219.520004,-0.04672,0.663424,-0.317696,509,725,476,1.6316733789662072
2024-04-25 14:16:04.178000+00:00,2024-04-25 14:15:30+00:00,2024-04-25 14:17:30+00:00,TABUENCA01-45,Sensoria-C1-E90A,Left,Gait,1.0.5,40.3882544,-3.6292402,F0:75:B1:51:59:F6,SCKS,1.187499,2.281249,0.15625,-49.279999,-89.599998,-206.080002,0.158848,0.784896,-0.18688,526,394,699,2.576560679957295
2024-04-25 14:16:04.187000+00:00,2024-04-25 14:15:30+00:00,2024-04-25 14:17:30+00:00,TABUENCA01-45,Sensoria-C1-EEA1,Right,Gait,1.0.5,40.3882544,-3.6292402,CB:AA:BC:3F:36:A5,SCKS,0.425782,1.203126,-0.304688,5.6,-14.56,204.960007,-0.028032,0.691456,-0.308352,501,727,422,1.3121117561945703
2024-04-25 14:16:04.195000+00:00,2024-04-25 14:15:30+00:00,2024-04-25 14:17:30+00:00,TABUENCA01-45,Sensoria-C1-E90A,Left,Gait,1.0.5,40.3882544,-3.6292402,F0:75:B1:51:59:F6,SCKS,0.5625,2.499999,-1.031249,-10.08,-94.080002,-274.399994,0.121472,0.79424,-0.18688,582,456,704,2.7622229725353455
2024-04-25 14:16:04.203000+00:00,2024-04-25 14:15:30+00:00,2024-04-25 14:17:30+00:00,TABUENCA01-45,Sensoria-C1-EEA1,Right,Gait,1.0.5,40.3882544,-3.6292402,CB:AA:BC:3F:36:A5,SCKS,0.257813,0.851563,0.253906,-7.84,31.360001,154.559998,0.0,0.710144,-0.299008,484,727,382,0.925254204407632
2024-04-25 14:16:04.219000+00:00,2024-04-25 14:15:30+00:00,2024-04-25 14:17:30+00:00,TABUENCA01-45,Sensoria-C1-EEA1,Right,Gait,1.0.5,40.3882544,-3.6292402,CB:AA:BC:3F:36:A5,SCKS,-0.058594,0.964844,-0.050781,-6.72,33.599998,123.199997,0.009344,0.719488,-0.299008,461,714,358,0.9679544984827542
2024-04-25 14:16:04.227000+00:00,2024-04-25 14:15:30+00:00,2024-04-25 14:17:30+00:00,TABUENCA01-45,Sensoria-C1-E90A,Left,Gait,1.0.5,40.3882544,-3.6292402,F0:75:B1:51:59:F6,SCKS,0.90625,0.90625,-0.59375,15.68,8.96,-237.440002,0.065408,0.79424,-0.196224,646,524,708,1.4124861724986904
2024-04-25 14:16:04.252000+00:00,2024-04-25 14:15:30+00:00,2024-04-25 14:17:30+00:00,TABUENCA01-45,Sensoria-C1-EEA1,Right,Gait,1.0.5,40.3882544,-3.6292402,CB:AA:BC:3F:36:A5,SCKS,0.050781,0.949219,0.082031,-4.48,24.639999,94.080002,0.009344,0.719488,-0.299008,441,693,347,0.9541092730306104
2024-04-25 14:16:04.268000+00:00,2024-04-25 14:15:30+00:00,2024-04-25 14:17:30+00:00,TABUENCA01-45,Sensoria-C1-EEA1,Right,Gait,1.0.5,40.3882544,-3.6292402,CB:AA:BC:3F:36:A5,SCKS,-0.023438,1.019532,0.070313,-1.12,8.96,59.360001,0.028032,0.728832,-0.308352,424,670,343,1.0222224595639642
2024-04-25 14:16:04.285000+00:00,2024-04-25 14:15:30+00:00,2024-04-25 14:17:30+00:00,TABUENCA01-45,Sensoria-C1-EEA1,Right,Gait,1.0.5,40.3882544,-3.6292402,CB:AA:BC:3F:36:A5,SCKS,-0.035156,0.984376,0.011719,-1.12,11.2,43.68,0.037376,0.738176,-0.308352,409,653,346,0.9850732910159528
2024-04-25 14:16:04.293000+00:00,2024-04-25 14:15:30+00:00,2024-04-25 14:17:30+00:00,TABUENCA01-45,Sensoria-C1-E90A,Left,Gait,1.0.5,40.3882544,-3.6292402,F0:75:B1:51:59:F6,SCKS,1.374999,0.09375,-0.28125,14.56,-164.639999,113.120003,-0.009344,0.784896,-0.205568,698,557,708,1.4065962018294376
2024-04-25 14:16:04.301000+00:00,2024-04-25 14:15:30+00:00,2024-04-25 14:17:30+00:00,TABUENCA01-45,Sensoria-C1-EEA1,Right,Gait,1.0.5,40.3882544,-3.6292402,CB:AA:BC:3F:36:A5,SCKS,-0.054688,0.976563,0.101563,-2.24,12.32,38.080002,0.037376,0.738176,-0.308352,398,642,355,0.9833519783282078
2024-04-25 14:16:04.324000+00:00,2024-04-25 14:15:30+00:00,2024-04-25 14:17:30+00:00,TABUENCA01-45,Sensoria-C1-E90A,Left,Gait,1.0.5,40.3882544,-3.6292402,F0:75:B1:51:59:F6,SCKS,0.75,-0.0625,0.0625,-8.96,-5.6,166.880005,0.018688,0.79424,-0.196224,707,558,705,0.7551903733496608
2024-04-25 14:16:04.333000+00:00,2024-04-25 14:15:30+00:00,2024-04-25 14:17:30+00:00,TABUENCA01-45,Sensoria-C1-EEA1,Right,Gait,1.0.5,40.3882544,-3.6292402,CB:AA:BC:3F:36:A5,SCKS,-0.070313,1.023438,-0.128906,2.24,6.72,32.48,0.037376,0.738176,-0.308352,391,631,370,1.033917798787215
2024-04-25 14:16:04.350000+00:00,2024-04-25 14:15:30+00:00,2024-04-25 14:17:30+00:00,TABUENCA01-45,Sensoria-C1-EEA1,Right,Gait,1.0.5,40.3882544,-3.6292402,CB:AA:BC:3F:36:A5,SCKS,-0.039063,0.968751,-0.105469,-2.24,13.440001,33.599998,0.037376,0.738176,-0.299008,381,623,391,0.9752579801934461
2024-04-25 14:16:04.357000+00:00,2024-04-25 14:15:30+00:00,2024-04-25 14:17:30+00:00,TABUENCA01-45,Sensoria-C1-E90A,Left,Gait,1.0.5,40.3882544,-3.6292402,F0:75:B1:51:59:F6,SCKS,0.40625,0.09375,0.03125,0.0,38.080002,222.880005,0.04672,0.79424,-0.205568,709,557,704,0.4180965050081141
2024-04-25 14:16:04.381000+00:00,2024-04-25 14:15:30+00:00,2024-04-25 14:17:30+00:00,TABUENCA01-45,Sensoria-C1-EEA1,Right,Gait,1.0.5,40.3882544,-3.6292402,CB:AA:BC:3F:36:A5,SCKS,-0.019531,0.953126,-0.105469,-5.6,19.040001,32.48,0.04672,0.74752,-0.299008,373,619,414,0.9591425033841426
2024-04-25 14:16:04.382000+00:00,2024-04-25 14:15:30+00:00,2024-04-25 14:17:30+00:00,TABUENCA01-45,Sensoria-C1-EEA1,Right,Gait,1.0.5,40.3882544,-3.6292402,CB:AA:BC:3F:36:A5,SCKS,-0.011719,0.953126,-0.074219,-2.24,23.52,28.0,0.04672,0.738176,-0.289664,366,615,437,0.9560831380157272
2024-04-25 14:16:04.390000+00:00,2024-04-25 14:15:30+00:00,2024-04-25 14:17:30+00:00,TABUENCA01-45,Sensoria-C1-E90A,Left,Gait,1.0.5,40.3882544,-3.6292402,F0:75:B1:51:59:F6,SCKS,0.4375,0.59375,-0.25,17.92,67.199997,301.279999,0.149504,0.79424,-0.205568,709,556,701,0.7787459871485695
2024-04-25 14:16:04.398000+00:00,2024-04-25 14:15:30+00:00,2024-04-25 14:17:30+00:00,TABUENCA01-45,Sensoria-C1-EEA1,Right,Gait,1.0.5,40.3882544,-3.6292402,CB:AA:BC:3F:36:A5,SCKS,0.003906,0.980469,-0.109375,-1.12,23.52,26.880001,0.056064,0.738176,-0.299008,357,609,456,0.9865584662968536
2024-04-25 14:16:04.422000+00:00,2024-04-25 14:15:30+00:00,2024-04-25 14:17:30+00:00,TABUENCA01-45,Sensoria-C1-E90A,Left,Gait,1.0.5,40.3882544,-3.6292402,F0:75:B1:51:59:F6,SCKS,0.40625,0.875,-0.1875,-1.12,95.199997,364.0,0.205568,0.775552,-0.18688,708,554,702,0.9827615745947742
2024-04-25 14:16:04.431000+00:00,2024-04-25 14:15:30+00:00,2024-04-25 14:17:30+00:00,TABUENCA01-45,Sensoria-C1-EEA1,Right,Gait,1.0.5,40.3882544,-3.6292402,CB:AA:BC:3F:36:A5,SCKS,0.007813,0.953126,-0.0625,1.12,24.639999,26.880001,0.056064,0.738176,-0.28032,347,604,477,0.9552049334279006
2024-04-25 14:16:04.447000+00:00,2024-04-25 14:15:30+00:00,2024-04-25 14:17:30+00:00,TABUENCA01-45,Sensoria-C1-EEA1,Right,Gait,1.0.5,40.3882544,-3.6292402,CB:AA:BC:3F:36:A5,SCKS,-0.003906,0.929688,-0.054688,2.24,23.52,30.24,0.056064,0.738176,-0.28032,338,597,494,0.9313032865420372
2024-04-25 14:16:04.454000+00:00,2024-04-25 14:15:30+00:00,2024-04-25 14:17:30+00:00,TABUENCA01-45,Sensoria-C1-E90A,Left,Gait,1.0.5,40.3882544,-3.6292402,F0:75:B1:51:59:F6,SCKS,0.46875,1.718749,-0.25,-7.84,100.800003,411.040009,0.270976,0.74752,-0.196224,708,552,700,1.798978790175415
2024-04-25 14:16:04.463000+00:00,2024-04-25 14:15:30+00:00,2024-04-25 14:17:30+00:00,TABUENCA01-45,Sensoria-C1-EEA1,Right,Gait,1.0.5,40.3882544,-3.6292402,CB:AA:BC:3F:36:A5,SCKS,-0.046875,0.914063,-0.015625,0.0,19.040001,40.32,0.065408,0.756864,-0.28032,324,592,507,0.9153974952003091
2024-04-25 14:16:04.470000+00:00,2024-04-25 14:15:30+00:00,2024-04-25 14:17:30+00:00,TABUENCA01-45,Sensoria-C1-E90A,Left,Gait,1.0.5,40.3882544,-3.6292402,F0:75:B1:51:59:F6,SCKS,0.3125,2.812499,-0.46875,-12.32,88.480003,444.640015,0.401792,0.65408,-0.214912,706,551,699,2.8683677305221864
2024-04-25 14:16:04.479000+00:00,2024-04-25 14:15:30+00:00,2024-04-25 14:17:30+00:00,TABUENCA01-45,Sensoria-C1-EEA1,Right,Gait,1.0.5,40.3882544,-3.6292402,CB:AA:BC:3F:36:A5,SCKS,-0.0625,0.937501,-0.007813,-1.12,7.84,53.760002,0.065408,0.74752,-0.28032,311,584,515,0.939614504980633
2024-04-25 14:16:04.503000+00:00,2024-04-25 14:15:30+00:00,2024-04-25 14:17:30+00:00,TABUENCA01-45,Sensoria-C1-E90A,Left,Gait,1.0.5,40.3882544,-3.6292402,F0:75:B1:51:59:F6,SCKS,-0.65625,3.312498,0.15625,2.24,116.480003,450.23999,0.457856,0.588672,-0.242944,706,550,698,3.3804912549811457
2024-04-25 14:16:04.512000+00:00,2024-04-25 14:15:30+00:00,2024-04-25 14:17:30+00:00,TABUENCA01-45,Sensoria-C1-EEA1,Right,Gait,1.0.5,40.3882544,-3.6292402,CB:AA:BC:3F:36:A5,SCKS,0.011719,1.000001,-0.039063,0.0,-3.36,64.959999,0.074752,0.756864,-0.28032,296,572,522,1.0008322801204006
2024-04-25 14:16:04.535000+00:00,2024-04-25 14:15:30+00:00,2024-04-25 14:17:30+00:00,TABUENCA01-45,Sensoria-C1-E90A,Left,Gait,1.0.5,40.3882544,-3.6292402,F0:75:B1:51:59:F6,SCKS,-1.437499,2.781249,-1.281249,8.96,118.720001,386.399994,0.495232,0.523264,-0.261632,705,550,701,3.3828018527550503
2024-04-25 14:16:04.544000+00:00,2024-04-25 14:15:30+00:00,2024-04-25 14:17:30+00:00,TABUENCA01-45,Sensoria-C1-EEA1,Right,Gait,1.0.5,40.3882544,-3.6292402,CB:AA:BC:3F:36:A5,SCKS,0.019531,1.042969,-0.074219,0.0,-4.48,70.559998,0.084096,0.756864,-0.28032,280,560,532,1.045788819448267
2024-04-25 14:16:04.546000+00:00,2024-04-25 14:15:30+00:00,2024-04-25 14:17:30+00:00,TABUENCA01-45,Sensoria-C1-EEA1,Right,Gait,1.0.5,40.3882544,-3.6292402,CB:AA:BC:3F:36:A5,SCKS,-0.011719,1.074219,-0.019531,-1.12,-1.12,79.519997,0.084096,0.756864,-0.28032,263,540,554,1.0744604482636855
2024-04-25 14:16:04.560000+00:00,2024-04-25 14:15:30+00:00,2024-04-25 14:17:30+00:00,TABUENCA01-45,Sensoria-C1-EEA1,Right,Gait,1.0.5,40.3882544,-3.6292402,CB:AA:BC:3F:36:A5,SCKS,-0.082031,1.187501,-0.007813,-2.24,-5.6,95.199997,0.09344,0.766208,-0.28032,249,521,587,1.1903565654588544
2024-04-25 14:16:04.568000+00:00,2024-04-25 14:15:30+00:00,2024-04-25 14:17:30+00:00,TABUENCA01-45,Sensoria-C1-E90A,Left,Gait,1.0.5,40.3882544,-3.6292402,F0:75:B1:51:59:F6,SCKS,-4.156248,1.312499,-0.78125,7.84,-21.280001,203.839996,0.523264,0.4672,-0.270976,703,550,707,4.428024686584866
2024-04-25 14:16:04.593000+00:00,2024-04-25 14:15:30+00:00,2024-04-25 14:17:30+00:00,TABUENCA01-45,Sensoria-C1-EEA1,Right,Gait,1.0.5,40.3882544,-3.6292402,CB:AA:BC:3F:36:A5,SCKS,-0.039063,1.277345,0.0625,1.12,-13.440001,114.239998,0.112128,0.766208,-0.270976,235,502,633,1.2794695842395003
2024-04-25 14:16:04.600000+00:00,2024-04-25 14:15:30+00:00,2024-04-25 14:17:30+00:00,TABUENCA01-45,Sensoria-C1-E90A,Left,Gait,1.0.5,40.3882544,-3.6292402,F0:75:B1:51:59:F6,SCKS,-2.687499,1.843749,-0.1875,32.48,-85.120003,-62.720001,0.523264,0.448512,-0.270976,701,550,710,3.2645394008959365
2024-04-25 14:16:04.609000+00:00,2024-04-25 14:15:30+00:00,2024-04-25 14:17:30+00:00,TABUENCA01-45,Sensoria-C1-EEA1,Right,Gait,1.0.5,40.3882544,-3.6292402,CB:AA:BC:3F:36:A5,SCKS,-0.027344,1.312501,0.023438,7.84,-23.52,126.559998,0.130816,0.775552,-0.28032,220,485,666,1.3129950149109477
2024-04-25 14:16:04.625000+00:00,2024-04-25 14:15:30+00:00,2024-04-25 14:17:30+00:00,TABUENCA01-45,Sensoria-C1-EEA1,Right,Gait,1.0.5,40.3882544,-3.6292402,CB:AA:BC:3F:36:A5,SCKS,-0.0625,1.445314,-0.199219,8.96,-23.52,141.119995,0.158848,0.79424,-0.28032,208,478,689,1.4603174375994419
2024-04-25 14:16:04.633000+00:00,2024-04-25 14:15:30+00:00,2024-04-25 14:17:30+00:00,TABUENCA01-45,Sensoria-C1-E90A,Left,Gait,1.0.5,40.3882544,-3.6292402,F0:75:B1:51:59:F6,SCKS,5.718747,1.624999,0.53125,19.040001,40.32,-132.160004,0.51392,0.485888,-0.261632,701,549,703,5.9688286591683966
2024-04-25 14:16:04.642000+00:00,2024-04-25 14:15:30+00:00,2024-04-25 14:17:30+00:00,TABUENCA01-45,Sensoria-C1-EEA1,Right,Gait,1.0.5,40.3882544,-3.6292402,CB:AA:BC:3F:36:A5,SCKS,-0.175781,1.613282,-0.046875,4.48,-8.96,156.800003,0.158848,0.79424,-0.28032,198,483,704,1.623507017881352
2024-04-25 14:16:04.658000+00:00,2024-04-25 14:15:30+00:00,2024-04-25 14:17:30+00:00,TABUENCA01-45,Sensoria-C1-EEA1,Right,Gait,1.0.5,40.3882544,-3.6292402,CB:AA:BC:3F:36:A5,SCKS,-0.371094,1.851564,0.039063,-4.48,10.08,175.839996,0.177536,0.79424,-0.270976,194,503,709,1.8887895385407554
2024-04-25 14:16:04.665000+00:00,2024-04-25 14:15:30+00:00,2024-04-25 14:17:30+00:00,TABUENCA01-45,Sensoria-C1-E90A,Left,Gait,1.0.5,40.3882544,-3.6292402,F0:75:B1:51:59:F6,SCKS,-1.218749,1.468749,0.90625,53.760002,238.559998,-259.839996,0.495232,0.523264,-0.289664,710,553,666,2.1127853209689813
2024-04-25 14:16:04.691000+00:00,2024-04-25 14:15:30+00:00,2024-04-25 14:17:30+00:00,TABUENCA01-45,Sensoria-C1-EEA1,Right,Gait,1.0.5,40.3882544,-3.6292402,CB:AA:BC:3F:36:A5,SCKS,-0.878907,1.996095,0.378907,-30.24,64.959999,212.800003,0.214912,0.79424,-0.261632,200,525,711,2.2136944862204904
2024-04-25 14:16:04.698000+00:00,2024-04-25 14:15:30+00:00,2024-04-25 14:17:30+00:00,TABUENCA01-45,Sensoria-C1-E90A,Left,Gait,1.0.5,40.3882544,-3.6292402,F0:75:B1:51:59:F6,SCKS,-0.28125,1.624999,-0.375,118.720001,26.880001,-229.600006,0.485888,0.569984,-0.299008,710,559,559,1.6912564301432826
2024-04-25 14:16:04.706000+00:00,2024-04-25 14:15:30+00:00,2024-04-25 14:17:30+00:00,TABUENCA01-45,Sensoria-C1-EEA1,Right,Gait,1.0.5,40.3882544,-3.6292402,CB:AA:BC:3F:36:A5,SCKS,-0.734376,1.996095,0.355469,-45.920002,68.32,248.639999,0.252288,0.803584,-0.289664,221,554,713,2.156400141059632
2024-04-25 14:16:04.723000+00:00,2024-04-25 14:15:30+00:00,2024-04-25 14:17:30+00:00,TABUENCA01-45,Sensoria-C1-EEA1,Right,Gait,1.0.5,40.3882544,-3.6292402,CB:AA:BC:3F:36:A5,SCKS,-0.601563,1.996095,-0.554688,-13.440001,16.799999,286.720001,0.308352,0.803584,-0.28032,263,594,713,2.1573020347967042
2024-04-25 14:16:04.730000+00:00,2024-04-25 14:15:30+00:00,2024-04-25 14:17:30+00:00,TABUENCA01-45,Sensoria-C1-E90A,Left,Gait,1.0.5,40.3882544,-3.6292402,F0:75:B1:51:59:F6,SCKS,-0.3125,1.281249,-0.0625,84.0,-48.16,-172.479996,0.429824,0.635392,-0.28032,689,565,413,1.3202884154611825
2024-04-25 14:16:04.739000+00:00,2024-04-25 14:15:30+00:00,2024-04-25 14:17:30+00:00,TABUENCA01-45,Sensoria-C1-EEA1,Right,Gait,1.0.5,40.3882544,-3.6292402,CB:AA:BC:3F:36:A5,SCKS,-0.488282,1.996095,-0.632813,-4.48,-59.360001,330.399994,0.308352,0.803584,-0.28032,323,642,713,2.150178330631671
2024-04-25 14:16:04.764000+00:00,2024-04-25 14:15:30+00:00,2024-04-25 14:17:30+00:00,TABUENCA01-45,Sensoria-C1-E90A,Left,Gait,1.0.5,40.3882544,-3.6292402,F0:75:B1:51:59:F6,SCKS,0.03125,0.9375,-0.21875,51.52,-48.16,-89.599998,0.411136,0.663424,-0.261632,654,545,371,0.9631896879639026
2024-04-25 14:16:04.772000+00:00,2024-04-25 14:15:30+00:00,2024-04-25 14:17:30+00:00,TABUENCA01-45,Sensoria-C1-EEA1,Right,Gait,1.0.5,40.3882544,-3.6292402,CB:AA:BC:3F:36:A5,SCKS,-0.550782,0.722657,-0.605469,3.36,-22.4,303.519989,0.364416,0.803584,-0.289664,393,681,713,1.091873005955363
2024-04-25 14:16:04.788000+00:00,2024-04-25 14:15:30+00:00,2024-04-25 14:17:30+00:00,TABUENCA01-45,Sensoria-C1-EEA1,Right,Gait,1.0.5,40.3882544,-3.6292402,CB:AA:BC:3F:36:A5,SCKS,-0.613282,-0.070313,-0.601563,10.08,34.720001,208.320007,0.411136,0.79424,-0.270976,444,702,712,0.8619378008081557
2024-04-25 14:16:04.796000+00:00,2024-04-25 14:15:30+00:00,2024-04-25 14:17:30+00:00,TABUENCA01-45,Sensoria-C1-E90A,Left,Gait,1.0.5,40.3882544,-3.6292402,F0:75:B1:51:59:F6,SCKS,0.09375,1.031249,-0.125,24.639999,-36.959999,-40.32,0.392448,0.663424,-0.252288,620,516,357,1.0430189655519213
2024-04-25 14:16:04.804000+00:00,2024-04-25 14:15:30+00:00,2024-04-25 14:17:30+00:00,TABUENCA01-45,Sensoria-C1-EEA1,Right,Gait,1.0.5,40.3882544,-3.6292402,CB:AA:BC:3F:36:A5,SCKS,-0.640625,0.718751,-0.597657,28.0,216.160004,84.0,0.439168,0.784896,-0.28032,467,713,712,1.1332242850711416
2024-04-25 14:16:04.812000+00:00,2024-04-25 14:15:30+00:00,2024-04-25 14:17:30+00:00,TABUENCA01-45,Sensoria-C1-E90A,Left,Gait,1.0.5,40.3882544,-3.6292402,F0:75:B1:51:59:F6,SCKS,0.0625,0.968749,-0.09375,12.32,-34.720001,-30.24,0.383104,0.682112,-0.242944,595,490,363,0.975279415091388
2024-04-25 14:16:04.837000+00:00,2024-04-25 14:15:30+00:00,2024-04-25 14:17:30+00:00,TABUENCA01-45,Sensoria-C1-EEA1,Right,Gait,1.0.5,40.3882544,-3.6292402,CB:AA:BC:3F:36:A5,SCKS,-1.644532,0.179688,-0.367188,-10.08,202.720001,-61.599998,0.429824,0.79424,-0.289664,483,718,708,1.6945796834944058
2024-04-25 14:16:04.845000+00:00,2024-04-25 14:15:30+00:00,2024-04-25 14:17:30+00:00,TABUENCA01-45,Sensoria-C1-E90A,Left,Gait,1.0.5,40.3882544,-3.6292402,F0:75:B1:51:59:F6,SCKS,0.09375,0.968749,-0.25,6.72,-39.200001,-26.880001,0.383104,0.682112,-0.242944,577,471,394,1.0048699853717395
2024-04-25 14:16:04.854000+00:00,2024-04-25 14:15:30+00:00,2024-04-25 14:17:30+00:00,TABUENCA01-45,Sensoria-C1-EEA1,Right,Gait,1.0.5,40.3882544,-3.6292402,CB:AA:BC:3F:36:A5,SCKS,-1.070313,-0.171875,-0.007813,-21.280001,136.639999,-96.32,0.411136,0.79424,-0.289664,489,720,708,1.0840534934047306
2024-04-25 14:16:04.869000+00:00,2024-04-25 14:15:30+00:00,2024-04-25 14:17:30+00:00,TABUENCA01-45,Sensoria-C1-EEA1,Right,Gait,1.0.5,40.3882544,-3.6292402,CB:AA:BC:3F:36:A5,SCKS,-0.683594,-0.234375,0.128906,17.92,82.879997,-140.0,0.411136,0.79424,-0.289664,489,721,703,0.7340634538628115
2024-04-25 14:16:04.877000+00:00,2024-04-25 14:15:30+00:00,2024-04-25 14:17:30+00:00,TABUENCA01-45,Sensoria-C1-E90A,Left,Gait,1.0.5,40.3882544,-3.6292402,F0:75:B1:51:59:F6,SCKS,0.0625,0.968749,-0.15625,3.36,-47.040001,-24.639999,0.37376,0.682112,-0.2336,563,455,443,0.9832573099148564
2024-04-25 14:16:04.886000+00:00,2024-04-25 14:15:30+00:00,2024-04-25 14:17:30+00:00,TABUENCA01-45,Sensoria-C1-EEA1,Right,Gait,1.0.5,40.3882544,-3.6292402,CB:AA:BC:3F:36:A5,SCKS,-0.640625,0.011719,0.015625,57.119999,43.68,-204.960007,0.392448,0.79424,-0.299008,493,722,706,0.6409226678866959
2024-04-25 14:16:04.902000+00:00,2024-04-25 14:15:30+00:00,2024-04-25 14:17:30+00:00,TABUENCA01-45,Sensoria-C1-EEA1,Right,Gait,1.0.5,40.3882544,-3.6292402,CB:AA:BC:3F:36:A5,SCKS,-0.714844,0.320313,-0.027344,63.84,24.639999,-254.240005,0.345728,0.803584,-0.289664,491,719,703,0.783804858776086
2024-04-25 14:16:04.909000+00:00,2024-04-25 14:15:30+00:00,2024-04-25 14:17:30+00:00,TABUENCA01-45,Sensoria-C1-E90A,Left,Gait,1.0.5,40.3882544,-3.6292402,F0:75:B1:51:59:F6,SCKS,0.0625,0.968749,-0.25,4.48,-38.080002,-20.16,0.364416,0.691456,-0.224256,554,442,496,1.002437466878109
2024-04-25 14:16:04.918000+00:00,2024-04-25 14:15:30+00:00,2024-04-25 14:17:30+00:00,TABUENCA01-45,Sensoria-C1-EEA1,Right,Gait,1.0.5,40.3882544,-3.6292402,CB:AA:BC:3F:36:A5,SCKS,-0.609375,0.472657,0.066406,61.599998,-8.96,-295.679993,0.289664,0.803584,-0.270976,490,717,703,0.7740492795100322
2024-04-25 14:16:04.942000+00:00,2024-04-25 14:15:30+00:00,2024-04-25 14:17:30+00:00,TABUENCA01-45,Sensoria-C1-E90A,Left,Gait,1.0.5,40.3882544,-3.6292402,F0:75:B1:51:59:F6,SCKS,0.03125,0.9375,-0.25,-4.48,-35.84,-21.280001,0.364416,0.691456,-0.224256,545,429,543,0.9707640354380667
2024-04-25 14:16:04.951000+00:00,2024-04-25 14:15:30+00:00,2024-04-25 14:17:30+00:00,TABUENCA01-45,Sensoria-C1-EEA1,Right,Gait,1.0.5,40.3882544,-3.6292402,CB:AA:BC:3F:36:A5,SCKS,-0.605469,0.726563,0.097656,64.959999,-34.720001,-334.880005,0.2336,0.803584,-0.270976,492,717,702,0.950801344796062
2024-04-25 14:16:04.967000+00:00,2024-04-25 14:15:30+00:00,2024-04-25 14:17:30+00:00,TABUENCA01-45,Sensoria-C1-EEA1,Right,Gait,1.0.5,40.3882544,-3.6292402,CB:AA:BC:3F:36:A5,SCKS,-0.570313,1.050782,0.089844,66.080002,-48.16,-367.360016,0.2336,0.803584,-0.270976,492,718,702,1.1989460679400887
2024-04-25 14:16:04.983000+00:00,2024-04-25 14:15:30+00:00,2024-04-25 14:17:30+00:00,TABUENCA01-45,Sensoria-C1-EEA1,Right,Gait,1.0.5,40.3882544,-3.6292402,CB:AA:BC:3F:36:A5,SCKS,-0.484375,1.437501,0.074219,52.639999,-24.639999,-404.320007,0.168192,0.784896,-0.252288,493,716,701,1.5187286543642349
2024-04-25 14:16:04.991000+00:00,2024-04-25 14:15:30+00:00,2024-04-25 14:17:30+00:00,TABUENCA01-45,Sensoria-C1-E90A,Left,Gait,1.0.5,40.3882544,-3.6292402,F0:75:B1:51:59:F6,SCKS,0.03125,0.90625,-0.21875,-8.96,-40.32,-23.52,0.364416,0.7008,-0.224256,536,416,579,0.9328007222874563
2024-04-25 14:16:05+00:00,2024-04-25 14:15:30+00:00,2024-04-25 14:17:30+00:00,TABUENCA01-45,Sensoria-C1-EEA1,Right,Gait,1.0.5,40.3882544,-3.6292402,CB:AA:BC:3F:36:A5,SCKS,-0.464844,1.996095,0.207031,12.32,26.880001,-406.559998,0.09344,0.74752,-0.252288,491,713,701,2.0599361709339443
2024-04-25 14:16:05.032000+00:00,2024-04-25 14:15:30+00:00,2024-04-25 14:17:30+00:00,TABUENCA01-45,Sensoria-C1-EEA1,Right,Gait,1.0.5,40.3882544,-3.6292402,CB:AA:BC:3F:36:A5,SCKS,-0.175781,1.996095,0.367188,25.76,26.880001,-400.959991,0.037376,0.719488,-0.261632,491,714,701,2.037184634815902
2024-04-25 14:16:05.049000+00:00,2024-04-25 14:15:30+00:00,2024-04-25 14:17:30+00:00,TABUENCA01-45,Sensoria-C1-EEA1,Right,Gait,1.0.5,40.3882544,-3.6292402,CB:AA:BC:3F:36:A5,SCKS,0.609375,1.996095,0.445313,54.880001,-2.24,-397.600006,-0.009344,0.663424,-0.252288,490,715,701,2.1340189332850352
2024-04-25 14:16:05.056000+00:00,2024-04-25 14:15:30+00:00,2024-04-25 14:17:30+00:00,TABUENCA01-45,Sensoria-C1-E90A,Left,Gait,1.0.5,40.3882544,-3.6292402,F0:75:B1:51:59:F6,SCKS,-0.03125,0.968749,-0.15625,3.36,-26.880001,-40.32,0.345728,0.719488,-0.214912,505,363,620,0.9817663927844545
2024-04-25 14:16:05.065000+00:00,2024-04-25 14:15:30+00:00,2024-04-25 14:17:30+00:00,TABUENCA01-45,Sensoria-C1-EEA1,Right,Gait,1.0.5,40.3882544,-3.6292402,CB:AA:BC:3F:36:A5,SCKS,1.320313,1.996095,0.199219,30.24,-11.2,-388.640015,-0.009344,0.663424,-0.252288,491,716,703,2.4015224081725743
2024-04-25 14:16:05.072000+00:00,2024-04-25 14:15:30+00:00,2024-04-25 14:17:30+00:00,TABUENCA01-45,Sensoria-C1-E90A,Left,Gait,1.0.5,40.3882544,-3.6292402,F0:75:B1:51:59:F6,SCKS,0.0,1.031249,-0.1875,-5.6,-31.360001,-44.799999,0.32704,0.719488,-0.214912,482,333,628,1.0481558805831317
2024-04-25 14:16:05.081000+00:00,2024-04-25 14:15:30+00:00,2024-04-25 14:17:30+00:00,TABUENCA01-45,Sensoria-C1-EEA1,Right,Gait,1.0.5,40.3882544,-3.6292402,CB:AA:BC:3F:36:A5,SCKS,1.996095,1.710939,-0.097656,63.84,-19.040001,-241.919998,-0.074752,0.569984,-0.242944,490,716,705,2.630825764865853
2024-04-25 14:16:05.104000+00:00,2024-04-25 14:15:30+00:00,2024-04-25 14:17:30+00:00,TABUENCA01-45,Sensoria-C1-E90A,Left,Gait,1.0.5,40.3882544,-3.6292402,F0:75:B1:51:59:F6,SCKS,0.0625,1.124999,-0.21875,-12.32,-36.959999,-62.720001,0.317696,0.728832,-0.196224,456,304,651,1.147771999353966
2024-04-25 14:16:05.113000+00:00,2024-04-25 14:15:30+00:00,2024-04-25 14:17:30+00:00,TABUENCA01-45,Sensoria-C1-EEA1,Right,Gait,1.0.5,40.3882544,-3.6292402,CB:AA:BC:3F:36:A5,SCKS,1.996095,1.617189,0.472657,69.440002,44.799999,-133.279999,-0.074752,0.569984,-0.242944,489,716,707,2.61210645847274
2024-04-25 14:16:05.130000+00:00,2024-04-25 14:15:30+00:00,2024-04-25 14:17:30+00:00,TABUENCA01-45,Sensoria-C1-EEA1,Right,Gait,1.0.5,40.3882544,-3.6292402,CB:AA:BC:3F:36:A5,SCKS,1.996095,1.996095,1.10547,20.16,7.84,19.040001,-0.074752,0.551296,-0.242944,487,717,710,3.031642198372031
2024-04-25 14:16:05.137000+00:00,2024-04-25 14:15:30+00:00,2024-04-25 14:17:30+00:00,TABUENCA01-45,Sensoria-C1-E90A,Left,Gait,1.0.5,40.3882544,-3.6292402,F0:75:B1:51:59:F6,SCKS,0.125,1.249999,0.0,-12.32,-33.599998,-90.720001,0.289664,0.74752,-0.214912,432,281,674,1.256233457602925
2024-04-25 14:16:05.146000+00:00,2024-04-25 14:15:30+00:00,2024-04-25 14:17:30+00:00,TABUENCA01-45,Sensoria-C1-EEA1,Right,Gait,1.0.5,40.3882544,-3.6292402,CB:AA:BC:3F:36:A5,SCKS,0.300781,0.628907,-0.109375,4.48,-140.0,132.160004,-0.074752,0.551296,-0.252288,488,716,708,0.7056600564258969
2024-04-25 14:16:05.153000+00:00,2024-04-25 14:15:30+00:00,2024-04-25 14:17:30+00:00,TABUENCA01-45,Sensoria-C1-E90A,Left,Gait,1.0.5,40.3882544,-3.6292402,F0:75:B1:51:59:F6,SCKS,0.28125,1.499999,-0.25,-4.48,-17.92,-129.919998,0.261632,0.756864,-0.224256,416,266,691,1.5464794090129361
2024-04-25 14:16:05.162000+00:00,2024-04-25 14:15:30+00:00,2024-04-25 14:17:30+00:00,TABUENCA01-45,Sensoria-C1-EEA1,Right,Gait,1.0.5,40.3882544,-3.6292402,CB:AA:BC:3F:36:A5,SCKS,-2.000001,0.609375,0.859376,36.959999,-159.039993,76.160004,-0.074752,0.569984,-0.270976,494,715,680,2.260501935412133
2024-04-25 14:16:05.178000+00:00,2024-04-25 14:15:30+00:00,2024-04-25 14:17:30+00:00,TABUENCA01-45,Sensoria-C1-EEA1,Right,Gait,1.0.5,40.3882544,-3.6292402,CB:AA:BC:3F:36:A5,SCKS,1.164063,1.488282,1.042969,68.32,-215.040009,263.200012,-0.065408,0.60736,-0.299008,504,720,629,2.1581960787782934
2024-04-25 14:16:05.186000+00:00,2024-04-25 14:15:30+00:00,2024-04-25 14:17:30+00:00,TABUENCA01-45,Sensoria-C1-E90A,Left,Gait,1.0.5,40.3882544,-3.6292402,F0:75:B1:51:59:F6,SCKS,0.375,1.843749,-0.1875,2.24,-12.32,-174.720001,0.242944,0.766208,-0.205568,432,279,697,1.8908177133190287
2024-04-25 14:16:05.210000+00:00,2024-04-25 14:15:30+00:00,2024-04-25 14:17:30+00:00,TABUENCA01-45,Sensoria-C1-EEA1,Right,Gait,1.0.5,40.3882544,-3.6292402,CB:AA:BC:3F:36:A5,SCKS,0.636719,1.894533,0.425782,57.119999,-44.799999,237.440002,-0.065408,0.60736,-0.299008,510,725,551,2.0435157656778675
2024-04-25 14:16:05.218000+00:00,2024-04-25 14:15:30+00:00,2024-04-25 14:17:30+00:00,TABUENCA01-45,Sensoria-C1-E90A,Left,Gait,1.0.5,40.3882544,-3.6292402,F0:75:B1:51:59:F6,SCKS,1.281249,2.468749,-0.0625,-36.959999,-72.800003,-228.479996,0.149504,0.79424,-0.214912,534,367,700,2.7821263226176485
2024-04-25 14:16:05.227000+00:00,2024-04-25 14:15:30+00:00,2024-04-25 14:17:30+00:00,TABUENCA01-45,Sensoria-C1-EEA1,Right,Gait,1.0.5,40.3882544,-3.6292402,CB:AA:BC:3F:36:A5,SCKS,0.117188,1.425782,-0.546875,60.48,59.360001,227.360001,-0.04672,0.635392,-0.289664,512,726,473,1.5315546364700805
2024-04-25 14:16:05.243000+00:00,2024-04-25 14:15:30+00:00,2024-04-25 14:17:30+00:00,TABUENCA01-45,Sensoria-C1-EEA1,Right,Gait,1.0.5,40.3882544,-3.6292402,CB:AA:BC:3F:36:A5,SCKS,0.53125,1.457032,-0.523438,39.200001,-16.799999,200.479996,-0.028032,0.672768,-0.289664,506,727,416,1.636812802787173
2024-04-25 14:16:05.250000+00:00,2024-04-25 14:15:30+00:00,2024-04-25 14:17:30+00:00,TABUENCA01-45,Sensoria-C1-E90A,Left,Gait,1.0.5,40.3882544,-3.6292402,F0:75:B1:51:59:F6,SCKS,0.875,2.468749,-1.031249,-64.959999,-155.680008,-252.0,0.102784,0.79424,-0.224256,587,427,704,2.814928262851826
2024-04-25 14:16:05.259000+00:00,2024-04-25 14:15:30+00:00,2024-04-25 14:17:30+00:00,TABUENCA01-45,Sensoria-C1-EEA1,Right,Gait,1.0.5,40.3882544,-3.6292402,CB:AA:BC:3F:36:A5,SCKS,0.246094,0.804688,0.292969,-24.639999,43.68,173.600006,-0.009344,0.7008,-0.28032,489,731,377,0.8910195672043347
2024-04-25 14:16:05.283000+00:00,2024-04-25 14:15:30+00:00,2024-04-25 14:17:30+00:00,TABUENCA01-45,Sensoria-C1-E90A,Left,Gait,1.0.5,40.3882544,-3.6292402,F0:75:B1:51:59:F6,SCKS,0.625,0.8125,-0.5,22.4,60.48,-280.0,0.056064,0.803584,-0.2336,647,502,708,1.1405179744309162
2024-04-25 14:16:05.292000+00:00,2024-04-25 14:15:30+00:00,2024-04-25 14:17:30+00:00,TABUENCA01-45,Sensoria-C1-EEA1,Right,Gait,1.0.5,40.3882544,-3.6292402,CB:AA:BC:3F:36:A5,SCKS,0.09375,1.031251,-0.042969,-8.96,36.959999,118.720001,0.009344,0.710144,-0.270976,467,726,353,1.0363947232893458
2024-04-25 14:16:05.308000+00:00,2024-04-25 14:15:30+00:00,2024-04-25 14:17:30+00:00,TABUENCA01-45,Sensoria-C1-EEA1,Right,Gait,1.0.5,40.3882544,-3.6292402,CB:AA:BC:3F:36:A5,SCKS,-0.042969,0.972657,0.039063,-7.84,28.0,105.279999,0.009344,0.710144,-0.270976,453,714,342,0.974388984224986
2024-04-25 14:16:05.315000+00:00,2024-04-25 14:15:30+00:00,2024-04-25 14:17:30+00:00,TABUENCA01-45,Sensoria-C1-E90A,Left,Gait,1.0.5,40.3882544,-3.6292402,F0:75:B1:51:59:F6,SCKS,0.0,0.1875,-0.3125,36.959999,-53.760002,-136.639999,0.009344,0.784896,-0.2336,686,543,709,0.3644344934278313
2024-04-25 14:16:05.324000+00:00,2024-04-25 14:15:30+00:00,2024-04-25 14:17:30+00:00,TABUENCA01-45,Sensoria-C1-EEA1,Right,Gait,1.0.5,40.3882544,-3.6292402,CB:AA:BC:3F:36:A5,SCKS,-0.015625,0.972657,0.015625,-6.72,14.56,81.760002,0.028032,0.719488,-0.270976,437,698,336,0.9729079714438565
2024-04-25 14:16:05.340000+00:00,2024-04-25 14:15:30+00:00,2024-04-25 14:17:30+00:00,TABUENCA01-45,Sensoria-C1-EEA1,Right,Gait,1.0.5,40.3882544,-3.6292402,CB:AA:BC:3F:36:A5,SCKS,-0.042969,1.023438,0.027344,0.0,3.36,63.84,0.028032,0.728832,-0.28032,423,683,339,1.0247045277254319
2024-04-25 14:16:05.348000+00:00,2024-04-25 14:15:30+00:00,2024-04-25 14:17:30+00:00,TABUENCA01-45,Sensoria-C1-E90A,Left,Gait,1.0.5,40.3882544,-3.6292402,F0:75:B1:51:59:F6,SCKS,0.84375,0.03125,-0.28125,29.120001,-179.199997,58.240002,-0.009344,0.79424,-0.242944,702,553,711,0.8899394291186339
2024-04-25 14:16:05.373000+00:00,2024-04-25 14:15:30+00:00,2024-04-25 14:17:30+00:00,TABUENCA01-45,Sensoria-C1-EEA1,Right,Gait,1.0.5,40.3882544,-3.6292402,CB:AA:BC:3F:36:A5,SCKS,-0.019531,1.023438,-0.070313,-1.12,7.84,53.760002,0.037376,0.738176,-0.261632,411,670,348,1.0260364115244645
2024-04-25 14:16:05.380000+00:00,2024-04-25 14:15:30+00:00,2024-04-25 14:17:30+00:00,TABUENCA01-45,Sensoria-C1-E90A,Left,Gait,1.0.5,40.3882544,-3.6292402,F0:75:B1:51:59:F6,SCKS,1.031249,0.0,-0.0625,7.84,-40.32,169.119995,0.018688,0.79424,-0.2336,709,556,707,1.0331412052575388
2024-04-25 14:16:05.389000+00:00,2024-04-25 14:15:30+00:00,2024-04-25 14:17:30+00:00,TABUENCA01-45,Sensoria-C1-EEA1,Right,Gait,1.0.5,40.3882544,-3.6292402,CB:AA:BC:3F:36:A5,SCKS,-0.074219,0.988282,0.035156,-5.6,11.2,44.799999,0.037376,0.738176,-0.270976,402,662,359,0.9916883158639109
2024-04-25 14:16:05.413000+00:00,2024-04-25 14:15:30+00:00,2024-04-25 14:17:30+00:00,TABUENCA01-45,Sensoria-C1-E90A,Left,Gait,1.0.5,40.3882544,-3.6292402,F0:75:B1:51:59:F6,SCKS,0.5,0.09375,0.0625,3.36,43.68,198.240005,0.056064,0.79424,-0.224256,713,554,705,0.5125381083392727
2024-04-25 14:16:05.421000+00:00,2024-04-25 14:15:30+00:00,2024-04-25 14:17:30+00:00,TABUENCA01-45,Sensoria-C1-EEA1,Right,Gait,1.0.5,40.3882544,-3.6292402,CB:AA:BC:3F:36:A5,SCKS,-0.050781,1.000001,-0.078125,-1.12,5.6,43.68,0.037376,0.738176,-0.270976,391,653,375,1.0043327265338913
2024-04-25 14:16:05.422000+00:00,2024-04-25 14:15:30+00:00,2024-04-25 14:17:30+00:00,TABUENCA01-45,Sensoria-C1-EEA1,Right,Gait,1.0.5,40.3882544,-3.6292402,CB:AA:BC:3F:36:A5,SCKS,-0.007813,0.941407,-0.070313,-7.84,17.92,41.439999,0.04672,0.728832,-0.261632,383,646,396,0.9440614919521927
2024-04-25 14:16:05.438000+00:00,2024-04-25 14:15:30+00:00,2024-04-25 14:17:30+00:00,TABUENCA01-45,Sensoria-C1-EEA1,Right,Gait,1.0.5,40.3882544,-3.6292402,CB:AA:BC:3F:36:A5,SCKS,0.011719,0.957032,-0.054688,-6.72,21.280001,36.959999,0.056064,0.738176,-0.270976,374,640,417,0.9586648847897788
2024-04-25 14:16:05.462000+00:00,2024-04-25 14:15:30+00:00,2024-04-25 14:17:30+00:00,TABUENCA01-45,Sensoria-C1-E90A,Left,Gait,1.0.5,40.3882544,-3.6292402,F0:75:B1:51:59:F6,SCKS,0.375,0.3125,-0.1875,30.24,67.199997,262.079987,0.09344,0.803584,-0.2336,714,554,705,0.5229125165837972
2024-04-25 14:16:05.470000+00:00,2024-04-25 14:15:30+00:00,2024-04-25 14:17:30+00:00,TABUENCA01-45,Sensoria-C1-EEA1,Right,Gait,1.0.5,40.3882544,-3.6292402,CB:AA:BC:3F:36:A5,SCKS,0.011719,0.968751,-0.039063,-10.08,24.639999,30.24,0.056064,0.738176,-0.261632,365,632,434,0.9696090722198303
2024-04-25 14:16:05.478000+00:00,2024-04-25 14:15:30+00:00,2024-04-25 14:17:30+00:00,TABUENCA01-45,Sensoria-C1-E90A,Left,Gait,1.0.5,40.3882544,-3.6292402,F0:75:B1:51:59:F6,SCKS,0.3125,0.78125,-0.09375,8.96,69.440002,323.679993,0.149504,0.79424,-0.224256,712,553,703,0.8466385740090041
2024-04-25 14:16:05.487000+00:00,2024-04-25 14:15:30+00:00,2024-04-25 14:17:30+00:00,TABUENCA01-45,Sensoria-C1-EEA1,Right,Gait,1.0.5,40.3882544,-3.6292402,CB:AA:BC:3F:36:A5,SCKS,0.007813,0.964844,-0.027344,-11.2,21.280001,25.76,0.065408,0.74752,-0.252288,357,627,447,0.9652630116403509
2024-04-25 14:16:05.494000+00:00,2024-04-25 14:15:30+00:00,2024-04-25 14:17:30+00:00,TABUENCA01-45,Sensoria-C1-E90A,Left,Gait,1.0.5,40.3882544,-3.6292402,F0:75:B1:51:59:F6,SCKS,0.34375,1.187499,-0.09375,5.6,69.440002,377.440002,0.270976,0.756864,-0.214912,711,552,701,1.2398011937407545
2024-04-25 14:16:05.503000+00:00,2024-04-25 14:15:30+00:00,2024-04-25 14:17:30+00:00,TABUENCA01-45,Sensoria-C1-EEA1,Right,Gait,1.0.5,40.3882544,-3.6292402,CB:AA:BC:3F:36:A5,SCKS,0.03125,0.964844,-0.082031,-7.84,17.92,24.639999,0.065408,0.74752,-0.252288,347,619,461,0.9688289796434664
2024-04-25 14:16:05.519000+00:00,2024-04-25 14:15:30+00:00,2024-04-25 14:17:30+00:00,TABUENCA01-45,Sensoria-C1-EEA1,Right,Gait,1.0.5,40.3882544,-3.6292402,CB:AA:BC:3F:36:A5,SCKS,0.011719,0.929688,-0.027344,-7.84,21.280001,24.639999,0.065408,0.738176,-0.252288,338,613,473,0.9301638601026164
2024-04-25 14:16:05.527000+00:00,2024-04-25 14:15:30+00:00,2024-04-25 14:17:30+00:00,TABUENCA01-45,Sensoria-C1-E90A,Left,Gait,1.0.5,40.3882544,-3.6292402,F0:75:B1:51:59:F6,SCKS,0.46875,2.031249,-0.125,-1.12,61.599998,417.76001,0.336384,0.710144,-0.224256,712,551,700,2.0883783331812746
2024-04-25 14:16:05.552000+00:00,2024-04-25 14:15:30+00:00,2024-04-25 14:17:30+00:00,TABUENCA01-45,Sensoria-C1-EEA1,Right,Gait,1.0.5,40.3882544,-3.6292402,CB:AA:BC:3F:36:A5,SCKS,-0.070313,0.914063,0.046875,-6.72,17.92,32.48,0.074752,0.74752,-0.261632,328,602,478,0.9179609749673457
2024-04-25 14:16:05.559000+00:00,2024-04-25 14:15:30+00:00,2024-04-25 14:17:30+00:00,TABUENCA01-45,Sensoria-C1-E90A,Left,Gait,1.0.5,40.3882544,-3.6292402,F0:75:B1:51:59:F6,SCKS,-0.0625,3.031248,-0.03125,5.6,84.0,451.360016,0.457856,0.598016,-0.242944,710,550,699,3.032053305930488
2024-04-25 14:16:05.568000+00:00,2024-04-25 14:15:30+00:00,2024-04-25 14:17:30+00:00,TABUENCA01-45,Sensoria-C1-EEA1,Right,Gait,1.0.5,40.3882544,-3.6292402,CB:AA:BC:3F:36:A5,SCKS,-0.085938,0.960938,0.074219,-7.84,5.6,49.279999,0.084096,0.74752,-0.252288,313,593,484,0.9676237076720474
2024-04-25 14:16:05.584000+00:00,2024-04-25 14:15:30+00:00,2024-04-25 14:17:30+00:00,TABUENCA01-45,Sensoria-C1-EEA1,Right,Gait,1.0.5,40.3882544,-3.6292402,CB:AA:BC:3F:36:A5,SCKS,-0.015625,1.042969,0.015625,-5.6,-8.96,64.959999,0.09344,0.74752,-0.261632,301,576,488,1.04320305607825
2024-04-25 14:16:05.592000+00:00,2024-04-25 14:15:30+00:00,2024-04-25 14:17:30+00:00,TABUENCA01-45,Sensoria-C1-E90A,Left,Gait,1.0.5,40.3882544,-3.6292402,F0:75:B1:51:59:F6,SCKS,-0.65625,3.562498,-0.90625,-30.24,76.160004,431.200012,0.495232,0.532608,-0.270976,711,550,701,3.734078885750005
2024-04-25 14:16:05.601000+00:00,2024-04-25 14:15:30+00:00,2024-04-25 14:17:30+00:00,TABUENCA01-45,Sensoria-C1-EEA1,Right,Gait,1.0.5,40.3882544,-3.6292402,CB:AA:BC:3F:36:A5,SCKS,-0.015625,1.101563,0.015625,-5.6,-8.96,73.919998,0.102784,0.756864,-0.252288,281,555,497,1.10178460881381
2024-04-25 14:16:05.617000+00:00,2024-04-25 14:15:30+00:00,2024-04-25 14:17:30+00:00,TABUENCA01-45,Sensoria-C1-EEA1,Right,Gait,1.0.5,40.3882544,-3.6292402,CB:AA:BC:3F:36:A5,SCKS,-0.074219,1.160157,-0.011719,-3.36,-10.08,88.480003,0.102784,0.756864,-0.252288,264,531,521,1.1625876567257198
2024-04-25 14:16:05.624000+00:00,2024-04-25 14:15:30+00:00,2024-04-25 14:17:30+00:00,TABUENCA01-45,Sensoria-C1-E90A,Left,Gait,1.0.5,40.3882544,-3.6292402,F0:75:B1:51:59:F6,SCKS,-3.531248,1.593749,-0.53125,3.36,68.32,246.399994,0.51392,0.485888,-0.28032,708,550,705,3.910495476919133
2024-04-25 14:16:05.650000+00:00,2024-04-25 14:15:30+00:00,2024-04-25 14:17:30+00:00,TABUENCA01-45,Sensoria-C1-EEA1,Right,Gait,1.0.5,40.3882544,-3.6292402,CB:AA:BC:3F:36:A5,SCKS,-0.128906,1.273438,0.058594,-4.48,-14.56,109.760002,0.112128,0.756864,-0.261632,248,506,569,1.281286210616504
2024-04-25 14:16:05.657000+00:00,2024-04-25 14:15:30+00:00,2024-04-25 14:17:30+00:00,TABUENCA01-45,Sensoria-C1-E90A,Left,Gait,1.0.5,40.3882544,-3.6292402,F0:75:B1:51:59:F6,SCKS,-3.593748,1.531249,-0.40625,39.200001,-81.760002,36.959999,0.51392,0.457856,-0.261632,705,548,709,3.9274402923539147
2024-04-25 14:16:05.666000+00:00,2024-04-25 14:15:30+00:00,2024-04-25 14:17:30+00:00,TABUENCA01-45,Sensoria-C1-EEA1,Right,Gait,1.0.5,40.3882544,-3.6292402,CB:AA:BC:3F:36:A5,SCKS,-0.070313,1.320313,0.078125,-1.12,-24.639999,133.279999,0.130816,0.775552,-0.252288,232,482,620,1.3244900345276291
2024-04-25 14:16:05.682000+00:00,2024-04-25 14:15:30+00:00,2024-04-25 14:17:30+00:00,TABUENCA01-45,Sensoria-C1-EEA1,Right,Gait,1.0.5,40.3882544,-3.6292402,CB:AA:BC:3F:36:A5,SCKS,-0.148438,1.593751,-0.136719,-2.24,-30.24,148.960007,0.158848,0.784896,-0.261632,218,466,658,1.6064769449967216
2024-04-25 14:16:05.690000+00:00,2024-04-25 14:15:30+00:00,2024-04-25 14:17:30+00:00,TABUENCA01-45,Sensoria-C1-E90A,Left,Gait,1.0.5,40.3882544,-3.6292402,F0:75:B1:51:59:F6,SCKS,1.312499,0.968749,0.375,22.4,32.48,-97.440002,0.51392,0.476544,-0.252288,701,549,702,1.6738438547254042
2024-04-25 14:16:05.698000+00:00,2024-04-25 14:15:30+00:00,2024-04-25 14:17:30+00:00,TABUENCA01-45,Sensoria-C1-EEA1,Right,Gait,1.0.5,40.3882544,-3.6292402,CB:AA:BC:3F:36:A5,SCKS,-0.234375,1.800783,0.019531,-8.96,-14.56,170.240005,0.18688,0.784896,-0.261632,207,463,680,1.8160761310239724
2024-04-25 14:16:05.722000+00:00,2024-04-25 14:15:30+00:00,2024-04-25 14:17:30+00:00,TABUENCA01-45,Sensoria-C1-E90A,Left,Gait,1.0.5,40.3882544,-3.6292402,F0:75:B1:51:59:F6,SCKS,-0.9375,1.499999,0.875,67.199997,231.839996,-258.720001,0.485888,0.532608,-0.317696,713,551,670,1.9734559153933489
2024-04-25 14:16:05.731000+00:00,2024-04-25 14:15:30+00:00,2024-04-25 14:17:30+00:00,TABUENCA01-45,Sensoria-C1-EEA1,Right,Gait,1.0.5,40.3882544,-3.6292402,CB:AA:BC:3F:36:A5,SCKS,-0.710938,1.996095,0.371094,-23.52,21.280001,201.600006,0.18688,0.784896,-0.261632,204,478,693,2.1511715054139686
2024-04-25 14:16:05.747000+00:00,2024-04-25 14:15:30+00:00,2024-04-25 14:17:30+00:00,TABUENCA01-45,Sensoria-C1-EEA1,Right,Gait,1.0.5,40.3882544,-3.6292402,CB:AA:BC:3F:36:A5,SCKS,-1.35547,1.996095,0.636719,-47.040001,64.959999,230.720001,0.224256,0.79424,-0.270976,211,505,699,2.4954168499242764
2024-04-25 14:16:05.754000+00:00,2024-04-25 14:15:30+00:00,2024-04-25 14:17:30+00:00,TABUENCA01-45,Sensoria-C1-E90A,Left,Gait,1.0.5,40.3882544,-3.6292402,F0:75:B1:51:59:F6,SCKS,-0.09375,1.312499,0.0,114.239998,5.6,-219.520004,0.4672,0.579328,-0.317696,716,557,573,1.3158429570055084
2024-04-25 14:16:05.764000+00:00,2024-04-25 14:15:30+00:00,2024-04-25 14:17:30+00:00,TABUENCA01-45,Sensoria-C1-EEA1,Right,Gait,1.0.5,40.3882544,-3.6292402,CB:AA:BC:3F:36:A5,SCKS,-0.640625,1.996095,0.0,-52.639999,56.0,271.040009,0.261632,0.79424,-0.28032,233,532,704,2.0963767885687914
2024-04-25 14:16:05.780000+00:00,2024-04-25 14:15:30+00:00,2024-04-25 14:17:30+00:00,TABUENCA01-45,Sensoria-C1-EEA1,Right,Gait,1.0.5,40.3882544,-3.6292402,CB:AA:BC:3F:36:A5,SCKS,-0.765626,1.996095,-0.761719,-30.24,5.6,309.119995,0.317696,0.803584,-0.270976,278,578,706,2.269536132310301
2024-04-25 14:16:05.788000+00:00,2024-04-25 14:15:30+00:00,2024-04-25 14:17:30+00:00,TABUENCA01-45,Sensoria-C1-E90A,Left,Gait,1.0.5,40.3882544,-3.6292402,F0:75:B1:51:59:F6,SCKS,-0.53125,2.281249,0.59375,94.080002,16.799999,-207.199997,0.448512,0.60736,-0.317696,707,563,444,2.416373858698401
2024-04-25 14:16:05.803000+00:00,2024-04-25 14:15:30+00:00,2024-04-25 14:17:30+00:00,TABUENCA01-45,Sensoria-C1-E90A,Left,Gait,1.0.5,40.3882544,-3.6292402,F0:75:B1:51:59:F6,SCKS,0.0,1.031249,-0.15625,77.279999,-66.080002,-134.399994,0.42048,0.644736,-0.299008,678,552,373,1.0430189655519213
2024-04-25 14:16:05.812000+00:00,2024-04-25 14:15:30+00:00,2024-04-25 14:17:30+00:00,TABUENCA01-45,Sensoria-C1-EEA1,Right,Gait,1.0.5,40.3882544,-3.6292402,CB:AA:BC:3F:36:A5,SCKS,-0.632813,1.996095,-1.039063,-13.440001,-82.879997,341.600006,0.37376,0.79424,-0.28032,340,631,707,2.337626886387774
2024-04-25 14:16:05.828000+00:00,2024-04-25 14:15:30+00:00,2024-04-25 14:17:30+00:00,TABUENCA01-45,Sensoria-C1-EEA1,Right,Gait,1.0.5,40.3882544,-3.6292402,CB:AA:BC:3F:36:A5,SCKS,-0.230469,0.507813,-0.804688,6.72,-28.0,283.360016,0.37376,0.79424,-0.28032,407,674,709,0.9790366593105694
2024-04-25 14:16:05.836000+00:00,2024-04-25 14:15:30+00:00,2024-04-25 14:17:30+00:00,TABUENCA01-45,Sensoria-C1-E90A,Left,Gait,1.0.5,40.3882544,-3.6292402,F0:75:B1:51:59:F6,SCKS,0.0,0.968749,-0.1875,34.720001,-51.52,-77.279999,0.401792,0.663424,-0.270976,645,527,353,0.9867273559606017
2024-04-25 14:16:05.844000+00:00,2024-04-25 14:15:30+00:00,2024-04-25 14:17:30+00:00,TABUENCA01-45,Sensoria-C1-EEA1,Right,Gait,1.0.5,40.3882544,-3.6292402,CB:AA:BC:3F:36:A5,SCKS,0.351563,-0.667969,-1.019532,5.6,71.68,176.960007,0.42048,0.784896,-0.270976,452,699,709,1.2685521774661066
2024-04-25 14:16:05.861000+00:00,2024-04-25 14:15:30+00:00,2024-04-25 14:17:30+00:00,TABUENCA01-45,Sensoria-C1-EEA1,Right,Gait,1.0.5,40.3882544,-3.6292402,CB:AA:BC:3F:36:A5,SCKS,-1.238282,0.597657,-0.671875,7.84,217.279999,35.84,0.439168,0.775552,-0.289664,476,709,706,1.5303438230665685
2024-04-25 14:16:05.868000+00:00,2024-04-25 14:15:30+00:00,2024-04-25 14:17:30+00:00,TABUENCA01-45,Sensoria-C1-E90A,Left,Gait,1.0.5,40.3882544,-3.6292402,F0:75:B1:51:59:F6,SCKS,0.0625,0.999999,-0.125,15.68,-44.799999,-35.84,0.392448,0.682112,-0.252288,617,502,355,1.009717410962592
2024-04-25 14:16:05.877000+00:00,2024-04-25 14:15:30+00:00,2024-04-25 14:17:30+00:00,TABUENCA01-45,Sensoria-C1-EEA1,Right,Gait,1.0.5,40.3882544,-3.6292402,CB:AA:BC:3F:36:A5,SCKS,-1.601564,0.128906,-0.375,-29.120001,146.720001,-81.760002,0.439168,0.784896,-0.299008,485,717,705,1.6499239385292888
2024-04-25 14:16:05.910000+00:00,2024-04-25 14:15:30+00:00,2024-04-25 14:17:30+00:00,TABUENCA01-45,Sensoria-C1-EEA1,Right,Gait,1.0.5,40.3882544,-3.6292402,CB:AA:BC:3F:36:A5,SCKS,-0.863282,-0.214844,0.058594,-31.360001,75.040001,-88.480003,0.42048,0.784896,-0.299008,492,720,703,0.8915419298586018
2024-04-25 14:16:05.917000+00:00,2024-04-25 14:15:30+00:00,2024-04-25 14:17:30+00:00,TABUENCA01-45,Sensoria-C1-E90A,Left,Gait,1.0.5,40.3882544,-3.6292402,F0:75:B1:51:59:F6,SCKS,0.125,0.999999,-0.25,6.72,-38.080002,-26.880001,0.383104,0.682112,-0.252288,586,472,401,1.0383270197779695
2024-04-25 14:16:05.926000+00:00,2024-04-25 14:15:30+00:00,2024-04-25 14:17:30+00:00,TABUENCA01-45,Sensoria-C1-EEA1,Right,Gait,1.0.5,40.3882544,-3.6292402,CB:AA:BC:3F:36:A5,SCKS,-0.414063,-0.246094,0.074219,30.24,15.68,-135.520004,0.42048,0.784896,-0.299008,494,722,702,0.48735909221640666
2024-04-25 14:16:05.933000+00:00,2024-04-25 14:15:30+00:00,2024-04-25 14:17:30+00:00,TABUENCA01-45,Sensoria-C1-E90A,Left,Gait,1.0.5,40.3882544,-3.6292402,F0:75:B1:51:59:F6,SCKS,0.09375,0.9375,-0.15625,3.36,-43.68,-24.639999,0.37376,0.691456,-0.2336,571,457,450,0.9550441743710079
2024-04-25 14:16:05.942000+00:00,2024-04-25 14:15:30+00:00,2024-04-25 14:17:30+00:00,TABUENCA01-45,Sensoria-C1-EEA1,Right,Gait,1.0.5,40.3882544,-3.6292402,CB:AA:BC:3F:36:A5,SCKS,-0.5625,0.058594,-0.078125,52.639999,13.440001,-196.0,0.392448,0.803584,-0.289664,494,721,701,0.5709141988609147
2024-04-25 14:16:05.958000+00:00,2024-04-25 14:15:30+00:00,2024-04-25 14:17:30+00:00,TABUENCA01-45,Sensoria-C1-EEA1,Right,Gait,1.0.5,40.3882544,-3.6292402,CB:AA:BC:3F:36:A5,SCKS,-0.675782,0.363282,-0.125,51.52,-8.96,-246.399994,0.355072,0.803584,-0.289664,496,720,700,0.7773545671365159
2024-04-25 14:16:05.966000+00:00,2024-04-25 14:15:30+00:00,2024-04-25 14:17:30+00:00,TABUENCA01-45,Sensoria-C1-E90A,Left,Gait,1.0.5,40.3882544,-3.6292402,F0:75:B1:51:59:F6,SCKS,0.0625,0.9375,-0.25,1.12,-43.68,-17.92,0.364416,0.7008,-0.242944,560,445,504,0.9722718241315028
2024-04-25 14:16:05.991000+00:00,2024-04-25 14:15:30+00:00,2024-04-25 14:17:30+00:00,TABUENCA01-45,Sensoria-C1-EEA1,Right,Gait,1.0.5,40.3882544,-3.6292402,CB:AA:BC:3F:36:A5,SCKS,-0.53125,0.425782,-0.027344,49.279999,-39.200001,-283.360016,0.299008,0.812928,-0.289664,493,720,698,0.6813696268252644
2024-04-25 14:16:05.998000+00:00,2024-04-25 14:15:30+00:00,2024-04-25 14:17:30+00:00,TABUENCA01-45,Sensoria-C1-E90A,Left,Gait,1.0.5,40.3882544,-3.6292402,F0:75:B1:51:59:F6,SCKS,0.0625,0.9375,-0.28125,0.0,-39.200001,-19.040001,0.355072,0.7008,-0.242944,549,431,552,0.980772176654701
2024-04-25 14:16:06.007000+00:00,2024-04-25 14:15:30+00:00,2024-04-25 14:17:30+00:00,TABUENCA01-45,Sensoria-C1-EEA1,Right,Gait,1.0.5,40.3882544,-3.6292402,CB:AA:BC:3F:36:A5,SCKS,-0.460938,0.609375,-0.011719,58.240002,-57.119999,-322.559998,0.242944,0.79424,-0.261632,494,718,698,0.7641590576771304
2024-04-25 14:16:06.024000+00:00,2024-04-25 14:15:30+00:00,2024-04-25 14:17:30+00:00,TABUENCA01-45,Sensoria-C1-EEA1,Right,Gait,1.0.5,40.3882544,-3.6292402,CB:AA:BC:3F:36:A5,SCKS,-0.496094,0.957032,-0.050781,57.119999,-49.279999,-374.079987,0.177536,0.784896,-0.261632,493,717,697,1.079165518269093
2024-04-25 14:16:06.030000+00:00,2024-04-25 14:15:30+00:00,2024-04-25 14:17:30+00:00,TABUENCA01-45,Sensoria-C1-E90A,Left,Gait,1.0.5,40.3882544,-3.6292402,F0:75:B1:51:59:F6,SCKS,0.03125,0.9375,-0.25,0.0,-40.32,-23.52,0.355072,0.7008,-0.214912,542,422,582,0.9707640354380667
2024-04-25 14:16:06.039000+00:00,2024-04-25 14:15:30+00:00,2024-04-25 14:17:30+00:00,TABUENCA01-45,Sensoria-C1-EEA1,Right,Gait,1.0.5,40.3882544,-3.6292402,CB:AA:BC:3F:36:A5,SCKS,-0.460938,1.675782,-0.023438,39.200001,-20.16,-390.880005,0.177536,0.784896,-0.261632,492,716,697,1.7381767721414298
2024-04-25 14:16:06.072000+00:00,2024-04-25 14:15:30+00:00,2024-04-25 14:17:30+00:00,TABUENCA01-45,Sensoria-C1-EEA1,Right,Gait,1.0.5,40.3882544,-3.6292402,CB:AA:BC:3F:36:A5,SCKS,-0.457032,1.996095,0.230469,15.68,34.720001,-389.76001,0.112128,0.756864,-0.261632,494,716,695,2.060676941689308
2024-04-25 14:16:06.081000+00:00,2024-04-25 14:15:30+00:00,2024-04-25 14:17:30+00:00,TABUENCA01-45,Sensoria-C1-E90A,Left,Gait,1.0.5,40.3882544,-3.6292402,F0:75:B1:51:59:F6,SCKS,0.0,0.9375,-0.1875,11.2,-31.360001,-39.200001,0.336384,0.719488,-0.224256,523,393,625,0.9560661587986472
2024-04-25 14:16:06.088000+00:00,2024-04-25 14:15:30+00:00,2024-04-25 14:17:30+00:00,TABUENCA01-45,Sensoria-C1-EEA1,Right,Gait,1.0.5,40.3882544,-3.6292402,CB:AA:BC:3F:36:A5,SCKS,-0.023438,1.996095,0.429688,52.639999,10.08,-389.76001,0.056064,0.719488,-0.252288,492,717,696,2.0419540558526283
2024-04-25 14:16:06.095000+00:00,2024-04-25 14:15:30+00:00,2024-04-25 14:17:30+00:00,TABUENCA01-45,Sensoria-C1-E90A,Left,Gait,1.0.5,40.3882544,-3.6292402,F0:75:B1:51:59:F6,SCKS,-0.03125,0.9375,-0.1875,10.08,-30.24,-49.279999,0.32704,0.719488,-0.205568,504,364,645,0.9565767415633729
2024-04-25 14:16:06.104000+00:00,2024-04-25 14:15:30+00:00,2024-04-25 14:17:30+00:00,TABUENCA01-45,Sensoria-C1-EEA1,Right,Gait,1.0.5,40.3882544,-3.6292402,CB:AA:BC:3F:36:A5,SCKS,0.539063,1.996095,0.515625,77.279999,-30.24,-400.959991,0.0,0.682112,-0.252288,490,716,697,2.1309278044126696
2024-04-25 14:16:06.120000+00:00,2024-04-25 14:15:30+00:00,2024-04-25 14:17:30+00:00,TABUENCA01-45,Sensoria-C1-EEA1,Right,Gait,1.0.5,40.3882544,-3.6292402,CB:AA:BC:3F:36:A5,SCKS,1.476564,1.996095,0.253906,49.279999,-70.559998,-399.839996,-0.037376,0.626048,-0.252288,489,716,698,2.4958174516492586
2024-04-25 14:16:06.128000+00:00,2024-04-25 14:15:30+00:00,2024-04-25 14:17:30+00:00,TABUENCA01-45,Sensoria-C1-E90A,Left,Gait,1.0.5,40.3882544,-3.6292402,F0:75:B1:51:59:F6,SCKS,0.0,1.062499,-0.1875,3.36,-29.120001,-57.119999,0.317696,0.728832,-0.214912,480,332,662,1.0789162965684596
2024-04-25 14:16:06.137000+00:00,2024-04-25 14:15:30+00:00,2024-04-25 14:17:30+00:00,TABUENCA01-45,Sensoria-C1-EEA1,Right,Gait,1.0.5,40.3882544,-3.6292402,CB:AA:BC:3F:36:A5,SCKS,1.996095,1.996095,-0.640625,60.48,-75.040001,-329.279999,-0.037376,0.626048,-0.252288,490,715,701,2.8946832104178517
2024-04-25 14:16:06.144000+00:00,2024-04-25 14:15:30+00:00,2024-04-25 14:17:30+00:00,TABUENCA01-45,Sensoria-C1-E90A,Left,Gait,1.0.5,40.3882544,-3.6292402,F0:75:B1:51:59:F6,SCKS,0.0625,1.187499,-0.09375,-3.36,-34.720001,-73.919998,0.308352,0.728832,-0.214912,455,302,681,1.192832422220741
2024-04-25 14:16:06.169000+00:00,2024-04-25 14:15:30+00:00,2024-04-25 14:17:30+00:00,TABUENCA01-45,Sensoria-C1-EEA1,Right,Gait,1.0.5,40.3882544,-3.6292402,CB:AA:BC:3F:36:A5,SCKS,1.996095,1.093751,0.324219,69.440002,3.36,-168.0,-0.065408,0.579328,-0.270976,490,715,701,2.2990877449516796
2024-04-25 14:16:06.177000+00:00,2024-04-25 14:15:30+00:00,2024-04-25 14:17:30+00:00,TABUENCA01-45,Sensoria-C1-E90A,Left,Gait,1.0.5,40.3882544,-3.6292402,F0:75:B1:51:59:F6,SCKS,0.0625,1.218749,0.0,-3.36,-28.0,-104.160004,0.289664,0.738176,-0.214912,436,280,697,1.2203505131727523
2024-04-25 14:16:06.185000+00:00,2024-04-25 14:15:30+00:00,2024-04-25 14:17:30+00:00,TABUENCA01-45,Sensoria-C1-EEA1,Right,Gait,1.0.5,40.3882544,-3.6292402,CB:AA:BC:3F:36:A5,SCKS,1.996095,1.996095,0.945313,8.96,-5.6,59.360001,-0.074752,0.569984,-0.242944,487,716,707,2.9769795373866783
2024-04-25 14:16:06.202000+00:00,2024-04-25 14:15:30+00:00,2024-04-25 14:17:30+00:00,TABUENCA01-45,Sensoria-C1-EEA1,Right,Gait,1.0.5,40.3882544,-3.6292402,CB:AA:BC:3F:36:A5,SCKS,-1.234376,0.925782,-0.148438,-6.72,-151.199997,134.399994,-0.074752,0.569984,-0.242944,489,713,699,1.5500936296701564
2024-04-25 14:16:06.209000+00:00,2024-04-25 14:15:30+00:00,2024-04-25 14:17:30+00:00,TABUENCA01-45,Sensoria-C1-E90A,Left,Gait,1.0.5,40.3882544,-3.6292402,F0:75:B1:51:59:F6,SCKS,0.25,1.531249,-0.40625,5.6,-16.799999,-136.639999,0.252288,0.766208,-0.214912,420,272,705,1.603827472797807
2024-04-25 14:16:06.218000+00:00,2024-04-25 14:15:30+00:00,2024-04-25 14:17:30+00:00,TABUENCA01-45,Sensoria-C1-EEA1,Right,Gait,1.0.5,40.3882544,-3.6292402,CB:AA:BC:3F:36:A5,SCKS,-1.777345,0.671875,1.523439,12.32,-173.600006,116.480003,-0.074752,0.588672,-0.28032,497,715,664,2.4354132403703073
2024-04-25 14:16:06.251000+00:00,2024-04-25 14:15:30+00:00,2024-04-25 14:17:30+00:00,TABUENCA01-45,Sensoria-C1-EEA1,Right,Gait,1.0.5,40.3882544,-3.6292402,CB:AA:BC:3F:36:A5,SCKS,1.296876,1.734376,0.398438,68.32,-193.759995,278.880005,-0.056064,0.626048,-0.299008,504,719,603,2.2019764550503256
2024-04-25 14:16:06.258000+00:00,2024-04-25 14:15:30+00:00,2024-04-25 14:17:30+00:00,TABUENCA01-45,Sensoria-C1-E90A,Left,Gait,1.0.5,40.3882544,-3.6292402,F0:75:B1:51:59:F6,SCKS,0.4375,1.968749,-0.1875,-1.12,-33.599998,-178.080002,0.214912,0.775552,-0.224256,438,298,707,2.025471580891966
2024-04-25 14:16:06.267000+00:00,2024-04-25 14:15:30+00:00,2024-04-25 14:17:30+00:00,TABUENCA01-45,Sensoria-C1-EEA1,Right,Gait,1.0.5,40.3882544,-3.6292402,CB:AA:BC:3F:36:A5,SCKS,0.582032,1.820314,-0.144531,51.52,-6.72,246.399994,-0.037376,0.65408,-0.299008,509,725,522,1.9165577261280182
2024-04-25 14:16:06.275000+00:00,2024-04-25 14:15:30+00:00,2024-04-25 14:17:30+00:00,TABUENCA01-45,Sensoria-C1-E90A,Left,Gait,1.0.5,40.3882544,-3.6292402,F0:75:B1:51:59:F6,SCKS,1.249999,2.718749,0.03125,-16.799999,-52.639999,-222.880005,0.177536,0.784896,-0.214912,496,351,707,2.992502328737941
2024-04-25 14:16:06.283000+00:00,2024-04-25 14:15:30+00:00,2024-04-25 14:17:30+00:00,TABUENCA01-45,Sensoria-C1-EEA1,Right,Gait,1.0.5,40.3882544,-3.6292402,CB:AA:BC:3F:36:A5,SCKS,0.363282,1.351563,-0.484375,51.52,34.720001,218.399994,-0.037376,0.65408,-0.299008,509,723,455,1.4809846370297026
2024-04-25 14:16:06.299000+00:00,2024-04-25 14:15:30+00:00,2024-04-25 14:17:30+00:00,TABUENCA01-45,Sensoria-C1-EEA1,Right,Gait,1.0.5,40.3882544,-3.6292402,CB:AA:BC:3F:36:A5,SCKS,0.113281,0.976563,-0.234375,-7.84,50.400002,200.479996,-0.018688,0.691456,-0.289664,502,726,420,1.0106629104478901
2024-04-25 14:16:06.307000+00:00,2024-04-25 14:15:30+00:00,2024-04-25 14:17:30+00:00,TABUENCA01-45,Sensoria-C1-E90A,Left,Gait,1.0.5,40.3882544,-3.6292402,F0:75:B1:51:59:F6,SCKS,0.625,2.343749,-0.25,-59.360001,-129.919998,-229.600006,0.130816,0.79424,-0.205568,544,403,707,2.4385004357188453
2024-04-25 14:16:06.332000+00:00,2024-04-25 14:15:30+00:00,2024-04-25 14:17:30+00:00,TABUENCA01-45,Sensoria-C1-EEA1,Right,Gait,1.0.5,40.3882544,-3.6292402,CB:AA:BC:3F:36:A5,SCKS,0.339844,0.933594,0.140625,6.72,2.24,143.360001,0.0,0.710144,-0.289664,485,729,390,1.0034276714327746
2024-04-25 14:16:06.340000+00:00,2024-04-25 14:15:30+00:00,2024-04-25 14:17:30+00:00,TABUENCA01-45,Sensoria-C1-E90A,Left,Gait,1.0.5,40.3882544,-3.6292402,F0:75:B1:51:59:F6,SCKS,0.84375,1.781249,-0.875,5.6,1.12,-286.720001,0.084096,0.79424,-0.224256,609,477,709,2.156475611385624
2024-04-25 14:16:06.348000+00:00,2024-04-25 14:15:30+00:00,2024-04-25 14:17:30+00:00,TABUENCA01-45,Sensoria-C1-EEA1,Right,Gait,1.0.5,40.3882544,-3.6292402,CB:AA:BC:3F:36:A5,SCKS,-0.109375,0.921876,-0.125,0.0,8.96,123.199997,0.018688,0.728832,-0.270976,463,726,371,0.9367194083614367
2024-04-25 14:16:06.365000+00:00,2024-04-25 14:15:30+00:00,2024-04-25 14:17:30+00:00,TABUENCA01-45,Sensoria-C1-EEA1,Right,Gait,1.0.5,40.3882544,-3.6292402,CB:AA:BC:3F:36:A5,SCKS,0.128906,0.960938,0.054688,-7.84,-1.12,104.160004,0.028032,0.738176,-0.28032,438,710,362,0.9710866974807141
2024-04-25 14:16:06.381000+00:00,2024-04-25 14:15:30+00:00,2024-04-25 14:17:30+00:00,TABUENCA01-45,Sensoria-C1-EEA1,Right,Gait,1.0.5,40.3882544,-3.6292402,CB:AA:BC:3F:36:A5,SCKS,0.015625,1.058594,0.105469,3.36,-15.68,78.400002,0.028032,0.738176,-0.28032,415,687,361,1.0639497673396052
2024-04-25 14:16:06.388000+00:00,2024-04-25 14:15:30+00:00,2024-04-25 14:17:30+00:00,TABUENCA01-45,Sensoria-C1-E90A,Left,Gait,1.0.5,40.3882544,-3.6292402,F0:75:B1:51:59:F6,SCKS,0.59375,0.25,-0.34375,16.799999,-5.6,-191.520004,0.0,0.79424,-0.224256,664,532,711,0.7302075903467452
2024-04-25 14:16:06.397000+00:00,2024-04-25 14:15:30+00:00,2024-04-25 14:17:30+00:00,TABUENCA01-45,Sensoria-C1-EEA1,Right,Gait,1.0.5,40.3882544,-3.6292402,CB:AA:BC:3F:36:A5,SCKS,0.050781,1.058594,-0.039063,6.72,-10.08,63.84,0.037376,0.738176,-0.289664,396,663,362,1.0605309447470168
2024-04-25 14:16:06.404000+00:00,2024-04-25 14:15:30+00:00,2024-04-25 14:17:30+00:00,TABUENCA01-45,Sensoria-C1-E90A,Left,Gait,1.0.5,40.3882544,-3.6292402,F0:75:B1:51:59:F6,SCKS,1.749999,0.0,-0.15625,16.799999,-157.919998,120.959999,-0.018688,0.79424,-0.224256,699,553,708,1.7569606035711218
2024-04-25 14:16:06.430000+00:00,2024-04-25 14:15:30+00:00,2024-04-25 14:17:30+00:00,TABUENCA01-45,Sensoria-C1-EEA1,Right,Gait,1.0.5,40.3882544,-3.6292402,CB:AA:BC:3F:36:A5,SCKS,-0.019531,0.968751,0.136719,-2.24,0.0,50.400002,0.04672,0.74752,-0.28032,381,643,372,0.9785458828910375
2024-04-25 14:16:06.437000+00:00,2024-04-25 14:15:30+00:00,2024-04-25 14:17:30+00:00,TABUENCA01-45,Sensoria-C1-E90A,Left,Gait,1.0.5,40.3882544,-3.6292402,F0:75:B1:51:59:F6,SCKS,0.8125,-0.15625,0.21875,-7.84,13.440001,174.720001,0.028032,0.803584,-0.224256,706,556,706,0.8558164961018221
2024-04-25 14:16:06.446000+00:00,2024-04-25 14:15:30+00:00,2024-04-25 14:17:30+00:00,TABUENCA01-45,Sensoria-C1-EEA1,Right,Gait,1.0.5,40.3882544,-3.6292402,CB:AA:BC:3F:36:A5,SCKS,-0.015625,1.054688,-0.125,7.84,7.84,45.920002,0.04672,0.74752,-0.289664,370,626,389,1.0621845027908288
2024-04-25 14:16:06.462000+00:00,2024-04-25 14:15:30+00:00,2024-04-25 14:17:30+00:00,TABUENCA01-45,Sensoria-C1-EEA1,Right,Gait,1.0.5,40.3882544,-3.6292402,CB:AA:BC:3F:36:A5,SCKS,-0.003906,0.941407,0.003906,-10.08,15.68,43.68,0.056064,0.74752,-0.28032,359,612,412,0.9414232062791952
2024-04-25 14:16:06.470000+00:00,2024-04-25 14:15:30+00:00,2024-04-25 14:17:30+00:00,TABUENCA01-45,Sensoria-C1-E90A,Left,Gait,1.0.5,40.3882544,-3.6292402,F0:75:B1:51:59:F6,SCKS,0.46875,0.15625,0.03125,17.92,31.360001,265.440002,0.074752,0.803584,-0.214912,708,555,706,0.49509310992983935
2024-04-25 14:16:06.478000+00:00,2024-04-25 14:15:30+00:00,2024-04-25 14:17:30+00:00,TABUENCA01-45,Sensoria-C1-EEA1,Right,Gait,1.0.5,40.3882544,-3.6292402,CB:AA:BC:3F:36:A5,SCKS,0.042969,0.972657,-0.011719,-11.2,22.4,42.560001,0.056064,0.74752,-0.28032,354,602,437,0.9736761831178783
2024-04-25 14:16:06.486000+00:00,2024-04-25 14:15:30+00:00,2024-04-25 14:17:30+00:00,TABUENCA01-45,Sensoria-C1-E90A,Left,Gait,1.0.5,40.3882544,-3.6292402,F0:75:B1:51:59:F6,SCKS,0.625,0.6875,-0.03125,19.040001,35.84,336.0,0.130816,0.79424,-0.214912,709,553,704,0.9296546737902198
2024-04-25 14:16:06.511000+00:00,2024-04-25 14:15:30+00:00,2024-04-25 14:17:30+00:00,TABUENCA01-45,Sensoria-C1-EEA1,Right,Gait,1.0.5,40.3882544,-3.6292402,CB:AA:BC:3F:36:A5,SCKS,0.0,0.980469,0.011719,-15.68,29.120001,36.959999,0.065408,0.74752,-0.270976,346,592,465,0.9805390328395908
2024-04-25 14:16:06.518000+00:00,2024-04-25 14:15:30+00:00,2024-04-25 14:17:30+00:00,TABUENCA01-45,Sensoria-C1-E90A,Left,Gait,1.0.5,40.3882544,-3.6292402,F0:75:B1:51:59:F6,SCKS,0.40625,1.031249,0.09375,0.0,54.880001,379.679993,0.196224,0.775552,-0.214912,708,553,703,1.1123410560619438
2024-04-25 14:16:06.528000+00:00,2024-04-25 14:15:30+00:00,2024-04-25 14:17:30+00:00,TABUENCA01-45,Sensoria-C1-EEA1,Right,Gait,1.0.5,40.3882544,-3.6292402,CB:AA:BC:3F:36:A5,SCKS,0.007813,0.976563,-0.015625,-13.440001,21.280001,33.599998,0.065408,0.756864,-0.289664,339,582,493,0.9767192414215049
2024-04-25 14:16:06.543000+00:00,2024-04-25 14:15:30+00:00,2024-04-25 14:17:30+00:00,TABUENCA01-45,Sensoria-C1-EEA1,Right,Gait,1.0.5,40.3882544,-3.6292402,CB:AA:BC:3F:36:A5,SCKS,0.027344,0.984376,-0.046875,-12.32,14.56,33.599998,0.074752,0.756864,-0.28032,332,572,518,0.9858707163401295
2024-04-25 14:16:06.551000+00:00,2024-04-25 14:15:30+00:00,2024-04-25 14:17:30+00:00,TABUENCA01-45,Sensoria-C1-E90A,Left,Gait,1.0.5,40.3882544,-3.6292402,F0:75:B1:51:59:F6,SCKS,0.46875,1.562499,0.03125,-12.32,41.439999,425.600006,0.261632,0.756864,-0.205568,708,551,700,1.6315962276252665
2024-04-25 14:16:06.560000+00:00,2024-04-25 14:15:30+00:00,2024-04-25 14:17:30+00:00,TABUENCA01-45,Sensoria-C1-EEA1,Right,Gait,1.0.5,40.3882544,-3.6292402,CB:AA:BC:3F:36:A5,SCKS,0.046875,0.984376,-0.035156,-11.2,14.56,35.84,0.074752,0.756864,-0.299008,323,564,546,0.9861183089959339
2024-04-25 14:16:06.583000+00:00,2024-04-25 14:15:30+00:00,2024-04-25 14:17:30+00:00,TABUENCA01-45,Sensoria-C1-E90A,Left,Gait,1.0.5,40.3882544,-3.6292402,F0:75:B1:51:59:F6,SCKS,0.53125,2.624999,0.0625,-32.48,11.2,453.600006,0.401792,0.663424,-0.214912,708,549,700,2.6789461664059244
2024-04-25 14:16:06.592000+00:00,2024-04-25 14:15:30+00:00,2024-04-25 14:17:30+00:00,TABUENCA01-45,Sensoria-C1-EEA1,Right,Gait,1.0.5,40.3882544,-3.6292402,CB:AA:BC:3F:36:A5,SCKS,0.011719,0.988282,0.007813,-11.2,15.68,42.560001,0.074752,0.756864,-0.299008,312,552,570,0.9883823599467971
2024-04-25 14:16:06.608000+00:00,2024-04-25 14:15:30+00:00,2024-04-25 14:17:30+00:00,TABUENCA01-45,Sensoria-C1-EEA1,Right,Gait,1.0.5,40.3882544,-3.6292402,CB:AA:BC:3F:36:A5,SCKS,-0.027344,0.953126,0.089844,-12.32,13.440001,51.52,0.084096,0.766208,-0.28032,298,539,590,0.9577415155186706
2024-04-25 14:16:06.615000+00:00,2024-04-25 14:15:30+00:00,2024-04-25 14:17:30+00:00,TABUENCA01-45,Sensoria-C1-E90A,Left,Gait,1.0.5,40.3882544,-3.6292402,F0:75:B1:51:59:F6,SCKS,-0.34375,3.187498,0.375,-20.16,26.880001,454.720001,0.457856,0.598016,-0.2336,707,549,699,3.227837133825683
2024-04-25 14:16:06.624000+00:00,2024-04-25 14:15:30+00:00,2024-04-25 14:17:30+00:00,TABUENCA01-45,Sensoria-C1-EEA1,Right,Gait,1.0.5,40.3882544,-3.6292402,CB:AA:BC:3F:36:A5,SCKS,-0.015625,0.957032,0.046875,-5.6,-2.24,62.720001,0.09344,0.766208,-0.28032,282,523,615,0.9583066603514764
2024-04-25 14:16:06.640000+00:00,2024-04-25 14:15:30+00:00,2024-04-25 14:17:30+00:00,TABUENCA01-45,Sensoria-C1-EEA1,Right,Gait,1.0.5,40.3882544,-3.6292402,CB:AA:BC:3F:36:A5,SCKS,0.0,1.042969,0.078125,-5.6,-14.56,77.279999,0.102784,0.775552,-0.28032,266,506,638,1.0458909362768185
2024-04-25 14:16:06.648000+00:00,2024-04-25 14:15:30+00:00,2024-04-25 14:17:30+00:00,TABUENCA01-45,Sensoria-C1-E90A,Left,Gait,1.0.5,40.3882544,-3.6292402,F0:75:B1:51:59:F6,SCKS,-1.343749,3.281248,0.0,-35.84,71.68,393.119995,0.495232,0.523264,-0.2336,708,547,703,3.545736850431092
2024-04-25 14:16:06.657000+00:00,2024-04-25 14:15:30+00:00,2024-04-25 14:17:30+00:00,TABUENCA01-45,Sensoria-C1-EEA1,Right,Gait,1.0.5,40.3882544,-3.6292402,CB:AA:BC:3F:36:A5,SCKS,-0.011719,1.214845,0.0,-13.440001,-20.16,90.720001,0.112128,0.784896,-0.28032,253,485,661,1.2149015223408028
2024-04-25 14:16:06.681000+00:00,2024-04-25 14:15:30+00:00,2024-04-25 14:17:30+00:00,TABUENCA01-45,Sensoria-C1-E90A,Left,Gait,1.0.5,40.3882544,-3.6292402,F0:75:B1:51:59:F6,SCKS,-4.624998,0.90625,-0.40625,12.32,97.440002,193.759995,0.51392,0.476544,-0.270976,703,548,707,4.730426473903172
2024-04-25 14:16:06.689000+00:00,2024-04-25 14:15:30+00:00,2024-04-25 14:17:30+00:00,TABUENCA01-45,Sensoria-C1-EEA1,Right,Gait,1.0.5,40.3882544,-3.6292402,CB:AA:BC:3F:36:A5,SCKS,-0.070313,1.281251,0.253906,-20.16,-21.280001,107.520004,0.112128,0.784896,-0.28032,239,470,681,1.3080582172846895
2024-04-25 14:16:06.705000+00:00,2024-04-25 14:15:30+00:00,2024-04-25 14:17:30+00:00,TABUENCA01-45,Sensoria-C1-EEA1,Right,Gait,1.0.5,40.3882544,-3.6292402,CB:AA:BC:3F:36:A5,SCKS,-0.109375,1.328126,0.097656,-24.639999,-31.360001,125.440002,0.130816,0.784896,-0.289664,228,457,695,1.3361954411076995
2024-04-25 14:16:06.713000+00:00,2024-04-25 14:15:30+00:00,2024-04-25 14:17:30+00:00,TABUENCA01-45,Sensoria-C1-E90A,Left,Gait,1.0.5,40.3882544,-3.6292402,F0:75:B1:51:59:F6,SCKS,-2.937498,2.187499,-0.53125,24.639999,-89.599998,-40.32,0.523264,0.4672,-0.252288,701,548,709,3.7008475971735177
2024-04-25 14:16:06.738000+00:00,2024-04-25 14:15:30+00:00,2024-04-25 14:17:30+00:00,TABUENCA01-45,Sensoria-C1-EEA1,Right,Gait,1.0.5,40.3882544,-3.6292402,CB:AA:BC:3F:36:A5,SCKS,-0.386719,1.996095,0.003906,-36.959999,-10.08,181.440002,0.196224,0.79424,-0.289664,215,458,709,2.0332147183271125
2024-04-25 14:16:06.746000+00:00,2024-04-25 14:15:30+00:00,2024-04-25 14:17:30+00:00,TABUENCA01-45,Sensoria-C1-E90A,Left,Gait,1.0.5,40.3882544,-3.6292402,F0:75:B1:51:59:F6,SCKS,-1.531249,1.968749,0.5,41.439999,227.360001,-287.839996,0.495232,0.504576,-0.261632,707,552,644,2.5437563022038883
2024-04-25 14:16:06.770000+00:00,2024-04-25 14:15:30+00:00,2024-04-25 14:17:30+00:00,TABUENCA01-45,Sensoria-C1-EEA1,Right,Gait,1.0.5,40.3882544,-3.6292402,CB:AA:BC:3F:36:A5,SCKS,-1.351563,1.996095,0.695313,-62.720001,39.200001,231.839996,0.224256,0.803584,-0.308352,220,480,712,2.508899750879457
2024-04-25 14:16:06.778000+00:00,2024-04-25 14:15:30+00:00,2024-04-25 14:17:30+00:00,TABUENCA01-45,Sensoria-C1-E90A,Left,Gait,1.0.5,40.3882544,-3.6292402,F0:75:B1:51:59:F6,SCKS,-0.09375,1.874999,-0.84375,117.599998,8.96,-220.639999,0.476544,0.56064,-0.28032,708,556,490,2.058233314034393
2024-04-25 14:16:06.787000+00:00,2024-04-25 14:15:30+00:00,2024-04-25 14:17:30+00:00,TABUENCA01-45,Sensoria-C1-EEA1,Right,Gait,1.0.5,40.3882544,-3.6292402,CB:AA:BC:3F:36:A5,SCKS,-1.41797,1.996095,0.445313,-73.919998,38.080002,269.920013,0.28032,0.803584,-0.317696,244,504,712,2.488641765681433
2024-04-25 14:16:06.803000+00:00,2024-04-25 14:15:30+00:00,2024-04-25 14:17:30+00:00,TABUENCA01-45,Sensoria-C1-EEA1,Right,Gait,1.0.5,40.3882544,-3.6292402,CB:AA:BC:3F:36:A5,SCKS,-0.722657,1.996095,-0.574219,-49.279999,-47.040001,318.079987,0.28032,0.803584,-0.317696,289,548,713,2.1991716278260323
2024-04-25 14:16:06.811000+00:00,2024-04-25 14:15:30+00:00,2024-04-25 14:17:30+00:00,TABUENCA01-45,Sensoria-C1-E90A,Left,Gait,1.0.5,40.3882544,-3.6292402,F0:75:B1:51:59:F6,SCKS,0.21875,1.093749,0.625,42.560001,-134.399994,-245.279999,0.429824,0.635392,-0.261632,692,563,375,1.2785786786510247
2024-04-25 14:16:06.819000+00:00,2024-04-25 14:15:30+00:00,2024-04-25 14:17:30+00:00,TABUENCA01-45,Sensoria-C1-EEA1,Right,Gait,1.0.5,40.3882544,-3.6292402,CB:AA:BC:3F:36:A5,SCKS,-0.65625,1.996095,-1.183595,-20.16,-125.440002,349.440002,0.32704,0.803584,-0.32704,353,607,713,2.411629415053233
2024-04-25 14:16:06.827000+00:00,2024-04-25 14:15:30+00:00,2024-04-25 14:17:30+00:00,TABUENCA01-45,Sensoria-C1-E90A,Left,Gait,1.0.5,40.3882544,-3.6292402,F0:75:B1:51:59:F6,SCKS,0.125,0.875,-0.3125,70.559998,-75.040001,-122.080002,0.401792,0.65408,-0.2336,657,547,346,0.9375
2024-04-25 14:16:06.852000+00:00,2024-04-25 14:15:30+00:00,2024-04-25 14:17:30+00:00,TABUENCA01-45,Sensoria-C1-EEA1,Right,Gait,1.0.5,40.3882544,-3.6292402,CB:AA:BC:3F:36:A5,SCKS,-0.503907,0.445313,-0.808594,2.24,-29.120001,277.76001,0.383104,0.803584,-0.32704,418,658,713,1.0516892076340805
2024-04-25 14:16:06.868000+00:00,2024-04-25 14:15:30+00:00,2024-04-25 14:17:30+00:00,TABUENCA01-45,Sensoria-C1-EEA1,Right,Gait,1.0.5,40.3882544,-3.6292402,CB:AA:BC:3F:36:A5,SCKS,0.710938,-0.398438,-0.914063,1.12,44.799999,155.680008,0.42048,0.803584,-0.336384,458,685,711,1.2246211037120829
2024-04-25 14:16:06.875000+00:00,2024-04-25 14:15:30+00:00,2024-04-25 14:17:30+00:00,TABUENCA01-45,Sensoria-C1-E90A,Left,Gait,1.0.5,40.3882544,-3.6292402,F0:75:B1:51:59:F6,SCKS,0.15625,0.999999,-0.1875,32.48,-51.52,-53.760002,0.392448,0.672768,-0.224256,615,517,347,1.0293533467672797
2024-04-25 14:16:06.885000+00:00,2024-04-25 14:15:30+00:00,2024-04-25 14:17:30+00:00,TABUENCA01-45,Sensoria-C1-EEA1,Right,Gait,1.0.5,40.3882544,-3.6292402,CB:AA:BC:3F:36:A5,SCKS,-1.406251,0.132813,-0.808594,-21.280001,202.720001,47.040001,0.42048,0.79424,-0.345728,475,703,708,1.6275765495994343
2024-04-25 14:16:06.892000+00:00,2024-04-25 14:15:30+00:00,2024-04-25 14:17:30+00:00,TABUENCA01-45,Sensoria-C1-E90A,Left,Gait,1.0.5,40.3882544,-3.6292402,F0:75:B1:51:59:F6,SCKS,0.03125,0.968749,-0.125,10.08,-33.599998,-39.200001,0.383104,0.682112,-0.214912,577,488,372,0.9772799944238089
2024-04-25 14:16:06.900000+00:00,2024-04-25 14:15:30+00:00,2024-04-25 14:17:30+00:00,TABUENCA01-45,Sensoria-C1-EEA1,Right,Gait,1.0.5,40.3882544,-3.6292402,CB:AA:BC:3F:36:A5,SCKS,-1.488282,0.175781,-0.421875,-22.4,141.119995,-39.200001,0.42048,0.79424,-0.345728,486,711,708,1.556875328056168
2024-04-25 14:16:06.917000+00:00,2024-04-25 14:15:30+00:00,2024-04-25 14:17:30+00:00,TABUENCA01-45,Sensoria-C1-EEA1,Right,Gait,1.0.5,40.3882544,-3.6292402,CB:AA:BC:3F:36:A5,SCKS,-0.738282,-0.367188,-0.042969,16.799999,66.080002,-75.040001,0.42048,0.803584,-0.345728,489,716,707,0.825671650130365
2024-04-25 14:16:06.924000+00:00,2024-04-25 14:15:30+00:00,2024-04-25 14:17:30+00:00,TABUENCA01-45,Sensoria-C1-E90A,Left,Gait,1.0.5,40.3882544,-3.6292402,F0:75:B1:51:59:F6,SCKS,0.125,1.031249,-0.25,-3.36,-30.24,-30.24,0.37376,0.682112,-0.214912,550,462,413,1.0684565971535767
2024-04-25 14:16:06.949000+00:00,2024-04-25 14:15:30+00:00,2024-04-25 14:17:30+00:00,TABUENCA01-45,Sensoria-C1-EEA1,Right,Gait,1.0.5,40.3882544,-3.6292402,CB:AA:BC:3F:36:A5,SCKS,-0.683594,-0.261719,-0.039063,50.400002,23.52,-141.119995,0.401792,0.803584,-0.336384,492,717,705,0.7330235397079687
2024-04-25 14:16:06.957000+00:00,2024-04-25 14:15:30+00:00,2024-04-25 14:17:30+00:00,TABUENCA01-45,Sensoria-C1-E90A,Left,Gait,1.0.5,40.3882544,-3.6292402,F0:75:B1:51:59:F6,SCKS,0.0625,0.9375,-0.125,-7.84,-41.439999,-32.48,0.37376,0.691456,-0.205568,532,443,474,0.9478594305064438
2024-04-25 14:16:06.965000+00:00,2024-04-25 14:15:30+00:00,2024-04-25 14:17:30+00:00,TABUENCA01-45,Sensoria-C1-EEA1,Right,Gait,1.0.5,40.3882544,-3.6292402,CB:AA:BC:3F:36:A5,SCKS,-0.847657,0.105469,-0.117188,69.440002,-16.799999,-212.800003,0.364416,0.812928,-0.32704,493,717,704,0.8621943672710927
2024-04-25 14:16:06.982000+00:00,2024-04-25 14:15:30+00:00,2024-04-25 14:17:30+00:00,TABUENCA01-45,Sensoria-C1-EEA1,Right,Gait,1.0.5,40.3882544,-3.6292402,CB:AA:BC:3F:36:A5,SCKS,-0.675782,0.285156,-0.085938,75.040001,-52.639999,-260.959991,0.308352,0.822272,-0.32704,491,717,703,0.738498879961236
2024-04-25 14:16:06.990000+00:00,2024-04-25 14:15:30+00:00,2024-04-25 14:17:30+00:00,TABUENCA01-45,Sensoria-C1-E90A,Left,Gait,1.0.5,40.3882544,-3.6292402,F0:75:B1:51:59:F6,SCKS,0.0625,0.968749,-0.21875,10.08,-52.639999,-28.0,0.364416,0.7008,-0.196224,520,428,538,0.9951042344905382
2024-04-25 14:16:06.998000+00:00,2024-04-25 14:15:30+00:00,2024-04-25 14:17:30+00:00,TABUENCA01-45,Sensoria-C1-EEA1,Right,Gait,1.0.5,40.3882544,-3.6292402,CB:AA:BC:3F:36:A5,SCKS,-0.53125,0.488282,-0.066406,78.400002,-70.559998,-301.279999,0.308352,0.822272,-0.32704,494,715,701,0.7246072252330913
2024-04-25 14:16:07.023000+00:00,2024-04-25 14:15:30+00:00,2024-04-25 14:17:30+00:00,TABUENCA01-45,Sensoria-C1-E90A,Left,Gait,1.0.5,40.3882544,-3.6292402,F0:75:B1:51:59:F6,SCKS,0.03125,0.9375,-0.21875,11.2,-41.439999,-28.0,0.355072,0.7008,-0.18688,508,415,600,0.9631896879639026
2024-04-25 14:16:07.032000+00:00,2024-04-25 14:15:30+00:00,2024-04-25 14:17:30+00:00,TABUENCA01-45,Sensoria-C1-EEA1,Right,Gait,1.0.5,40.3882544,-3.6292402,CB:AA:BC:3F:36:A5,SCKS,-0.496094,0.804688,-0.0625,79.519997,-76.160004,-339.360016,0.252288,0.812928,-0.299008,494,714,701,0.9473849714767487
2024-04-25 14:16:07.055000+00:00,2024-04-25 14:15:30+00:00,2024-04-25 14:17:30+00:00,TABUENCA01-45,Sensoria-C1-E90A,Left,Gait,1.0.5,40.3882544,-3.6292402,F0:75:B1:51:59:F6,SCKS,0.03125,0.9375,-0.28125,2.24,-32.48,-30.24,0.345728,0.710144,-0.196224,501,404,636,0.9792774759995249
2024-04-25 14:16:07.063000+00:00,2024-04-25 14:15:30+00:00,2024-04-25 14:17:30+00:00,TABUENCA01-45,Sensoria-C1-EEA1,Right,Gait,1.0.5,40.3882544,-3.6292402,CB:AA:BC:3F:36:A5,SCKS,-0.476563,1.160157,-0.011719,66.080002,-61.599998,-371.839996,0.18688,0.79424,-0.308352,493,714,701,1.2542782357112796
2024-04-25 14:16:07.065000+00:00,2024-04-25 14:15:30+00:00,2024-04-25 14:17:30+00:00,TABUENCA01-45,Sensoria-C1-EEA1,Right,Gait,1.0.5,40.3882544,-3.6292402,CB:AA:BC:3F:36:A5,SCKS,-0.449219,1.597657,0.136719,35.84,-5.6,-393.119995,0.130816,0.784896,-0.289664,493,713,700,1.6652320212423855
2024-04-25 14:16:07.080000+00:00,2024-04-25 14:15:30+00:00,2024-04-25 14:17:30+00:00,TABUENCA01-45,Sensoria-C1-EEA1,Right,Gait,1.0.5,40.3882544,-3.6292402,CB:AA:BC:3F:36:A5,SCKS,-0.464844,1.996095,0.320313,22.4,35.84,-389.76001,0.065408,0.738176,-0.28032,492,712,699,2.0743855985158595
2024-04-25 14:16:07.104000+00:00,2024-04-25 14:15:30+00:00,2024-04-25 14:17:30+00:00,TABUENCA01-45,Sensoria-C1-E90A,Left,Gait,1.0.5,40.3882544,-3.6292402,F0:75:B1:51:59:F6,SCKS,-0.03125,0.9375,-0.1875,-4.48,-34.720001,-36.959999,0.336384,0.719488,-0.18688,498,388,656,0.9565767415633729
2024-04-25 14:16:07.112000+00:00,2024-04-25 14:15:30+00:00,2024-04-25 14:17:30+00:00,TABUENCA01-45,Sensoria-C1-EEA1,Right,Gait,1.0.5,40.3882544,-3.6292402,CB:AA:BC:3F:36:A5,SCKS,0.042969,1.996095,0.28125,57.119999,1.12,-397.600006,0.065408,0.738176,-0.28032,493,713,699,2.0162696115564507
2024-04-25 14:16:07.129000+00:00,2024-04-25 14:15:30+00:00,2024-04-25 14:17:30+00:00,TABUENCA01-45,Sensoria-C1-EEA1,Right,Gait,1.0.5,40.3882544,-3.6292402,CB:AA:BC:3F:36:A5,SCKS,0.660157,1.996095,0.589844,45.920002,11.2,-411.040009,0.009344,0.691456,-0.28032,493,712,697,2.1836021748500802
2024-04-25 14:16:07.136000+00:00,2024-04-25 14:15:30+00:00,2024-04-25 14:17:30+00:00,TABUENCA01-45,Sensoria-C1-E90A,Left,Gait,1.0.5,40.3882544,-3.6292402,F0:75:B1:51:59:F6,SCKS,-0.0625,0.9375,-0.125,-2.24,-34.720001,-45.920002,0.32704,0.719488,-0.18688,491,367,672,0.9478594305064438
2024-04-25 14:16:07.145000+00:00,2024-04-25 14:15:30+00:00,2024-04-25 14:17:30+00:00,TABUENCA01-45,Sensoria-C1-EEA1,Right,Gait,1.0.5,40.3882544,-3.6292402,CB:AA:BC:3F:36:A5,SCKS,1.582032,1.996095,0.453125,22.4,12.32,-388.640015,-0.037376,0.635392,-0.270976,492,713,700,2.586994929193716
2024-04-25 14:16:07.152000+00:00,2024-04-25 14:15:30+00:00,2024-04-25 14:17:30+00:00,TABUENCA01-45,Sensoria-C1-E90A,Left,Gait,1.0.5,40.3882544,-3.6292402,F0:75:B1:51:59:F6,SCKS,0.0,0.999999,-0.1875,-5.6,-30.24,-58.240002,0.317696,0.719488,-0.177536,477,343,682,1.0174253043840613
2024-04-25 14:16:07.161000+00:00,2024-04-25 14:15:30+00:00,2024-04-25 14:17:30+00:00,TABUENCA01-45,Sensoria-C1-EEA1,Right,Gait,1.0.5,40.3882544,-3.6292402,CB:AA:BC:3F:36:A5,SCKS,1.996095,1.996095,-1.031251,24.639999,-4.48,-282.23999,-0.074752,0.588672,-0.261632,491,714,700,3.0053733749820504
2024-04-25 14:16:07.169000+00:00,2024-04-25 14:15:30+00:00,2024-04-25 14:17:30+00:00,TABUENCA01-45,Sensoria-C1-E90A,Left,Gait,1.0.5,40.3882544,-3.6292402,F0:75:B1:51:59:F6,SCKS,0.0,1.156249,-0.1875,-10.08,-22.4,-75.040001,0.299008,0.728832,-0.18688,460,314,695,1.1713530637689902
2024-04-25 14:16:07.178000+00:00,2024-04-25 14:15:30+00:00,2024-04-25 14:17:30+00:00,TABUENCA01-45,Sensoria-C1-EEA1,Right,Gait,1.0.5,40.3882544,-3.6292402,CB:AA:BC:3F:36:A5,SCKS,1.996095,0.898438,0.695313,60.48,32.48,-101.919998,-0.084096,0.569984,-0.270976,490,714,701,2.2967468856706867
2024-04-25 14:16:07.202000+00:00,2024-04-25 14:15:30+00:00,2024-04-25 14:17:30+00:00,TABUENCA01-45,Sensoria-C1-E90A,Left,Gait,1.0.5,40.3882544,-3.6292402,F0:75:B1:51:59:F6,SCKS,0.09375,1.249999,0.0,-7.84,-21.280001,-100.800003,0.289664,0.738176,-0.18688,446,293,706,1.2535096978089162
2024-04-25 14:16:07.210000+00:00,2024-04-25 14:15:30+00:00,2024-04-25 14:17:30+00:00,TABUENCA01-45,Sensoria-C1-EEA1,Right,Gait,1.0.5,40.3882544,-3.6292402,CB:AA:BC:3F:36:A5,SCKS,1.996095,1.964845,1.000001,26.880001,53.760002,13.440001,-0.074752,0.569984,-0.252288,490,713,705,2.9740566778477846
2024-04-25 14:16:07.226000+00:00,2024-04-25 14:15:30+00:00,2024-04-25 14:17:30+00:00,TABUENCA01-45,Sensoria-C1-EEA1,Right,Gait,1.0.5,40.3882544,-3.6292402,CB:AA:BC:3F:36:A5,SCKS,1.13672,0.882813,0.355469,4.48,-108.639999,124.32,-0.074752,0.569984,-0.252288,491,715,703,1.4825145400062691
2024-04-25 14:16:07.234000+00:00,2024-04-25 14:15:30+00:00,2024-04-25 14:17:30+00:00,TABUENCA01-45,Sensoria-C1-E90A,Left,Gait,1.0.5,40.3882544,-3.6292402,F0:75:B1:51:59:F6,SCKS,0.25,1.718749,-0.28125,-5.6,-20.16,-155.680008,0.242944,0.766208,-0.18688,446,291,711,1.7594600556707731
2024-04-25 14:16:07.243000+00:00,2024-04-25 14:15:30+00:00,2024-04-25 14:17:30+00:00,TABUENCA01-45,Sensoria-C1-EEA1,Right,Gait,1.0.5,40.3882544,-3.6292402,CB:AA:BC:3F:36:A5,SCKS,-0.816407,0.757813,1.921876,29.120001,-179.199997,170.240005,-0.065408,0.616704,-0.308352,502,715,646,2.2213528067360215
2024-04-25 14:16:07.259000+00:00,2024-04-25 14:15:30+00:00,2024-04-25 14:17:30+00:00,TABUENCA01-45,Sensoria-C1-EEA1,Right,Gait,1.0.5,40.3882544,-3.6292402,CB:AA:BC:3F:36:A5,SCKS,0.605469,1.996095,0.148438,71.68,-147.839996,283.360016,-0.065408,0.616704,-0.308352,509,719,565,2.0911771323419734
2024-04-25 14:16:07.266000+00:00,2024-04-25 14:15:30+00:00,2024-04-25 14:17:30+00:00,TABUENCA01-45,Sensoria-C1-E90A,Left,Gait,1.0.5,40.3882544,-3.6292402,F0:75:B1:51:59:F6,SCKS,0.78125,2.468749,-0.1875,-19.040001,-41.439999,-211.680008,0.214912,0.775552,-0.18688,498,344,710,2.5961951847850346
2024-04-25 14:16:07.292000+00:00,2024-04-25 14:15:30+00:00,2024-04-25 14:17:30+00:00,TABUENCA01-45,Sensoria-C1-EEA1,Right,Gait,1.0.5,40.3882544,-3.6292402,CB:AA:BC:3F:36:A5,SCKS,0.28125,1.425782,-0.441407,66.080002,33.599998,249.759995,-0.04672,0.65408,-0.308352,513,720,475,1.5188140154979477
2024-04-25 14:16:07.299000+00:00,2024-04-25 14:15:30+00:00,2024-04-25 14:17:30+00:00,TABUENCA01-45,Sensoria-C1-E90A,Left,Gait,1.0.5,40.3882544,-3.6292402,F0:75:B1:51:59:F6,SCKS,1.312499,2.281249,-0.09375,-61.599998,-106.400002,-222.880005,0.130816,0.79424,-0.205568,548,397,708,2.633541282665225
2024-04-25 14:16:07.308000+00:00,2024-04-25 14:15:30+00:00,2024-04-25 14:17:30+00:00,TABUENCA01-45,Sensoria-C1-EEA1,Right,Gait,1.0.5,40.3882544,-3.6292402,CB:AA:BC:3F:36:A5,SCKS,1.503907,1.996095,-0.214844,56.0,-48.16,217.279999,-0.028032,0.682112,-0.308352,503,724,419,2.5084436326156503
2024-04-25 14:16:07.324000+00:00,2024-04-25 14:15:30+00:00,2024-04-25 14:17:30+00:00,TABUENCA01-45,Sensoria-C1-EEA1,Right,Gait,1.0.5,40.3882544,-3.6292402,CB:AA:BC:3F:36:A5,SCKS,-0.167969,0.464844,0.273438,-33.599998,128.800003,193.759995,0.0,0.710144,-0.289664,488,724,378,0.5648556179600235
2024-04-25 14:16:07.332000+00:00,2024-04-25 14:15:30+00:00,2024-04-25 14:17:30+00:00,TABUENCA01-45,Sensoria-C1-E90A,Left,Gait,1.0.5,40.3882544,-3.6292402,F0:75:B1:51:59:F6,SCKS,0.9375,2.031249,-1.124999,-15.68,-7.84,-297.920013,0.074752,0.803584,-0.214912,606,465,709,2.5040969430119913
2024-04-25 14:16:07.364000+00:00,2024-04-25 14:15:30+00:00,2024-04-25 14:17:30+00:00,TABUENCA01-45,Sensoria-C1-E90A,Left,Gait,1.0.5,40.3882544,-3.6292402,F0:75:B1:51:59:F6,SCKS,0.8125,0.4375,-0.375,10.08,31.360001,-206.080002,0.028032,0.79424,-0.196224,665,526,711,0.9960860906568267
2024-04-25 14:16:07.372000+00:00,2024-04-25 14:15:30+00:00,2024-04-25 14:17:30+00:00,TABUENCA01-45,Sensoria-C1-EEA1,Right,Gait,1.0.5,40.3882544,-3.6292402,CB:AA:BC:3F:36:A5,SCKS,-0.019531,1.054688,-0.101563,4.48,36.959999,131.039993,0.0,0.710144,-0.289664,467,711,357,1.0597468000772639
2024-04-25 14:16:07.373000+00:00,2024-04-25 14:15:30+00:00,2024-04-25 14:17:30+00:00,TABUENCA01-45,Sensoria-C1-EEA1,Right,Gait,1.0.5,40.3882544,-3.6292402,CB:AA:BC:3F:36:A5,SCKS,0.003906,0.980469,-0.011719,-5.6,24.639999,99.68,0.018688,0.719488,-0.270976,445,691,346,0.9805468126295654
2024-04-25 14:16:07.389000+00:00,2024-04-25 14:15:30+00:00,2024-04-25 14:17:30+00:00,TABUENCA01-45,Sensoria-C1-EEA1,Right,Gait,1.0.5,40.3882544,-3.6292402,CB:AA:BC:3F:36:A5,SCKS,-0.097656,0.968751,0.082031,-8.96,14.56,70.559998,0.028032,0.728832,-0.28032,426,673,343,0.9771101674314929
2024-04-25 14:16:07.405000+00:00,2024-04-25 14:15:30+00:00,2024-04-25 14:17:30+00:00,TABUENCA01-45,Sensoria-C1-EEA1,Right,Gait,1.0.5,40.3882544,-3.6292402,CB:AA:BC:3F:36:A5,SCKS,-0.019531,1.015626,-0.078125,1.12,0.0,57.119999,0.037376,0.728832,-0.28032,413,657,346,1.0188135979962183
2024-04-25 14:16:07.421000+00:00,2024-04-25 14:15:30+00:00,2024-04-25 14:17:30+00:00,TABUENCA01-45,Sensoria-C1-EEA1,Right,Gait,1.0.5,40.3882544,-3.6292402,CB:AA:BC:3F:36:A5,SCKS,-0.035156,0.984376,0.101563,-6.72,11.2,45.920002,0.037376,0.738176,-0.28032,401,644,357,0.9902257806586334
2024-04-25 14:16:07.428000+00:00,2024-04-25 14:15:30+00:00,2024-04-25 14:17:30+00:00,TABUENCA01-45,Sensoria-C1-E90A,Left,Gait,1.0.5,40.3882544,-3.6292402,F0:75:B1:51:59:F6,SCKS,-0.09375,0.5,-0.34375,10.08,-113.120003,-40.32,0.0,0.784896,-0.205568,691,549,711,0.6139650845121406
2024-04-25 14:16:07.429000+00:00,2024-04-25 14:15:30+00:00,2024-04-25 14:17:30+00:00,TABUENCA01-45,Sensoria-C1-E90A,Left,Gait,1.0.5,40.3882544,-3.6292402,F0:75:B1:51:59:F6,SCKS,1.562499,-0.03125,-0.125,-19.040001,-53.760002,155.680008,-0.009344,0.784896,-0.205568,704,556,707,1.5678025027091265
2024-04-25 14:16:07.437000+00:00,2024-04-25 14:15:30+00:00,2024-04-25 14:17:30+00:00,TABUENCA01-45,Sensoria-C1-EEA1,Right,Gait,1.0.5,40.3882544,-3.6292402,CB:AA:BC:3F:36:A5,SCKS,-0.128906,1.054688,-0.121094,7.84,2.24,40.32,0.037376,0.738176,-0.28032,392,635,373,1.069414461757461
2024-04-25 14:16:07.469000+00:00,2024-04-25 14:15:30+00:00,2024-04-25 14:17:30+00:00,TABUENCA01-45,Sensoria-C1-EEA1,Right,Gait,1.0.5,40.3882544,-3.6292402,CB:AA:BC:3F:36:A5,SCKS,-0.054688,0.960938,-0.125,-2.24,17.92,48.16,0.04672,0.738176,-0.270976,383,628,398,0.9705759203627503
2024-04-25 14:16:07.477000+00:00,2024-04-25 14:15:30+00:00,2024-04-25 14:17:30+00:00,TABUENCA01-45,Sensoria-C1-E90A,Left,Gait,1.0.5,40.3882544,-3.6292402,F0:75:B1:51:59:F6,SCKS,0.5,-0.0625,0.09375,-33.599998,64.959999,191.520004,0.037376,0.803584,-0.214912,708,555,706,0.5125381083392727
2024-04-25 14:16:07.487000+00:00,2024-04-25 14:15:30+00:00,2024-04-25 14:17:30+00:00,TABUENCA01-45,Sensoria-C1-EEA1,Right,Gait,1.0.5,40.3882544,-3.6292402,CB:AA:BC:3F:36:A5,SCKS,-0.042969,0.937501,-0.125,0.0,23.52,54.880001,0.04672,0.738176,-0.270976,374,622,424,0.9467731829546082
2024-04-25 14:16:07.493000+00:00,2024-04-25 14:15:30+00:00,2024-04-25 14:17:30+00:00,TABUENCA01-45,Sensoria-C1-E90A,Left,Gait,1.0.5,40.3882544,-3.6292402,F0:75:B1:51:59:F6,SCKS,0.46875,0.25,-0.21875,-7.84,53.760002,278.880005,0.084096,0.803584,-0.214912,710,553,704,0.5745242597140698
2024-04-25 14:16:07.502000+00:00,2024-04-25 14:15:30+00:00,2024-04-25 14:17:30+00:00,TABUENCA01-45,Sensoria-C1-EEA1,Right,Gait,1.0.5,40.3882544,-3.6292402,CB:AA:BC:3F:36:A5,SCKS,0.007813,0.949219,-0.03125,-4.48,23.52,50.400002,0.056064,0.74752,-0.270976,365,611,451,0.949765400206809
2024-04-25 14:16:07.509000+00:00,2024-04-25 14:15:30+00:00,2024-04-25 14:17:30+00:00,TABUENCA01-45,Sensoria-C1-E90A,Left,Gait,1.0.5,40.3882544,-3.6292402,F0:75:B1:51:59:F6,SCKS,0.5625,0.75,-0.15625,-12.32,43.68,325.920013,0.14016,0.803584,-0.224256,709,553,701,0.9504316453590969
2024-04-25 14:16:07.518000+00:00,2024-04-25 14:15:30+00:00,2024-04-25 14:17:30+00:00,TABUENCA01-45,Sensoria-C1-EEA1,Right,Gait,1.0.5,40.3882544,-3.6292402,CB:AA:BC:3F:36:A5,SCKS,-0.003906,0.976563,-0.03125,-1.12,14.56,50.400002,0.065408,0.756864,-0.270976,356,598,473,0.9770706792781164
2024-04-25 14:16:07.542000+00:00,2024-04-25 14:15:30+00:00,2024-04-25 14:17:30+00:00,TABUENCA01-45,Sensoria-C1-E90A,Left,Gait,1.0.5,40.3882544,-3.6292402,F0:75:B1:51:59:F6,SCKS,0.4375,1.468749,-0.125,-12.32,56.0,404.320007,0.28032,0.756864,-0.2336,709,550,699,1.5376133698043213
2024-04-25 14:16:07.550000+00:00,2024-04-25 14:15:30+00:00,2024-04-25 14:17:30+00:00,TABUENCA01-45,Sensoria-C1-EEA1,Right,Gait,1.0.5,40.3882544,-3.6292402,CB:AA:BC:3F:36:A5,SCKS,0.023438,0.984376,-0.027344,-1.12,8.96,50.400002,0.074752,0.756864,-0.270976,344,584,495,0.9850345900302181
2024-04-25 14:16:07.567000+00:00,2024-04-25 14:15:30+00:00,2024-04-25 14:17:30+00:00,TABUENCA01-45,Sensoria-C1-EEA1,Right,Gait,1.0.5,40.3882544,-3.6292402,CB:AA:BC:3F:36:A5,SCKS,0.027344,0.972657,-0.027344,-2.24,8.96,50.400002,0.074752,0.756864,-0.270976,331,568,517,0.973425409736668
2024-04-25 14:16:07.574000+00:00,2024-04-25 14:15:30+00:00,2024-04-25 14:17:30+00:00,TABUENCA01-45,Sensoria-C1-E90A,Left,Gait,1.0.5,40.3882544,-3.6292402,F0:75:B1:51:59:F6,SCKS,0.5625,2.468749,-0.125,-16.799999,47.040001,442.399994,0.345728,0.710144,-0.224256,708,550,700,2.535104115219136
2024-04-25 14:16:07.583000+00:00,2024-04-25 14:15:30+00:00,2024-04-25 14:17:30+00:00,TABUENCA01-45,Sensoria-C1-EEA1,Right,Gait,1.0.5,40.3882544,-3.6292402,CB:AA:BC:3F:36:A5,SCKS,0.050781,0.972657,-0.046875,-5.6,11.2,51.52,0.084096,0.756864,-0.261632,317,553,540,0.9751090273579668
2024-04-25 14:16:07.599000+00:00,2024-04-25 14:15:30+00:00,2024-04-25 14:17:30+00:00,TABUENCA01-45,Sensoria-C1-EEA1,Right,Gait,1.0.5,40.3882544,-3.6292402,CB:AA:BC:3F:36:A5,SCKS,0.042969,0.976563,-0.011719,-8.96,11.2,53.760002,0.09344,0.766208,-0.252288,302,536,562,0.9775781108898663
2024-04-25 14:16:07.607000+00:00,2024-04-25 14:15:30+00:00,2024-04-25 14:17:30+00:00,TABUENCA01-45,Sensoria-C1-E90A,Left,Gait,1.0.5,40.3882544,-3.6292402,F0:75:B1:51:59:F6,SCKS,0.0,3.156248,0.0,6.72,84.0,461.440002,0.411136,0.65408,-0.2336,707,549,699,3.156248
2024-04-25 14:16:07.632000+00:00,2024-04-25 14:15:30+00:00,2024-04-25 14:17:30+00:00,TABUENCA01-45,Sensoria-C1-EEA1,Right,Gait,1.0.5,40.3882544,-3.6292402,CB:AA:BC:3F:36:A5,SCKS,0.019531,1.000001,0.042969,-11.2,7.84,58.240002,0.102784,0.766208,-0.261632,285,519,586,1.0011142766552676
2024-04-25 14:16:07.639000+00:00,2024-04-25 14:15:30+00:00,2024-04-25 14:17:30+00:00,TABUENCA01-45,Sensoria-C1-E90A,Left,Gait,1.0.5,40.3882544,-3.6292402,F0:75:B1:51:59:F6,SCKS,-0.75,3.249998,-1.156249,-23.52,113.120003,417.76001,0.4672,0.588672,-0.252288,707,548,701,3.5301414631718373
2024-04-25 14:16:07.648000+00:00,2024-04-25 14:15:30+00:00,2024-04-25 14:17:30+00:00,TABUENCA01-45,Sensoria-C1-EEA1,Right,Gait,1.0.5,40.3882544,-3.6292402,CB:AA:BC:3F:36:A5,SCKS,0.058594,0.964844,0.003906,-15.68,3.36,67.199997,0.112128,0.775552,-0.261632,270,502,611,0.9666294315858587
2024-04-25 14:16:07.664000+00:00,2024-04-25 14:15:30+00:00,2024-04-25 14:17:30+00:00,TABUENCA01-45,Sensoria-C1-EEA1,Right,Gait,1.0.5,40.3882544,-3.6292402,CB:AA:BC:3F:36:A5,SCKS,0.042969,1.082032,-0.007813,-19.040001,1.12,76.160004,0.112128,0.775552,-0.261632,255,485,638,1.0829130283425352
2024-04-25 14:16:07.672000+00:00,2024-04-25 14:15:30+00:00,2024-04-25 14:17:30+00:00,TABUENCA01-45,Sensoria-C1-E90A,Left,Gait,1.0.5,40.3882544,-3.6292402,F0:75:B1:51:59:F6,SCKS,-4.093748,1.249999,-0.65625,-10.08,51.52,225.119995,0.51392,0.485888,-0.299008,706,547,704,4.33035036111456
2024-04-25 14:16:07.681000+00:00,2024-04-25 14:15:30+00:00,2024-04-25 14:17:30+00:00,TABUENCA01-45,Sensoria-C1-EEA1,Right,Gait,1.0.5,40.3882544,-3.6292402,CB:AA:BC:3F:36:A5,SCKS,-0.023438,1.226563,0.121094,-22.4,-4.48,87.360001,0.121472,0.775552,-0.28032,240,466,665,1.2327489158985296
2024-04-25 14:16:07.697000+00:00,2024-04-25 14:15:30+00:00,2024-04-25 14:17:30+00:00,TABUENCA01-45,Sensoria-C1-EEA1,Right,Gait,1.0.5,40.3882544,-3.6292402,CB:AA:BC:3F:36:A5,SCKS,-0.105469,1.308595,0.160156,-23.52,-10.08,104.160004,0.130816,0.784896,-0.28032,229,453,686,1.322571180814855
2024-04-25 14:16:07.704000+00:00,2024-04-25 14:15:30+00:00,2024-04-25 14:17:30+00:00,TABUENCA01-45,Sensoria-C1-E90A,Left,Gait,1.0.5,40.3882544,-3.6292402,F0:75:B1:51:59:F6,SCKS,-3.312498,1.812499,-0.75,31.360001,-110.879997,15.68,0.523264,0.4672,-0.261632,704,546,710,3.849713706888475
2024-04-25 14:16:07.730000+00:00,2024-04-25 14:15:30+00:00,2024-04-25 14:17:30+00:00,TABUENCA01-45,Sensoria-C1-EEA1,Right,Gait,1.0.5,40.3882544,-3.6292402,CB:AA:BC:3F:36:A5,SCKS,-0.167969,1.476564,-0.035156,-22.4,-25.76,126.559998,0.149504,0.79424,-0.289664,218,447,699,1.4865028676033558
2024-04-25 14:16:07.737000+00:00,2024-04-25 14:15:30+00:00,2024-04-25 14:17:30+00:00,TABUENCA01-45,Sensoria-C1-E90A,Left,Gait,1.0.5,40.3882544,-3.6292402,F0:75:B1:51:59:F6,SCKS,2.687499,1.343749,0.3125,13.440001,68.32,-168.0,0.523264,0.485888,-0.270976,700,546,703,3.0209217964061894
2024-04-25 14:16:07.746000+00:00,2024-04-25 14:15:30+00:00,2024-04-25 14:17:30+00:00,TABUENCA01-45,Sensoria-C1-EEA1,Right,Gait,1.0.5,40.3882544,-3.6292402,CB:AA:BC:3F:36:A5,SCKS,-0.246094,1.722657,-0.136719,-23.52,-22.4,153.440002,0.177536,0.79424,-0.299008,208,452,708,1.7455089462520668
2024-04-25 14:16:07.762000+00:00,2024-04-25 14:15:30+00:00,2024-04-25 14:17:30+00:00,TABUENCA01-45,Sensoria-C1-EEA1,Right,Gait,1.0.5,40.3882544,-3.6292402,CB:AA:BC:3F:36:A5,SCKS,-0.410157,1.996095,0.015625,-30.24,6.72,183.680008,0.177536,0.79424,-0.299008,208,472,712,2.0378587179436654
2024-04-25 14:16:07.770000+00:00,2024-04-25 14:15:30+00:00,2024-04-25 14:17:30+00:00,TABUENCA01-45,Sensoria-C1-E90A,Left,Gait,1.0.5,40.3882544,-3.6292402,F0:75:B1:51:59:F6,SCKS,-1.312499,1.593749,1.062499,61.599998,248.639999,-265.440002,0.504576,0.51392,-0.289664,707,550,649,2.3219805393247808
2024-04-25 14:16:07.778000+00:00,2024-04-25 14:15:30+00:00,2024-04-25 14:17:30+00:00,TABUENCA01-45,Sensoria-C1-EEA1,Right,Gait,1.0.5,40.3882544,-3.6292402,CB:AA:BC:3F:36:A5,SCKS,-0.988282,1.996095,0.496094,-47.040001,51.52,215.040009,0.214912,0.79424,-0.289664,217,499,713,2.2819302831999493
2024-04-25 14:16:07.804000+00:00,2024-04-25 14:15:30+00:00,2024-04-25 14:17:30+00:00,TABUENCA01-45,Sensoria-C1-E90A,Left,Gait,1.0.5,40.3882544,-3.6292402,F0:75:B1:51:59:F6,SCKS,-0.34375,1.874999,-0.53125,124.32,4.48,-237.440002,0.485888,0.569984,-0.299008,708,556,511,1.9788915773738085
2024-04-25 14:16:07.811000+00:00,2024-04-25 14:15:30+00:00,2024-04-25 14:17:30+00:00,TABUENCA01-45,Sensoria-C1-EEA1,Right,Gait,1.0.5,40.3882544,-3.6292402,CB:AA:BC:3F:36:A5,SCKS,-0.3125,1.996095,-0.089844,-45.920002,5.6,274.399994,0.261632,0.803584,-0.289664,243,530,714,2.022405360792193
2024-04-25 14:16:07.827000+00:00,2024-04-25 14:15:30+00:00,2024-04-25 14:17:30+00:00,TABUENCA01-45,Sensoria-C1-EEA1,Right,Gait,1.0.5,40.3882544,-3.6292402,CB:AA:BC:3F:36:A5,SCKS,-0.636719,1.996095,-0.855469,-23.52,-16.799999,309.119995,0.308352,0.803584,-0.299008,291,580,714,2.263102636635599
2024-04-25 14:16:07.834000+00:00,2024-04-25 14:15:30+00:00,2024-04-25 14:17:30+00:00,TABUENCA01-45,Sensoria-C1-E90A,Left,Gait,1.0.5,40.3882544,-3.6292402,F0:75:B1:51:59:F6,SCKS,0.25,1.156249,0.5,75.040001,-113.120003,-252.0,0.429824,0.635392,-0.289664,691,561,401,1.2842942614529584
2024-04-25 14:16:07.843000+00:00,2024-04-25 14:15:30+00:00,2024-04-25 14:17:30+00:00,TABUENCA01-45,Sensoria-C1-EEA1,Right,Gait,1.0.5,40.3882544,-3.6292402,CB:AA:BC:3F:36:A5,SCKS,-0.546875,1.898439,-0.964844,0.0,-54.880001,338.23999,0.364416,0.803584,-0.299008,358,634,715,2.198651142560365
2024-04-25 14:16:07.851000+00:00,2024-04-25 14:15:30+00:00,2024-04-25 14:17:30+00:00,TABUENCA01-45,Sensoria-C1-E90A,Left,Gait,1.0.5,40.3882544,-3.6292402,F0:75:B1:51:59:F6,SCKS,-0.09375,0.999999,-0.21875,68.32,-59.360001,-135.520004,0.401792,0.672768,-0.252288,643,532,367,1.0279292898837935
2024-04-25 14:16:07.860000+00:00,2024-04-25 14:15:30+00:00,2024-04-25 14:17:30+00:00,TABUENCA01-45,Sensoria-C1-EEA1,Right,Gait,1.0.5,40.3882544,-3.6292402,CB:AA:BC:3F:36:A5,SCKS,-0.28125,0.453125,-0.554688,1.12,47.040001,255.360001,0.364416,0.803584,-0.299008,423,674,715,0.7694820371321217
2024-04-25 14:16:07.883000+00:00,2024-04-25 14:15:30+00:00,2024-04-25 14:17:30+00:00,TABUENCA01-45,Sensoria-C1-E90A,Left,Gait,1.0.5,40.3882544,-3.6292402,F0:75:B1:51:59:F6,SCKS,0.0,0.999999,-0.1875,33.599998,-36.959999,-57.119999,0.37376,0.691456,-0.252288,571,467,394,1.0174253043840613
2024-04-25 14:16:07.892000+00:00,2024-04-25 14:15:30+00:00,2024-04-25 14:17:30+00:00,TABUENCA01-45,Sensoria-C1-EEA1,Right,Gait,1.0.5,40.3882544,-3.6292402,CB:AA:BC:3F:36:A5,SCKS,0.449219,0.507813,-0.796876,16.799999,78.400002,143.360001,0.401792,0.79424,-0.299008,458,696,713,1.0462710510694635
2024-04-25 14:16:07.908000+00:00,2024-04-25 14:15:30+00:00,2024-04-25 14:17:30+00:00,TABUENCA01-45,Sensoria-C1-EEA1,Right,Gait,1.0.5,40.3882544,-3.6292402,CB:AA:BC:3F:36:A5,SCKS,-1.500001,0.261719,-0.613282,-13.440001,180.320007,20.16,0.439168,0.79424,-0.299008,477,709,709,1.6415281436777134
2024-04-25 14:16:07.916000+00:00,2024-04-25 14:15:30+00:00,2024-04-25 14:17:30+00:00,TABUENCA01-45,Sensoria-C1-E90A,Left,Gait,1.0.5,40.3882544,-3.6292402,F0:75:B1:51:59:F6,SCKS,0.09375,1.031249,-0.34375,20.16,-38.080002,-36.959999,0.364416,0.7008,-0.242944,532,434,444,1.0910671954563569
2024-04-25 14:16:07.924000+00:00,2024-04-25 14:15:30+00:00,2024-04-25 14:17:30+00:00,TABUENCA01-45,Sensoria-C1-EEA1,Right,Gait,1.0.5,40.3882544,-3.6292402,CB:AA:BC:3F:36:A5,SCKS,-1.359376,0.109375,-0.210938,-23.52,100.800003,-41.439999,0.429824,0.79424,-0.308352,485,714,708,1.3799858114651034
2024-04-25 14:16:07.941000+00:00,2024-04-25 14:15:30+00:00,2024-04-25 14:17:30+00:00,TABUENCA01-45,Sensoria-C1-EEA1,Right,Gait,1.0.5,40.3882544,-3.6292402,CB:AA:BC:3F:36:A5,SCKS,-0.613282,-0.328125,0.007813,15.68,31.360001,-76.160004,0.411136,0.79424,-0.32704,489,717,706,0.6955874280908187
2024-04-25 14:16:07.948000+00:00,2024-04-25 14:15:30+00:00,2024-04-25 14:17:30+00:00,TABUENCA01-45,Sensoria-C1-E90A,Left,Gait,1.0.5,40.3882544,-3.6292402,F0:75:B1:51:59:F6,SCKS,-0.03125,0.968749,-0.15625,5.6,-48.16,-35.84,0.355072,0.710144,-0.2336,508,413,507,0.9817663927844545
2024-04-25 14:16:07.957000+00:00,2024-04-25 14:15:30+00:00,2024-04-25 14:17:30+00:00,TABUENCA01-45,Sensoria-C1-EEA1,Right,Gait,1.0.5,40.3882544,-3.6292402,CB:AA:BC:3F:36:A5,SCKS,-0.527344,-0.207031,-0.039063,44.799999,16.799999,-136.639999,0.383104,0.803584,-0.317696,492,717,704,0.5678727386184338
2024-04-25 14:16:07.981000+00:00,2024-04-25 14:15:30+00:00,2024-04-25 14:17:30+00:00,TABUENCA01-45,Sensoria-C1-E90A,Left,Gait,1.0.5,40.3882544,-3.6292402,F0:75:B1:51:59:F6,SCKS,-0.03125,0.968749,-0.25,3.36,-41.439999,-22.4,0.355072,0.710144,-0.224256,493,400,567,1.0009751183226285
2024-04-25 14:16:07.990000+00:00,2024-04-25 14:15:30+00:00,2024-04-25 14:17:30+00:00,TABUENCA01-45,Sensoria-C1-EEA1,Right,Gait,1.0.5,40.3882544,-3.6292402,CB:AA:BC:3F:36:A5,SCKS,-0.785157,0.183594,-0.199219,57.119999,0.0,-203.839996,0.383104,0.803584,-0.317696,492,719,705,0.8305820136783604
2024-04-25 14:16:08.006000+00:00,2024-04-25 14:15:30+00:00,2024-04-25 14:17:30+00:00,TABUENCA01-45,Sensoria-C1-EEA1,Right,Gait,1.0.5,40.3882544,-3.6292402,CB:AA:BC:3F:36:A5,SCKS,-0.703125,0.332031,-0.109375,50.400002,-32.48,-252.0,0.345728,0.812928,-0.308352,492,720,704,0.7852338767596568
2024-04-25 14:16:08.022000+00:00,2024-04-25 14:15:30+00:00,2024-04-25 14:17:30+00:00,TABUENCA01-45,Sensoria-C1-EEA1,Right,Gait,1.0.5,40.3882544,-3.6292402,CB:AA:BC:3F:36:A5,SCKS,-0.511719,0.464844,-0.066406,51.52,-60.48,-292.320007,0.299008,0.812928,-0.28032,493,719,703,0.6945113650135611
2024-04-25 14:16:08.038000+00:00,2024-04-25 14:15:30+00:00,2024-04-25 14:17:30+00:00,TABUENCA01-45,Sensoria-C1-EEA1,Right,Gait,1.0.5,40.3882544,-3.6292402,CB:AA:BC:3F:36:A5,SCKS,-0.542969,0.792969,-0.070313,58.240002,-70.559998,-329.279999,0.2336,0.803584,-0.28032,492,719,702,0.9636177083735022
2024-04-25 14:16:08.046000+00:00,2024-04-25 14:15:30+00:00,2024-04-25 14:17:30+00:00,TABUENCA01-45,Sensoria-C1-E90A,Left,Gait,1.0.5,40.3882544,-3.6292402,F0:75:B1:51:59:F6,SCKS,-0.03125,0.90625,-0.28125,-5.6,-38.080002,-6.72,0.355072,0.719488,-0.224256,483,393,647,0.949403595685207
2024-04-25 14:16:08.071000+00:00,2024-04-25 14:15:30+00:00,2024-04-25 14:17:30+00:00,TABUENCA01-45,Sensoria-C1-EEA1,Right,Gait,1.0.5,40.3882544,-3.6292402,CB:AA:BC:3F:36:A5,SCKS,-0.546875,1.183595,-0.054688,53.760002,-70.559998,-358.399994,0.168192,0.784896,-0.28032,491,718,702,1.304975159531399
2024-04-25 14:16:08.078000+00:00,2024-04-25 14:15:30+00:00,2024-04-25 14:17:30+00:00,TABUENCA01-45,Sensoria-C1-E90A,Left,Gait,1.0.5,40.3882544,-3.6292402,F0:75:B1:51:59:F6,SCKS,0.0,0.90625,-0.1875,-2.24,-36.959999,-11.2,0.345728,0.710144,-0.214912,483,393,666,0.925443305935053
2024-04-25 14:16:08.087000+00:00,2024-04-25 14:15:30+00:00,2024-04-25 14:17:30+00:00,TABUENCA01-45,Sensoria-C1-EEA1,Right,Gait,1.0.5,40.3882544,-3.6292402,CB:AA:BC:3F:36:A5,SCKS,-0.480469,1.550782,-0.003906,38.080002,-56.0,-381.920013,0.168192,0.784896,-0.28032,491,717,701,1.6235117887841162
2024-04-25 14:16:08.103000+00:00,2024-04-25 14:15:30+00:00,2024-04-25 14:17:30+00:00,TABUENCA01-45,Sensoria-C1-EEA1,Right,Gait,1.0.5,40.3882544,-3.6292402,CB:AA:BC:3F:36:A5,SCKS,-0.464844,1.996095,0.078125,16.799999,-13.440001,-396.480011,0.102784,0.766208,-0.289664,490,716,701,2.0509945658109383
2024-04-25 14:16:08.111000+00:00,2024-04-25 14:15:30+00:00,2024-04-25 14:17:30+00:00,TABUENCA01-45,Sensoria-C1-E90A,Left,Gait,1.0.5,40.3882544,-3.6292402,F0:75:B1:51:59:F6,SCKS,0.0,0.9375,-0.15625,1.12,-35.84,-20.16,0.345728,0.719488,-0.205568,480,384,679,0.9504316453590969
2024-04-25 14:16:08.119000+00:00,2024-04-25 14:15:30+00:00,2024-04-25 14:17:30+00:00,TABUENCA01-45,Sensoria-C1-EEA1,Right,Gait,1.0.5,40.3882544,-3.6292402,CB:AA:BC:3F:36:A5,SCKS,-0.078125,1.996095,-0.015625,48.16,-42.560001,-403.200012,0.04672,0.719488,-0.289664,491,716,700,1.9976843858014708
2024-04-25 14:16:08.135000+00:00,2024-04-25 14:15:30+00:00,2024-04-25 14:17:30+00:00,TABUENCA01-45,Sensoria-C1-EEA1,Right,Gait,1.0.5,40.3882544,-3.6292402,CB:AA:BC:3F:36:A5,SCKS,0.515625,1.996095,0.070313,63.84,-60.48,-406.559998,-0.009344,0.672768,-0.270976,490,716,699,2.0628156261816035
2024-04-25 14:16:08.143000+00:00,2024-04-25 14:15:30+00:00,2024-04-25 14:17:30+00:00,TABUENCA01-45,Sensoria-C1-E90A,Left,Gait,1.0.5,40.3882544,-3.6292402,F0:75:B1:51:59:F6,SCKS,-0.03125,0.9375,-0.125,3.36,-35.84,-30.24,0.32704,0.728832,-0.18688,474,371,690,0.94631274560792
2024-04-25 14:16:08.168000+00:00,2024-04-25 14:15:30+00:00,2024-04-25 14:17:30+00:00,TABUENCA01-45,Sensoria-C1-EEA1,Right,Gait,1.0.5,40.3882544,-3.6292402,CB:AA:BC:3F:36:A5,SCKS,1.48047,1.996095,-0.484375,43.68,-39.200001,-389.76001,-0.056064,0.616704,-0.28032,490,716,701,2.5319569132491178
2024-04-25 14:16:08.175000+00:00,2024-04-25 14:15:30+00:00,2024-04-25 14:17:30+00:00,TABUENCA01-45,Sensoria-C1-E90A,Left,Gait,1.0.5,40.3882544,-3.6292402,F0:75:B1:51:59:F6,SCKS,0.0,1.031249,-0.125,3.36,-28.0,-48.16,0.317696,0.738176,-0.196224,462,354,698,1.0387971409283914
2024-04-25 14:16:08.184000+00:00,2024-04-25 14:15:30+00:00,2024-04-25 14:17:30+00:00,TABUENCA01-45,Sensoria-C1-EEA1,Right,Gait,1.0.5,40.3882544,-3.6292402,CB:AA:BC:3F:36:A5,SCKS,1.996095,1.992189,-0.117188,60.48,-10.08,-280.0,-0.056064,0.616704,-0.28032,490,717,700,2.82257777361227
2024-04-25 14:16:08.191000+00:00,2024-04-25 14:15:30+00:00,2024-04-25 14:17:30+00:00,TABUENCA01-45,Sensoria-C1-E90A,Left,Gait,1.0.5,40.3882544,-3.6292402,F0:75:B1:51:59:F6,SCKS,0.125,1.218749,-0.09375,8.96,-19.040001,-76.160004,0.308352,0.74752,-0.196224,447,334,708,1.2287242113269357
2024-04-25 14:16:08.200000+00:00,2024-04-25 14:15:30+00:00,2024-04-25 14:17:30+00:00,TABUENCA01-45,Sensoria-C1-EEA1,Right,Gait,1.0.5,40.3882544,-3.6292402,CB:AA:BC:3F:36:A5,SCKS,1.996095,1.695314,0.328125,69.440002,33.599998,-170.240005,-0.084096,0.579328,-0.270976,488,717,702,2.6393466659849745
2024-04-25 14:16:08.217000+00:00,2024-04-25 14:15:30+00:00,2024-04-25 14:17:30+00:00,TABUENCA01-45,Sensoria-C1-EEA1,Right,Gait,1.0.5,40.3882544,-3.6292402,CB:AA:BC:3F:36:A5,SCKS,1.996095,1.937501,0.843751,34.720001,25.76,-23.52,-0.084096,0.551296,-0.270976,487,717,706,2.906926404989813
2024-04-25 14:16:08.224000+00:00,2024-04-25 14:15:30+00:00,2024-04-25 14:17:30+00:00,TABUENCA01-45,Sensoria-C1-E90A,Left,Gait,1.0.5,40.3882544,-3.6292402,F0:75:B1:51:59:F6,SCKS,0.0625,1.249999,-0.03125,14.56,-7.84,-110.879997,0.289664,0.74752,-0.18688,436,320,716,1.2519506030594818
2024-04-25 14:16:08.249000+00:00,2024-04-25 14:15:30+00:00,2024-04-25 14:17:30+00:00,TABUENCA01-45,Sensoria-C1-EEA1,Right,Gait,1.0.5,40.3882544,-3.6292402,CB:AA:BC:3F:36:A5,SCKS,1.753908,1.996095,0.417969,6.72,-64.959999,122.080002,-0.084096,0.56064,-0.270976,488,717,705,2.689848807358882
2024-04-25 14:16:08.265000+00:00,2024-04-25 14:15:30+00:00,2024-04-25 14:17:30+00:00,TABUENCA01-45,Sensoria-C1-EEA1,Right,Gait,1.0.5,40.3882544,-3.6292402,CB:AA:BC:3F:36:A5,SCKS,-2.000001,1.882814,0.601563,19.040001,-119.840004,110.879997,-0.074752,0.579328,-0.289664,489,715,682,2.811915824054127
2024-04-25 14:16:08.273000+00:00,2024-04-25 14:15:30+00:00,2024-04-25 14:17:30+00:00,TABUENCA01-45,Sensoria-C1-E90A,Left,Gait,1.0.5,40.3882544,-3.6292402,F0:75:B1:51:59:F6,SCKS,0.25,1.562499,-0.28125,14.56,-16.799999,-145.600006,0.261632,0.766208,-0.196224,435,319,719,1.6071728866245225
2024-04-25 14:16:08.282000+00:00,2024-04-25 14:15:30+00:00,2024-04-25 14:17:30+00:00,TABUENCA01-45,Sensoria-C1-EEA1,Right,Gait,1.0.5,40.3882544,-3.6292402,CB:AA:BC:3F:36:A5,SCKS,1.160157,1.968751,0.199219,60.48,-159.039993,294.559998,-0.065408,0.616704,-0.317696,503,722,596,2.29382496599261
2024-04-25 14:16:08.289000+00:00,2024-04-25 14:15:30+00:00,2024-04-25 14:17:30+00:00,TABUENCA01-45,Sensoria-C1-E90A,Left,Gait,1.0.5,40.3882544,-3.6292402,F0:75:B1:51:59:F6,SCKS,0.53125,2.124999,-0.03125,4.48,-34.720001,-187.039993,0.2336,0.775552,-0.196224,472,359,718,2.1906218009964658
2024-04-25 14:16:08.298000+00:00,2024-04-25 14:15:30+00:00,2024-04-25 14:17:30+00:00,TABUENCA01-45,Sensoria-C1-EEA1,Right,Gait,1.0.5,40.3882544,-3.6292402,CB:AA:BC:3F:36:A5,SCKS,0.441407,1.656251,0.003906,45.920002,25.76,250.880005,-0.037376,0.663424,-0.308352,507,722,529,1.7140661514323186
2024-04-25 14:16:08.322000+00:00,2024-04-25 14:15:30+00:00,2024-04-25 14:17:30+00:00,TABUENCA01-45,Sensoria-C1-E90A,Left,Gait,1.0.5,40.3882544,-3.6292402,F0:75:B1:51:59:F6,SCKS,1.281249,2.906248,0.40625,-51.52,-108.639999,-203.839996,0.158848,0.79424,-0.18688,511,403,715,3.2020174109465738
2024-04-25 14:16:08.330000+00:00,2024-04-25 14:15:30+00:00,2024-04-25 14:17:30+00:00,TABUENCA01-45,Sensoria-C1-EEA1,Right,Gait,1.0.5,40.3882544,-3.6292402,CB:AA:BC:3F:36:A5,SCKS,0.210938,1.316407,-0.695313,51.52,35.84,224.0,-0.037376,0.663424,-0.308352,509,723,456,1.5036230902264038
2024-04-25 14:16:08.347000+00:00,2024-04-25 14:15:30+00:00,2024-04-25 14:17:30+00:00,TABUENCA01-45,Sensoria-C1-EEA1,Right,Gait,1.0.5,40.3882544,-3.6292402,CB:AA:BC:3F:36:A5,SCKS,0.34375,1.183595,-0.0625,-7.84,16.799999,206.080002,-0.018688,0.682112,-0.299008,502,726,409,1.2340856682276964
2024-04-25 14:16:08.354000+00:00,2024-04-25 14:15:30+00:00,2024-04-25 14:17:30+00:00,TABUENCA01-45,Sensoria-C1-E90A,Left,Gait,1.0.5,40.3882544,-3.6292402,F0:75:B1:51:59:F6,SCKS,0.71875,2.687499,-1.031249,-41.439999,-156.800003,-258.720001,0.112128,0.803584,-0.205568,558,468,715,2.9669389844588983
2024-04-25 14:16:08.363000+00:00,2024-04-25 14:15:30+00:00,2024-04-25 14:17:30+00:00,TABUENCA01-45,Sensoria-C1-EEA1,Right,Gait,1.0.5,40.3882544,-3.6292402,CB:AA:BC:3F:36:A5,SCKS,0.257813,0.980469,0.054688,-3.36,14.56,150.080002,0.0,0.710144,-0.299008,484,721,378,1.0152722690362423
2024-04-25 14:16:08.379000+00:00,2024-04-25 14:15:30+00:00,2024-04-25 14:17:30+00:00,TABUENCA01-45,Sensoria-C1-EEA1,Right,Gait,1.0.5,40.3882544,-3.6292402,CB:AA:BC:3F:36:A5,SCKS,-0.035156,0.925782,-0.039063,-5.6,17.92,119.840004,0.018688,0.719488,-0.299008,461,700,361,0.9272724377597988
2024-04-25 14:16:08.395000+00:00,2024-04-25 14:15:30+00:00,2024-04-25 14:17:30+00:00,TABUENCA01-45,Sensoria-C1-EEA1,Right,Gait,1.0.5,40.3882544,-3.6292402,CB:AA:BC:3F:36:A5,SCKS,-0.019531,0.976563,0.167969,-5.6,14.56,86.239998,0.028032,0.728832,-0.289664,438,675,353,0.9910955240999729
2024-04-25 14:16:08.403000+00:00,2024-04-25 14:15:30+00:00,2024-04-25 14:17:30+00:00,TABUENCA01-45,Sensoria-C1-E90A,Left,Gait,1.0.5,40.3882544,-3.6292402,F0:75:B1:51:59:F6,SCKS,0.84375,0.5,-0.4375,0.0,29.120001,-216.160004,0.018688,0.79424,-0.205568,655,542,714,1.0739275173399738
2024-04-25 14:16:08.420000+00:00,2024-04-25 14:15:30+00:00,2024-04-25 14:17:30+00:00,TABUENCA01-45,Sensoria-C1-E90A,Left,Gait,1.0.5,40.3882544,-3.6292402,F0:75:B1:51:59:F6,SCKS,-0.40625,0.46875,-0.53125,-4.48,-117.599998,-79.519997,-0.009344,0.79424,-0.205568,684,551,714,0.8166958965857487
2024-04-25 14:16:08.428000+00:00,2024-04-25 14:15:30+00:00,2024-04-25 14:17:30+00:00,TABUENCA01-45,Sensoria-C1-EEA1,Right,Gait,1.0.5,40.3882544,-3.6292402,CB:AA:BC:3F:36:A5,SCKS,-0.066406,1.050782,0.011719,8.96,4.48,61.599998,0.028032,0.728832,-0.289664,418,651,352,1.052943447351756
2024-04-25 14:16:08.445000+00:00,2024-04-25 14:15:30+00:00,2024-04-25 14:17:30+00:00,TABUENCA01-45,Sensoria-C1-EEA1,Right,Gait,1.0.5,40.3882544,-3.6292402,CB:AA:BC:3F:36:A5,SCKS,0.007813,1.003907,-0.015625,8.96,8.96,48.16,0.028032,0.738176,-0.289664,402,634,357,1.004058986436056
2024-04-25 14:16:08.452000+00:00,2024-04-25 14:15:30+00:00,2024-04-25 14:17:30+00:00,TABUENCA01-45,Sensoria-C1-E90A,Left,Gait,1.0.5,40.3882544,-3.6292402,F0:75:B1:51:59:F6,SCKS,1.374999,0.03125,-0.15625,-19.040001,-118.720001,123.199997,0.0,0.79424,-0.224256,696,555,711,1.384201168544876
2024-04-25 14:16:08.476000+00:00,2024-04-25 14:15:30+00:00,2024-04-25 14:17:30+00:00,TABUENCA01-45,Sensoria-C1-EEA1,Right,Gait,1.0.5,40.3882544,-3.6292402,CB:AA:BC:3F:36:A5,SCKS,-0.066406,1.035157,-0.035156,7.84,6.72,36.959999,0.037376,0.738176,-0.299008,386,622,372,1.0378803957205283
2024-04-25 14:16:08.478000+00:00,2024-04-25 14:15:30+00:00,2024-04-25 14:17:30+00:00,TABUENCA01-45,Sensoria-C1-EEA1,Right,Gait,1.0.5,40.3882544,-3.6292402,CB:AA:BC:3F:36:A5,SCKS,-0.058594,1.019532,-0.210938,5.6,8.96,36.959999,0.04672,0.738176,-0.28032,376,615,393,1.042772072748403
2024-04-25 14:16:08.484000+00:00,2024-04-25 14:15:30+00:00,2024-04-25 14:17:30+00:00,TABUENCA01-45,Sensoria-C1-E90A,Left,Gait,1.0.5,40.3882544,-3.6292402,F0:75:B1:51:59:F6,SCKS,0.5625,-0.09375,0.15625,-44.799999,29.120001,172.479996,0.018688,0.803584,-0.224256,701,554,710,0.5912777477632657
2024-04-25 14:16:08.510000+00:00,2024-04-25 14:15:30+00:00,2024-04-25 14:17:30+00:00,TABUENCA01-45,Sensoria-C1-EEA1,Right,Gait,1.0.5,40.3882544,-3.6292402,CB:AA:BC:3F:36:A5,SCKS,-0.019531,0.957032,-0.136719,-3.36,17.92,36.959999,0.04672,0.74752,-0.289664,365,612,419,0.966945600303347
2024-04-25 14:16:08.517000+00:00,2024-04-25 14:15:30+00:00,2024-04-25 14:17:30+00:00,TABUENCA01-45,Sensoria-C1-E90A,Left,Gait,1.0.5,40.3882544,-3.6292402,F0:75:B1:51:59:F6,SCKS,0.375,0.125,-0.09375,-26.880001,41.439999,252.0,0.04672,0.803584,-0.2336,704,553,709,0.40625
2024-04-25 14:16:08.526000+00:00,2024-04-25 14:15:30+00:00,2024-04-25 14:17:30+00:00,TABUENCA01-45,Sensoria-C1-EEA1,Right,Gait,1.0.5,40.3882544,-3.6292402,CB:AA:BC:3F:36:A5,SCKS,0.011719,0.964844,-0.054688,-4.48,24.639999,35.84,0.04672,0.74752,-0.289664,356,607,446,0.9664636861470792
2024-04-25 14:16:08.533000+00:00,2024-04-25 14:15:30+00:00,2024-04-25 14:17:30+00:00,TABUENCA01-45,Sensoria-C1-E90A,Left,Gait,1.0.5,40.3882544,-3.6292402,F0:75:B1:51:59:F6,SCKS,0.4375,0.59375,-0.34375,-15.68,48.16,310.23999,0.158848,0.79424,-0.2336,704,551,707,0.813701035393221
2024-04-25 14:16:08.542000+00:00,2024-04-25 14:15:30+00:00,2024-04-25 14:17:30+00:00,TABUENCA01-45,Sensoria-C1-EEA1,Right,Gait,1.0.5,40.3882544,-3.6292402,CB:AA:BC:3F:36:A5,SCKS,0.007813,0.960938,-0.089844,-3.36,25.76,30.24,0.056064,0.74752,-0.28032,349,604,472,0.9651605188511391
2024-04-25 14:16:08.558000+00:00,2024-04-25 14:15:30+00:00,2024-04-25 14:17:30+00:00,TABUENCA01-45,Sensoria-C1-EEA1,Right,Gait,1.0.5,40.3882544,-3.6292402,CB:AA:BC:3F:36:A5,SCKS,0.027344,0.964844,-0.148438,-3.36,23.52,30.24,0.056064,0.74752,-0.28032,339,603,495,0.9765784548698584
2024-04-25 14:16:08.566000+00:00,2024-04-25 14:15:30+00:00,2024-04-25 14:17:30+00:00,TABUENCA01-45,Sensoria-C1-E90A,Left,Gait,1.0.5,40.3882544,-3.6292402,F0:75:B1:51:59:F6,SCKS,0.40625,0.90625,-0.25,-28.0,61.599998,350.559998,0.224256,0.775552,-0.2336,705,551,706,1.0241231005108713
2024-04-25 14:16:08.591000+00:00,2024-04-25 14:15:30+00:00,2024-04-25 14:17:30+00:00,TABUENCA01-45,Sensoria-C1-EEA1,Right,Gait,1.0.5,40.3882544,-3.6292402,CB:AA:BC:3F:36:A5,SCKS,0.035156,0.933594,-0.128906,-4.48,25.76,30.24,0.065408,0.756864,-0.270976,330,598,517,0.9431068115584788
2024-04-25 14:16:08.598000+00:00,2024-04-25 14:15:30+00:00,2024-04-25 14:17:30+00:00,TABUENCA01-45,Sensoria-C1-E90A,Left,Gait,1.0.5,40.3882544,-3.6292402,F0:75:B1:51:59:F6,SCKS,0.4375,1.718749,-0.34375,-28.0,63.84,417.76001,0.289664,0.74752,-0.261632,706,549,704,1.806562602707418
2024-04-25 14:16:08.607000+00:00,2024-04-25 14:15:30+00:00,2024-04-25 14:17:30+00:00,TABUENCA01-45,Sensoria-C1-EEA1,Right,Gait,1.0.5,40.3882544,-3.6292402,CB:AA:BC:3F:36:A5,SCKS,0.019531,0.910157,-0.050781,-3.36,26.880001,33.599998,0.074752,0.756864,-0.270976,321,594,537,0.9117817362565451
2024-04-25 14:16:08.623000+00:00,2024-04-25 14:15:30+00:00,2024-04-25 14:17:30+00:00,TABUENCA01-45,Sensoria-C1-EEA1,Right,Gait,1.0.5,40.3882544,-3.6292402,CB:AA:BC:3F:36:A5,SCKS,-0.03125,0.906251,0.015625,-2.24,22.4,40.32,0.074752,0.756864,-0.270976,312,588,550,0.9069242405658811
2024-04-25 14:16:08.631000+00:00,2024-04-25 14:15:30+00:00,2024-04-25 14:17:30+00:00,TABUENCA01-45,Sensoria-C1-E90A,Left,Gait,1.0.5,40.3882544,-3.6292402,F0:75:B1:51:59:F6,SCKS,0.3125,2.687499,-0.5625,-17.92,36.959999,445.76001,0.364416,0.7008,-0.252288,704,549,702,2.7634603986670405
2024-04-25 14:16:08.640000+00:00,2024-04-25 14:15:30+00:00,2024-04-25 14:17:30+00:00,TABUENCA01-45,Sensoria-C1-EEA1,Right,Gait,1.0.5,40.3882544,-3.6292402,CB:AA:BC:3F:36:A5,SCKS,-0.042969,0.949219,0.007813,5.6,4.48,50.400002,0.074752,0.756864,-0.270976,303,579,564,0.9502231779382146
2024-04-25 14:16:08.656000+00:00,2024-04-25 14:15:30+00:00,2024-04-25 14:17:30+00:00,TABUENCA01-45,Sensoria-C1-EEA1,Right,Gait,1.0.5,40.3882544,-3.6292402,CB:AA:BC:3F:36:A5,SCKS,-0.039063,1.050782,0.023438,5.6,-6.72,63.84,0.084096,0.756864,-0.270976,290,565,572,1.0517690190041729
2024-04-25 14:16:08.663000+00:00,2024-04-25 14:15:30+00:00,2024-04-25 14:17:30+00:00,TABUENCA01-45,Sensoria-C1-E90A,Left,Gait,1.0.5,40.3882544,-3.6292402,F0:75:B1:51:59:F6,SCKS,-0.84375,3.031248,0.40625,16.799999,70.559998,445.76001,0.429824,0.644736,-0.28032,703,546,701,3.1726042240569496
2024-04-25 14:16:08.688000+00:00,2024-04-25 14:15:30+00:00,2024-04-25 14:17:30+00:00,TABUENCA01-45,Sensoria-C1-EEA1,Right,Gait,1.0.5,40.3882544,-3.6292402,CB:AA:BC:3F:36:A5,SCKS,0.007813,1.035157,0.023438,5.6,-8.96,72.800003,0.09344,0.766208,-0.261632,276,548,584,1.0354517842285078
2024-04-25 14:16:08.696000+00:00,2024-04-25 14:15:30+00:00,2024-04-25 14:17:30+00:00,TABUENCA01-45,Sensoria-C1-E90A,Left,Gait,1.0.5,40.3882544,-3.6292402,F0:75:B1:51:59:F6,SCKS,-1.468749,2.718749,-1.093749,4.48,88.480003,376.320007,0.51392,0.51392,-0.289664,701,547,706,3.277972944519677
2024-04-25 14:16:08.704000+00:00,2024-04-25 14:15:30+00:00,2024-04-25 14:17:30+00:00,TABUENCA01-45,Sensoria-C1-EEA1,Right,Gait,1.0.5,40.3882544,-3.6292402,CB:AA:BC:3F:36:A5,SCKS,-0.0625,1.152345,-0.046875,8.96,-12.32,82.879997,0.102784,0.766208,-0.261632,261,530,604,1.1549902660412337
2024-04-25 14:16:08.721000+00:00,2024-04-25 14:15:30+00:00,2024-04-25 14:17:30+00:00,TABUENCA01-45,Sensoria-C1-EEA1,Right,Gait,1.0.5,40.3882544,-3.6292402,CB:AA:BC:3F:36:A5,SCKS,-0.050781,1.226563,-0.050781,6.72,-14.56,104.160004,0.121472,0.775552,-0.28032,247,509,634,1.228663588168462
2024-04-25 14:16:08.728000+00:00,2024-04-25 14:15:30+00:00,2024-04-25 14:17:30+00:00,TABUENCA01-45,Sensoria-C1-E90A,Left,Gait,1.0.5,40.3882544,-3.6292402,F0:75:B1:51:59:F6,SCKS,-3.812498,1.343749,-0.75,14.56,-79.519997,107.520004,0.523264,0.476544,-0.289664,700,547,712,4.11136259347251
2024-04-25 14:16:08.737000+00:00,2024-04-25 14:15:30+00:00,2024-04-25 14:17:30+00:00,TABUENCA01-45,Sensoria-C1-EEA1,Right,Gait,1.0.5,40.3882544,-3.6292402,CB:AA:BC:3F:36:A5,SCKS,-0.074219,1.332032,0.011719,4.48,-16.799999,125.440002,0.121472,0.775552,-0.28032,233,492,665,1.3341495583127105
2024-04-25 14:16:08.761000+00:00,2024-04-25 14:15:30+00:00,2024-04-25 14:17:30+00:00,TABUENCA01-45,Sensoria-C1-E90A,Left,Gait,1.0.5,40.3882544,-3.6292402,F0:75:B1:51:59:F6,SCKS,0.375,4.687498,0.125,38.080002,-47.040001,-140.0,0.51392,0.485888,-0.270976,698,548,708,4.7041351489943395
2024-04-25 14:16:08.772000+00:00,2024-04-25 14:15:30+00:00,2024-04-25 14:17:30+00:00,TABUENCA01-45,Sensoria-C1-EEA1,Right,Gait,1.0.5,40.3882544,-3.6292402,CB:AA:BC:3F:36:A5,SCKS,-0.109375,1.476564,-0.140625,4.48,-20.16,142.240005,0.14016,0.775552,-0.261632,221,477,687,1.4872725128052358
2024-04-25 14:16:08.786000+00:00,2024-04-25 14:15:30+00:00,2024-04-25 14:17:30+00:00,TABUENCA01-45,Sensoria-C1-EEA1,Right,Gait,1.0.5,40.3882544,-3.6292402,CB:AA:BC:3F:36:A5,SCKS,-0.175781,1.718751,-0.121094,0.0,-8.96,165.759995,0.168192,0.79424,-0.261632,210,474,702,1.7319548830145663
2024-04-25 14:16:08.793000+00:00,2024-04-25 14:15:30+00:00,2024-04-25 14:17:30+00:00,TABUENCA01-45,Sensoria-C1-E90A,Left,Gait,1.0.5,40.3882544,-3.6292402,F0:75:B1:51:59:F6,SCKS,1.562499,0.625,1.374999,50.400002,172.479996,-132.160004,0.504576,0.51392,-0.299008,702,548,674,2.1731659796255784
2024-04-25 14:16:08.802000+00:00,2024-04-25 14:15:30+00:00,2024-04-25 14:17:30+00:00,TABUENCA01-45,Sensoria-C1-EEA1,Right,Gait,1.0.5,40.3882544,-3.6292402,CB:AA:BC:3F:36:A5,SCKS,-0.378907,1.996095,0.027344,-6.72,11.2,190.399994,0.196224,0.79424,-0.270976,205,489,708,2.031923585671961
2024-04-25 14:16:08.818000+00:00,2024-04-25 14:15:30+00:00,2024-04-25 14:17:30+00:00,TABUENCA01-45,Sensoria-C1-EEA1,Right,Gait,1.0.5,40.3882544,-3.6292402,CB:AA:BC:3F:36:A5,SCKS,-1.039063,1.996095,0.53125,-25.76,54.880001,213.919998,0.242944,0.79424,-0.261632,204,517,711,2.3122010573248164
2024-04-25 14:16:08.826000+00:00,2024-04-25 14:15:30+00:00,2024-04-25 14:17:30+00:00,TABUENCA01-45,Sensoria-C1-E90A,Left,Gait,1.0.5,40.3882544,-3.6292402,F0:75:B1:51:59:F6,SCKS,-0.625,1.968749,-0.09375,126.559998,28.0,-229.600006,0.476544,0.56064,-0.317696,707,552,568,2.0677008215651025
2024-04-25 14:16:08.842000+00:00,2024-04-25 14:15:30+00:00,2024-04-25 14:17:30+00:00,TABUENCA01-45,Sensoria-C1-E90A,Left,Gait,1.0.5,40.3882544,-3.6292402,F0:75:B1:51:59:F6,SCKS,-0.999999,1.968749,0.84375,88.480003,24.639999,-218.399994,0.457856,0.598016,-0.308352,700,560,435,2.363870700250333
2024-04-25 14:16:08.850000+00:00,2024-04-25 14:15:30+00:00,2024-04-25 14:17:30+00:00,TABUENCA01-45,Sensoria-C1-EEA1,Right,Gait,1.0.5,40.3882544,-3.6292402,CB:AA:BC:3F:36:A5,SCKS,-0.582032,1.996095,0.167969,-56.0,76.160004,266.559998,0.242944,0.79424,-0.261632,225,549,713,2.0859937878646715
2024-04-25 14:16:08.867000+00:00,2024-04-25 14:15:30+00:00,2024-04-25 14:17:30+00:00,TABUENCA01-45,Sensoria-C1-EEA1,Right,Gait,1.0.5,40.3882544,-3.6292402,CB:AA:BC:3F:36:A5,SCKS,-0.878907,1.996095,-0.746094,-22.4,14.56,296.799988,0.299008,0.803584,-0.270976,268,595,713,2.3051093294050067
2024-04-25 14:16:08.874000+00:00,2024-04-25 14:15:30+00:00,2024-04-25 14:17:30+00:00,TABUENCA01-45,Sensoria-C1-E90A,Left,Gait,1.0.5,40.3882544,-3.6292402,F0:75:B1:51:59:F6,SCKS,-0.09375,0.999999,-0.3125,85.120003,-47.040001,-136.639999,0.429824,0.635392,-0.289664,672,557,372,1.0518760918002652
2024-04-25 14:16:08.883000+00:00,2024-04-25 14:15:30+00:00,2024-04-25 14:17:30+00:00,TABUENCA01-45,Sensoria-C1-EEA1,Right,Gait,1.0.5,40.3882544,-3.6292402,CB:AA:BC:3F:36:A5,SCKS,-0.582032,1.996095,-0.894532,3.36,-82.879997,341.600006,0.345728,0.79424,-0.28032,336,644,714,2.2634805051232494
2024-04-25 14:16:08.899000+00:00,2024-04-25 14:15:30+00:00,2024-04-25 14:17:30+00:00,TABUENCA01-45,Sensoria-C1-EEA1,Right,Gait,1.0.5,40.3882544,-3.6292402,CB:AA:BC:3F:36:A5,SCKS,-0.386719,0.566407,-0.597657,8.96,5.6,272.160004,0.392448,0.79424,-0.28032,407,682,715,0.9097045477840594
2024-04-25 14:16:08.907000+00:00,2024-04-25 14:15:30+00:00,2024-04-25 14:17:30+00:00,TABUENCA01-45,Sensoria-C1-E90A,Left,Gait,1.0.5,40.3882544,-3.6292402,F0:75:B1:51:59:F6,SCKS,0.03125,0.999999,-0.125,35.84,-51.52,-68.32,0.392448,0.672768,-0.261632,635,534,352,1.008265621005199
2024-04-25 14:16:08.915000+00:00,2024-04-25 14:15:30+00:00,2024-04-25 14:17:30+00:00,TABUENCA01-45,Sensoria-C1-EEA1,Right,Gait,1.0.5,40.3882544,-3.6292402,CB:AA:BC:3F:36:A5,SCKS,0.855469,0.085938,-1.195313,19.040001,71.68,160.160004,0.429824,0.784896,-0.270976,452,702,714,1.4724081355976
2024-04-25 14:16:08.940000+00:00,2024-04-25 14:15:30+00:00,2024-04-25 14:17:30+00:00,TABUENCA01-45,Sensoria-C1-E90A,Left,Gait,1.0.5,40.3882544,-3.6292402,F0:75:B1:51:59:F6,SCKS,0.03125,0.999999,-0.03125,19.040001,-39.200001,-39.200001,0.392448,0.682112,-0.252288,601,508,357,1.0009750871030707
2024-04-25 14:16:08.948000+00:00,2024-04-25 14:15:30+00:00,2024-04-25 14:17:30+00:00,TABUENCA01-45,Sensoria-C1-EEA1,Right,Gait,1.0.5,40.3882544,-3.6292402,CB:AA:BC:3F:36:A5,SCKS,-1.546876,0.253906,-0.523438,-2.24,225.119995,22.4,0.429824,0.784896,-0.270976,473,711,711,1.6526587536621105
2024-04-25 14:16:08.964000+00:00,2024-04-25 14:15:30+00:00,2024-04-25 14:17:30+00:00,TABUENCA01-45,Sensoria-C1-EEA1,Right,Gait,1.0.5,40.3882544,-3.6292402,CB:AA:BC:3F:36:A5,SCKS,-1.644532,-0.007813,-0.171875,-28.0,153.440002,-67.199997,0.439168,0.784896,-0.28032,485,719,711,1.6535076527243533
2024-04-25 14:16:08.972000+00:00,2024-04-25 14:15:30+00:00,2024-04-25 14:17:30+00:00,TABUENCA01-45,Sensoria-C1-E90A,Left,Gait,1.0.5,40.3882544,-3.6292402,F0:75:B1:51:59:F6,SCKS,0.1875,0.999999,-0.3125,10.08,-32.48,-26.880001,0.383104,0.682112,-0.261632,572,484,390,1.0643357083181038
2024-04-25 14:16:08.981000+00:00,2024-04-25 14:15:30+00:00,2024-04-25 14:17:30+00:00,TABUENCA01-45,Sensoria-C1-EEA1,Right,Gait,1.0.5,40.3882544,-3.6292402,CB:AA:BC:3F:36:A5,SCKS,-0.906251,-0.3125,0.105469,-2.24,75.040001,-96.32,0.42048,0.79424,-0.299008,490,719,709,0.9644018016169402
2024-04-25 14:16:08.997000+00:00,2024-04-25 14:15:30+00:00,2024-04-25 14:17:30+00:00,TABUENCA01-45,Sensoria-C1-EEA1,Right,Gait,1.0.5,40.3882544,-3.6292402,CB:AA:BC:3F:36:A5,SCKS,-0.5625,-0.21875,0.089844,41.439999,35.84,-152.320007,0.401792,0.79424,-0.289664,491,721,707,0.6101882962135541
2024-04-25 14:16:09.029000+00:00,2024-04-25 14:15:30+00:00,2024-04-25 14:17:30+00:00,TABUENCA01-45,Sensoria-C1-EEA1,Right,Gait,1.0.5,40.3882544,-3.6292402,CB:AA:BC:3F:36:A5,SCKS,-0.628907,0.101563,0.011719,61.599998,20.16,-212.800003,0.355072,0.803584,-0.28032,492,721,706,0.6371627677281528
2024-04-25 14:16:09.037000+00:00,2024-04-25 14:15:30+00:00,2024-04-25 14:17:30+00:00,TABUENCA01-45,Sensoria-C1-E90A,Left,Gait,1.0.5,40.3882544,-3.6292402,F0:75:B1:51:59:F6,SCKS,0.0625,0.9375,-0.21875,3.36,-48.16,-26.880001,0.364416,0.691456,-0.2336,535,452,516,0.9647093150270707
2024-04-25 14:16:09.045000+00:00,2024-04-25 14:15:30+00:00,2024-04-25 14:17:30+00:00,TABUENCA01-45,Sensoria-C1-EEA1,Right,Gait,1.0.5,40.3882544,-3.6292402,CB:AA:BC:3F:36:A5,SCKS,-0.554688,0.394532,-0.035156,61.599998,-10.08,-265.440002,0.355072,0.803584,-0.28032,492,720,705,0.6815938825312328
2024-04-25 14:16:09.062000+00:00,2024-04-25 14:15:30+00:00,2024-04-25 14:17:30+00:00,TABUENCA01-45,Sensoria-C1-EEA1,Right,Gait,1.0.5,40.3882544,-3.6292402,CB:AA:BC:3F:36:A5,SCKS,-0.523438,0.648438,-0.027344,50.400002,-28.0,-312.480011,0.317696,0.812928,-0.261632,491,717,703,0.8337906655893912
2024-04-25 14:16:09.078000+00:00,2024-04-25 14:15:30+00:00,2024-04-25 14:17:30+00:00,TABUENCA01-45,Sensoria-C1-EEA1,Right,Gait,1.0.5,40.3882544,-3.6292402,CB:AA:BC:3F:36:A5,SCKS,-0.585938,0.859376,0.03125,50.400002,-45.920002,-349.440002,0.252288,0.803584,-0.270976,492,716,703,1.0405897422711796
2024-04-25 14:16:09.085000+00:00,2024-04-25 14:15:30+00:00,2024-04-25 14:17:30+00:00,TABUENCA01-45,Sensoria-C1-E90A,Left,Gait,1.0.5,40.3882544,-3.6292402,F0:75:B1:51:59:F6,SCKS,0.03125,0.9375,-0.21875,-1.12,-42.560001,-28.0,0.364416,0.7008,-0.2336,526,437,570,0.9631896879639026
2024-04-25 14:16:09.102000+00:00,2024-04-25 14:15:30+00:00,2024-04-25 14:17:30+00:00,TABUENCA01-45,Sensoria-C1-E90A,Left,Gait,1.0.5,40.3882544,-3.6292402,F0:75:B1:51:59:F6,SCKS,0.03125,0.9375,-0.25,-1.12,-36.959999,-31.360001,0.355072,0.710144,-0.2336,516,422,609,0.9707640354380667
2024-04-25 14:16:09.110000+00:00,2024-04-25 14:15:30+00:00,2024-04-25 14:17:30+00:00,TABUENCA01-45,Sensoria-C1-EEA1,Right,Gait,1.0.5,40.3882544,-3.6292402,CB:AA:BC:3F:36:A5,SCKS,-0.511719,1.187501,0.0625,47.040001,-56.0,-375.200012,0.18688,0.79424,-0.252288,492,717,702,1.2945737560919424
2024-04-25 14:16:09.128000+00:00,2024-04-25 14:15:30+00:00,2024-04-25 14:17:30+00:00,TABUENCA01-45,Sensoria-C1-EEA1,Right,Gait,1.0.5,40.3882544,-3.6292402,CB:AA:BC:3F:36:A5,SCKS,-0.480469,1.66797,0.054688,34.720001,-43.68,-396.480011,0.112128,0.766208,-0.261632,492,715,702,1.7366534364129764
2024-04-25 14:16:09.135000+00:00,2024-04-25 14:15:30+00:00,2024-04-25 14:17:30+00:00,TABUENCA01-45,Sensoria-C1-E90A,Left,Gait,1.0.5,40.3882544,-3.6292402,F0:75:B1:51:59:F6,SCKS,0.0,0.9375,-0.1875,-1.12,-38.080002,-36.959999,0.345728,0.710144,-0.224256,508,401,636,0.9560661587986472
2024-04-25 14:16:09.159000+00:00,2024-04-25 14:15:30+00:00,2024-04-25 14:17:30+00:00,TABUENCA01-45,Sensoria-C1-EEA1,Right,Gait,1.0.5,40.3882544,-3.6292402,CB:AA:BC:3F:36:A5,SCKS,-0.476563,1.996095,0.15625,10.08,-7.84,-408.799988,0.112128,0.766208,-0.261632,493,716,701,2.0581354679646333
2024-04-25 14:16:09.160000+00:00,2024-04-25 14:15:30+00:00,2024-04-25 14:17:30+00:00,TABUENCA01-45,Sensoria-C1-EEA1,Right,Gait,1.0.5,40.3882544,-3.6292402,CB:AA:BC:3F:36:A5,SCKS,0.113281,1.996095,0.234375,20.16,10.08,-397.600006,0.056064,0.728832,-0.252288,491,716,701,2.0129976340301545
2024-04-25 14:16:09.167000+00:00,2024-04-25 14:15:30+00:00,2024-04-25 14:17:30+00:00,TABUENCA01-45,Sensoria-C1-E90A,Left,Gait,1.0.5,40.3882544,-3.6292402,F0:75:B1:51:59:F6,SCKS,-0.03125,0.9375,-0.125,3.36,-32.48,-43.68,0.32704,0.719488,-0.224256,494,376,657,0.94631274560792
2024-04-25 14:16:09.175000+00:00,2024-04-25 14:15:30+00:00,2024-04-25 14:17:30+00:00,TABUENCA01-45,Sensoria-C1-EEA1,Right,Gait,1.0.5,40.3882544,-3.6292402,CB:AA:BC:3F:36:A5,SCKS,0.757813,1.996095,0.363282,47.040001,-14.56,-397.600006,0.0,0.682112,-0.242944,490,714,701,2.1657907570949693
2024-04-25 14:16:09.183000+00:00,2024-04-25 14:15:30+00:00,2024-04-25 14:17:30+00:00,TABUENCA01-45,Sensoria-C1-E90A,Left,Gait,1.0.5,40.3882544,-3.6292402,F0:75:B1:51:59:F6,SCKS,-0.0625,0.968749,-0.125,4.48,-26.880001,-50.400002,0.317696,0.738176,-0.214912,476,346,673,0.9787777454565464
2024-04-25 14:16:09.208000+00:00,2024-04-25 14:15:30+00:00,2024-04-25 14:17:30+00:00,TABUENCA01-45,Sensoria-C1-EEA1,Right,Gait,1.0.5,40.3882544,-3.6292402,CB:AA:BC:3F:36:A5,SCKS,1.85547,1.996095,0.070313,28.0,-25.76,-378.559998,-0.04672,0.635392,-0.252288,491,714,703,2.7261892978834026
2024-04-25 14:16:09.215000+00:00,2024-04-25 14:15:30+00:00,2024-04-25 14:17:30+00:00,TABUENCA01-45,Sensoria-C1-E90A,Left,Gait,1.0.5,40.3882544,-3.6292402,F0:75:B1:51:59:F6,SCKS,0.0625,1.156249,-0.15625,0.0,-23.52,-76.160004,0.289664,0.756864,-0.214912,445,307,693,1.1684314539163176
2024-04-25 14:16:09.224000+00:00,2024-04-25 14:15:30+00:00,2024-04-25 14:17:30+00:00,TABUENCA01-45,Sensoria-C1-EEA1,Right,Gait,1.0.5,40.3882544,-3.6292402,CB:AA:BC:3F:36:A5,SCKS,1.996095,1.800783,-0.460938,54.880001,-34.720001,-275.519989,-0.065408,0.588672,-0.261632,489,714,703,2.7275774053100674
2024-04-25 14:16:09.241000+00:00,2024-04-25 14:15:30+00:00,2024-04-25 14:17:30+00:00,TABUENCA01-45,Sensoria-C1-EEA1,Right,Gait,1.0.5,40.3882544,-3.6292402,CB:AA:BC:3F:36:A5,SCKS,1.996095,1.210938,0.46875,47.040001,51.52,-118.720001,-0.074752,0.56064,-0.2336,488,715,706,2.3812796247750914
2024-04-25 14:16:09.248000+00:00,2024-04-25 14:15:30+00:00,2024-04-25 14:17:30+00:00,TABUENCA01-45,Sensoria-C1-E90A,Left,Gait,1.0.5,40.3882544,-3.6292402,F0:75:B1:51:59:F6,SCKS,0.0625,1.249999,0.03125,5.6,-12.32,-107.520004,0.270976,0.756864,-0.214912,428,287,702,1.2519506030594818
2024-04-25 14:16:09.257000+00:00,2024-04-25 14:15:30+00:00,2024-04-25 14:17:30+00:00,TABUENCA01-45,Sensoria-C1-EEA1,Right,Gait,1.0.5,40.3882544,-3.6292402,CB:AA:BC:3F:36:A5,SCKS,1.996095,1.996095,0.960938,13.440001,51.52,21.280001,-0.074752,0.56064,-0.2336,487,717,710,2.981977923777103
2024-04-25 14:16:09.282000+00:00,2024-04-25 14:15:30+00:00,2024-04-25 14:17:30+00:00,TABUENCA01-45,Sensoria-C1-E90A,Left,Gait,1.0.5,40.3882544,-3.6292402,F0:75:B1:51:59:F6,SCKS,0.21875,1.531249,-0.34375,6.72,-10.08,-141.119995,0.252288,0.766208,-0.214912,422,278,704,1.5845312003873575
2024-04-25 14:16:09.290000+00:00,2024-04-25 14:15:30+00:00,2024-04-25 14:17:30+00:00,TABUENCA01-45,Sensoria-C1-EEA1,Right,Gait,1.0.5,40.3882544,-3.6292402,CB:AA:BC:3F:36:A5,SCKS,-2.000001,1.996095,-0.351563,17.92,-150.080002,136.639999,-0.065408,0.579328,-0.261632,489,715,693,2.847454265127888
2024-04-25 14:16:09.306000+00:00,2024-04-25 14:15:30+00:00,2024-04-25 14:17:30+00:00,TABUENCA01-45,Sensoria-C1-EEA1,Right,Gait,1.0.5,40.3882544,-3.6292402,CB:AA:BC:3F:36:A5,SCKS,-0.261719,0.750001,1.63672,36.959999,-182.559998,189.279999,-0.065408,0.579328,-0.261632,498,716,660,1.8192995062281525
2024-04-25 14:16:09.313000+00:00,2024-04-25 14:15:30+00:00,2024-04-25 14:17:30+00:00,TABUENCA01-45,Sensoria-C1-E90A,Left,Gait,1.0.5,40.3882544,-3.6292402,F0:75:B1:51:59:F6,SCKS,0.46875,2.031249,-0.25,-3.36,-24.639999,-179.199997,0.224256,0.775552,-0.224256,448,305,707,2.0995711615710957
2024-04-25 14:16:09.337000+00:00,2024-04-25 14:15:30+00:00,2024-04-25 14:17:30+00:00,TABUENCA01-45,Sensoria-C1-EEA1,Right,Gait,1.0.5,40.3882544,-3.6292402,CB:AA:BC:3F:36:A5,SCKS,0.746094,1.996095,0.09375,67.199997,-133.279999,280.0,-0.065408,0.616704,-0.289664,507,721,586,2.1330355290901744
2024-04-25 14:16:09.339000+00:00,2024-04-25 14:15:30+00:00,2024-04-25 14:17:30+00:00,TABUENCA01-45,Sensoria-C1-EEA1,Right,Gait,1.0.5,40.3882544,-3.6292402,CB:AA:BC:3F:36:A5,SCKS,0.472657,1.582032,-0.117188,41.439999,39.200001,250.880005,-0.04672,0.65408,-0.289664,512,723,494,1.6552833340600637
2024-04-25 14:16:09.346000+00:00,2024-04-25 14:15:30+00:00,2024-04-25 14:17:30+00:00,TABUENCA01-45,Sensoria-C1-E90A,Left,Gait,1.0.5,40.3882544,-3.6292402,F0:75:B1:51:59:F6,SCKS,1.312499,2.718749,-0.09375,-34.720001,-58.240002,-217.279999,0.18688,0.79424,-0.214912,512,357,706,3.020436857890262
2024-04-25 14:16:09.371000+00:00,2024-04-25 14:15:30+00:00,2024-04-25 14:17:30+00:00,TABUENCA01-45,Sensoria-C1-EEA1,Right,Gait,1.0.5,40.3882544,-3.6292402,CB:AA:BC:3F:36:A5,SCKS,0.386719,1.152345,-0.632813,36.959999,25.76,216.160004,-0.018688,0.682112,-0.28032,512,724,430,1.3703659646076298
2024-04-25 14:16:09.378000+00:00,2024-04-25 14:15:30+00:00,2024-04-25 14:17:30+00:00,TABUENCA01-45,Sensoria-C1-E90A,Left,Gait,1.0.5,40.3882544,-3.6292402,F0:75:B1:51:59:F6,SCKS,0.46875,2.187499,-0.46875,-71.68,-143.360001,-226.240005,0.149504,0.803584,-0.224256,559,405,706,2.2857394864684384
2024-04-25 14:16:09.387000+00:00,2024-04-25 14:15:30+00:00,2024-04-25 14:17:30+00:00,TABUENCA01-45,Sensoria-C1-EEA1,Right,Gait,1.0.5,40.3882544,-3.6292402,CB:AA:BC:3F:36:A5,SCKS,0.269531,0.917969,0.238281,-13.440001,58.240002,190.399994,-0.018688,0.682112,-0.28032,498,730,387,0.985947199338281
2024-04-25 14:16:09.403000+00:00,2024-04-25 14:15:30+00:00,2024-04-25 14:17:30+00:00,TABUENCA01-45,Sensoria-C1-EEA1,Right,Gait,1.0.5,40.3882544,-3.6292402,CB:AA:BC:3F:36:A5,SCKS,0.164063,1.031251,0.035156,-2.24,28.0,129.919998,0.0,0.7008,-0.270976,477,723,360,1.0448115798104458
2024-04-25 14:16:09.411000+00:00,2024-04-25 14:15:30+00:00,2024-04-25 14:17:30+00:00,TABUENCA01-45,Sensoria-C1-E90A,Left,Gait,1.0.5,40.3882544,-3.6292402,F0:75:B1:51:59:F6,SCKS,0.90625,1.624999,-0.8125,8.96,-23.52,-282.23999,0.04672,0.79424,-0.224256,618,480,710,2.0302874334687195
2024-04-25 14:16:09.420000+00:00,2024-04-25 14:15:30+00:00,2024-04-25 14:17:30+00:00,TABUENCA01-45,Sensoria-C1-EEA1,Right,Gait,1.0.5,40.3882544,-3.6292402,CB:AA:BC:3F:36:A5,SCKS,-0.039063,0.976563,0.035156,-1.12,14.56,100.800003,0.018688,0.710144,-0.261632,453,705,347,0.9779760504603372
2024-04-25 14:16:09.436000+00:00,2024-04-25 14:15:30+00:00,2024-04-25 14:17:30+00:00,TABUENCA01-45,Sensoria-C1-EEA1,Right,Gait,1.0.5,40.3882544,-3.6292402,CB:AA:BC:3F:36:A5,SCKS,-0.101563,0.972657,0.144531,-4.48,8.96,75.040001,0.037376,0.719488,-0.28032,431,683,341,0.9885675963630408
2024-04-25 14:16:09.443000+00:00,2024-04-25 14:15:30+00:00,2024-04-25 14:17:30+00:00,TABUENCA01-45,Sensoria-C1-E90A,Left,Gait,1.0.5,40.3882544,-3.6292402,F0:75:B1:51:59:F6,SCKS,0.53125,0.21875,-0.5,11.2,-36.959999,-179.199997,0.009344,0.79424,-0.252288,669,534,712,0.7616286004346213
2024-04-25 14:16:09.468000+00:00,2024-04-25 14:15:30+00:00,2024-04-25 14:17:30+00:00,TABUENCA01-45,Sensoria-C1-EEA1,Right,Gait,1.0.5,40.3882544,-3.6292402,CB:AA:BC:3F:36:A5,SCKS,-0.09375,1.031251,0.027344,1.12,-2.24,56.0,0.037376,0.728832,-0.252288,415,662,340,1.0358645576700651
2024-04-25 14:16:09.476000+00:00,2024-04-25 14:15:30+00:00,2024-04-25 14:17:30+00:00,TABUENCA01-45,Sensoria-C1-E90A,Left,Gait,1.0.5,40.3882544,-3.6292402,F0:75:B1:51:59:F6,SCKS,0.21875,0.5625,-0.34375,26.880001,-176.960007,-32.48,-0.018688,0.784896,-0.224256,694,551,711,0.6945659615904022
2024-04-25 14:16:09.485000+00:00,2024-04-25 14:15:30+00:00,2024-04-25 14:17:30+00:00,TABUENCA01-45,Sensoria-C1-EEA1,Right,Gait,1.0.5,40.3882544,-3.6292402,CB:AA:BC:3F:36:A5,SCKS,-0.015625,1.035157,-0.042969,-1.12,7.84,43.68,0.037376,0.728832,-0.261632,399,648,348,1.0361662464271841
2024-04-25 14:16:09.501000+00:00,2024-04-25 14:15:30+00:00,2024-04-25 14:17:30+00:00,TABUENCA01-45,Sensoria-C1-EEA1,Right,Gait,1.0.5,40.3882544,-3.6292402,CB:AA:BC:3F:36:A5,SCKS,-0.078125,1.011719,0.019531,-4.48,8.96,33.599998,0.037376,0.728832,-0.261632,386,636,361,1.0149188689481539
2024-04-25 14:16:09.508000+00:00,2024-04-25 14:15:30+00:00,2024-04-25 14:17:30+00:00,TABUENCA01-45,Sensoria-C1-E90A,Left,Gait,1.0.5,40.3882544,-3.6292402,F0:75:B1:51:59:F6,SCKS,1.124999,0.0,-0.09375,-1.12,-89.599998,138.880005,-0.009344,0.79424,-0.2336,703,555,709,1.1288984952160226
2024-04-25 14:16:09.517000+00:00,2024-04-25 14:15:30+00:00,2024-04-25 14:17:30+00:00,TABUENCA01-45,Sensoria-C1-EEA1,Right,Gait,1.0.5,40.3882544,-3.6292402,CB:AA:BC:3F:36:A5,SCKS,-0.046875,1.027344,-0.136719,-4.48,8.96,33.599998,0.037376,0.738176,-0.270976,378,628,382,1.0374608642845282
2024-04-25 14:16:09.524000+00:00,2024-04-25 14:15:30+00:00,2024-04-25 14:17:30+00:00,TABUENCA01-45,Sensoria-C1-E90A,Left,Gait,1.0.5,40.3882544,-3.6292402,F0:75:B1:51:59:F6,SCKS,0.625,0.0,0.09375,-6.72,21.280001,176.960007,0.009344,0.803584,-0.242944,707,553,706,0.6319921380048964
2024-04-25 14:16:09.550000+00:00,2024-04-25 14:15:30+00:00,2024-04-25 14:17:30+00:00,TABUENCA01-45,Sensoria-C1-EEA1,Right,Gait,1.0.5,40.3882544,-3.6292402,CB:AA:BC:3F:36:A5,SCKS,-0.039063,0.957032,-0.097656,-11.2,20.16,34.720001,0.056064,0.738176,-0.261632,369,623,410,0.9627942985544732
2024-04-25 14:16:09.557000+00:00,2024-04-25 14:15:30+00:00,2024-04-25 14:17:30+00:00,TABUENCA01-45,Sensoria-C1-E90A,Left,Gait,1.0.5,40.3882544,-3.6292402,F0:75:B1:51:59:F6,SCKS,0.4375,0.46875,-0.21875,26.880001,58.240002,277.76001,0.09344,0.803584,-0.2336,707,554,705,0.6774838558962125
2024-04-25 14:16:09.566000+00:00,2024-04-25 14:15:30+00:00,2024-04-25 14:17:30+00:00,TABUENCA01-45,Sensoria-C1-EEA1,Right,Gait,1.0.5,40.3882544,-3.6292402,CB:AA:BC:3F:36:A5,SCKS,0.0,0.953126,-0.035156,-11.2,28.0,35.84,0.056064,0.738176,-0.261632,361,618,438,0.9537741431869498
2024-04-25 14:16:09.582000+00:00,2024-04-25 14:15:30+00:00,2024-04-25 14:17:30+00:00,TABUENCA01-45,Sensoria-C1-EEA1,Right,Gait,1.0.5,40.3882544,-3.6292402,CB:AA:BC:3F:36:A5,SCKS,-0.003906,0.953126,-0.03125,-10.08,30.24,31.360001,0.065408,0.738176,-0.252288,353,615,464,0.9536461561879228
2024-04-25 14:16:09.589000+00:00,2024-04-25 14:15:30+00:00,2024-04-25 14:17:30+00:00,TABUENCA01-45,Sensoria-C1-E90A,Left,Gait,1.0.5,40.3882544,-3.6292402,F0:75:B1:51:59:F6,SCKS,0.40625,0.78125,-0.125,6.72,72.800003,318.079987,0.14016,0.79424,-0.2336,708,551,703,0.8893905919223567
2024-04-25 14:16:09.598000+00:00,2024-04-25 14:15:30+00:00,2024-04-25 14:17:30+00:00,TABUENCA01-45,Sensoria-C1-EEA1,Right,Gait,1.0.5,40.3882544,-3.6292402,CB:AA:BC:3F:36:A5,SCKS,0.003906,0.964844,-0.054688,-6.72,28.0,29.120001,0.065408,0.738176,-0.252288,345,609,488,0.9664005269638465
2024-04-25 14:16:09.621000+00:00,2024-04-25 14:15:30+00:00,2024-04-25 14:17:30+00:00,TABUENCA01-45,Sensoria-C1-E90A,Left,Gait,1.0.5,40.3882544,-3.6292402,F0:75:B1:51:59:F6,SCKS,0.34375,1.124999,-0.125,0.0,95.199997,366.23999,0.261632,0.74752,-0.2336,709,550,702,1.1829673759242054
2024-04-25 14:16:09.630000+00:00,2024-04-25 14:15:30+00:00,2024-04-25 14:17:30+00:00,TABUENCA01-45,Sensoria-C1-EEA1,Right,Gait,1.0.5,40.3882544,-3.6292402,CB:AA:BC:3F:36:A5,SCKS,0.023438,0.960938,-0.058594,-5.6,25.76,28.0,0.065408,0.74752,-0.242944,336,603,508,0.9630080147766165
2024-04-25 14:16:09.654000+00:00,2024-04-25 14:15:30+00:00,2024-04-25 14:17:30+00:00,TABUENCA01-45,Sensoria-C1-E90A,Left,Gait,1.0.5,40.3882544,-3.6292402,F0:75:B1:51:59:F6,SCKS,0.5,1.906249,-0.21875,-10.08,88.480003,408.799988,0.336384,0.710144,-0.252288,707,548,700,1.982835548526655
2024-04-25 14:16:09.662000+00:00,2024-04-25 14:15:30+00:00,2024-04-25 14:17:30+00:00,TABUENCA01-45,Sensoria-C1-EEA1,Right,Gait,1.0.5,40.3882544,-3.6292402,CB:AA:BC:3F:36:A5,SCKS,-0.011719,0.937501,0.007813,-5.6,25.76,29.120001,0.065408,0.74752,-0.242944,323,596,525,0.9376067954803868
2024-04-25 14:16:09.663000+00:00,2024-04-25 14:15:30+00:00,2024-04-25 14:17:30+00:00,TABUENCA01-45,Sensoria-C1-EEA1,Right,Gait,1.0.5,40.3882544,-3.6292402,CB:AA:BC:3F:36:A5,SCKS,-0.027344,0.941407,-0.003906,-3.36,20.16,34.720001,0.074752,0.74752,-0.252288,313,589,537,0.9418121313834305
2024-04-25 14:16:09.679000+00:00,2024-04-25 14:15:30+00:00,2024-04-25 14:17:30+00:00,TABUENCA01-45,Sensoria-C1-EEA1,Right,Gait,1.0.5,40.3882544,-3.6292402,CB:AA:BC:3F:36:A5,SCKS,-0.042969,0.949219,0.035156,-3.36,11.2,45.920002,0.084096,0.74752,-0.242944,298,580,548,0.9508412008626888
2024-04-25 14:16:09.687000+00:00,2024-04-25 14:15:30+00:00,2024-04-25 14:17:30+00:00,TABUENCA01-45,Sensoria-C1-E90A,Left,Gait,1.0.5,40.3882544,-3.6292402,F0:75:B1:51:59:F6,SCKS,0.3125,2.874999,-0.375,-12.32,94.080002,435.679993,0.401792,0.663424,-0.252288,708,548,700,2.9161448009317024
2024-04-25 14:16:09.696000+00:00,2024-04-25 14:15:30+00:00,2024-04-25 14:17:30+00:00,TABUENCA01-45,Sensoria-C1-EEA1,Right,Gait,1.0.5,40.3882544,-3.6292402,CB:AA:BC:3F:36:A5,SCKS,-0.027344,0.996094,0.042969,-2.24,-1.12,58.240002,0.084096,0.74752,-0.242944,282,567,557,0.9973952507070605
2024-04-25 14:16:09.719000+00:00,2024-04-25 14:15:30+00:00,2024-04-25 14:17:30+00:00,TABUENCA01-45,Sensoria-C1-E90A,Left,Gait,1.0.5,40.3882544,-3.6292402,F0:75:B1:51:59:F6,SCKS,-0.65625,3.249998,0.0,-26.880001,91.840004,430.080017,0.448512,0.60736,-0.270976,706,547,700,3.3155921134096094
2024-04-25 14:16:09.728000+00:00,2024-04-25 14:15:30+00:00,2024-04-25 14:17:30+00:00,TABUENCA01-45,Sensoria-C1-EEA1,Right,Gait,1.0.5,40.3882544,-3.6292402,CB:AA:BC:3F:36:A5,SCKS,-0.011719,1.050782,-0.011719,-1.12,-6.72,67.199997,0.09344,0.756864,-0.242944,266,551,572,1.0509126897349752
2024-04-25 14:16:09.745000+00:00,2024-04-25 14:15:30+00:00,2024-04-25 14:17:30+00:00,TABUENCA01-45,Sensoria-C1-EEA1,Right,Gait,1.0.5,40.3882544,-3.6292402,CB:AA:BC:3F:36:A5,SCKS,-0.050781,1.10547,0.023438,0.0,-10.08,77.279999,0.09344,0.766208,-0.242944,250,533,594,1.106883901186118
2024-04-25 14:16:09.758000+00:00,2024-04-25 14:15:30+00:00,2024-04-25 14:17:30+00:00,TABUENCA01-45,Sensoria-C1-E90A,Left,Gait,1.0.5,40.3882544,-3.6292402,F0:75:B1:51:59:F6,SCKS,-1.874999,2.343749,-1.249999,8.96,116.480003,337.119995,0.495232,0.541952,-0.289664,705,548,703,3.251350200301869
2024-04-25 14:16:09.761000+00:00,2024-04-25 14:15:30+00:00,2024-04-25 14:17:30+00:00,TABUENCA01-45,Sensoria-C1-EEA1,Right,Gait,1.0.5,40.3882544,-3.6292402,CB:AA:BC:3F:36:A5,SCKS,-0.0625,1.183595,0.050781,5.6,-19.040001,96.32,0.112128,0.766208,-0.252288,238,513,624,1.1863313550547334
2024-04-25 14:16:09.777000+00:00,2024-04-25 14:15:30+00:00,2024-04-25 14:17:30+00:00,TABUENCA01-45,Sensoria-C1-EEA1,Right,Gait,1.0.5,40.3882544,-3.6292402,CB:AA:BC:3F:36:A5,SCKS,-0.152344,1.320313,0.144531,-1.12,-23.52,118.720001,0.130816,0.775552,-0.252288,222,496,658,1.3369084943503053
2024-04-25 14:16:09.784000+00:00,2024-04-25 14:15:30+00:00,2024-04-25 14:17:30+00:00,TABUENCA01-45,Sensoria-C1-E90A,Left,Gait,1.0.5,40.3882544,-3.6292402,F0:75:B1:51:59:F6,SCKS,-3.906248,1.499999,-0.8125,17.92,-56.0,152.320007,0.523264,0.4672,-0.289664,702,548,707,4.262502397360616
2024-04-25 14:16:09.809000+00:00,2024-04-25 14:15:30+00:00,2024-04-25 14:17:30+00:00,TABUENCA01-45,Sensoria-C1-EEA1,Right,Gait,1.0.5,40.3882544,-3.6292402,CB:AA:BC:3F:36:A5,SCKS,-0.195313,1.488282,0.054688,-8.96,-36.959999,141.119995,0.130816,0.775552,-0.252288,211,482,679,1.502039033060393
2024-04-25 14:16:09.817000+00:00,2024-04-25 14:15:30+00:00,2024-04-25 14:17:30+00:00,TABUENCA01-45,Sensoria-C1-E90A,Left,Gait,1.0.5,40.3882544,-3.6292402,F0:75:B1:51:59:F6,SCKS,-0.71875,4.062498,-0.34375,29.120001,-58.240002,-108.639999,0.51392,0.485888,-0.28032,698,546,710,4.13988594347767
2024-04-25 14:16:09.825000+00:00,2024-04-25 14:15:30+00:00,2024-04-25 14:17:30+00:00,TABUENCA01-45,Sensoria-C1-EEA1,Right,Gait,1.0.5,40.3882544,-3.6292402,CB:AA:BC:3F:36:A5,SCKS,-0.148438,1.679689,-0.21875,-16.799999,-31.360001,163.520004,0.149504,0.784896,-0.242944,203,474,697,1.7003648252845622
2024-04-25 14:16:09.842000+00:00,2024-04-25 14:15:30+00:00,2024-04-25 14:17:30+00:00,TABUENCA01-45,Sensoria-C1-EEA1,Right,Gait,1.0.5,40.3882544,-3.6292402,CB:AA:BC:3F:36:A5,SCKS,-0.308594,1.871095,0.03125,-21.280001,-7.84,184.800003,0.18688,0.79424,-0.261632,197,482,705,1.8966294625890951
2024-04-25 14:16:09.849000+00:00,2024-04-25 14:15:30+00:00,2024-04-25 14:17:30+00:00,TABUENCA01-45,Sensoria-C1-E90A,Left,Gait,1.0.5,40.3882544,-3.6292402,F0:75:B1:51:59:F6,SCKS,3.562498,0.1875,1.249999,60.48,101.919998,-107.520004,0.51392,0.504576,-0.299008,705,546,681,3.7800854157022696
2024-04-25 14:16:09.858000+00:00,2024-04-25 14:15:30+00:00,2024-04-25 14:17:30+00:00,TABUENCA01-45,Sensoria-C1-EEA1,Right,Gait,1.0.5,40.3882544,-3.6292402,CB:AA:BC:3F:36:A5,SCKS,-0.6875,1.996095,0.320313,-25.76,23.52,224.0,0.214912,0.79424,-0.252288,202,499,707,2.135334146449684
2024-04-25 14:16:09.865000+00:00,2024-04-25 14:15:30+00:00,2024-04-25 14:17:30+00:00,TABUENCA01-45,Sensoria-C1-E90A,Left,Gait,1.0.5,40.3882544,-3.6292402,F0:75:B1:51:59:F6,SCKS,-0.5625,1.718749,0.0,94.080002,51.52,-236.320007,0.476544,0.551296,-0.336384,708,553,593,1.8084535866316835
2024-04-25 14:16:09.891000+00:00,2024-04-25 14:15:30+00:00,2024-04-25 14:17:30+00:00,TABUENCA01-45,Sensoria-C1-EEA1,Right,Gait,1.0.5,40.3882544,-3.6292402,CB:AA:BC:3F:36:A5,SCKS,-1.347657,1.996095,0.460938,-49.279999,56.0,256.480011,0.261632,0.79424,-0.261632,223,518,710,2.452149766738973
2024-04-25 14:16:09.898000+00:00,2024-04-25 14:15:30+00:00,2024-04-25 14:17:30+00:00,TABUENCA01-45,Sensoria-C1-E90A,Left,Gait,1.0.5,40.3882544,-3.6292402,F0:75:B1:51:59:F6,SCKS,-0.1875,1.593749,0.5625,66.080002,-49.279999,-228.479996,0.429824,0.626048,-0.317696,698,562,410,1.7004700453112958
2024-04-25 14:16:09.907000+00:00,2024-04-25 14:15:30+00:00,2024-04-25 14:17:30+00:00,TABUENCA01-45,Sensoria-C1-EEA1,Right,Gait,1.0.5,40.3882544,-3.6292402,CB:AA:BC:3F:36:A5,SCKS,-0.421875,1.996095,-0.363282,-25.76,-2.24,304.640015,0.317696,0.803584,-0.252288,260,552,711,2.0722807667336007
2024-04-25 14:16:09.923000+00:00,2024-04-25 14:15:30+00:00,2024-04-25 14:17:30+00:00,TABUENCA01-45,Sensoria-C1-EEA1,Right,Gait,1.0.5,40.3882544,-3.6292402,CB:AA:BC:3F:36:A5,SCKS,-0.898438,1.996095,-0.734376,-16.799999,-51.52,324.799988,0.317696,0.803584,-0.252288,317,603,710,2.3088729281285705
2024-04-25 14:16:09.931000+00:00,2024-04-25 14:15:30+00:00,2024-04-25 14:17:30+00:00,TABUENCA01-45,Sensoria-C1-E90A,Left,Gait,1.0.5,40.3882544,-3.6292402,F0:75:B1:51:59:F6,SCKS,-0.03125,0.999999,-0.28125,76.160004,-58.240002,-131.039993,0.411136,0.65408,-0.28032,667,551,367,1.0392671095541317
2024-04-25 14:16:09.940000+00:00,2024-04-25 14:15:30+00:00,2024-04-25 14:17:30+00:00,TABUENCA01-45,Sensoria-C1-EEA1,Right,Gait,1.0.5,40.3882544,-3.6292402,CB:AA:BC:3F:36:A5,SCKS,-0.722657,0.914063,-0.769532,19.040001,-80.639999,323.679993,0.364416,0.803584,-0.261632,384,654,712,1.3963967225119085
2024-04-25 14:16:09.963000+00:00,2024-04-25 14:15:30+00:00,2024-04-25 14:17:30+00:00,TABUENCA01-45,Sensoria-C1-E90A,Left,Gait,1.0.5,40.3882544,-3.6292402,F0:75:B1:51:59:F6,SCKS,0.0625,0.968749,-0.1875,38.080002,-48.16,-67.199997,0.392448,0.663424,-0.289664,630,525,355,0.9887047714060047
2024-04-25 14:16:09.972000+00:00,2024-04-25 14:15:30+00:00,2024-04-25 14:17:30+00:00,TABUENCA01-45,Sensoria-C1-EEA1,Right,Gait,1.0.5,40.3882544,-3.6292402,CB:AA:BC:3F:36:A5,SCKS,-0.339844,0.054688,-0.53125,14.56,-2.24,229.600006,0.411136,0.784896,-0.270976,439,687,713,0.6330176017931887
2024-04-25 14:16:09.989000+00:00,2024-04-25 14:15:30+00:00,2024-04-25 14:17:30+00:00,TABUENCA01-45,Sensoria-C1-EEA1,Right,Gait,1.0.5,40.3882544,-3.6292402,CB:AA:BC:3F:36:A5,SCKS,0.296875,0.718751,-0.824219,36.959999,168.0,132.160004,0.439168,0.775552,-0.270976,467,704,711,1.1331702103333816
2024-04-25 14:16:09.996000+00:00,2024-04-25 14:15:30+00:00,2024-04-25 14:17:30+00:00,TABUENCA01-45,Sensoria-C1-E90A,Left,Gait,1.0.5,40.3882544,-3.6292402,F0:75:B1:51:59:F6,SCKS,0.0625,0.999999,-0.125,21.280001,-36.959999,-42.560001,0.37376,0.691456,-0.270976,594,494,361,1.009717410962592
2024-04-25 14:16:10.005000+00:00,2024-04-25 14:15:30+00:00,2024-04-25 14:17:30+00:00,TABUENCA01-45,Sensoria-C1-EEA1,Right,Gait,1.0.5,40.3882544,-3.6292402,CB:AA:BC:3F:36:A5,SCKS,-1.63672,0.332031,-0.523438,-6.72,208.320007,-34.720001,0.439168,0.775552,-0.28032,482,714,710,1.7501669300969551
2024-04-25 14:16:10.021000+00:00,2024-04-25 14:15:30+00:00,2024-04-25 14:17:30+00:00,TABUENCA01-45,Sensoria-C1-EEA1,Right,Gait,1.0.5,40.3882544,-3.6292402,CB:AA:BC:3F:36:A5,SCKS,-1.207032,-0.007813,-0.066406,-34.720001,136.639999,-79.519997,0.439168,0.775552,-0.28032,488,715,707,1.208882562050177
2024-04-25 14:16:10.028000+00:00,2024-04-25 14:15:30+00:00,2024-04-25 14:17:30+00:00,TABUENCA01-45,Sensoria-C1-E90A,Left,Gait,1.0.5,40.3882544,-3.6292402,F0:75:B1:51:59:F6,SCKS,0.125,1.031249,-0.25,11.2,-32.48,-33.599998,0.37376,0.691456,-0.261632,572,473,382,1.0684565971535767
2024-04-25 14:16:10.037000+00:00,2024-04-25 14:15:30+00:00,2024-04-25 14:17:30+00:00,TABUENCA01-45,Sensoria-C1-EEA1,Right,Gait,1.0.5,40.3882544,-3.6292402,CB:AA:BC:3F:36:A5,SCKS,-0.671875,-0.222656,0.078125,1.12,62.720001,-109.760002,0.429824,0.784896,-0.299008,491,719,707,0.7121061898242425
2024-04-25 14:16:10.061000+00:00,2024-04-25 14:15:30+00:00,2024-04-25 14:17:30+00:00,TABUENCA01-45,Sensoria-C1-E90A,Left,Gait,1.0.5,40.3882544,-3.6292402,F0:75:B1:51:59:F6,SCKS,0.0625,0.968749,-0.1875,-2.24,-51.52,-33.599998,0.364416,0.7008,-0.252288,540,442,459,0.9887047714060047
2024-04-25 14:16:10.070000+00:00,2024-04-25 14:15:30+00:00,2024-04-25 14:17:30+00:00,TABUENCA01-45,Sensoria-C1-EEA1,Right,Gait,1.0.5,40.3882544,-3.6292402,CB:AA:BC:3F:36:A5,SCKS,-0.511719,-0.125,-0.039063,44.799999,20.16,-168.0,0.411136,0.79424,-0.289664,493,720,705,0.5282113714508615
2024-04-25 14:16:10.086000+00:00,2024-04-25 14:15:30+00:00,2024-04-25 14:17:30+00:00,TABUENCA01-45,Sensoria-C1-EEA1,Right,Gait,1.0.5,40.3882544,-3.6292402,CB:AA:BC:3F:36:A5,SCKS,-0.660157,0.234375,-0.15625,58.240002,0.0,-225.119995,0.364416,0.803584,-0.270976,493,719,704,0.7177415745057548
2024-04-25 14:16:10.109000+00:00,2024-04-25 14:15:30+00:00,2024-04-25 14:17:30+00:00,TABUENCA01-45,Sensoria-C1-E90A,Left,Gait,1.0.5,40.3882544,-3.6292402,F0:75:B1:51:59:F6,SCKS,0.03125,0.968749,-0.25,-1.12,-49.279999,-22.4,0.355072,0.7008,-0.252288,525,427,519,1.0009751183226285
2024-04-25 14:16:10.126000+00:00,2024-04-25 14:15:30+00:00,2024-04-25 14:17:30+00:00,TABUENCA01-45,Sensoria-C1-E90A,Left,Gait,1.0.5,40.3882544,-3.6292402,F0:75:B1:51:59:F6,SCKS,0.03125,0.9375,-0.25,-4.48,-42.560001,-17.92,0.355072,0.710144,-0.242944,513,416,573,0.9707640354380667
2024-04-25 14:16:10.134000+00:00,2024-04-25 14:15:30+00:00,2024-04-25 14:17:30+00:00,TABUENCA01-45,Sensoria-C1-EEA1,Right,Gait,1.0.5,40.3882544,-3.6292402,CB:AA:BC:3F:36:A5,SCKS,-0.601563,0.390625,-0.085938,51.52,-25.76,-266.559998,0.317696,0.803584,-0.270976,492,718,705,0.7223927418226183
2024-04-25 14:16:10.135000+00:00,2024-04-25 14:15:30+00:00,2024-04-25 14:17:30+00:00,TABUENCA01-45,Sensoria-C1-EEA1,Right,Gait,1.0.5,40.3882544,-3.6292402,CB:AA:BC:3F:36:A5,SCKS,-0.503907,0.542969,-0.039063,53.760002,-51.52,-308.0,0.317696,0.803584,-0.270976,492,717,703,0.7417974909495179
2024-04-25 14:16:10.136000+00:00,2024-04-25 14:15:30+00:00,2024-04-25 14:17:30+00:00,TABUENCA01-45,Sensoria-C1-EEA1,Right,Gait,1.0.5,40.3882544,-3.6292402,CB:AA:BC:3F:36:A5,SCKS,-0.511719,0.812501,-0.050781,59.360001,-64.959999,-344.959991,0.261632,0.803584,-0.252288,492,715,703,0.9615575489397398
2024-04-25 14:16:10.159000+00:00,2024-04-25 14:15:30+00:00,2024-04-25 14:17:30+00:00,TABUENCA01-45,Sensoria-C1-E90A,Left,Gait,1.0.5,40.3882544,-3.6292402,F0:75:B1:51:59:F6,SCKS,0.03125,0.90625,-0.28125,0.0,-41.439999,-20.16,0.345728,0.710144,-0.242944,504,404,617,0.949403595685207
2024-04-25 14:16:10.167000+00:00,2024-04-25 14:15:30+00:00,2024-04-25 14:17:30+00:00,TABUENCA01-45,Sensoria-C1-EEA1,Right,Gait,1.0.5,40.3882544,-3.6292402,CB:AA:BC:3F:36:A5,SCKS,-0.503907,1.210938,-0.070313,56.0,-66.080002,-376.320007,0.18688,0.79424,-0.242944,492,714,702,1.3134827834661558
2024-04-25 14:16:10.183000+00:00,2024-04-25 14:15:30+00:00,2024-04-25 14:17:30+00:00,TABUENCA01-45,Sensoria-C1-EEA1,Right,Gait,1.0.5,40.3882544,-3.6292402,CB:AA:BC:3F:36:A5,SCKS,-0.472657,1.671876,0.003906,31.360001,-33.599998,-407.679993,0.121472,0.766208,-0.242944,492,714,701,1.7374087762702821
2024-04-25 14:16:10.191000+00:00,2024-04-25 14:15:30+00:00,2024-04-25 14:17:30+00:00,TABUENCA01-45,Sensoria-C1-E90A,Left,Gait,1.0.5,40.3882544,-3.6292402,F0:75:B1:51:59:F6,SCKS,0.0,0.9375,-0.1875,2.24,-41.439999,-24.639999,0.336384,0.710144,-0.242944,495,393,647,0.9560661587986472
2024-04-25 14:16:10.200000+00:00,2024-04-25 14:15:30+00:00,2024-04-25 14:17:30+00:00,TABUENCA01-45,Sensoria-C1-EEA1,Right,Gait,1.0.5,40.3882544,-3.6292402,CB:AA:BC:3F:36:A5,SCKS,-0.429688,1.996095,0.0625,15.68,16.799999,-408.799988,0.065408,0.728832,-0.242944,491,715,701,2.0427758752171026
2024-04-25 14:16:10.207000+00:00,2024-04-25 14:15:30+00:00,2024-04-25 14:17:30+00:00,TABUENCA01-45,Sensoria-C1-E90A,Left,Gait,1.0.5,40.3882544,-3.6292402,F0:75:B1:51:59:F6,SCKS,-0.03125,0.9375,-0.09375,5.6,-36.959999,-39.200001,0.336384,0.719488,-0.242944,483,372,671,0.9426939455623973
2024-04-25 14:16:10.216000+00:00,2024-04-25 14:15:30+00:00,2024-04-25 14:17:30+00:00,TABUENCA01-45,Sensoria-C1-EEA1,Right,Gait,1.0.5,40.3882544,-3.6292402,CB:AA:BC:3F:36:A5,SCKS,0.230469,1.996095,0.019531,63.84,-29.120001,-407.679993,0.065408,0.728832,-0.242944,491,714,701,2.009450837653661
2024-04-25 14:16:10.248000+00:00,2024-04-25 14:15:30+00:00,2024-04-25 14:17:30+00:00,TABUENCA01-45,Sensoria-C1-EEA1,Right,Gait,1.0.5,40.3882544,-3.6292402,CB:AA:BC:3F:36:A5,SCKS,0.859376,1.996095,0.335938,58.240002,-25.76,-408.799988,0.009344,0.682112,-0.242944,491,713,701,2.1990399492153387
2024-04-25 14:16:10.256000+00:00,2024-04-25 14:15:30+00:00,2024-04-25 14:17:30+00:00,TABUENCA01-45,Sensoria-C1-E90A,Left,Gait,1.0.5,40.3882544,-3.6292402,F0:75:B1:51:59:F6,SCKS,-0.03125,0.999999,-0.15625,5.6,-28.0,-51.52,0.317696,0.738176,-0.2336,468,349,683,1.0126147465848006
2024-04-25 14:16:10.264000+00:00,2024-04-25 14:15:30+00:00,2024-04-25 14:17:30+00:00,TABUENCA01-45,Sensoria-C1-EEA1,Right,Gait,1.0.5,40.3882544,-3.6292402,CB:AA:BC:3F:36:A5,SCKS,1.996095,1.996095,-0.554688,47.040001,-41.439999,-383.040009,-0.037376,0.616704,-0.252288,490,715,703,2.8768853427611605
2024-04-25 14:16:10.272000+00:00,2024-04-25 14:15:30+00:00,2024-04-25 14:17:30+00:00,TABUENCA01-45,Sensoria-C1-E90A,Left,Gait,1.0.5,40.3882544,-3.6292402,F0:75:B1:51:59:F6,SCKS,0.0625,1.093749,-0.25,6.72,-24.639999,-66.080002,0.308352,0.738176,-0.224256,445,323,698,1.1236961889234118
2024-04-25 14:16:10.281000+00:00,2024-04-25 14:15:30+00:00,2024-04-25 14:17:30+00:00,TABUENCA01-45,Sensoria-C1-EEA1,Right,Gait,1.0.5,40.3882544,-3.6292402,CB:AA:BC:3F:36:A5,SCKS,1.996095,1.69922,-0.046875,62.720001,-21.280001,-235.199997,-0.065408,0.579328,-0.242944,489,714,706,2.6218201927382436
2024-04-25 14:16:10.297000+00:00,2024-04-25 14:15:30+00:00,2024-04-25 14:17:30+00:00,TABUENCA01-45,Sensoria-C1-EEA1,Right,Gait,1.0.5,40.3882544,-3.6292402,CB:AA:BC:3F:36:A5,SCKS,1.996095,1.921876,0.972657,45.920002,41.439999,-39.200001,-0.084096,0.551296,-0.2336,488,716,709,2.9366757138046413
2024-04-25 14:16:10.304000+00:00,2024-04-25 14:15:30+00:00,2024-04-25 14:17:30+00:00,TABUENCA01-45,Sensoria-C1-E90A,Left,Gait,1.0.5,40.3882544,-3.6292402,F0:75:B1:51:59:F6,SCKS,0.0625,1.187499,-0.09375,10.08,-16.799999,-94.080002,0.289664,0.74752,-0.2336,426,300,707,1.192832422220741
2024-04-25 14:16:10.329000+00:00,2024-04-25 14:15:30+00:00,2024-04-25 14:17:30+00:00,TABUENCA01-45,Sensoria-C1-EEA1,Right,Gait,1.0.5,40.3882544,-3.6292402,CB:AA:BC:3F:36:A5,SCKS,0.574219,1.996095,0.738282,1.12,-68.32,118.720001,-0.074752,0.56064,-0.242944,486,717,711,2.2043554660058797
2024-04-25 14:16:10.345000+00:00,2024-04-25 14:15:30+00:00,2024-04-25 14:17:30+00:00,TABUENCA01-45,Sensoria-C1-EEA1,Right,Gait,1.0.5,40.3882544,-3.6292402,CB:AA:BC:3F:36:A5,SCKS,-2.000001,1.988283,0.039063,24.639999,-145.600006,106.400002,-0.074752,0.569984,-0.252288,487,714,695,2.8204253590653665
2024-04-25 14:16:10.353000+00:00,2024-04-25 14:15:30+00:00,2024-04-25 14:17:30+00:00,TABUENCA01-45,Sensoria-C1-E90A,Left,Gait,1.0.5,40.3882544,-3.6292402,F0:75:B1:51:59:F6,SCKS,0.1875,1.374999,-0.28125,17.92,-7.84,-127.68,0.261632,0.756864,-0.224256,416,289,713,1.4159378738140314
2024-04-25 14:16:10.362000+00:00,2024-04-25 14:15:30+00:00,2024-04-25 14:17:30+00:00,TABUENCA01-45,Sensoria-C1-EEA1,Right,Gait,1.0.5,40.3882544,-3.6292402,CB:AA:BC:3F:36:A5,SCKS,0.199219,0.867188,1.601564,50.400002,-188.160004,239.680008,-0.074752,0.569984,-0.252288,498,716,654,1.8321327690429534
2024-04-25 14:16:10.369000+00:00,2024-04-25 14:15:30+00:00,2024-04-25 14:17:30+00:00,TABUENCA01-45,Sensoria-C1-E90A,Left,Gait,1.0.5,40.3882544,-3.6292402,F0:75:B1:51:59:F6,SCKS,0.25,1.749999,-0.25,13.440001,-23.52,-166.880005,0.242944,0.766208,-0.214912,425,301,714,1.7853561269396647
2024-04-25 14:16:10.378000+00:00,2024-04-25 14:15:30+00:00,2024-04-25 14:17:30+00:00,TABUENCA01-45,Sensoria-C1-EEA1,Right,Gait,1.0.5,40.3882544,-3.6292402,CB:AA:BC:3F:36:A5,SCKS,0.671875,1.996095,0.199219,67.199997,-94.080002,274.399994,-0.065408,0.60736,-0.28032,505,721,576,2.1155376325206317
2024-04-25 14:16:10.402000+00:00,2024-04-25 14:15:30+00:00,2024-04-25 14:17:30+00:00,TABUENCA01-45,Sensoria-C1-E90A,Left,Gait,1.0.5,40.3882544,-3.6292402,F0:75:B1:51:59:F6,SCKS,1.312499,2.812499,-0.15625,-15.68,-70.559998,-230.720001,0.168192,0.784896,-0.205568,509,373,712,3.1076065247231672
2024-04-25 14:16:10.410000+00:00,2024-04-25 14:15:30+00:00,2024-04-25 14:17:30+00:00,TABUENCA01-45,Sensoria-C1-EEA1,Right,Gait,1.0.5,40.3882544,-3.6292402,CB:AA:BC:3F:36:A5,SCKS,0.292969,1.621095,-0.539063,54.880001,40.32,252.0,-0.04672,0.644736,-0.270976,510,725,482,1.7333114988238554
2024-04-25 14:16:10.434000+00:00,2024-04-25 14:15:30+00:00,2024-04-25 14:17:30+00:00,TABUENCA01-45,Sensoria-C1-EEA1,Right,Gait,1.0.5,40.3882544,-3.6292402,CB:AA:BC:3F:36:A5,SCKS,0.683594,1.359376,-0.429688,25.76,-7.84,221.759995,-0.018688,0.682112,-0.261632,502,725,415,1.5810868551588175
2024-04-25 14:16:10.434000+00:00,2024-04-25 14:15:30+00:00,2024-04-25 14:17:30+00:00,TABUENCA01-45,Sensoria-C1-E90A,Left,Gait,1.0.5,40.3882544,-3.6292402,F0:75:B1:51:59:F6,SCKS,0.53125,2.343749,-0.6875,-50.400002,-163.520004,-243.040009,0.121472,0.79424,-0.214912,557,426,711,2.499608406831158
2024-04-25 14:16:10.443000+00:00,2024-04-25 14:15:30+00:00,2024-04-25 14:17:30+00:00,TABUENCA01-45,Sensoria-C1-EEA1,Right,Gait,1.0.5,40.3882544,-3.6292402,CB:AA:BC:3F:36:A5,SCKS,0.148438,0.675782,0.367188,-20.16,79.519997,179.199997,0.0,0.7008,-0.252288,483,727,375,0.7832893326938648
2024-04-25 14:16:10.460000+00:00,2024-04-25 14:15:30+00:00,2024-04-25 14:17:30+00:00,TABUENCA01-45,Sensoria-C1-EEA1,Right,Gait,1.0.5,40.3882544,-3.6292402,CB:AA:BC:3F:36:A5,SCKS,-0.175781,0.972657,-0.042969,-5.6,39.200001,125.440002,0.0,0.7008,-0.252288,456,709,350,0.9893467211099454
2024-04-25 14:16:10.476000+00:00,2024-04-25 14:15:30+00:00,2024-04-25 14:17:30+00:00,TABUENCA01-45,Sensoria-C1-EEA1,Right,Gait,1.0.5,40.3882544,-3.6292402,CB:AA:BC:3F:36:A5,SCKS,0.171875,1.011719,0.042969,-1.12,15.68,96.32,0.009344,0.719488,-0.252288,433,689,338,1.027113764656574
2024-04-25 14:16:10.483000+00:00,2024-04-25 14:15:30+00:00,2024-04-25 14:17:30+00:00,TABUENCA01-45,Sensoria-C1-E90A,Left,Gait,1.0.5,40.3882544,-3.6292402,F0:75:B1:51:59:F6,SCKS,0.78125,1.187499,-0.40625,10.08,31.360001,-280.0,0.018688,0.79424,-0.224256,621,496,710,1.4783587183092606
2024-04-25 14:16:10.499000+00:00,2024-04-25 14:15:30+00:00,2024-04-25 14:17:30+00:00,TABUENCA01-45,Sensoria-C1-E90A,Left,Gait,1.0.5,40.3882544,-3.6292402,F0:75:B1:51:59:F6,SCKS,0.09375,0.40625,-0.46875,12.32,-19.040001,-153.440002,-0.018688,0.784896,-0.224256,670,537,711,0.6273393718713979
2024-04-25 14:16:10.508000+00:00,2024-04-25 14:15:30+00:00,2024-04-25 14:17:30+00:00,TABUENCA01-45,Sensoria-C1-EEA1,Right,Gait,1.0.5,40.3882544,-3.6292402,CB:AA:BC:3F:36:A5,SCKS,0.0,1.031251,0.066406,1.12,3.36,66.080002,0.028032,0.728832,-0.252288,413,667,335,1.0333868500406804
2024-04-25 14:16:10.524000+00:00,2024-04-25 14:15:30+00:00,2024-04-25 14:17:30+00:00,TABUENCA01-45,Sensoria-C1-EEA1,Right,Gait,1.0.5,40.3882544,-3.6292402,CB:AA:BC:3F:36:A5,SCKS,0.023438,1.011719,-0.101563,2.24,3.36,51.52,0.037376,0.728832,-0.242944,397,649,339,1.0170740965013316
2024-04-25 14:16:10.532000+00:00,2024-04-25 14:15:30+00:00,2024-04-25 14:17:30+00:00,TABUENCA01-45,Sensoria-C1-E90A,Left,Gait,1.0.5,40.3882544,-3.6292402,F0:75:B1:51:59:F6,SCKS,0.65625,0.25,-0.21875,4.48,-146.720001,25.76,-0.028032,0.784896,-0.224256,692,550,711,0.7355376434962387
2024-04-25 14:16:10.540000+00:00,2024-04-25 14:15:30+00:00,2024-04-25 14:17:30+00:00,TABUENCA01-45,Sensoria-C1-EEA1,Right,Gait,1.0.5,40.3882544,-3.6292402,CB:AA:BC:3F:36:A5,SCKS,-0.046875,0.980469,0.039063,-7.84,12.32,38.080002,0.037376,0.728832,-0.261632,384,639,348,0.9823658399776533
2024-04-25 14:16:10.548000+00:00,2024-04-25 14:15:30+00:00,2024-04-25 14:17:30+00:00,TABUENCA01-45,Sensoria-C1-E90A,Left,Gait,1.0.5,40.3882544,-3.6292402,F0:75:B1:51:59:F6,SCKS,0.968749,-0.03125,-0.03125,-17.92,-26.880001,152.320007,-0.018688,0.79424,-0.2336,701,552,707,0.9697565416128937
2024-04-25 14:16:10.557000+00:00,2024-04-25 14:15:30+00:00,2024-04-25 14:17:30+00:00,TABUENCA01-45,Sensoria-C1-EEA1,Right,Gait,1.0.5,40.3882544,-3.6292402,CB:AA:BC:3F:36:A5,SCKS,-0.097656,1.027344,-0.089844,-4.48,4.48,31.360001,0.037376,0.728832,-0.261632,374,629,363,1.0358785319756367
2024-04-25 14:16:10.580000+00:00,2024-04-25 14:15:30+00:00,2024-04-25 14:17:30+00:00,TABUENCA01-45,Sensoria-C1-E90A,Left,Gait,1.0.5,40.3882544,-3.6292402,F0:75:B1:51:59:F6,SCKS,0.40625,0.03125,0.03125,-29.120001,47.040001,190.399994,0.018688,0.79424,-0.2336,705,553,705,0.40864677595693816
2024-04-25 14:16:10.589000+00:00,2024-04-25 14:15:30+00:00,2024-04-25 14:17:30+00:00,TABUENCA01-45,Sensoria-C1-EEA1,Right,Gait,1.0.5,40.3882544,-3.6292402,CB:AA:BC:3F:36:A5,SCKS,-0.054688,0.988282,-0.089844,-11.2,14.56,31.360001,0.04672,0.728832,-0.2336,368,626,388,0.9938631863611812
2024-04-25 14:16:10.605000+00:00,2024-04-25 14:15:30+00:00,2024-04-25 14:17:30+00:00,TABUENCA01-45,Sensoria-C1-EEA1,Right,Gait,1.0.5,40.3882544,-3.6292402,CB:AA:BC:3F:36:A5,SCKS,-0.019531,0.953126,-0.0625,-11.2,20.16,31.360001,0.056064,0.728832,-0.252288,361,621,414,0.9553726403016783
2024-04-25 14:16:10.613000+00:00,2024-04-25 14:15:30+00:00,2024-04-25 14:17:30+00:00,TABUENCA01-45,Sensoria-C1-E90A,Left,Gait,1.0.5,40.3882544,-3.6292402,F0:75:B1:51:59:F6,SCKS,0.3125,0.21875,-0.21875,-7.84,50.400002,257.600006,0.056064,0.79424,-0.242944,706,550,703,0.4397264774834465
2024-04-25 14:16:10.622000+00:00,2024-04-25 14:15:30+00:00,2024-04-25 14:17:30+00:00,TABUENCA01-45,Sensoria-C1-EEA1,Right,Gait,1.0.5,40.3882544,-3.6292402,CB:AA:BC:3F:36:A5,SCKS,0.0,0.953126,-0.039063,-12.32,26.880001,28.0,0.056064,0.738176,-0.252288,355,619,441,0.9539261448587097
2024-04-25 14:16:10.638000+00:00,2024-04-25 14:15:30+00:00,2024-04-25 14:17:30+00:00,TABUENCA01-45,Sensoria-C1-EEA1,Right,Gait,1.0.5,40.3882544,-3.6292402,CB:AA:BC:3F:36:A5,SCKS,-0.015625,0.957032,-0.0625,-12.32,26.880001,22.4,0.065408,0.728832,-0.242944,350,615,465,0.959197914743876
2024-04-25 14:16:10.646000+00:00,2024-04-25 14:15:30+00:00,2024-04-25 14:17:30+00:00,TABUENCA01-45,Sensoria-C1-E90A,Left,Gait,1.0.5,40.3882544,-3.6292402,F0:75:B1:51:59:F6,SCKS,0.375,0.59375,-0.28125,-12.32,43.68,300.160004,0.158848,0.79424,-0.2336,708,550,703,0.7564824023068878
2024-04-25 14:16:10.654000+00:00,2024-04-25 14:15:30+00:00,2024-04-25 14:17:30+00:00,TABUENCA01-45,Sensoria-C1-EEA1,Right,Gait,1.0.5,40.3882544,-3.6292402,CB:AA:BC:3F:36:A5,SCKS,-0.003906,0.949219,-0.0625,-11.2,25.76,22.4,0.065408,0.728832,-0.252288,342,612,488,0.9512824064372262
2024-04-25 14:16:10.678000+00:00,2024-04-25 14:15:30+00:00,2024-04-25 14:17:30+00:00,TABUENCA01-45,Sensoria-C1-E90A,Left,Gait,1.0.5,40.3882544,-3.6292402,F0:75:B1:51:59:F6,SCKS,0.28125,0.875,-0.21875,-16.799999,60.48,344.959991,0.214912,0.775552,-0.252288,707,548,701,0.9447635286144359
2024-04-25 14:16:10.687000+00:00,2024-04-25 14:15:30+00:00,2024-04-25 14:17:30+00:00,TABUENCA01-45,Sensoria-C1-EEA1,Right,Gait,1.0.5,40.3882544,-3.6292402,CB:AA:BC:3F:36:A5,SCKS,0.019531,0.957032,-0.0625,-10.08,24.639999,23.52,0.065408,0.728832,-0.252288,335,607,506,0.959269492366457
2024-04-25 14:16:10.703000+00:00,2024-04-25 14:15:30+00:00,2024-04-25 14:17:30+00:00,TABUENCA01-45,Sensoria-C1-EEA1,Right,Gait,1.0.5,40.3882544,-3.6292402,CB:AA:BC:3F:36:A5,SCKS,-0.035156,0.910157,0.003906,-7.84,25.76,28.0,0.074752,0.738176,-0.242944,326,603,520,0.9108440952330975
2024-04-25 14:16:10.711000+00:00,2024-04-25 14:15:30+00:00,2024-04-25 14:17:30+00:00,TABUENCA01-45,Sensoria-C1-E90A,Left,Gait,1.0.5,40.3882544,-3.6292402,F0:75:B1:51:59:F6,SCKS,0.34375,1.374999,-0.21875,-14.56,59.360001,393.119995,0.28032,0.74752,-0.252288,706,547,702,1.4340982794080048
2024-04-25 14:16:10.720000+00:00,2024-04-25 14:15:30+00:00,2024-04-25 14:17:30+00:00,TABUENCA01-45,Sensoria-C1-EEA1,Right,Gait,1.0.5,40.3882544,-3.6292402,CB:AA:BC:3F:36:A5,SCKS,-0.046875,0.921876,0.015625,-3.36,17.92,36.959999,0.074752,0.738176,-0.2336,317,599,530,0.9231992014868731
2024-04-25 14:16:10.736000+00:00,2024-04-25 14:15:30+00:00,2024-04-25 14:17:30+00:00,TABUENCA01-45,Sensoria-C1-EEA1,Right,Gait,1.0.5,40.3882544,-3.6292402,CB:AA:BC:3F:36:A5,SCKS,-0.070313,0.945313,0.03125,-1.12,5.6,49.279999,0.084096,0.74752,-0.242944,305,591,537,0.9484393224861567
2024-04-25 14:16:10.743000+00:00,2024-04-25 14:15:30+00:00,2024-04-25 14:17:30+00:00,TABUENCA01-45,Sensoria-C1-E90A,Left,Gait,1.0.5,40.3882544,-3.6292402,F0:75:B1:51:59:F6,SCKS,0.34375,2.843749,-0.21875,-7.84,63.84,445.76001,0.411136,0.65408,-0.261632,708,545,699,2.8727902812424366
2024-04-25 14:16:10.768000+00:00,2024-04-25 14:15:30+00:00,2024-04-25 14:17:30+00:00,TABUENCA01-45,Sensoria-C1-EEA1,Right,Gait,1.0.5,40.3882544,-3.6292402,CB:AA:BC:3F:36:A5,SCKS,-0.035156,1.015626,0.058594,1.12,-5.6,60.48,0.084096,0.74752,-0.252288,290,574,545,1.0179220859417482
2024-04-25 14:16:10.776000+00:00,2024-04-25 14:15:30+00:00,2024-04-25 14:17:30+00:00,TABUENCA01-45,Sensoria-C1-E90A,Left,Gait,1.0.5,40.3882544,-3.6292402,F0:75:B1:51:59:F6,SCKS,-0.5,3.374998,-0.0625,-40.32,45.920002,441.279999,0.4672,0.588672,-0.28032,704,545,698,3.4124064456046264
2024-04-25 14:16:10.785000+00:00,2024-04-25 14:15:30+00:00,2024-04-25 14:17:30+00:00,TABUENCA01-45,Sensoria-C1-EEA1,Right,Gait,1.0.5,40.3882544,-3.6292402,CB:AA:BC:3F:36:A5,SCKS,-0.003906,1.054688,0.015625,5.6,-12.32,67.199997,0.084096,0.74752,-0.252288,274,557,556,1.0548109663844987
2024-04-25 14:16:10.801000+00:00,2024-04-25 14:15:30+00:00,2024-04-25 14:17:30+00:00,TABUENCA01-45,Sensoria-C1-EEA1,Right,Gait,1.0.5,40.3882544,-3.6292402,CB:AA:BC:3F:36:A5,SCKS,-0.074219,1.117188,0.0,13.440001,-16.799999,78.400002,0.102784,0.756864,-0.242944,259,537,576,1.1196506094782426
2024-04-25 14:16:10.808000+00:00,2024-04-25 14:15:30+00:00,2024-04-25 14:17:30+00:00,TABUENCA01-45,Sensoria-C1-E90A,Left,Gait,1.0.5,40.3882544,-3.6292402,F0:75:B1:51:59:F6,SCKS,-1.999999,2.406249,-1.374999,2.24,104.160004,320.320007,0.495232,0.523264,-0.299008,704,546,703,3.4176969584799353
2024-04-25 14:16:10.817000+00:00,2024-04-25 14:15:30+00:00,2024-04-25 14:17:30+00:00,TABUENCA01-45,Sensoria-C1-EEA1,Right,Gait,1.0.5,40.3882544,-3.6292402,CB:AA:BC:3F:36:A5,SCKS,-0.054688,1.179688,-0.027344,7.84,-22.4,97.440002,0.102784,0.756864,-0.242944,245,512,609,1.1812714544185008
2024-04-25 14:16:10.841000+00:00,2024-04-25 14:15:30+00:00,2024-04-25 14:17:30+00:00,TABUENCA01-45,Sensoria-C1-E90A,Left,Gait,1.0.5,40.3882544,-3.6292402,F0:75:B1:51:59:F6,SCKS,-3.937498,1.406249,-0.5625,-3.36,-127.68,118.720001,0.51392,0.476544,-0.308352,701,545,708,4.21874780000002
2024-04-25 14:16:10.849000+00:00,2024-04-25 14:15:30+00:00,2024-04-25 14:17:30+00:00,TABUENCA01-45,Sensoria-C1-EEA1,Right,Gait,1.0.5,40.3882544,-3.6292402,CB:AA:BC:3F:36:A5,SCKS,-0.117188,1.250001,0.070313,-6.72,-21.280001,119.840004,0.121472,0.775552,-0.252288,230,491,644,1.2574495796309288
2024-04-25 14:16:10.866000+00:00,2024-04-25 14:15:30+00:00,2024-04-25 14:17:30+00:00,TABUENCA01-45,Sensoria-C1-EEA1,Right,Gait,1.0.5,40.3882544,-3.6292402,CB:AA:BC:3F:36:A5,SCKS,-0.152344,1.421876,0.019531,-19.040001,-29.120001,138.880005,0.149504,0.775552,-0.252288,221,474,673,1.430147374808974
2024-04-25 14:16:10.873000+00:00,2024-04-25 14:15:30+00:00,2024-04-25 14:17:30+00:00,TABUENCA01-45,Sensoria-C1-E90A,Left,Gait,1.0.5,40.3882544,-3.6292402,F0:75:B1:51:59:F6,SCKS,-0.25,4.249998,-0.15625,8.96,-72.800003,-122.080002,0.51392,0.476544,-0.270976,699,548,710,4.2602109176077185
2024-04-25 14:16:10.882000+00:00,2024-04-25 14:15:30+00:00,2024-04-25 14:17:30+00:00,TABUENCA01-45,Sensoria-C1-EEA1,Right,Gait,1.0.5,40.3882544,-3.6292402,CB:AA:BC:3F:36:A5,SCKS,-0.140625,1.570314,-0.199219,-24.639999,-25.76,160.160004,0.149504,0.775552,-0.252288,211,462,689,1.5891348775928367
2024-04-25 14:16:10.890000+00:00,2024-04-25 14:15:30+00:00,2024-04-25 14:17:30+00:00,TABUENCA01-45,Sensoria-C1-E90A,Left,Gait,1.0.5,40.3882544,-3.6292402,F0:75:B1:51:59:F6,SCKS,2.343749,0.5,0.90625,48.16,72.800003,-117.599998,0.51392,0.495232,-0.28032,702,546,684,2.562117959326034
2024-04-25 14:16:10.899000+00:00,2024-04-25 14:15:30+00:00,2024-04-25 14:17:30+00:00,TABUENCA01-45,Sensoria-C1-EEA1,Right,Gait,1.0.5,40.3882544,-3.6292402,CB:AA:BC:3F:36:A5,SCKS,-0.375,1.988283,0.039063,-29.120001,3.36,193.759995,0.168192,0.784896,-0.261632,209,465,699,2.0237144576392194
2024-04-25 14:16:10.915000+00:00,2024-04-25 14:15:30+00:00,2024-04-25 14:17:30+00:00,TABUENCA01-45,Sensoria-C1-EEA1,Right,Gait,1.0.5,40.3882544,-3.6292402,CB:AA:BC:3F:36:A5,SCKS,-0.832032,1.996095,0.441407,-35.84,35.84,222.880005,0.205568,0.79424,-0.252288,213,484,703,2.2071503432476005
2024-04-25 14:16:10.922000+00:00,2024-04-25 14:15:30+00:00,2024-04-25 14:17:30+00:00,TABUENCA01-45,Sensoria-C1-E90A,Left,Gait,1.0.5,40.3882544,-3.6292402,F0:75:B1:51:59:F6,SCKS,-0.65625,1.624999,0.21875,89.599998,88.480003,-235.199997,0.485888,0.551296,-0.308352,705,553,598,1.7661079737663268
2024-04-25 14:16:10.947000+00:00,2024-04-25 14:15:30+00:00,2024-04-25 14:17:30+00:00,TABUENCA01-45,Sensoria-C1-EEA1,Right,Gait,1.0.5,40.3882544,-3.6292402,CB:AA:BC:3F:36:A5,SCKS,-1.210938,1.996095,0.546875,-50.400002,52.639999,255.360001,0.252288,0.803584,-0.252288,232,509,708,2.397882056001504
2024-04-25 14:16:10.955000+00:00,2024-04-25 14:15:30+00:00,2024-04-25 14:17:30+00:00,TABUENCA01-45,Sensoria-C1-E90A,Left,Gait,1.0.5,40.3882544,-3.6292402,F0:75:B1:51:59:F6,SCKS,-1.406249,2.218749,-1.343749,124.32,32.48,-189.279999,0.457856,0.588672,-0.299008,705,558,443,2.9506007439169064
2024-04-25 14:16:10.964000+00:00,2024-04-25 14:15:30+00:00,2024-04-25 14:17:30+00:00,TABUENCA01-45,Sensoria-C1-EEA1,Right,Gait,1.0.5,40.3882544,-3.6292402,CB:AA:BC:3F:36:A5,SCKS,-0.585938,1.996095,0.003906,-36.959999,0.0,296.799988,0.308352,0.79424,-0.270976,267,546,709,2.0803206112772616
2024-04-25 14:16:10.987000+00:00,2024-04-25 14:15:30+00:00,2024-04-25 14:17:30+00:00,TABUENCA01-45,Sensoria-C1-E90A,Left,Gait,1.0.5,40.3882544,-3.6292402,F0:75:B1:51:59:F6,SCKS,-0.375,0.8125,-0.25,75.040001,-59.360001,-222.880005,0.439168,0.616704,-0.289664,683,557,365,0.9291292967074066
2024-04-25 14:16:10.995000+00:00,2024-04-25 14:15:30+00:00,2024-04-25 14:17:30+00:00,TABUENCA01-45,Sensoria-C1-EEA1,Right,Gait,1.0.5,40.3882544,-3.6292402,CB:AA:BC:3F:36:A5,SCKS,-0.800782,1.996095,-0.429688,-35.84,-45.920002,309.119995,0.308352,0.79424,-0.270976,323,600,710,2.1932347885926395
2024-04-25 14:16:10.996000+00:00,2024-04-25 14:15:30+00:00,2024-04-25 14:17:30+00:00,TABUENCA01-45,Sensoria-C1-EEA1,Right,Gait,1.0.5,40.3882544,-3.6292402,CB:AA:BC:3F:36:A5,SCKS,-0.929688,1.300782,-0.714844,-2.24,-85.120003,323.679993,0.355072,0.79424,-0.270976,386,650,710,1.7513867457543466
2024-04-25 14:16:11.020000+00:00,2024-04-25 14:15:30+00:00,2024-04-25 14:17:30+00:00,TABUENCA01-45,Sensoria-C1-E90A,Left,Gait,1.0.5,40.3882544,-3.6292402,F0:75:B1:51:59:F6,SCKS,-0.0625,0.9375,-0.1875,33.599998,-52.639999,-81.760002,0.401792,0.663424,-0.252288,642,526,338,0.9581068572972432
2024-04-25 14:16:11.028000+00:00,2024-04-25 14:15:30+00:00,2024-04-25 14:17:30+00:00,TABUENCA01-45,Sensoria-C1-EEA1,Right,Gait,1.0.5,40.3882544,-3.6292402,CB:AA:BC:3F:36:A5,SCKS,-1.101563,0.40625,-0.402344,-2.24,-51.52,254.240005,0.401792,0.79424,-0.270976,436,684,710,1.241112726469679
2024-04-25 14:16:11.044000+00:00,2024-04-25 14:15:30+00:00,2024-04-25 14:17:30+00:00,TABUENCA01-45,Sensoria-C1-EEA1,Right,Gait,1.0.5,40.3882544,-3.6292402,CB:AA:BC:3F:36:A5,SCKS,0.886719,0.058594,-0.539063,-8.96,24.639999,200.479996,0.439168,0.784896,-0.261632,464,701,710,1.0393713291052433
2024-04-25 14:16:11.052000+00:00,2024-04-25 14:15:30+00:00,2024-04-25 14:17:30+00:00,TABUENCA01-45,Sensoria-C1-E90A,Left,Gait,1.0.5,40.3882544,-3.6292402,F0:75:B1:51:59:F6,SCKS,0.09375,0.999999,-0.25,22.4,-42.560001,-40.32,0.392448,0.672768,-0.242944,610,497,344,1.035029981450296
2024-04-25 14:16:11.060000+00:00,2024-04-25 14:15:30+00:00,2024-04-25 14:17:30+00:00,TABUENCA01-45,Sensoria-C1-EEA1,Right,Gait,1.0.5,40.3882544,-3.6292402,CB:AA:BC:3F:36:A5,SCKS,-0.46875,0.214844,-0.492188,2.24,101.919998,48.16,0.448512,0.775552,-0.270976,478,709,708,0.7128348575792292
2024-04-25 14:16:11.077000+00:00,2024-04-25 14:15:30+00:00,2024-04-25 14:17:30+00:00,TABUENCA01-45,Sensoria-C1-EEA1,Right,Gait,1.0.5,40.3882544,-3.6292402,CB:AA:BC:3F:36:A5,SCKS,-1.078126,0.335938,-0.335938,-40.32,91.840004,-91.840004,0.439168,0.784896,-0.28032,485,715,706,1.1781614284825317
2024-04-25 14:16:11.084000+00:00,2024-04-25 14:15:30+00:00,2024-04-25 14:17:30+00:00,TABUENCA01-45,Sensoria-C1-E90A,Left,Gait,1.0.5,40.3882544,-3.6292402,F0:75:B1:51:59:F6,SCKS,0.09375,0.999999,-0.21875,11.2,-29.120001,-32.48,0.383104,0.682112,-0.252288,582,472,371,1.0279292898837935
2024-04-25 14:16:11.109000+00:00,2024-04-25 14:15:30+00:00,2024-04-25 14:17:30+00:00,TABUENCA01-45,Sensoria-C1-EEA1,Right,Gait,1.0.5,40.3882544,-3.6292402,CB:AA:BC:3F:36:A5,SCKS,-0.703125,-0.097656,-0.066406,-51.52,39.200001,-123.199997,0.439168,0.784896,-0.28032,486,716,705,0.7129735035728887
2024-04-25 14:16:11.117000+00:00,2024-04-25 14:15:30+00:00,2024-04-25 14:17:30+00:00,TABUENCA01-45,Sensoria-C1-E90A,Left,Gait,1.0.5,40.3882544,-3.6292402,F0:75:B1:51:59:F6,SCKS,0.0625,0.968749,-0.3125,5.6,-32.48,-32.48,0.364416,0.691456,-0.224256,560,450,415,1.0198221045854028
2024-04-25 14:16:11.126000+00:00,2024-04-25 14:15:30+00:00,2024-04-25 14:17:30+00:00,TABUENCA01-45,Sensoria-C1-EEA1,Right,Gait,1.0.5,40.3882544,-3.6292402,CB:AA:BC:3F:36:A5,SCKS,-0.40625,-0.09375,-0.03125,-36.959999,13.440001,-144.479996,0.411136,0.79424,-0.299008,489,718,702,0.4180965050081141
2024-04-25 14:16:11.142000+00:00,2024-04-25 14:15:30+00:00,2024-04-25 14:17:30+00:00,TABUENCA01-45,Sensoria-C1-EEA1,Right,Gait,1.0.5,40.3882544,-3.6292402,CB:AA:BC:3F:36:A5,SCKS,-0.34375,0.007813,-0.132813,-3.36,0.0,-190.399994,0.383104,0.803584,-0.299008,490,718,703,0.3685978817600557
2024-04-25 14:16:11.149000+00:00,2024-04-25 14:15:30+00:00,2024-04-25 14:17:30+00:00,TABUENCA01-45,Sensoria-C1-E90A,Left,Gait,1.0.5,40.3882544,-3.6292402,F0:75:B1:51:59:F6,SCKS,0.03125,0.9375,-0.21875,4.48,-48.16,-25.76,0.364416,0.691456,-0.214912,546,434,472,0.9631896879639026
2024-04-25 14:16:11.158000+00:00,2024-04-25 14:15:30+00:00,2024-04-25 14:17:30+00:00,TABUENCA01-45,Sensoria-C1-EEA1,Right,Gait,1.0.5,40.3882544,-3.6292402,CB:AA:BC:3F:36:A5,SCKS,-0.394532,0.292969,-0.21875,10.08,1.12,-230.720001,0.345728,0.812928,-0.308352,489,718,701,0.5379013817466916
2024-04-25 14:16:11.174000+00:00,2024-04-25 14:15:30+00:00,2024-04-25 14:17:30+00:00,TABUENCA01-45,Sensoria-C1-EEA1,Right,Gait,1.0.5,40.3882544,-3.6292402,CB:AA:BC:3F:36:A5,SCKS,-0.429688,0.453125,-0.207031,-4.48,-5.6,-273.279999,0.289664,0.812928,-0.308352,489,716,700,0.6578874356073385
2024-04-25 14:16:11.182000+00:00,2024-04-25 14:15:30+00:00,2024-04-25 14:17:30+00:00,TABUENCA01-45,Sensoria-C1-E90A,Left,Gait,1.0.5,40.3882544,-3.6292402,F0:75:B1:51:59:F6,SCKS,0.0625,0.9375,-0.28125,8.96,-53.760002,-15.68,0.355072,0.691456,-0.2336,531,421,528,0.980772176654701
2024-04-25 14:16:11.207000+00:00,2024-04-25 14:15:30+00:00,2024-04-25 14:17:30+00:00,TABUENCA01-45,Sensoria-C1-EEA1,Right,Gait,1.0.5,40.3882544,-3.6292402,CB:AA:BC:3F:36:A5,SCKS,-0.4375,0.613282,-0.167969,7.84,-54.880001,-325.920013,0.289664,0.812928,-0.308352,490,716,701,0.771838484713609
2024-04-25 14:16:11.214000+00:00,2024-04-25 14:15:30+00:00,2024-04-25 14:17:30+00:00,TABUENCA01-45,Sensoria-C1-E90A,Left,Gait,1.0.5,40.3882544,-3.6292402,F0:75:B1:51:59:F6,SCKS,0.03125,0.9375,-0.28125,0.0,-43.68,-14.56,0.355072,0.7008,-0.224256,522,412,575,0.9792774759995249
2024-04-25 14:16:11.223000+00:00,2024-04-25 14:15:30+00:00,2024-04-25 14:17:30+00:00,TABUENCA01-45,Sensoria-C1-EEA1,Right,Gait,1.0.5,40.3882544,-3.6292402,CB:AA:BC:3F:36:A5,SCKS,-0.367188,1.097657,-0.183594,14.56,-64.959999,-352.799988,0.2336,0.812928,-0.308352,489,714,699,1.1719149601523995
2024-04-25 14:16:11.230000+00:00,2024-04-25 14:15:30+00:00,2024-04-25 14:17:30+00:00,TABUENCA01-45,Sensoria-C1-E90A,Left,Gait,1.0.5,40.3882544,-3.6292402,F0:75:B1:51:59:F6,SCKS,0.03125,0.9375,-0.28125,-6.72,-43.68,-15.68,0.355072,0.7008,-0.205568,509,396,629,0.9792774759995249
2024-04-25 14:16:11.239000+00:00,2024-04-25 14:15:30+00:00,2024-04-25 14:17:30+00:00,TABUENCA01-45,Sensoria-C1-EEA1,Right,Gait,1.0.5,40.3882544,-3.6292402,CB:AA:BC:3F:36:A5,SCKS,-0.292969,1.48047,-0.152344,12.32,-41.439999,-370.720001,0.168192,0.803584,-0.308352,491,712,698,1.5168490202380065
2024-04-25 14:16:11.255000+00:00,2024-04-25 14:15:30+00:00,2024-04-25 14:17:30+00:00,TABUENCA01-45,Sensoria-C1-EEA1,Right,Gait,1.0.5,40.3882544,-3.6292402,CB:AA:BC:3F:36:A5,SCKS,-0.304688,1.88672,-0.054688,13.440001,-11.2,-379.679993,0.102784,0.766208,-0.299008,487,713,699,1.911946106219524
2024-04-25 14:16:11.263000+00:00,2024-04-25 14:15:30+00:00,2024-04-25 14:17:30+00:00,TABUENCA01-45,Sensoria-C1-E90A,Left,Gait,1.0.5,40.3882544,-3.6292402,F0:75:B1:51:59:F6,SCKS,0.0,0.9375,-0.15625,-2.24,-41.439999,-23.52,0.336384,0.710144,-0.214912,501,382,656,0.9504316453590969
2024-04-25 14:16:11.288000+00:00,2024-04-25 14:15:30+00:00,2024-04-25 14:17:30+00:00,TABUENCA01-45,Sensoria-C1-EEA1,Right,Gait,1.0.5,40.3882544,-3.6292402,CB:AA:BC:3F:36:A5,SCKS,-0.195313,1.996095,-0.070313,45.920002,-45.920002,-394.23999,0.04672,0.728832,-0.299008,489,710,698,2.006859819459994
2024-04-25 14:16:11.304000+00:00,2024-04-25 14:15:30+00:00,2024-04-25 14:17:30+00:00,TABUENCA01-45,Sensoria-C1-EEA1,Right,Gait,1.0.5,40.3882544,-3.6292402,CB:AA:BC:3F:36:A5,SCKS,0.097656,1.996095,-0.253906,57.119999,-78.400002,-425.600006,-0.009344,0.672768,-0.308352,488,711,699,2.0145471451909485
2024-04-25 14:16:11.311000+00:00,2024-04-25 14:15:30+00:00,2024-04-25 14:17:30+00:00,TABUENCA01-45,Sensoria-C1-E90A,Left,Gait,1.0.5,40.3882544,-3.6292402,F0:75:B1:51:59:F6,SCKS,-0.03125,0.90625,-0.15625,0.0,-36.959999,-32.48,0.336384,0.710144,-0.196224,489,364,675,0.920151991520966
2024-04-25 14:16:11.321000+00:00,2024-04-25 14:15:30+00:00,2024-04-25 14:17:30+00:00,TABUENCA01-45,Sensoria-C1-EEA1,Right,Gait,1.0.5,40.3882544,-3.6292402,CB:AA:BC:3F:36:A5,SCKS,1.070313,1.996095,-0.144531,16.799999,-34.720001,-414.399994,-0.056064,0.616704,-0.308352,488,711,698,2.2695493775097737
2024-04-25 14:16:11.328000+00:00,2024-04-25 14:15:30+00:00,2024-04-25 14:17:30+00:00,TABUENCA01-45,Sensoria-C1-E90A,Left,Gait,1.0.5,40.3882544,-3.6292402,F0:75:B1:51:59:F6,SCKS,0.0,0.968749,-0.21875,2.24,-32.48,-41.439999,0.32704,0.728832,-0.196224,471,343,688,0.9931395609384414
2024-04-25 14:16:11.337000+00:00,2024-04-25 14:15:30+00:00,2024-04-25 14:17:30+00:00,TABUENCA01-45,Sensoria-C1-EEA1,Right,Gait,1.0.5,40.3882544,-3.6292402,CB:AA:BC:3F:36:A5,SCKS,1.964845,1.996095,-0.683594,34.720001,-5.6,-328.160004,-0.056064,0.616704,-0.308352,488,711,700,2.883108024317854
2024-04-25 14:16:11.361000+00:00,2024-04-25 14:15:30+00:00,2024-04-25 14:17:30+00:00,TABUENCA01-45,Sensoria-C1-E90A,Left,Gait,1.0.5,40.3882544,-3.6292402,F0:75:B1:51:59:F6,SCKS,0.0625,1.062499,-0.21875,3.36,-26.880001,-60.48,0.317696,0.738176,-0.196224,452,318,700,1.0865826878342026
2024-04-25 14:16:11.370000+00:00,2024-04-25 14:15:30+00:00,2024-04-25 14:17:30+00:00,TABUENCA01-45,Sensoria-C1-EEA1,Right,Gait,1.0.5,40.3882544,-3.6292402,CB:AA:BC:3F:36:A5,SCKS,1.996095,1.460939,0.070313,42.560001,68.32,-183.680008,-0.084096,0.569984,-0.299008,486,712,699,2.4746074292127633
2024-04-25 14:16:11.387000+00:00,2024-04-25 14:15:30+00:00,2024-04-25 14:17:30+00:00,TABUENCA01-45,Sensoria-C1-EEA1,Right,Gait,1.0.5,40.3882544,-3.6292402,CB:AA:BC:3F:36:A5,SCKS,1.996095,1.812501,0.511719,34.720001,137.759995,-73.919998,-0.084096,0.551296,-0.28032,485,713,704,2.7443417168761983
2024-04-25 14:16:11.394000+00:00,2024-04-25 14:15:30+00:00,2024-04-25 14:17:30+00:00,TABUENCA01-45,Sensoria-C1-E90A,Left,Gait,1.0.5,40.3882544,-3.6292402,F0:75:B1:51:59:F6,SCKS,0.03125,1.156249,-0.125,1.12,-23.52,-82.879997,0.299008,0.738176,-0.196224,432,297,709,1.1634059104633259
2024-04-25 14:16:11.403000+00:00,2024-04-25 14:15:30+00:00,2024-04-25 14:17:30+00:00,TABUENCA01-45,Sensoria-C1-EEA1,Right,Gait,1.0.5,40.3882544,-3.6292402,CB:AA:BC:3F:36:A5,SCKS,1.996095,1.976564,1.000001,-20.16,67.199997,85.120003,-0.084096,0.551296,-0.261632,485,714,708,2.9818119483163255
2024-04-25 14:16:11.419000+00:00,2024-04-25 14:15:30+00:00,2024-04-25 14:17:30+00:00,TABUENCA01-45,Sensoria-C1-EEA1,Right,Gait,1.0.5,40.3882544,-3.6292402,CB:AA:BC:3F:36:A5,SCKS,-1.496095,0.601563,0.03125,-12.32,-77.279999,134.399994,-0.074752,0.569984,-0.270976,484,713,702,1.6128096150798457
2024-04-25 14:16:11.427000+00:00,2024-04-25 14:15:30+00:00,2024-04-25 14:17:30+00:00,TABUENCA01-45,Sensoria-C1-E90A,Left,Gait,1.0.5,40.3882544,-3.6292402,F0:75:B1:51:59:F6,SCKS,0.15625,1.312499,-0.28125,3.36,-20.16,-109.760002,0.28032,0.74752,-0.196224,420,285,714,1.3513582981581902
2024-04-25 14:16:11.435000+00:00,2024-04-25 14:15:30+00:00,2024-04-25 14:17:30+00:00,TABUENCA01-45,Sensoria-C1-EEA1,Right,Gait,1.0.5,40.3882544,-3.6292402,CB:AA:BC:3F:36:A5,SCKS,-2.000001,0.863282,1.429689,17.92,-138.880005,105.279999,-0.074752,0.569984,-0.270976,490,712,677,2.605622852265078
2024-04-25 14:16:11.459000+00:00,2024-04-25 14:15:30+00:00,2024-04-25 14:17:30+00:00,TABUENCA01-45,Sensoria-C1-E90A,Left,Gait,1.0.5,40.3882544,-3.6292402,F0:75:B1:51:59:F6,SCKS,0.15625,1.468749,-0.25,4.48,-19.040001,-153.440002,0.252288,0.766208,-0.18688,421,292,715,1.4980446213317546
2024-04-25 14:16:11.468000+00:00,2024-04-25 14:15:30+00:00,2024-04-25 14:17:30+00:00,TABUENCA01-45,Sensoria-C1-EEA1,Right,Gait,1.0.5,40.3882544,-3.6292402,CB:AA:BC:3F:36:A5,SCKS,0.933594,1.597657,0.664063,64.959999,-188.160004,267.679993,-0.074752,0.598016,-0.299008,500,717,624,1.965982022922387
2024-04-25 14:16:11.484000+00:00,2024-04-25 14:15:30+00:00,2024-04-25 14:17:30+00:00,TABUENCA01-45,Sensoria-C1-EEA1,Right,Gait,1.0.5,40.3882544,-3.6292402,CB:AA:BC:3F:36:A5,SCKS,0.648438,1.816408,0.101563,62.720001,-21.280001,237.440002,-0.065408,0.635392,-0.317696,507,722,547,1.9313531280625509
2024-04-25 14:16:11.500000+00:00,2024-04-25 14:15:30+00:00,2024-04-25 14:17:30+00:00,TABUENCA01-45,Sensoria-C1-EEA1,Right,Gait,1.0.5,40.3882544,-3.6292402,CB:AA:BC:3F:36:A5,SCKS,0.175781,1.359376,-0.558594,52.639999,41.439999,218.399994,-0.037376,0.663424,-0.299008,507,722,473,1.4801450355194925
2024-04-25 14:16:11.507000+00:00,2024-04-25 14:15:30+00:00,2024-04-25 14:17:30+00:00,TABUENCA01-45,Sensoria-C1-E90A,Left,Gait,1.0.5,40.3882544,-3.6292402,F0:75:B1:51:59:F6,SCKS,0.75,2.281249,-0.15625,-6.72,-35.84,-197.119995,0.196224,0.784896,-0.177536,466,339,713,2.4064519655503203
2024-04-25 14:16:11.516000+00:00,2024-04-25 14:15:30+00:00,2024-04-25 14:17:30+00:00,TABUENCA01-45,Sensoria-C1-EEA1,Right,Gait,1.0.5,40.3882544,-3.6292402,CB:AA:BC:3F:36:A5,SCKS,0.195313,1.121095,-0.382813,16.799999,-1.12,193.759995,-0.018688,0.691456,-0.308352,501,724,421,1.200644393633269
2024-04-25 14:16:11.524000+00:00,2024-04-25 14:15:30+00:00,2024-04-25 14:17:30+00:00,TABUENCA01-45,Sensoria-C1-E90A,Left,Gait,1.0.5,40.3882544,-3.6292402,F0:75:B1:51:59:F6,SCKS,1.062499,2.124999,-0.0625,-58.240002,-105.279999,-189.279999,0.158848,0.79424,-0.18688,520,384,711,2.3766428265521933
2024-04-25 14:16:11.549000+00:00,2024-04-25 14:15:30+00:00,2024-04-25 14:17:30+00:00,TABUENCA01-45,Sensoria-C1-EEA1,Right,Gait,1.0.5,40.3882544,-3.6292402,CB:AA:BC:3F:36:A5,SCKS,0.246094,0.914063,0.171875,-2.24,4.48,147.839996,-0.018688,0.691456,-0.308352,485,727,384,0.9620885824236768
2024-04-25 14:16:11.556000+00:00,2024-04-25 14:15:30+00:00,2024-04-25 14:17:30+00:00,TABUENCA01-45,Sensoria-C1-E90A,Left,Gait,1.0.5,40.3882544,-3.6292402,F0:75:B1:51:59:F6,SCKS,0.625,2.499999,-1.093749,-20.16,-162.399994,-241.919998,0.102784,0.79424,-0.214912,569,442,712,2.79944760176039
2024-04-25 14:16:11.565000+00:00,2024-04-25 14:15:30+00:00,2024-04-25 14:17:30+00:00,TABUENCA01-45,Sensoria-C1-EEA1,Right,Gait,1.0.5,40.3882544,-3.6292402,CB:AA:BC:3F:36:A5,SCKS,0.035156,1.023438,-0.003906,-13.440001,22.4,119.840004,0.0,0.710144,-0.299008,466,722,362,1.0240490911162414
2024-04-25 14:16:11.572000+00:00,2024-04-25 14:15:30+00:00,2024-04-25 14:17:30+00:00,TABUENCA01-45,Sensoria-C1-E90A,Left,Gait,1.0.5,40.3882544,-3.6292402,F0:75:B1:51:59:F6,SCKS,0.90625,0.8125,-0.4375,14.56,-2.24,-219.520004,0.018688,0.784896,-0.205568,661,531,712,1.2933876304109297
2024-04-25 14:16:11.581000+00:00,2024-04-25 14:15:30+00:00,2024-04-25 14:17:30+00:00,TABUENCA01-45,Sensoria-C1-EEA1,Right,Gait,1.0.5,40.3882544,-3.6292402,CB:AA:BC:3F:36:A5,SCKS,0.0,0.972657,0.050781,-13.440001,24.639999,85.120003,0.009344,0.719488,-0.289664,449,706,349,0.9739816988065022
2024-04-25 14:16:11.597000+00:00,2024-04-25 14:15:30+00:00,2024-04-25 14:17:30+00:00,TABUENCA01-45,Sensoria-C1-EEA1,Right,Gait,1.0.5,40.3882544,-3.6292402,CB:AA:BC:3F:36:A5,SCKS,-0.089844,1.027344,0.230469,-7.84,16.799999,58.240002,0.018688,0.719488,-0.289664,435,689,344,1.0567041206662346
2024-04-25 14:16:11.604000+00:00,2024-04-25 14:15:30+00:00,2024-04-25 14:17:30+00:00,TABUENCA01-45,Sensoria-C1-E90A,Left,Gait,1.0.5,40.3882544,-3.6292402,F0:75:B1:51:59:F6,SCKS,-0.6875,0.28125,-0.46875,19.040001,-97.440002,-97.440002,-0.009344,0.784896,-0.205568,689,548,712,0.8783418326596998
2024-04-25 14:16:11.630000+00:00,2024-04-25 14:15:30+00:00,2024-04-25 14:17:30+00:00,TABUENCA01-45,Sensoria-C1-EEA1,Right,Gait,1.0.5,40.3882544,-3.6292402,CB:AA:BC:3F:36:A5,SCKS,-0.019531,1.031251,0.011719,1.12,12.32,40.32,0.028032,0.719488,-0.289664,422,671,346,1.0315025060187686
2024-04-25 14:16:11.637000+00:00,2024-04-25 14:15:30+00:00,2024-04-25 14:17:30+00:00,TABUENCA01-45,Sensoria-C1-E90A,Left,Gait,1.0.5,40.3882544,-3.6292402,F0:75:B1:51:59:F6,SCKS,1.312499,0.0625,-0.15625,11.2,-144.479996,110.879997,-0.009344,0.784896,-0.205568,702,553,709,1.3232437181037362
2024-04-25 14:16:11.646000+00:00,2024-04-25 14:15:30+00:00,2024-04-25 14:17:30+00:00,TABUENCA01-45,Sensoria-C1-EEA1,Right,Gait,1.0.5,40.3882544,-3.6292402,CB:AA:BC:3F:36:A5,SCKS,-0.148438,1.035157,0.042969,1.12,7.84,33.599998,0.028032,0.719488,-0.289664,411,658,353,1.0466280091102094
2024-04-25 14:16:11.662000+00:00,2024-04-25 14:15:30+00:00,2024-04-25 14:17:30+00:00,TABUENCA01-45,Sensoria-C1-EEA1,Right,Gait,1.0.5,40.3882544,-3.6292402,CB:AA:BC:3F:36:A5,SCKS,-0.097656,1.007813,-0.230469,0.0,8.96,41.439999,0.028032,0.719488,-0.289664,401,651,368,1.0384313637723006
2024-04-25 14:16:11.669000+00:00,2024-04-25 14:15:30+00:00,2024-04-25 14:17:30+00:00,TABUENCA01-45,Sensoria-C1-E90A,Left,Gait,1.0.5,40.3882544,-3.6292402,F0:75:B1:51:59:F6,SCKS,0.6875,-0.09375,0.09375,-12.32,7.84,159.039993,0.018688,0.803584,-0.224256,707,553,708,0.7001673907002525
2024-04-25 14:16:11.679000+00:00,2024-04-25 14:15:30+00:00,2024-04-25 14:17:30+00:00,TABUENCA01-45,Sensoria-C1-EEA1,Right,Gait,1.0.5,40.3882544,-3.6292402,CB:AA:BC:3F:36:A5,SCKS,-0.0625,0.957032,-0.132813,-12.32,19.040001,43.68,0.028032,0.728832,-0.289664,392,641,387,0.9682230073660716
2024-04-25 14:16:11.695000+00:00,2024-04-25 14:15:30+00:00,2024-04-25 14:17:30+00:00,TABUENCA01-45,Sensoria-C1-EEA1,Right,Gait,1.0.5,40.3882544,-3.6292402,CB:AA:BC:3F:36:A5,SCKS,-0.0625,0.941407,0.019531,-11.2,23.52,45.920002,0.037376,0.728832,-0.28032,381,631,408,0.9436815403567033
2024-04-25 14:16:11.702000+00:00,2024-04-25 14:15:30+00:00,2024-04-25 14:17:30+00:00,TABUENCA01-45,Sensoria-C1-E90A,Left,Gait,1.0.5,40.3882544,-3.6292402,F0:75:B1:51:59:F6,SCKS,0.375,0.1875,-0.125,8.96,34.720001,253.119995,0.084096,0.79424,-0.214912,708,552,706,0.4375
2024-04-25 14:16:11.727000+00:00,2024-04-25 14:15:30+00:00,2024-04-25 14:17:30+00:00,TABUENCA01-45,Sensoria-C1-EEA1,Right,Gait,1.0.5,40.3882544,-3.6292402,CB:AA:BC:3F:36:A5,SCKS,-0.023438,0.980469,-0.054688,-7.84,29.120001,48.16,0.04672,0.738176,-0.28032,371,619,429,0.982272659269818
2024-04-25 14:16:11.735000+00:00,2024-04-25 14:15:30+00:00,2024-04-25 14:17:30+00:00,TABUENCA01-45,Sensoria-C1-E90A,Left,Gait,1.0.5,40.3882544,-3.6292402,F0:75:B1:51:59:F6,SCKS,0.4375,0.625,-0.15625,6.72,41.439999,299.040009,0.149504,0.79424,-0.214912,709,551,705,0.7787459871485695
2024-04-25 14:16:11.744000+00:00,2024-04-25 14:15:30+00:00,2024-04-25 14:17:30+00:00,TABUENCA01-45,Sensoria-C1-EEA1,Right,Gait,1.0.5,40.3882544,-3.6292402,CB:AA:BC:3F:36:A5,SCKS,-0.050781,0.960938,0.027344,-7.84,28.0,48.16,0.04672,0.738176,-0.289664,360,605,450,0.9626672551515398
2024-04-25 14:16:11.759000+00:00,2024-04-25 14:15:30+00:00,2024-04-25 14:17:30+00:00,TABUENCA01-45,Sensoria-C1-EEA1,Right,Gait,1.0.5,40.3882544,-3.6292402,CB:AA:BC:3F:36:A5,SCKS,-0.019531,0.992188,0.0,-6.72,17.92,51.52,0.056064,0.738176,-0.289664,346,590,469,0.9923802130761173
2024-04-25 14:16:11.767000+00:00,2024-04-25 14:15:30+00:00,2024-04-25 14:17:30+00:00,TABUENCA01-45,Sensoria-C1-E90A,Left,Gait,1.0.5,40.3882544,-3.6292402,F0:75:B1:51:59:F6,SCKS,0.3125,0.84375,-0.03125,-4.48,61.599998,347.200012,0.205568,0.784896,-0.214912,709,549,702,0.9003037681804958
2024-04-25 14:16:11.775000+00:00,2024-04-25 14:15:30+00:00,2024-04-25 14:17:30+00:00,TABUENCA01-45,Sensoria-C1-EEA1,Right,Gait,1.0.5,40.3882544,-3.6292402,CB:AA:BC:3F:36:A5,SCKS,0.003906,0.988282,-0.03125,-6.72,12.32,52.639999,0.056064,0.738176,-0.289664,333,574,490,0.988783662314462
2024-04-25 14:16:11.799000+00:00,2024-04-25 14:15:30+00:00,2024-04-25 14:17:30+00:00,TABUENCA01-45,Sensoria-C1-E90A,Left,Gait,1.0.5,40.3882544,-3.6292402,F0:75:B1:51:59:F6,SCKS,0.46875,1.374999,-0.0625,-12.32,56.0,397.600006,0.270976,0.74752,-0.224256,710,548,702,1.4540478198811069
2024-04-25 14:16:11.808000+00:00,2024-04-25 14:15:30+00:00,2024-04-25 14:17:30+00:00,TABUENCA01-45,Sensoria-C1-EEA1,Right,Gait,1.0.5,40.3882544,-3.6292402,CB:AA:BC:3F:36:A5,SCKS,0.0,1.003907,-0.023438,-4.48,11.2,53.760002,0.065408,0.74752,-0.28032,320,558,512,1.0041805636901164
2024-04-25 14:16:11.824000+00:00,2024-04-25 14:15:30+00:00,2024-04-25 14:17:30+00:00,TABUENCA01-45,Sensoria-C1-EEA1,Right,Gait,1.0.5,40.3882544,-3.6292402,CB:AA:BC:3F:36:A5,SCKS,0.023438,1.019532,-0.019531,1.12,6.72,58.240002,0.074752,0.756864,-0.270976,304,540,537,1.0199883817127526
2024-04-25 14:16:11.832000+00:00,2024-04-25 14:15:30+00:00,2024-04-25 14:17:30+00:00,TABUENCA01-45,Sensoria-C1-E90A,Left,Gait,1.0.5,40.3882544,-3.6292402,F0:75:B1:51:59:F6,SCKS,0.5625,2.281249,-0.0625,-22.4,56.0,425.600006,0.345728,0.719488,-0.224256,707,547,701,2.3504062414827356
2024-04-25 14:16:11.840000+00:00,2024-04-25 14:15:30+00:00,2024-04-25 14:17:30+00:00,TABUENCA01-45,Sensoria-C1-EEA1,Right,Gait,1.0.5,40.3882544,-3.6292402,CB:AA:BC:3F:36:A5,SCKS,0.0,1.007813,0.035156,6.72,2.24,63.84,0.09344,0.766208,-0.28032,285,523,563,1.0084259949569925
2024-04-25 14:16:11.857000+00:00,2024-04-25 14:15:30+00:00,2024-04-25 14:17:30+00:00,TABUENCA01-45,Sensoria-C1-EEA1,Right,Gait,1.0.5,40.3882544,-3.6292402,CB:AA:BC:3F:36:A5,SCKS,0.015625,1.050782,0.027344,11.2,-6.72,68.32,0.09344,0.766208,-0.28032,267,505,596,1.0512538449323265
2024-04-25 14:16:11.864000+00:00,2024-04-25 14:15:30+00:00,2024-04-25 14:17:30+00:00,TABUENCA01-45,Sensoria-C1-E90A,Left,Gait,1.0.5,40.3882544,-3.6292402,F0:75:B1:51:59:F6,SCKS,0.03125,3.093748,0.0625,-5.6,129.919998,442.399994,0.401792,0.598016,-0.261632,707,548,700,3.0945370413042403
2024-04-25 14:16:11.881000+00:00,2024-04-25 14:15:30+00:00,2024-04-25 14:17:30+00:00,TABUENCA01-45,Sensoria-C1-E90A,Left,Gait,1.0.5,40.3882544,-3.6292402,F0:75:B1:51:59:F6,SCKS,-0.75,3.437498,-0.8125,-38.080002,124.32,413.279999,0.495232,0.532608,-0.270976,707,545,702,3.6109623024900164
2024-04-25 14:16:11.889000+00:00,2024-04-25 14:15:30+00:00,2024-04-25 14:17:30+00:00,TABUENCA01-45,Sensoria-C1-EEA1,Right,Gait,1.0.5,40.3882544,-3.6292402,CB:AA:BC:3F:36:A5,SCKS,0.054688,1.027344,-0.015625,3.36,-5.6,76.160004,0.09344,0.766208,-0.270976,251,485,628,1.0289172038142818
2024-04-25 14:16:11.906000+00:00,2024-04-25 14:15:30+00:00,2024-04-25 14:17:30+00:00,TABUENCA01-45,Sensoria-C1-EEA1,Right,Gait,1.0.5,40.3882544,-3.6292402,CB:AA:BC:3F:36:A5,SCKS,-0.042969,1.082032,0.0,-7.84,-5.6,84.0,0.102784,0.775552,-0.270976,237,470,656,1.0828848433628575
2024-04-25 14:16:11.913000+00:00,2024-04-25 14:15:30+00:00,2024-04-25 14:17:30+00:00,TABUENCA01-45,Sensoria-C1-E90A,Left,Gait,1.0.5,40.3882544,-3.6292402,F0:75:B1:51:59:F6,SCKS,-3.781248,1.593749,-0.8125,21.280001,-43.68,123.199997,0.51392,0.485888,-0.299008,704,545,707,4.183064494184258
2024-04-25 14:16:11.922000+00:00,2024-04-25 14:15:30+00:00,2024-04-25 14:17:30+00:00,TABUENCA01-45,Sensoria-C1-EEA1,Right,Gait,1.0.5,40.3882544,-3.6292402,CB:AA:BC:3F:36:A5,SCKS,-0.113281,1.23047,0.132813,-14.56,-16.799999,112.0,0.121472,0.775552,-0.270976,226,455,677,1.2427905289428303
2024-04-25 14:16:11.938000+00:00,2024-04-25 14:15:30+00:00,2024-04-25 14:17:30+00:00,TABUENCA01-45,Sensoria-C1-EEA1,Right,Gait,1.0.5,40.3882544,-3.6292402,CB:AA:BC:3F:36:A5,SCKS,-0.132813,1.320313,0.144531,-22.4,-29.120001,132.160004,0.149504,0.784896,-0.270976,218,444,694,1.334823928800724
2024-04-25 14:16:11.945000+00:00,2024-04-25 14:15:30+00:00,2024-04-25 14:17:30+00:00,TABUENCA01-45,Sensoria-C1-E90A,Left,Gait,1.0.5,40.3882544,-3.6292402,F0:75:B1:51:59:F6,SCKS,-2.312499,1.249999,-0.09375,12.32,13.440001,-131.039993,0.51392,0.476544,-0.299008,703,546,711,2.6303874595773906
2024-04-25 14:16:11.954000+00:00,2024-04-25 14:15:30+00:00,2024-04-25 14:17:30+00:00,TABUENCA01-45,Sensoria-C1-EEA1,Right,Gait,1.0.5,40.3882544,-3.6292402,CB:AA:BC:3F:36:A5,SCKS,-0.125,1.535157,-0.171875,-26.880001,-35.84,153.440002,0.149504,0.784896,-0.270976,212,438,704,1.549797738504609
2024-04-25 14:16:11.978000+00:00,2024-04-25 14:15:30+00:00,2024-04-25 14:17:30+00:00,TABUENCA01-45,Sensoria-C1-E90A,Left,Gait,1.0.5,40.3882544,-3.6292402,F0:75:B1:51:59:F6,SCKS,0.25,0.78125,0.375,33.599998,100.800003,-181.440002,0.51392,0.495232,-0.289664,705,546,674,0.9019293556038632
2024-04-25 14:16:11.987000+00:00,2024-04-25 14:15:30+00:00,2024-04-25 14:17:30+00:00,TABUENCA01-45,Sensoria-C1-EEA1,Right,Gait,1.0.5,40.3882544,-3.6292402,CB:AA:BC:3F:36:A5,SCKS,-0.285156,1.875001,-0.058594,-31.360001,-11.2,181.440002,0.168192,0.79424,-0.289664,209,444,709,1.897465665347597
2024-04-25 14:16:12.003000+00:00,2024-04-25 14:15:30+00:00,2024-04-25 14:17:30+00:00,TABUENCA01-45,Sensoria-C1-EEA1,Right,Gait,1.0.5,40.3882544,-3.6292402,CB:AA:BC:3F:36:A5,SCKS,-0.570313,1.996095,0.3125,-39.200001,22.4,209.440002,0.205568,0.803584,-0.289664,214,464,712,2.0993590490895073
2024-04-25 14:16:12.019000+00:00,2024-04-25 14:15:30+00:00,2024-04-25 14:17:30+00:00,TABUENCA01-45,Sensoria-C1-EEA1,Right,Gait,1.0.5,40.3882544,-3.6292402,CB:AA:BC:3F:36:A5,SCKS,-1.300782,1.996095,0.570313,-60.48,72.800003,235.199997,0.2336,0.812928,-0.299008,228,484,712,2.4498338675342866
2024-04-25 14:16:12.036000+00:00,2024-04-25 14:15:30+00:00,2024-04-25 14:17:30+00:00,TABUENCA01-45,Sensoria-C1-EEA1,Right,Gait,1.0.5,40.3882544,-3.6292402,CB:AA:BC:3F:36:A5,SCKS,-0.3125,1.996095,-0.121094,-43.68,17.92,276.640015,0.289664,0.812928,-0.299008,259,516,713,2.0240344008590863
2024-04-25 14:16:12.043000+00:00,2024-04-25 14:15:30+00:00,2024-04-25 14:17:30+00:00,TABUENCA01-45,Sensoria-C1-E90A,Left,Gait,1.0.5,40.3882544,-3.6292402,F0:75:B1:51:59:F6,SCKS,-1.999999,2.187499,-1.312499,156.800003,66.080002,-204.960007,0.457856,0.588672,-0.308352,702,557,444,3.2415739232667518
2024-04-25 14:16:12.068000+00:00,2024-04-25 14:15:30+00:00,2024-04-25 14:17:30+00:00,TABUENCA01-45,Sensoria-C1-EEA1,Right,Gait,1.0.5,40.3882544,-3.6292402,CB:AA:BC:3F:36:A5,SCKS,-0.816407,1.996095,-0.648438,-40.32,-32.48,304.640015,0.289664,0.812928,-0.299008,308,570,712,2.2519741291848803
2024-04-25 14:16:12.075000+00:00,2024-04-25 14:15:30+00:00,2024-04-25 14:17:30+00:00,TABUENCA01-45,Sensoria-C1-E90A,Left,Gait,1.0.5,40.3882544,-3.6292402,F0:75:B1:51:59:F6,SCKS,0.0625,0.9375,-0.25,70.559998,-79.519997,-103.040001,0.411136,0.65408,-0.270976,662,548,342,0.9722718241315028
2024-04-25 14:16:12.084000+00:00,2024-04-25 14:15:30+00:00,2024-04-25 14:17:30+00:00,TABUENCA01-45,Sensoria-C1-EEA1,Right,Gait,1.0.5,40.3882544,-3.6292402,CB:AA:BC:3F:36:A5,SCKS,-0.625,1.945314,-0.867188,-7.84,-96.32,330.399994,0.345728,0.803584,-0.299008,373,629,713,2.2196591148056948
2024-04-25 14:16:12.100000+00:00,2024-04-25 14:15:30+00:00,2024-04-25 14:17:30+00:00,TABUENCA01-45,Sensoria-C1-EEA1,Right,Gait,1.0.5,40.3882544,-3.6292402,CB:AA:BC:3F:36:A5,SCKS,-0.304688,0.617188,-0.726563,14.56,-28.0,257.600006,0.392448,0.803584,-0.317696,429,671,710,1.0008244589622097
2024-04-25 14:16:12.108000+00:00,2024-04-25 14:15:30+00:00,2024-04-25 14:17:30+00:00,TABUENCA01-45,Sensoria-C1-E90A,Left,Gait,1.0.5,40.3882544,-3.6292402,F0:75:B1:51:59:F6,SCKS,0.125,0.999999,-0.21875,35.84,-48.16,-52.639999,0.401792,0.672768,-0.252288,625,523,335,1.0312490303030593
2024-04-25 14:16:12.117000+00:00,2024-04-25 14:15:30+00:00,2024-04-25 14:17:30+00:00,TABUENCA01-45,Sensoria-C1-EEA1,Right,Gait,1.0.5,40.3882544,-3.6292402,CB:AA:BC:3F:36:A5,SCKS,0.894532,0.117188,-0.906251,11.2,77.279999,161.279999,0.429824,0.79424,-0.317696,462,693,710,1.2787538470593158
2024-04-25 14:16:12.141000+00:00,2024-04-25 14:15:30+00:00,2024-04-25 14:17:30+00:00,TABUENCA01-45,Sensoria-C1-E90A,Left,Gait,1.0.5,40.3882544,-3.6292402,F0:75:B1:51:59:F6,SCKS,0.09375,0.968749,-0.15625,15.68,-35.84,-41.439999,0.392448,0.672768,-0.242944,593,493,349,0.9857371607081676
2024-04-25 14:16:12.150000+00:00,2024-04-25 14:15:30+00:00,2024-04-25 14:17:30+00:00,TABUENCA01-45,Sensoria-C1-EEA1,Right,Gait,1.0.5,40.3882544,-3.6292402,CB:AA:BC:3F:36:A5,SCKS,-1.238282,0.269531,-0.625,-7.84,211.680008,33.599998,0.439168,0.79424,-0.317696,477,705,707,1.4130160195429493
2024-04-25 14:16:12.166000+00:00,2024-04-25 14:15:30+00:00,2024-04-25 14:17:30+00:00,TABUENCA01-45,Sensoria-C1-EEA1,Right,Gait,1.0.5,40.3882544,-3.6292402,CB:AA:BC:3F:36:A5,SCKS,-1.35547,0.214844,-0.273438,-33.599998,162.399994,-44.799999,0.439168,0.79424,-0.317696,485,712,706,1.3993660011162197
2024-04-25 14:16:12.173000+00:00,2024-04-25 14:15:30+00:00,2024-04-25 14:17:30+00:00,TABUENCA01-45,Sensoria-C1-E90A,Left,Gait,1.0.5,40.3882544,-3.6292402,F0:75:B1:51:59:F6,SCKS,0.09375,0.999999,-0.1875,6.72,-33.599998,-35.84,0.392448,0.672768,-0.242944,568,467,384,1.0217354415410087
2024-04-25 14:16:12.182000+00:00,2024-04-25 14:15:30+00:00,2024-04-25 14:17:30+00:00,TABUENCA01-45,Sensoria-C1-EEA1,Right,Gait,1.0.5,40.3882544,-3.6292402,CB:AA:BC:3F:36:A5,SCKS,-0.699219,-0.214844,0.007813,0.0,81.760002,-76.160004,0.42048,0.79424,-0.336384,489,714,705,0.7315232035048513
2024-04-25 14:16:12.206000+00:00,2024-04-25 14:15:30+00:00,2024-04-25 14:17:30+00:00,TABUENCA01-45,Sensoria-C1-E90A,Left,Gait,1.0.5,40.3882544,-3.6292402,F0:75:B1:51:59:F6,SCKS,0.0625,0.9375,-0.25,2.24,-45.920002,-31.360001,0.37376,0.691456,-0.224256,547,447,436,0.9722718241315028
2024-04-25 14:16:12.214000+00:00,2024-04-25 14:15:30+00:00,2024-04-25 14:17:30+00:00,TABUENCA01-45,Sensoria-C1-EEA1,Right,Gait,1.0.5,40.3882544,-3.6292402,CB:AA:BC:3F:36:A5,SCKS,-0.511719,-0.164063,-0.023438,44.799999,34.720001,-129.919998,0.401792,0.79424,-0.317696,490,716,705,0.5378869237804541
2024-04-25 14:16:12.215000+00:00,2024-04-25 14:15:30+00:00,2024-04-25 14:17:30+00:00,TABUENCA01-45,Sensoria-C1-EEA1,Right,Gait,1.0.5,40.3882544,-3.6292402,CB:AA:BC:3F:36:A5,SCKS,-0.675782,0.128906,-0.101563,61.599998,7.84,-188.160004,0.37376,0.812928,-0.317696,490,716,703,0.6954229729660935
2024-04-25 14:16:12.222000+00:00,2024-04-25 14:15:30+00:00,2024-04-25 14:17:30+00:00,TABUENCA01-45,Sensoria-C1-E90A,Left,Gait,1.0.5,40.3882544,-3.6292402,F0:75:B1:51:59:F6,SCKS,0.03125,0.9375,-0.25,3.36,-54.880001,-26.880001,0.364416,0.691456,-0.214912,532,432,494,0.9707640354380667
2024-04-25 14:16:12.247000+00:00,2024-04-25 14:15:30+00:00,2024-04-25 14:17:30+00:00,TABUENCA01-45,Sensoria-C1-EEA1,Right,Gait,1.0.5,40.3882544,-3.6292402,CB:AA:BC:3F:36:A5,SCKS,-0.53125,0.324219,-0.027344,66.080002,-43.68,-255.360001,0.336384,0.812928,-0.317696,490,716,703,0.6229704782708407
2024-04-25 14:16:12.255000+00:00,2024-04-25 14:15:30+00:00,2024-04-25 14:17:30+00:00,TABUENCA01-45,Sensoria-C1-E90A,Left,Gait,1.0.5,40.3882544,-3.6292402,F0:75:B1:51:59:F6,SCKS,0.03125,0.9375,-0.21875,1.12,-50.400002,-20.16,0.364416,0.691456,-0.205568,520,417,550,0.9631896879639026
2024-04-25 14:16:12.263000+00:00,2024-04-25 14:15:30+00:00,2024-04-25 14:17:30+00:00,TABUENCA01-45,Sensoria-C1-EEA1,Right,Gait,1.0.5,40.3882544,-3.6292402,CB:AA:BC:3F:36:A5,SCKS,-0.480469,0.535157,-0.015625,69.440002,-64.959999,-294.559998,0.28032,0.812928,-0.299008,490,716,702,0.7193661204386818
2024-04-25 14:16:12.280000+00:00,2024-04-25 14:15:30+00:00,2024-04-25 14:17:30+00:00,TABUENCA01-45,Sensoria-C1-EEA1,Right,Gait,1.0.5,40.3882544,-3.6292402,CB:AA:BC:3F:36:A5,SCKS,-0.484375,0.816407,-0.042969,70.559998,-75.040001,-332.640015,0.28032,0.812928,-0.299008,490,714,700,0.9502556841371694
2024-04-25 14:16:12.287000+00:00,2024-04-25 14:15:30+00:00,2024-04-25 14:17:30+00:00,TABUENCA01-45,Sensoria-C1-E90A,Left,Gait,1.0.5,40.3882544,-3.6292402,F0:75:B1:51:59:F6,SCKS,0.0,0.9375,-0.25,-3.36,-40.32,-20.16,0.364416,0.7008,-0.224256,509,406,593,0.9702609185162515
2024-04-25 14:16:12.296000+00:00,2024-04-25 14:15:30+00:00,2024-04-25 14:17:30+00:00,TABUENCA01-45,Sensoria-C1-EEA1,Right,Gait,1.0.5,40.3882544,-3.6292402,CB:AA:BC:3F:36:A5,SCKS,-0.449219,1.144532,-0.042969,60.48,-71.68,-364.0,0.214912,0.803584,-0.289664,489,713,701,1.2302835217729287
2024-04-25 14:16:12.319000+00:00,2024-04-25 14:15:30+00:00,2024-04-25 14:17:30+00:00,TABUENCA01-45,Sensoria-C1-E90A,Left,Gait,1.0.5,40.3882544,-3.6292402,F0:75:B1:51:59:F6,SCKS,0.03125,0.968749,-0.21875,-5.6,-42.560001,-22.4,0.355072,0.7008,-0.205568,501,394,628,0.9936310935155964
2024-04-25 14:16:12.328000+00:00,2024-04-25 14:15:30+00:00,2024-04-25 14:17:30+00:00,TABUENCA01-45,Sensoria-C1-EEA1,Right,Gait,1.0.5,40.3882544,-3.6292402,CB:AA:BC:3F:36:A5,SCKS,-0.417969,1.546876,-0.015625,42.560001,-50.400002,-386.399994,0.149504,0.784896,-0.289664,490,713,700,1.6024255317992158
2024-04-25 14:16:12.345000+00:00,2024-04-25 14:15:30+00:00,2024-04-25 14:17:30+00:00,TABUENCA01-45,Sensoria-C1-EEA1,Right,Gait,1.0.5,40.3882544,-3.6292402,CB:AA:BC:3F:36:A5,SCKS,-0.449219,1.996095,0.140625,14.56,7.84,-394.23999,0.084096,0.74752,-0.289664,489,711,699,2.0508457644618234
2024-04-25 14:16:12.352000+00:00,2024-04-25 14:15:30+00:00,2024-04-25 14:17:30+00:00,TABUENCA01-45,Sensoria-C1-E90A,Left,Gait,1.0.5,40.3882544,-3.6292402,F0:75:B1:51:59:F6,SCKS,0.03125,0.9375,-0.15625,-4.48,-41.439999,-30.24,0.345728,0.710144,-0.196224,489,377,651,0.9509452534189337
2024-04-25 14:16:12.361000+00:00,2024-04-25 14:15:30+00:00,2024-04-25 14:17:30+00:00,TABUENCA01-45,Sensoria-C1-EEA1,Right,Gait,1.0.5,40.3882544,-3.6292402,CB:AA:BC:3F:36:A5,SCKS,0.074219,1.996095,-0.074219,57.119999,-45.920002,-403.200012,0.028032,0.710144,-0.289664,489,713,700,1.9988527131699823
2024-04-25 14:16:12.377000+00:00,2024-04-25 14:15:30+00:00,2024-04-25 14:17:30+00:00,TABUENCA01-45,Sensoria-C1-EEA1,Right,Gait,1.0.5,40.3882544,-3.6292402,CB:AA:BC:3F:36:A5,SCKS,0.703125,1.996095,0.164063,48.16,-34.720001,-420.0,-0.028032,0.663424,-0.28032,488,711,700,2.122662639850949
2024-04-25 14:16:12.384000+00:00,2024-04-25 14:15:30+00:00,2024-04-25 14:17:30+00:00,TABUENCA01-45,Sensoria-C1-E90A,Left,Gait,1.0.5,40.3882544,-3.6292402,F0:75:B1:51:59:F6,SCKS,-0.03125,0.9375,-0.125,-1.12,-34.720001,-41.439999,0.336384,0.710144,-0.196224,473,359,669,0.94631274560792
2024-04-25 14:16:12.410000+00:00,2024-04-25 14:15:30+00:00,2024-04-25 14:17:30+00:00,TABUENCA01-45,Sensoria-C1-EEA1,Right,Gait,1.0.5,40.3882544,-3.6292402,CB:AA:BC:3F:36:A5,SCKS,1.738282,1.996095,-0.601563,32.48,-13.440001,-404.320007,-0.028032,0.663424,-0.28032,488,712,699,2.7143871506323487
2024-04-25 14:16:12.417000+00:00,2024-04-25 14:15:30+00:00,2024-04-25 14:17:30+00:00,TABUENCA01-45,Sensoria-C1-E90A,Left,Gait,1.0.5,40.3882544,-3.6292402,F0:75:B1:51:59:F6,SCKS,0.03125,1.093749,-0.15625,-3.36,-25.76,-64.959999,0.317696,0.728832,-0.196224,443,323,689,1.1052952094354704
2024-04-25 14:16:12.426000+00:00,2024-04-25 14:15:30+00:00,2024-04-25 14:17:30+00:00,TABUENCA01-45,Sensoria-C1-EEA1,Right,Gait,1.0.5,40.3882544,-3.6292402,CB:AA:BC:3F:36:A5,SCKS,1.996095,1.953126,-0.242188,41.439999,42.560001,-275.519989,-0.056064,0.598016,-0.28032,487,711,701,2.8031681091659486
2024-04-25 14:16:12.442000+00:00,2024-04-25 14:15:30+00:00,2024-04-25 14:17:30+00:00,TABUENCA01-45,Sensoria-C1-EEA1,Right,Gait,1.0.5,40.3882544,-3.6292402,CB:AA:BC:3F:36:A5,SCKS,1.996095,1.679689,0.453125,57.119999,112.0,-154.559998,-0.084096,0.56064,-0.270976,487,712,701,2.647843018641966
2024-04-25 14:16:12.450000+00:00,2024-04-25 14:15:30+00:00,2024-04-25 14:17:30+00:00,TABUENCA01-45,Sensoria-C1-E90A,Left,Gait,1.0.5,40.3882544,-3.6292402,F0:75:B1:51:59:F6,SCKS,0.09375,1.218749,-0.09375,2.24,-19.040001,-91.840004,0.299008,0.728832,-0.196224,422,306,700,1.2259393337359725
2024-04-25 14:16:12.458000+00:00,2024-04-25 14:15:30+00:00,2024-04-25 14:17:30+00:00,TABUENCA01-45,Sensoria-C1-EEA1,Right,Gait,1.0.5,40.3882544,-3.6292402,CB:AA:BC:3F:36:A5,SCKS,1.996095,1.914064,1.156251,28.0,78.400002,-8.96,-0.074752,0.541952,-0.242944,487,713,705,2.9974910542188447
2024-04-25 14:16:12.475000+00:00,2024-04-25 14:15:30+00:00,2024-04-25 14:17:30+00:00,TABUENCA01-45,Sensoria-C1-EEA1,Right,Gait,1.0.5,40.3882544,-3.6292402,CB:AA:BC:3F:36:A5,SCKS,1.085938,1.957033,0.742188,3.36,-79.519997,132.160004,-0.084096,0.56064,-0.261632,485,712,706,2.3579827247622065
2024-04-25 14:16:12.482000+00:00,2024-04-25 14:15:30+00:00,2024-04-25 14:17:30+00:00,TABUENCA01-45,Sensoria-C1-E90A,Left,Gait,1.0.5,40.3882544,-3.6292402,F0:75:B1:51:59:F6,SCKS,0.15625,1.343749,-0.15625,12.32,-5.6,-126.559998,0.270976,0.756864,-0.196224,408,299,708,1.3617964238464575
2024-04-25 14:16:12.507000+00:00,2024-04-25 14:15:30+00:00,2024-04-25 14:17:30+00:00,TABUENCA01-45,Sensoria-C1-EEA1,Right,Gait,1.0.5,40.3882544,-3.6292402,CB:AA:BC:3F:36:A5,SCKS,-2.000001,1.316407,0.464844,48.16,-176.960007,97.440002,-0.084096,0.579328,-0.28032,490,712,682,2.439059518336115
2024-04-25 14:16:12.514000+00:00,2024-04-25 14:15:30+00:00,2024-04-25 14:17:30+00:00,TABUENCA01-45,Sensoria-C1-E90A,Left,Gait,1.0.5,40.3882544,-3.6292402,F0:75:B1:51:59:F6,SCKS,0.28125,1.718749,-0.21875,19.040001,-12.32,-165.759995,0.252288,0.766208,-0.196224,412,317,712,1.7552923545668968
2024-04-25 14:16:12.523000+00:00,2024-04-25 14:15:30+00:00,2024-04-25 14:17:30+00:00,TABUENCA01-45,Sensoria-C1-EEA1,Right,Gait,1.0.5,40.3882544,-3.6292402,CB:AA:BC:3F:36:A5,SCKS,1.171876,1.175782,1.710939,68.32,-271.040009,254.240005,-0.084096,0.579328,-0.28032,499,715,631,2.383918818378889
2024-04-25 14:16:12.539000+00:00,2024-04-25 14:15:30+00:00,2024-04-25 14:17:30+00:00,TABUENCA01-45,Sensoria-C1-EEA1,Right,Gait,1.0.5,40.3882544,-3.6292402,CB:AA:BC:3F:36:A5,SCKS,1.066407,1.996095,0.316406,85.120003,-116.480003,262.079987,-0.074752,0.616704,-0.308352,507,721,542,2.2851109153627536
2024-04-25 14:16:12.547000+00:00,2024-04-25 14:15:30+00:00,2024-04-25 14:17:30+00:00,TABUENCA01-45,Sensoria-C1-E90A,Left,Gait,1.0.5,40.3882544,-3.6292402,F0:75:B1:51:59:F6,SCKS,0.90625,2.468749,0.0,7.84,-35.84,-213.919998,0.214912,0.775552,-0.18688,461,368,709,2.6298309237479507
2024-04-25 14:16:12.555000+00:00,2024-04-25 14:15:30+00:00,2024-04-25 14:17:30+00:00,TABUENCA01-45,Sensoria-C1-EEA1,Right,Gait,1.0.5,40.3882544,-3.6292402,CB:AA:BC:3F:36:A5,SCKS,0.21875,1.347657,-0.757813,79.519997,33.599998,238.559998,-0.056064,0.65408,-0.308352,506,722,450,1.5615093644029165
2024-04-25 14:16:12.563000+00:00,2024-04-25 14:15:30+00:00,2024-04-25 14:17:30+00:00,TABUENCA01-45,Sensoria-C1-E90A,Left,Gait,1.0.5,40.3882544,-3.6292402,F0:75:B1:51:59:F6,SCKS,1.187499,2.156249,0.03125,-44.799999,-112.0,-222.880005,0.130816,0.79424,-0.18688,519,414,705,2.4618164406596197
2024-04-25 14:16:12.588000+00:00,2024-04-25 14:15:30+00:00,2024-04-25 14:17:30+00:00,TABUENCA01-45,Sensoria-C1-EEA1,Right,Gait,1.0.5,40.3882544,-3.6292402,CB:AA:BC:3F:36:A5,SCKS,0.937501,1.742189,-0.0625,10.08,-10.08,213.919998,-0.028032,0.682112,-0.289664,496,726,390,1.9794031642699776
2024-04-25 14:16:12.604000+00:00,2024-04-25 14:15:30+00:00,2024-04-25 14:17:30+00:00,TABUENCA01-45,Sensoria-C1-EEA1,Right,Gait,1.0.5,40.3882544,-3.6292402,CB:AA:BC:3F:36:A5,SCKS,-0.015625,0.695313,-0.007813,-1.12,48.16,172.479996,-0.009344,0.710144,-0.289664,477,723,354,0.6955324230853656
2024-04-25 14:16:12.612000+00:00,2024-04-25 14:15:30+00:00,2024-04-25 14:17:30+00:00,TABUENCA01-45,Sensoria-C1-E90A,Left,Gait,1.0.5,40.3882544,-3.6292402,F0:75:B1:51:59:F6,SCKS,0.75,2.437499,-1.312499,-7.84,-95.199997,-277.76001,0.084096,0.79424,-0.196224,581,479,708,2.868197168955091
2024-04-25 14:16:12.620000+00:00,2024-04-25 14:15:30+00:00,2024-04-25 14:17:30+00:00,TABUENCA01-45,Sensoria-C1-EEA1,Right,Gait,1.0.5,40.3882544,-3.6292402,CB:AA:BC:3F:36:A5,SCKS,-0.050781,1.003907,-0.109375,-15.68,57.119999,140.0,-0.009344,0.710144,-0.289664,455,706,337,1.0111235657598927
2024-04-25 14:16:12.637000+00:00,2024-04-25 14:15:30+00:00,2024-04-25 14:17:30+00:00,TABUENCA01-45,Sensoria-C1-EEA1,Right,Gait,1.0.5,40.3882544,-3.6292402,CB:AA:BC:3F:36:A5,SCKS,0.058594,0.886719,0.054688,0.0,16.799999,98.559998,0.009344,0.719488,-0.28032,433,680,332,0.8903339930278974
2024-04-25 14:16:12.660000+00:00,2024-04-25 14:15:30+00:00,2024-04-25 14:17:30+00:00,TABUENCA01-45,Sensoria-C1-E90A,Left,Gait,1.0.5,40.3882544,-3.6292402,F0:75:B1:51:59:F6,SCKS,0.8125,1.062499,-0.59375,15.68,34.720001,-247.520004,0.028032,0.79424,-0.196224,648,534,709,1.4634204582077566
2024-04-25 14:16:12.662000+00:00,2024-04-25 14:15:30+00:00,2024-04-25 14:17:30+00:00,TABUENCA01-45,Sensoria-C1-E90A,Left,Gait,1.0.5,40.3882544,-3.6292402,F0:75:B1:51:59:F6,SCKS,-0.875,0.0625,-0.65625,6.72,-60.48,-107.520004,0.0,0.784896,-0.196224,684,552,710,1.0955342589348815
2024-04-25 14:16:12.669000+00:00,2024-04-25 14:15:30+00:00,2024-04-25 14:17:30+00:00,TABUENCA01-45,Sensoria-C1-EEA1,Right,Gait,1.0.5,40.3882544,-3.6292402,CB:AA:BC:3F:36:A5,SCKS,-0.003906,1.117188,-0.246094,62.720001,-23.52,72.800003,0.018688,0.728832,-0.28032,413,654,333,1.1439783831069537
2024-04-25 14:16:12.686000+00:00,2024-04-25 14:15:30+00:00,2024-04-25 14:17:30+00:00,TABUENCA01-45,Sensoria-C1-EEA1,Right,Gait,1.0.5,40.3882544,-3.6292402,CB:AA:BC:3F:36:A5,SCKS,-0.023438,0.886719,0.1875,1.12,5.6,56.0,0.018688,0.738176,-0.270976,398,630,343,0.9066290171867433
2024-04-25 14:16:12.693000+00:00,2024-04-25 14:15:30+00:00,2024-04-25 14:17:30+00:00,TABUENCA01-45,Sensoria-C1-E90A,Left,Gait,1.0.5,40.3882544,-3.6292402,F0:75:B1:51:59:F6,SCKS,1.437499,-0.03125,-0.125,-5.6,-170.240005,109.760002,-0.009344,0.784896,-0.205568,699,555,710,1.4432619088374086
2024-04-25 14:16:12.702000+00:00,2024-04-25 14:15:30+00:00,2024-04-25 14:17:30+00:00,TABUENCA01-45,Sensoria-C1-EEA1,Right,Gait,1.0.5,40.3882544,-3.6292402,CB:AA:BC:3F:36:A5,SCKS,-0.058594,1.097657,-0.261719,14.56,1.12,52.639999,0.028032,0.738176,-0.28032,384,610,359,1.1299473356957839
2024-04-25 14:16:12.718000+00:00,2024-04-25 14:15:30+00:00,2024-04-25 14:17:30+00:00,TABUENCA01-45,Sensoria-C1-EEA1,Right,Gait,1.0.5,40.3882544,-3.6292402,CB:AA:BC:3F:36:A5,SCKS,-0.019531,0.949219,-0.1875,-6.72,16.799999,51.52,0.028032,0.738176,-0.28032,372,597,384,0.967757417911121
2024-04-25 14:16:12.725000+00:00,2024-04-25 14:15:30+00:00,2024-04-25 14:17:30+00:00,TABUENCA01-45,Sensoria-C1-E90A,Left,Gait,1.0.5,40.3882544,-3.6292402,F0:75:B1:51:59:F6,SCKS,0.28125,0.03125,0.125,-21.280001,44.799999,197.119995,0.04672,0.803584,-0.205568,705,555,704,0.30935921676911454
2024-04-25 14:16:12.734000+00:00,2024-04-25 14:15:30+00:00,2024-04-25 14:17:30+00:00,TABUENCA01-45,Sensoria-C1-EEA1,Right,Gait,1.0.5,40.3882544,-3.6292402,CB:AA:BC:3F:36:A5,SCKS,0.011719,0.945313,-0.136719,-19.040001,29.120001,50.400002,0.037376,0.74752,-0.252288,363,582,411,0.9552204394227544
2024-04-25 14:16:12.758000+00:00,2024-04-25 14:15:30+00:00,2024-04-25 14:17:30+00:00,TABUENCA01-45,Sensoria-C1-E90A,Left,Gait,1.0.5,40.3882544,-3.6292402,F0:75:B1:51:59:F6,SCKS,0.375,0.3125,-0.1875,4.48,41.439999,280.0,0.084096,0.803584,-0.214912,706,553,704,0.5229125165837972
2024-04-25 14:16:12.782000+00:00,2024-04-25 14:15:30+00:00,2024-04-25 14:17:30+00:00,TABUENCA01-45,Sensoria-C1-EEA1,Right,Gait,1.0.5,40.3882544,-3.6292402,CB:AA:BC:3F:36:A5,SCKS,0.023438,0.933594,-0.003906,-24.639999,40.32,45.920002,0.04672,0.74752,-0.28032,355,570,439,0.93389632910511
2024-04-25 14:16:12.784000+00:00,2024-04-25 14:15:30+00:00,2024-04-25 14:17:30+00:00,TABUENCA01-45,Sensoria-C1-EEA1,Right,Gait,1.0.5,40.3882544,-3.6292402,CB:AA:BC:3F:36:A5,SCKS,0.003906,0.976563,-0.078125,-19.040001,38.080002,40.32,0.04672,0.74752,-0.270976,347,559,466,0.9796908009316
2024-04-25 14:16:12.790000+00:00,2024-04-25 14:15:30+00:00,2024-04-25 14:17:30+00:00,TABUENCA01-45,Sensoria-C1-E90A,Left,Gait,1.0.5,40.3882544,-3.6292402,F0:75:B1:51:59:F6,SCKS,0.375,0.6875,-0.15625,-10.08,49.279999,323.679993,0.196224,0.784896,-0.214912,707,551,702,0.7985582711987899
2024-04-25 14:16:12.815000+00:00,2024-04-25 14:15:30+00:00,2024-04-25 14:17:30+00:00,TABUENCA01-45,Sensoria-C1-EEA1,Right,Gait,1.0.5,40.3882544,-3.6292402,CB:AA:BC:3F:36:A5,SCKS,0.015625,0.960938,-0.101563,-15.68,25.76,36.959999,0.056064,0.74752,-0.270976,340,550,493,0.9664165889708226
2024-04-25 14:16:12.823000+00:00,2024-04-25 14:15:30+00:00,2024-04-25 14:17:30+00:00,TABUENCA01-45,Sensoria-C1-E90A,Left,Gait,1.0.5,40.3882544,-3.6292402,F0:75:B1:51:59:F6,SCKS,0.34375,0.968749,0.0,-14.56,64.959999,372.959991,0.261632,0.766208,-0.224256,707,550,701,1.0279293202847168
2024-04-25 14:16:12.848000+00:00,2024-04-25 14:15:30+00:00,2024-04-25 14:17:30+00:00,TABUENCA01-45,Sensoria-C1-EEA1,Right,Gait,1.0.5,40.3882544,-3.6292402,CB:AA:BC:3F:36:A5,SCKS,0.039063,0.960938,-0.085938,-11.2,16.799999,35.84,0.056064,0.74752,-0.270976,332,538,518,0.9655636165768675
2024-04-25 14:16:12.849000+00:00,2024-04-25 14:15:30+00:00,2024-04-25 14:17:30+00:00,TABUENCA01-45,Sensoria-C1-EEA1,Right,Gait,1.0.5,40.3882544,-3.6292402,CB:AA:BC:3F:36:A5,SCKS,0.054688,0.972657,-0.097656,-7.84,12.32,34.720001,0.065408,0.74752,-0.261632,324,527,541,0.979075641270377
2024-04-25 14:16:12.856000+00:00,2024-04-25 14:15:30+00:00,2024-04-25 14:17:30+00:00,TABUENCA01-45,Sensoria-C1-E90A,Left,Gait,1.0.5,40.3882544,-3.6292402,F0:75:B1:51:59:F6,SCKS,0.5,1.749999,-0.09375,-20.16,47.040001,420.0,0.32704,0.728832,-0.224256,706,547,700,1.8224394537270643
2024-04-25 14:16:12.864000+00:00,2024-04-25 14:15:30+00:00,2024-04-25 14:17:30+00:00,TABUENCA01-45,Sensoria-C1-EEA1,Right,Gait,1.0.5,40.3882544,-3.6292402,CB:AA:BC:3F:36:A5,SCKS,0.035156,0.957032,-0.085938,-10.08,15.68,36.959999,0.074752,0.74752,-0.270976,314,514,563,0.9615256279496662
2024-04-25 14:16:12.881000+00:00,2024-04-25 14:15:30+00:00,2024-04-25 14:17:30+00:00,TABUENCA01-45,Sensoria-C1-EEA1,Right,Gait,1.0.5,40.3882544,-3.6292402,CB:AA:BC:3F:36:A5,SCKS,0.007813,0.949219,-0.03125,-14.56,16.799999,42.560001,0.074752,0.756864,-0.270976,303,497,582,0.949765400206809
2024-04-25 14:16:12.888000+00:00,2024-04-25 14:15:30+00:00,2024-04-25 14:17:30+00:00,TABUENCA01-45,Sensoria-C1-E90A,Left,Gait,1.0.5,40.3882544,-3.6292402,F0:75:B1:51:59:F6,SCKS,0.25,2.687499,-0.125,-20.16,54.880001,440.160004,0.392448,0.672768,-0.2336,707,547,700,2.7019947955170083
2024-04-25 14:16:12.897000+00:00,2024-04-25 14:15:30+00:00,2024-04-25 14:17:30+00:00,TABUENCA01-45,Sensoria-C1-EEA1,Right,Gait,1.0.5,40.3882544,-3.6292402,CB:AA:BC:3F:36:A5,SCKS,0.0,0.976563,0.015625,-17.92,14.56,51.52,0.084096,0.756864,-0.261632,290,478,600,0.9766879919370361
2024-04-25 14:16:12.905000+00:00,2024-04-25 14:15:30+00:00,2024-04-25 14:17:30+00:00,TABUENCA01-45,Sensoria-C1-E90A,Left,Gait,1.0.5,40.3882544,-3.6292402,F0:75:B1:51:59:F6,SCKS,-0.5,3.249998,0.3125,-22.4,91.840004,442.399994,0.457856,0.60736,-0.242944,704,546,700,3.3030505975543276
2024-04-25 14:16:12.913000+00:00,2024-04-25 14:15:30+00:00,2024-04-25 14:17:30+00:00,TABUENCA01-45,Sensoria-C1-EEA1,Right,Gait,1.0.5,40.3882544,-3.6292402,CB:AA:BC:3F:36:A5,SCKS,0.007813,1.000001,0.019531,-19.040001,7.84,63.84,0.084096,0.756864,-0.261632,277,458,621,1.0002222267731307
2024-04-25 14:16:12.937000+00:00,2024-04-25 14:15:30+00:00,2024-04-25 14:17:30+00:00,TABUENCA01-45,Sensoria-C1-E90A,Left,Gait,1.0.5,40.3882544,-3.6292402,F0:75:B1:51:59:F6,SCKS,-1.499999,2.843749,-1.312499,-10.08,156.800003,285.600006,0.51392,0.495232,-0.299008,705,547,703,3.4726875759277567
2024-04-25 14:16:12.946000+00:00,2024-04-25 14:15:30+00:00,2024-04-25 14:17:30+00:00,TABUENCA01-45,Sensoria-C1-EEA1,Right,Gait,1.0.5,40.3882544,-3.6292402,CB:AA:BC:3F:36:A5,SCKS,-0.007813,1.085938,0.015625,-21.280001,3.36,76.160004,0.09344,0.766208,-0.28032,262,441,645,1.0860785070325258
2024-04-25 14:16:12.962000+00:00,2024-04-25 14:15:30+00:00,2024-04-25 14:17:30+00:00,TABUENCA01-45,Sensoria-C1-EEA1,Right,Gait,1.0.5,40.3882544,-3.6292402,CB:AA:BC:3F:36:A5,SCKS,-0.042969,1.207032,0.160156,-32.48,0.0,99.68,0.102784,0.775552,-0.261632,249,425,666,1.2183687981563711
2024-04-25 14:16:12.970000+00:00,2024-04-25 14:15:30+00:00,2024-04-25 14:17:30+00:00,TABUENCA01-45,Sensoria-C1-E90A,Left,Gait,1.0.5,40.3882544,-3.6292402,F0:75:B1:51:59:F6,SCKS,-3.624998,1.593749,-0.875,16.799999,-63.84,125.440002,0.51392,0.4672,-0.289664,702,546,705,4.055400273093274
2024-04-25 14:16:12.979000+00:00,2024-04-25 14:15:30+00:00,2024-04-25 14:17:30+00:00,TABUENCA01-45,Sensoria-C1-EEA1,Right,Gait,1.0.5,40.3882544,-3.6292402,CB:AA:BC:3F:36:A5,SCKS,-0.066406,1.308595,0.121094,-38.080002,-10.08,117.599998,0.121472,0.775552,-0.28032,237,413,685,1.3158626021348125
2024-04-25 14:16:12.995000+00:00,2024-04-25 14:15:30+00:00,2024-04-25 14:17:30+00:00,TABUENCA01-45,Sensoria-C1-EEA1,Right,Gait,1.0.5,40.3882544,-3.6292402,CB:AA:BC:3F:36:A5,SCKS,-0.152344,1.496095,-0.144531,-36.959999,-29.120001,135.520004,0.14016,0.784896,-0.289664,229,411,699,1.5107607862669723
2024-04-25 14:16:13.027000+00:00,2024-04-25 14:15:30+00:00,2024-04-25 14:17:30+00:00,TABUENCA01-45,Sensoria-C1-EEA1,Right,Gait,1.0.5,40.3882544,-3.6292402,CB:AA:BC:3F:36:A5,SCKS,-0.160156,1.675782,-0.125,-31.360001,-26.880001,161.279999,0.168192,0.79424,-0.299008,221,412,707,1.6880522076819782
2024-04-25 14:16:13.043000+00:00,2024-04-25 14:15:30+00:00,2024-04-25 14:17:30+00:00,TABUENCA01-45,Sensoria-C1-EEA1,Right,Gait,1.0.5,40.3882544,-3.6292402,CB:AA:BC:3F:36:A5,SCKS,-0.421875,1.996095,0.101563,-31.360001,-2.24,185.919998,0.168192,0.79424,-0.299008,220,432,711,2.0427160369515387
2024-04-25 14:16:13.051000+00:00,2024-04-25 14:15:30+00:00,2024-04-25 14:17:30+00:00,TABUENCA01-45,Sensoria-C1-E90A,Left,Gait,1.0.5,40.3882544,-3.6292402,F0:75:B1:51:59:F6,SCKS,2.718749,0.40625,0.75,30.24,30.24,-118.720001,0.51392,0.495232,-0.28032,704,547,674,2.849409620869032
2024-04-25 14:16:13.059000+00:00,2024-04-25 14:15:30+00:00,2024-04-25 14:17:30+00:00,TABUENCA01-45,Sensoria-C1-EEA1,Right,Gait,1.0.5,40.3882544,-3.6292402,CB:AA:BC:3F:36:A5,SCKS,-0.855469,1.996095,0.394532,-40.32,31.360001,210.559998,0.205568,0.803584,-0.289664,230,461,713,2.207233100062157
2024-04-25 14:16:13.067000+00:00,2024-04-25 14:15:30+00:00,2024-04-25 14:17:30+00:00,TABUENCA01-45,Sensoria-C1-E90A,Left,Gait,1.0.5,40.3882544,-3.6292402,F0:75:B1:51:59:F6,SCKS,0.03125,1.343749,0.28125,84.0,56.0,-235.199997,0.476544,0.569984,-0.299008,706,554,567,1.373222305382854
2024-04-25 14:16:13.075000+00:00,2024-04-25 14:15:30+00:00,2024-04-25 14:17:30+00:00,TABUENCA01-45,Sensoria-C1-EEA1,Right,Gait,1.0.5,40.3882544,-3.6292402,CB:AA:BC:3F:36:A5,SCKS,-1.238282,1.996095,0.257813,-57.119999,45.920002,241.919998,0.242944,0.812928,-0.289664,251,493,714,2.3630922757095205
2024-04-25 14:16:13.100000+00:00,2024-04-25 14:15:30+00:00,2024-04-25 14:17:30+00:00,TABUENCA01-45,Sensoria-C1-E90A,Left,Gait,1.0.5,40.3882544,-3.6292402,F0:75:B1:51:59:F6,SCKS,0.125,1.843749,0.90625,50.400002,-52.639999,-232.960007,0.448512,0.60736,-0.299008,691,562,411,2.058233329217317
2024-04-25 14:16:13.109000+00:00,2024-04-25 14:15:30+00:00,2024-04-25 14:17:30+00:00,TABUENCA01-45,Sensoria-C1-EEA1,Right,Gait,1.0.5,40.3882544,-3.6292402,CB:AA:BC:3F:36:A5,SCKS,-0.378907,1.996095,-0.40625,-34.720001,-7.84,299.040009,0.299008,0.803584,-0.308352,288,542,713,2.0719567626217494
2024-04-25 14:16:13.124000+00:00,2024-04-25 14:15:30+00:00,2024-04-25 14:17:30+00:00,TABUENCA01-45,Sensoria-C1-EEA1,Right,Gait,1.0.5,40.3882544,-3.6292402,CB:AA:BC:3F:36:A5,SCKS,-0.402344,1.996095,-0.937501,-19.040001,-12.32,320.320007,0.355072,0.803584,-0.317696,345,605,713,2.2416922331939326
2024-04-25 14:16:13.132000+00:00,2024-04-25 14:15:30+00:00,2024-04-25 14:17:30+00:00,TABUENCA01-45,Sensoria-C1-E90A,Left,Gait,1.0.5,40.3882544,-3.6292402,F0:75:B1:51:59:F6,SCKS,0.125,0.875,-0.125,80.639999,-85.120003,-101.919998,0.42048,0.635392,-0.28032,665,558,347,0.8926785535678563
2024-04-25 14:16:13.141000+00:00,2024-04-25 14:15:30+00:00,2024-04-25 14:17:30+00:00,TABUENCA01-45,Sensoria-C1-EEA1,Right,Gait,1.0.5,40.3882544,-3.6292402,CB:AA:BC:3F:36:A5,SCKS,-0.167969,0.652344,-1.046876,11.2,40.32,300.160004,0.355072,0.803584,-0.317696,411,656,712,1.2448757523034175
2024-04-25 14:16:13.157000+00:00,2024-04-25 14:15:30+00:00,2024-04-25 14:17:30+00:00,TABUENCA01-45,Sensoria-C1-EEA1,Right,Gait,1.0.5,40.3882544,-3.6292402,CB:AA:BC:3F:36:A5,SCKS,0.066406,-0.449219,-0.996094,17.92,92.959999,179.199997,0.401792,0.803584,-0.308352,453,686,710,1.0947194725741385
2024-04-25 14:16:13.165000+00:00,2024-04-25 14:15:30+00:00,2024-04-25 14:17:30+00:00,TABUENCA01-45,Sensoria-C1-E90A,Left,Gait,1.0.5,40.3882544,-3.6292402,F0:75:B1:51:59:F6,SCKS,0.0,0.999999,-0.1875,35.84,-56.0,-61.599998,0.411136,0.65408,-0.261632,636,545,329,1.0174253043840613
2024-04-25 14:16:13.173000+00:00,2024-04-25 14:15:30+00:00,2024-04-25 14:17:30+00:00,TABUENCA01-45,Sensoria-C1-EEA1,Right,Gait,1.0.5,40.3882544,-3.6292402,CB:AA:BC:3F:36:A5,SCKS,-1.476564,0.675782,-0.867188,-10.08,206.080002,90.720001,0.42048,0.803584,-0.317696,474,701,707,1.8409067290234995
2024-04-25 14:16:13.197000+00:00,2024-04-25 14:15:30+00:00,2024-04-25 14:17:30+00:00,TABUENCA01-45,Sensoria-C1-E90A,Left,Gait,1.0.5,40.3882544,-3.6292402,F0:75:B1:51:59:F6,SCKS,0.125,0.999999,-0.1875,16.799999,-30.24,-30.24,0.401792,0.663424,-0.242944,611,531,334,1.0250752411413515
2024-04-25 14:16:13.206000+00:00,2024-04-25 14:15:30+00:00,2024-04-25 14:17:30+00:00,TABUENCA01-45,Sensoria-C1-EEA1,Right,Gait,1.0.5,40.3882544,-3.6292402,CB:AA:BC:3F:36:A5,SCKS,-1.191407,0.277344,-0.253906,6.72,132.160004,19.040001,0.429824,0.79424,-0.317696,483,709,705,1.2493352595764677
2024-04-25 14:16:13.222000+00:00,2024-04-25 14:15:30+00:00,2024-04-25 14:17:30+00:00,TABUENCA01-45,Sensoria-C1-EEA1,Right,Gait,1.0.5,40.3882544,-3.6292402,CB:AA:BC:3F:36:A5,SCKS,-0.582032,-0.335938,0.007813,32.48,103.040001,-21.280001,0.429824,0.803584,-0.317696,486,713,704,0.6720689189636729
2024-04-25 14:16:13.238000+00:00,2024-04-25 14:15:30+00:00,2024-04-25 14:17:30+00:00,TABUENCA01-45,Sensoria-C1-EEA1,Right,Gait,1.0.5,40.3882544,-3.6292402,CB:AA:BC:3F:36:A5,SCKS,-0.890626,-0.011719,-0.082031,56.0,56.0,-91.840004,0.429824,0.803584,-0.317696,489,714,702,0.8944725215444016
2024-04-25 14:16:13.245000+00:00,2024-04-25 14:15:30+00:00,2024-04-25 14:17:30+00:00,TABUENCA01-45,Sensoria-C1-E90A,Left,Gait,1.0.5,40.3882544,-3.6292402,F0:75:B1:51:59:F6,SCKS,0.125,0.999999,-0.0625,-3.36,-31.360001,-26.880001,0.392448,0.672768,-0.242944,582,508,374,1.009717410962592
2024-04-25 14:16:13.246000+00:00,2024-04-25 14:15:30+00:00,2024-04-25 14:17:30+00:00,TABUENCA01-45,Sensoria-C1-E90A,Left,Gait,1.0.5,40.3882544,-3.6292402,F0:75:B1:51:59:F6,SCKS,0.125,0.968749,-0.15625,-1.12,-40.32,-28.0,0.392448,0.672768,-0.242944,565,492,422,0.9891985076318099
2024-04-25 14:16:13.254000+00:00,2024-04-25 14:15:30+00:00,2024-04-25 14:17:30+00:00,TABUENCA01-45,Sensoria-C1-EEA1,Right,Gait,1.0.5,40.3882544,-3.6292402,CB:AA:BC:3F:36:A5,SCKS,-0.785157,0.027344,0.066406,59.360001,-7.84,-169.119995,0.401792,0.812928,-0.317696,490,715,701,0.788434503190341
2024-04-25 14:16:13.287000+00:00,2024-04-25 14:15:30+00:00,2024-04-25 14:17:30+00:00,TABUENCA01-45,Sensoria-C1-EEA1,Right,Gait,1.0.5,40.3882544,-3.6292402,CB:AA:BC:3F:36:A5,SCKS,-0.570313,0.171875,0.042969,78.400002,-77.279999,-218.399994,0.364416,0.812928,-0.308352,489,716,700,0.5971970098342757
2024-04-25 14:16:13.303000+00:00,2024-04-25 14:15:30+00:00,2024-04-25 14:17:30+00:00,TABUENCA01-45,Sensoria-C1-EEA1,Right,Gait,1.0.5,40.3882544,-3.6292402,CB:AA:BC:3F:36:A5,SCKS,-0.546875,0.414063,0.011719,81.760002,-106.400002,-259.839996,0.317696,0.822272,-0.28032,491,716,699,0.686045019335466
2024-04-25 14:16:13.310000+00:00,2024-04-25 14:15:30+00:00,2024-04-25 14:17:30+00:00,TABUENCA01-45,Sensoria-C1-E90A,Left,Gait,1.0.5,40.3882544,-3.6292402,F0:75:B1:51:59:F6,SCKS,0.09375,0.9375,-0.21875,2.24,-50.400002,-31.360001,0.383104,0.682112,-0.224256,549,477,479,0.967236721283885
2024-04-25 14:16:13.311000+00:00,2024-04-25 14:15:30+00:00,2024-04-25 14:17:30+00:00,TABUENCA01-45,Sensoria-C1-E90A,Left,Gait,1.0.5,40.3882544,-3.6292402,F0:75:B1:51:59:F6,SCKS,0.0625,0.9375,-0.21875,1.12,-49.279999,-20.16,0.37376,0.691456,-0.224256,535,460,525,0.9647093150270707
2024-04-25 14:16:13.319000+00:00,2024-04-25 14:15:30+00:00,2024-04-25 14:17:30+00:00,TABUENCA01-45,Sensoria-C1-EEA1,Right,Gait,1.0.5,40.3882544,-3.6292402,CB:AA:BC:3F:36:A5,SCKS,-0.492188,0.636719,0.023438,71.68,-119.840004,-294.559998,0.261632,0.812928,-0.270976,490,715,698,0.8051145584008527
2024-04-25 14:16:13.335000+00:00,2024-04-25 14:15:30+00:00,2024-04-25 14:17:30+00:00,TABUENCA01-45,Sensoria-C1-EEA1,Right,Gait,1.0.5,40.3882544,-3.6292402,CB:AA:BC:3F:36:A5,SCKS,-0.417969,0.875001,0.003906,59.360001,-120.959999,-327.040009,0.205568,0.803584,-0.270976,490,715,698,0.9697113445752813
2024-04-25 14:16:13.343000+00:00,2024-04-25 14:15:30+00:00,2024-04-25 14:17:30+00:00,TABUENCA01-45,Sensoria-C1-E90A,Left,Gait,1.0.5,40.3882544,-3.6292402,F0:75:B1:51:59:F6,SCKS,0.0625,0.9375,-0.21875,0.0,-47.040001,-21.280001,0.364416,0.691456,-0.214912,521,443,566,0.9647093150270707
2024-04-25 14:16:13.368000+00:00,2024-04-25 14:15:30+00:00,2024-04-25 14:17:30+00:00,TABUENCA01-45,Sensoria-C1-EEA1,Right,Gait,1.0.5,40.3882544,-3.6292402,CB:AA:BC:3F:36:A5,SCKS,-0.335938,1.16797,0.0,40.32,-100.800003,-353.920013,0.14016,0.784896,-0.261632,489,713,697,1.2153222867799307
2024-04-25 14:16:13.375000+00:00,2024-04-25 14:15:30+00:00,2024-04-25 14:17:30+00:00,TABUENCA01-45,Sensoria-C1-E90A,Left,Gait,1.0.5,40.3882544,-3.6292402,F0:75:B1:51:59:F6,SCKS,0.0625,0.90625,-0.1875,10.08,-40.32,-29.120001,0.364416,0.7008,-0.214912,504,425,595,0.9275513799784894
2024-04-25 14:16:13.384000+00:00,2024-04-25 14:15:30+00:00,2024-04-25 14:17:30+00:00,TABUENCA01-45,Sensoria-C1-EEA1,Right,Gait,1.0.5,40.3882544,-3.6292402,CB:AA:BC:3F:36:A5,SCKS,-0.308594,1.828126,0.105469,-3.36,-11.2,-364.0,0.14016,0.784896,-0.261632,488,714,694,1.8569864400886185
2024-04-25 14:16:13.400000+00:00,2024-04-25 14:15:30+00:00,2024-04-25 14:17:30+00:00,TABUENCA01-45,Sensoria-C1-EEA1,Right,Gait,1.0.5,40.3882544,-3.6292402,CB:AA:BC:3F:36:A5,SCKS,0.015625,1.996095,0.167969,20.16,0.0,-370.720001,0.084096,0.74752,-0.261632,488,713,695,2.0032106665578135
2024-04-25 14:16:13.408000+00:00,2024-04-25 14:15:30+00:00,2024-04-25 14:17:30+00:00,TABUENCA01-45,Sensoria-C1-E90A,Left,Gait,1.0.5,40.3882544,-3.6292402,F0:75:B1:51:59:F6,SCKS,0.03125,0.90625,-0.15625,19.040001,-22.4,-44.799999,0.355072,0.710144,-0.205568,489,402,615,0.920151991520966
2024-04-25 14:16:13.417000+00:00,2024-04-25 14:15:30+00:00,2024-04-25 14:17:30+00:00,TABUENCA01-45,Sensoria-C1-EEA1,Right,Gait,1.0.5,40.3882544,-3.6292402,CB:AA:BC:3F:36:A5,SCKS,0.101563,1.996095,-0.09375,19.040001,48.16,-383.040009,0.028032,0.719488,-0.261632,487,712,695,2.000874647371494
2024-04-25 14:16:13.440000+00:00,2024-04-25 14:15:30+00:00,2024-04-25 14:17:30+00:00,TABUENCA01-45,Sensoria-C1-E90A,Left,Gait,1.0.5,40.3882544,-3.6292402,F0:75:B1:51:59:F6,SCKS,-0.03125,1.031249,-0.125,16.799999,-16.799999,-49.279999,0.336384,0.719488,-0.196224,474,372,629,1.0392670794848649
2024-04-25 14:16:13.465000+00:00,2024-04-25 14:15:30+00:00,2024-04-25 14:17:30+00:00,TABUENCA01-45,Sensoria-C1-EEA1,Right,Gait,1.0.5,40.3882544,-3.6292402,CB:AA:BC:3F:36:A5,SCKS,0.835938,1.996095,0.285156,39.200001,49.279999,-383.040009,-0.018688,0.663424,-0.261632,488,714,694,2.182773816318356
2024-04-25 14:16:13.466000+00:00,2024-04-25 14:15:30+00:00,2024-04-25 14:17:30+00:00,TABUENCA01-45,Sensoria-C1-EEA1,Right,Gait,1.0.5,40.3882544,-3.6292402,CB:AA:BC:3F:36:A5,SCKS,1.710939,1.996095,0.253906,40.32,30.24,-359.519989,-0.056064,0.616704,-0.242944,485,715,694,2.6412451169064184
2024-04-25 14:16:13.473000+00:00,2024-04-25 14:15:30+00:00,2024-04-25 14:17:30+00:00,TABUENCA01-45,Sensoria-C1-E90A,Left,Gait,1.0.5,40.3882544,-3.6292402,F0:75:B1:51:59:F6,SCKS,0.0,1.062499,-0.15625,5.6,-25.76,-57.119999,0.32704,0.719488,-0.196224,455,337,648,1.0739265279808485
2024-04-25 14:16:13.482000+00:00,2024-04-25 14:15:30+00:00,2024-04-25 14:17:30+00:00,TABUENCA01-45,Sensoria-C1-EEA1,Right,Gait,1.0.5,40.3882544,-3.6292402,CB:AA:BC:3F:36:A5,SCKS,1.996095,1.996095,0.390625,52.639999,29.120001,-280.0,-0.056064,0.616704,-0.242944,485,714,695,2.8498032192898863
2024-04-25 14:16:13.498000+00:00,2024-04-25 14:15:30+00:00,2024-04-25 14:17:30+00:00,TABUENCA01-45,Sensoria-C1-EEA1,Right,Gait,1.0.5,40.3882544,-3.6292402,CB:AA:BC:3F:36:A5,SCKS,1.996095,1.781251,0.441407,67.199997,0.0,-171.360001,-0.074752,0.569984,-0.242944,484,716,698,2.711473863727069
2024-04-25 14:16:13.505000+00:00,2024-04-25 14:15:30+00:00,2024-04-25 14:17:30+00:00,TABUENCA01-45,Sensoria-C1-E90A,Left,Gait,1.0.5,40.3882544,-3.6292402,F0:75:B1:51:59:F6,SCKS,0.125,1.187499,-0.1875,4.48,-28.0,-76.160004,0.317696,0.728832,-0.196224,432,308,671,1.2086914928967607
2024-04-25 14:16:13.514000+00:00,2024-04-25 14:15:30+00:00,2024-04-25 14:17:30+00:00,TABUENCA01-45,Sensoria-C1-EEA1,Right,Gait,1.0.5,40.3882544,-3.6292402,CB:AA:BC:3F:36:A5,SCKS,1.996095,1.589845,0.917969,43.68,-32.48,-44.799999,-0.084096,0.551296,-0.242944,484,716,698,2.7119493833792325
2024-04-25 14:16:13.547000+00:00,2024-04-25 14:15:30+00:00,2024-04-25 14:17:30+00:00,TABUENCA01-45,Sensoria-C1-EEA1,Right,Gait,1.0.5,40.3882544,-3.6292402,CB:AA:BC:3F:36:A5,SCKS,1.089845,1.996095,0.566407,11.2,-87.360001,98.559998,-0.084096,0.551296,-0.252288,483,713,697,2.3437095090260227
2024-04-25 14:16:13.554000+00:00,2024-04-25 14:15:30+00:00,2024-04-25 14:17:30+00:00,TABUENCA01-45,Sensoria-C1-E90A,Left,Gait,1.0.5,40.3882544,-3.6292402,F0:75:B1:51:59:F6,SCKS,0.09375,1.249999,-0.0625,3.36,-21.280001,-104.160004,0.299008,0.738176,-0.18688,414,286,689,1.255066855789364
2024-04-25 14:16:13.563000+00:00,2024-04-25 14:15:30+00:00,2024-04-25 14:17:30+00:00,TABUENCA01-45,Sensoria-C1-EEA1,Right,Gait,1.0.5,40.3882544,-3.6292402,CB:AA:BC:3F:36:A5,SCKS,-2.000001,1.781251,-0.863282,45.920002,-156.800003,90.720001,-0.084096,0.569984,-0.252288,488,713,680,2.813914521894011
2024-04-25 14:16:13.571000+00:00,2024-04-25 14:15:30+00:00,2024-04-25 14:17:30+00:00,TABUENCA01-45,Sensoria-C1-E90A,Left,Gait,1.0.5,40.3882544,-3.6292402,F0:75:B1:51:59:F6,SCKS,0.21875,1.593749,-0.15625,-1.12,-23.52,-159.039993,0.252288,0.756864,-0.18688,408,283,700,1.6162615815520085
2024-04-25 14:16:13.580000+00:00,2024-04-25 14:15:30+00:00,2024-04-25 14:17:30+00:00,TABUENCA01-45,Sensoria-C1-EEA1,Right,Gait,1.0.5,40.3882544,-3.6292402,CB:AA:BC:3F:36:A5,SCKS,0.492188,0.941407,1.488282,36.959999,-137.759995,238.559998,-0.084096,0.569984,-0.252288,497,713,643,1.8285183834233116
2024-04-25 14:16:13.587000+00:00,2024-04-25 14:15:30+00:00,2024-04-25 14:17:30+00:00,TABUENCA01-45,Sensoria-C1-E90A,Left,Gait,1.0.5,40.3882544,-3.6292402,F0:75:B1:51:59:F6,SCKS,0.71875,2.187499,-0.09375,-19.040001,-38.080002,-201.600006,0.214912,0.766208,-0.177536,451,333,701,2.304461433828086
2024-04-25 14:16:13.596000+00:00,2024-04-25 14:15:30+00:00,2024-04-25 14:17:30+00:00,TABUENCA01-45,Sensoria-C1-EEA1,Right,Gait,1.0.5,40.3882544,-3.6292402,CB:AA:BC:3F:36:A5,SCKS,0.3125,1.914064,0.527344,54.880001,-104.160004,222.880005,-0.074752,0.60736,-0.28032,504,719,574,2.0098231117269996
2024-04-25 14:16:13.620000+00:00,2024-04-25 14:15:30+00:00,2024-04-25 14:17:30+00:00,TABUENCA01-45,Sensoria-C1-E90A,Left,Gait,1.0.5,40.3882544,-3.6292402,F0:75:B1:51:59:F6,SCKS,1.218749,1.999999,0.15625,-75.040001,-114.239998,-204.960007,0.18688,0.784896,-0.18688,507,381,702,2.3472876235139997
2024-04-25 14:16:13.628000+00:00,2024-04-25 14:15:30+00:00,2024-04-25 14:17:30+00:00,TABUENCA01-45,Sensoria-C1-EEA1,Right,Gait,1.0.5,40.3882544,-3.6292402,CB:AA:BC:3F:36:A5,SCKS,0.121094,1.433595,-0.328125,62.720001,29.120001,224.0,-0.056064,0.635392,-0.289664,510,720,486,1.4756437227481436
2024-04-25 14:16:13.644000+00:00,2024-04-25 14:15:30+00:00,2024-04-25 14:17:30+00:00,TABUENCA01-45,Sensoria-C1-EEA1,Right,Gait,1.0.5,40.3882544,-3.6292402,CB:AA:BC:3F:36:A5,SCKS,0.457032,1.484376,-0.742188,57.119999,-3.36,194.880005,-0.037376,0.663424,-0.28032,506,722,416,1.7213638156252733
2024-04-25 14:16:13.652000+00:00,2024-04-25 14:15:30+00:00,2024-04-25 14:17:30+00:00,TABUENCA01-45,Sensoria-C1-E90A,Left,Gait,1.0.5,40.3882544,-3.6292402,F0:75:B1:51:59:F6,SCKS,0.59375,2.593749,-1.124999,-28.0,-114.239998,-265.440002,0.084096,0.79424,-0.214912,561,441,705,2.888891774972195
2024-04-25 14:16:13.661000+00:00,2024-04-25 14:15:30+00:00,2024-04-25 14:17:30+00:00,TABUENCA01-45,Sensoria-C1-EEA1,Right,Gait,1.0.5,40.3882544,-3.6292402,CB:AA:BC:3F:36:A5,SCKS,0.359375,1.015626,0.148438,-25.76,3.36,182.559998,-0.018688,0.691456,-0.261632,493,725,369,1.0875111044697428
2024-04-25 14:16:13.677000+00:00,2024-04-25 14:15:30+00:00,2024-04-25 14:17:30+00:00,TABUENCA01-45,Sensoria-C1-EEA1,Right,Gait,1.0.5,40.3882544,-3.6292402,CB:AA:BC:3F:36:A5,SCKS,0.277344,1.070313,0.140625,2.24,35.84,120.959999,-0.018688,0.691456,-0.261632,477,715,342,1.1145694249036262
2024-04-25 14:16:13.685000+00:00,2024-04-25 14:15:30+00:00,2024-04-25 14:17:30+00:00,TABUENCA01-45,Sensoria-C1-E90A,Left,Gait,1.0.5,40.3882544,-3.6292402,F0:75:B1:51:59:F6,SCKS,0.9375,1.343749,-0.53125,3.36,68.32,-273.279999,0.028032,0.79424,-0.196224,630,512,708,1.72243844229656
2024-04-25 14:16:13.693000+00:00,2024-04-25 14:15:30+00:00,2024-04-25 14:17:30+00:00,TABUENCA01-45,Sensoria-C1-EEA1,Right,Gait,1.0.5,40.3882544,-3.6292402,CB:AA:BC:3F:36:A5,SCKS,-0.050781,0.972657,-0.085938,-15.68,45.920002,89.599998,-0.009344,0.7008,-0.28032,463,699,326,0.9777656618300726
2024-04-25 14:16:13.717000+00:00,2024-04-25 14:15:30+00:00,2024-04-25 14:17:30+00:00,TABUENCA01-45,Sensoria-C1-E90A,Left,Gait,1.0.5,40.3882544,-3.6292402,F0:75:B1:51:59:F6,SCKS,0.125,0.625,-0.46875,4.48,-3.36,-145.600006,0.0,0.79424,-0.205568,674,544,710,0.7911868063232602
2024-04-25 14:16:13.726000+00:00,2024-04-25 14:15:30+00:00,2024-04-25 14:17:30+00:00,TABUENCA01-45,Sensoria-C1-EEA1,Right,Gait,1.0.5,40.3882544,-3.6292402,CB:AA:BC:3F:36:A5,SCKS,-0.050781,0.964844,-0.019531,-17.92,36.959999,59.360001,0.009344,0.710144,-0.28032,451,684,322,0.9663767972473264
2024-04-25 14:16:13.742000+00:00,2024-04-25 14:15:30+00:00,2024-04-25 14:17:30+00:00,TABUENCA01-45,Sensoria-C1-EEA1,Right,Gait,1.0.5,40.3882544,-3.6292402,CB:AA:BC:3F:36:A5,SCKS,-0.113281,0.968751,0.050781,-11.2,28.0,38.080002,0.009344,0.719488,-0.270976,443,673,322,0.9766728187694178
2024-04-25 14:16:13.750000+00:00,2024-04-25 14:15:30+00:00,2024-04-25 14:17:30+00:00,TABUENCA01-45,Sensoria-C1-E90A,Left,Gait,1.0.5,40.3882544,-3.6292402,F0:75:B1:51:59:F6,SCKS,0.71875,0.1875,-0.21875,-12.32,-119.840004,36.959999,-0.018688,0.79424,-0.214912,694,554,708,0.7743444808352417
2024-04-25 14:16:13.759000+00:00,2024-04-25 14:15:30+00:00,2024-04-25 14:17:30+00:00,TABUENCA01-45,Sensoria-C1-EEA1,Right,Gait,1.0.5,40.3882544,-3.6292402,CB:AA:BC:3F:36:A5,SCKS,-0.109375,0.980469,-0.039063,-6.72,21.280001,28.0,0.018688,0.719488,-0.270976,437,664,330,0.9873237911419942
2024-04-25 14:16:13.775000+00:00,2024-04-25 14:15:30+00:00,2024-04-25 14:17:30+00:00,TABUENCA01-45,Sensoria-C1-EEA1,Right,Gait,1.0.5,40.3882544,-3.6292402,CB:AA:BC:3F:36:A5,SCKS,-0.148438,1.003907,-0.074219,-3.36,12.32,25.76,0.018688,0.719488,-0.261632,432,659,345,1.0175320950486035
2024-04-25 14:16:13.782000+00:00,2024-04-25 14:15:30+00:00,2024-04-25 14:17:30+00:00,TABUENCA01-45,Sensoria-C1-E90A,Left,Gait,1.0.5,40.3882544,-3.6292402,F0:75:B1:51:59:F6,SCKS,0.875,-0.0625,-0.09375,-24.639999,-12.32,161.279999,0.0,0.79424,-0.214912,702,556,706,0.882224638343319
2024-04-25 14:16:13.807000+00:00,2024-04-25 14:15:30+00:00,2024-04-25 14:17:30+00:00,TABUENCA01-45,Sensoria-C1-EEA1,Right,Gait,1.0.5,40.3882544,-3.6292402,CB:AA:BC:3F:36:A5,SCKS,-0.140625,0.968751,-0.222656,-7.84,15.68,28.0,0.018688,0.719488,-0.261632,426,655,362,1.0039071595331912
2024-04-25 14:16:13.815000+00:00,2024-04-25 14:15:30+00:00,2024-04-25 14:17:30+00:00,TABUENCA01-45,Sensoria-C1-E90A,Left,Gait,1.0.5,40.3882544,-3.6292402,F0:75:B1:51:59:F6,SCKS,0.4375,0.0,-0.03125,-31.360001,53.760002,198.240005,0.065408,0.803584,-0.224256,705,556,705,0.4386146514880687
2024-04-25 14:16:13.823000+00:00,2024-04-25 14:15:30+00:00,2024-04-25 14:17:30+00:00,TABUENCA01-45,Sensoria-C1-EEA1,Right,Gait,1.0.5,40.3882544,-3.6292402,CB:AA:BC:3F:36:A5,SCKS,-0.078125,0.925782,-0.15625,-11.2,20.16,30.24,0.028032,0.719488,-0.270976,418,652,383,0.9421198913349617
2024-04-25 14:16:13.840000+00:00,2024-04-25 14:15:30+00:00,2024-04-25 14:17:30+00:00,TABUENCA01-45,Sensoria-C1-EEA1,Right,Gait,1.0.5,40.3882544,-3.6292402,CB:AA:BC:3F:36:A5,SCKS,-0.066406,0.921876,-0.019531,-10.08,23.52,32.48,0.028032,0.719488,-0.261632,410,647,402,0.9244709709736699
2024-04-25 14:16:13.847000+00:00,2024-04-25 14:15:30+00:00,2024-04-25 14:17:30+00:00,TABUENCA01-45,Sensoria-C1-E90A,Left,Gait,1.0.5,40.3882544,-3.6292402,F0:75:B1:51:59:F6,SCKS,0.375,0.25,-0.3125,-21.280001,76.160004,255.360001,0.102784,0.803584,-0.2336,707,553,704,0.5484352742120077
2024-04-25 14:16:13.872000+00:00,2024-04-25 14:15:30+00:00,2024-04-25 14:17:30+00:00,TABUENCA01-45,Sensoria-C1-EEA1,Right,Gait,1.0.5,40.3882544,-3.6292402,CB:AA:BC:3F:36:A5,SCKS,-0.066406,0.953126,-0.050781,-3.36,23.52,33.599998,0.028032,0.728832,-0.252288,399,644,418,0.9567850535376271
2024-04-25 14:16:13.880000+00:00,2024-04-25 14:15:30+00:00,2024-04-25 14:17:30+00:00,TABUENCA01-45,Sensoria-C1-E90A,Left,Gait,1.0.5,40.3882544,-3.6292402,F0:75:B1:51:59:F6,SCKS,0.3125,0.53125,-0.34375,-25.76,71.68,296.799988,0.158848,0.79424,-0.242944,706,551,702,0.7057243619147634
2024-04-25 14:16:13.888000+00:00,2024-04-25 14:15:30+00:00,2024-04-25 14:17:30+00:00,TABUENCA01-45,Sensoria-C1-EEA1,Right,Gait,1.0.5,40.3882544,-3.6292402,CB:AA:BC:3F:36:A5,SCKS,-0.046875,0.941407,-0.089844,0.0,23.52,35.84,0.037376,0.728832,-0.261632,383,636,429,0.9468454729310375
2024-04-25 14:16:13.904000+00:00,2024-04-25 14:15:30+00:00,2024-04-25 14:17:30+00:00,TABUENCA01-45,Sensoria-C1-EEA1,Right,Gait,1.0.5,40.3882544,-3.6292402,CB:AA:BC:3F:36:A5,SCKS,-0.042969,0.933594,-0.074219,1.12,21.280001,39.200001,0.037376,0.728832,-0.261632,371,631,438,0.9375246939457115
2024-04-25 14:16:13.912000+00:00,2024-04-25 14:15:30+00:00,2024-04-25 14:17:30+00:00,TABUENCA01-45,Sensoria-C1-E90A,Left,Gait,1.0.5,40.3882544,-3.6292402,F0:75:B1:51:59:F6,SCKS,0.40625,1.218749,-0.25,-28.0,64.959999,384.160004,0.289664,0.74752,-0.252288,706,548,699,1.3087735432461187
2024-04-25 14:16:13.921000+00:00,2024-04-25 14:15:30+00:00,2024-04-25 14:17:30+00:00,TABUENCA01-45,Sensoria-C1-EEA1,Right,Gait,1.0.5,40.3882544,-3.6292402,CB:AA:BC:3F:36:A5,SCKS,-0.042969,0.929688,-0.078125,-1.12,17.92,44.799999,0.04672,0.728832,-0.252288,357,623,444,0.9339537611306032
2024-04-25 14:16:13.928000+00:00,2024-04-25 14:15:30+00:00,2024-04-25 14:17:30+00:00,TABUENCA01-45,Sensoria-C1-E90A,Left,Gait,1.0.5,40.3882544,-3.6292402,F0:75:B1:51:59:F6,SCKS,0.40625,2.124999,-0.28125,-23.52,60.48,422.23999,0.364416,0.710144,-0.261632,707,547,698,2.1816877354472615
2024-04-25 14:16:13.937000+00:00,2024-04-25 14:15:30+00:00,2024-04-25 14:17:30+00:00,TABUENCA01-45,Sensoria-C1-EEA1,Right,Gait,1.0.5,40.3882544,-3.6292402,CB:AA:BC:3F:36:A5,SCKS,-0.089844,0.960938,-0.082031,-2.24,15.68,52.639999,0.056064,0.728832,-0.252288,345,615,447,0.9686087286107843
2024-04-25 14:16:13.953000+00:00,2024-04-25 14:15:30+00:00,2024-04-25 14:17:30+00:00,TABUENCA01-45,Sensoria-C1-EEA1,Right,Gait,1.0.5,40.3882544,-3.6292402,CB:AA:BC:3F:36:A5,SCKS,-0.085938,0.992188,-0.042969,-2.24,7.84,63.84,0.065408,0.738176,-0.252288,331,604,450,0.9968293244828825
2024-04-25 14:16:13.960000+00:00,2024-04-25 14:15:30+00:00,2024-04-25 14:17:30+00:00,TABUENCA01-45,Sensoria-C1-E90A,Left,Gait,1.0.5,40.3882544,-3.6292402,F0:75:B1:51:59:F6,SCKS,0.1875,3.031248,-0.40625,-3.36,70.559998,450.23999,0.411136,0.65408,-0.261632,706,548,697,3.064091994376801
2024-04-25 14:16:13.985000+00:00,2024-04-25 14:15:30+00:00,2024-04-25 14:17:30+00:00,TABUENCA01-45,Sensoria-C1-EEA1,Right,Gait,1.0.5,40.3882544,-3.6292402,CB:AA:BC:3F:36:A5,SCKS,-0.039063,1.031251,-0.035156,-4.48,2.24,73.919998,0.074752,0.74752,-0.252288,315,589,454,1.0325892151799765
2024-04-25 14:16:13.993000+00:00,2024-04-25 14:15:30+00:00,2024-04-25 14:17:30+00:00,TABUENCA01-45,Sensoria-C1-E90A,Left,Gait,1.0.5,40.3882544,-3.6292402,F0:75:B1:51:59:F6,SCKS,-0.625,3.499998,-0.40625,-38.080002,47.040001,436.799988,0.4672,0.588672,-0.289664,704,545,700,3.578498297121853
2024-04-25 14:16:14.002000+00:00,2024-04-25 14:15:30+00:00,2024-04-25 14:17:30+00:00,TABUENCA01-45,Sensoria-C1-EEA1,Right,Gait,1.0.5,40.3882544,-3.6292402,CB:AA:BC:3F:36:A5,SCKS,-0.027344,1.031251,-0.050781,-6.72,1.12,85.120003,0.074752,0.74752,-0.252288,297,571,461,1.032862541337423
2024-04-25 14:16:14.018000+00:00,2024-04-25 14:15:30+00:00,2024-04-25 14:17:30+00:00,TABUENCA01-45,Sensoria-C1-EEA1,Right,Gait,1.0.5,40.3882544,-3.6292402,CB:AA:BC:3F:36:A5,SCKS,-0.074219,1.148438,-0.0625,-6.72,-4.48,99.68,0.084096,0.756864,-0.261632,279,548,485,1.1525296307709405
2024-04-25 14:16:14.026000+00:00,2024-04-25 14:15:30+00:00,2024-04-25 14:17:30+00:00,TABUENCA01-45,Sensoria-C1-E90A,Left,Gait,1.0.5,40.3882544,-3.6292402,F0:75:B1:51:59:F6,SCKS,-1.562499,2.656249,-1.218749,-1.12,97.440002,356.160004,0.495232,0.523264,-0.308352,702,546,703,3.313972087993953
2024-04-25 14:16:14.034000+00:00,2024-04-25 14:15:30+00:00,2024-04-25 14:17:30+00:00,TABUENCA01-45,Sensoria-C1-EEA1,Right,Gait,1.0.5,40.3882544,-3.6292402,CB:AA:BC:3F:36:A5,SCKS,-0.027344,1.214845,-0.054688,-7.84,-7.84,119.840004,0.102784,0.756864,-0.242944,261,523,529,1.2163826888380975
2024-04-25 14:16:14.058000+00:00,2024-04-25 14:15:30+00:00,2024-04-25 14:17:30+00:00,TABUENCA01-45,Sensoria-C1-E90A,Left,Gait,1.0.5,40.3882544,-3.6292402,F0:75:B1:51:59:F6,SCKS,-3.437498,1.656249,-0.21875,20.16,-108.639999,7.84,0.523264,0.457856,-0.299008,700,546,709,3.821963476082026
2024-04-25 14:16:14.067000+00:00,2024-04-25 14:15:30+00:00,2024-04-25 14:17:30+00:00,TABUENCA01-45,Sensoria-C1-EEA1,Right,Gait,1.0.5,40.3882544,-3.6292402,CB:AA:BC:3F:36:A5,SCKS,-0.007813,1.296876,-0.011719,1.12,-14.56,134.399994,0.112128,0.775552,-0.252288,243,498,587,1.296952480743223
2024-04-25 14:16:14.083000+00:00,2024-04-25 14:15:30+00:00,2024-04-25 14:17:30+00:00,TABUENCA01-45,Sensoria-C1-EEA1,Right,Gait,1.0.5,40.3882544,-3.6292402,CB:AA:BC:3F:36:A5,SCKS,-0.09375,1.488282,-0.125,6.72,-21.280001,145.600006,0.130816,0.775552,-0.252288,227,479,636,1.4964616179588437
2024-04-25 14:16:14.090000+00:00,2024-04-25 14:15:30+00:00,2024-04-25 14:17:30+00:00,TABUENCA01-45,Sensoria-C1-E90A,Left,Gait,1.0.5,40.3882544,-3.6292402,F0:75:B1:51:59:F6,SCKS,3.499998,1.124999,0.3125,7.84,48.16,-134.399994,0.523264,0.476544,-0.299008,700,546,699,3.6896158336614127
2024-04-25 14:16:14.099000+00:00,2024-04-25 14:15:30+00:00,2024-04-25 14:17:30+00:00,TABUENCA01-45,Sensoria-C1-EEA1,Right,Gait,1.0.5,40.3882544,-3.6292402,CB:AA:BC:3F:36:A5,SCKS,-0.144531,1.660157,-0.117188,2.24,-14.56,162.399994,0.130816,0.775552,-0.252288,214,467,667,1.6705518555118248
2024-04-25 14:16:14.123000+00:00,2024-04-25 14:15:30+00:00,2024-04-25 14:17:30+00:00,TABUENCA01-45,Sensoria-C1-E90A,Left,Gait,1.0.5,40.3882544,-3.6292402,F0:75:B1:51:59:F6,SCKS,-0.999999,1.531249,0.59375,59.360001,181.440002,-255.360001,0.504576,0.504576,-0.299008,705,549,656,1.9228261914437301
2024-04-25 14:16:14.132000+00:00,2024-04-25 14:15:30+00:00,2024-04-25 14:17:30+00:00,TABUENCA01-45,Sensoria-C1-EEA1,Right,Gait,1.0.5,40.3882544,-3.6292402,CB:AA:BC:3F:36:A5,SCKS,-0.300781,1.808595,0.0625,-8.96,1.12,180.320007,0.158848,0.775552,-0.261632,205,470,683,1.8345002954445113
2024-04-25 14:16:14.148000+00:00,2024-04-25 14:15:30+00:00,2024-04-25 14:17:30+00:00,TABUENCA01-45,Sensoria-C1-EEA1,Right,Gait,1.0.5,40.3882544,-3.6292402,CB:AA:BC:3F:36:A5,SCKS,-0.679688,1.996095,0.3125,-19.040001,25.76,200.479996,0.196224,0.79424,-0.242944,205,493,696,2.1316724130055724
2024-04-25 14:16:14.156000+00:00,2024-04-25 14:15:30+00:00,2024-04-25 14:17:30+00:00,TABUENCA01-45,Sensoria-C1-E90A,Left,Gait,1.0.5,40.3882544,-3.6292402,F0:75:B1:51:59:F6,SCKS,-0.21875,1.624999,-0.3125,118.720001,14.56,-222.880005,0.4672,0.588672,-0.32704,704,555,535,1.66917032159723
2024-04-25 14:16:14.164000+00:00,2024-04-25 14:15:30+00:00,2024-04-25 14:17:30+00:00,TABUENCA01-45,Sensoria-C1-EEA1,Right,Gait,1.0.5,40.3882544,-3.6292402,CB:AA:BC:3F:36:A5,SCKS,-1.238282,1.996095,0.472657,-47.040001,64.959999,227.360001,0.2336,0.79424,-0.252288,215,520,701,2.3960680708606756
2024-04-25 14:16:14.188000+00:00,2024-04-25 14:15:30+00:00,2024-04-25 14:17:30+00:00,TABUENCA01-45,Sensoria-C1-E90A,Left,Gait,1.0.5,40.3882544,-3.6292402,F0:75:B1:51:59:F6,SCKS,-0.84375,1.468749,0.34375,94.080002,38.080002,-213.919998,0.439168,0.635392,-0.32704,699,560,427,1.7283812513450267
2024-04-25 14:16:14.213000+00:00,2024-04-25 14:15:30+00:00,2024-04-25 14:17:30+00:00,TABUENCA01-45,Sensoria-C1-EEA1,Right,Gait,1.0.5,40.3882544,-3.6292402,CB:AA:BC:3F:36:A5,SCKS,-0.765626,1.996095,-0.652344,-29.120001,10.08,287.839996,0.336384,0.803584,-0.270976,295,600,705,2.2352027011519557
2024-04-25 14:16:14.214000+00:00,2024-04-25 14:15:30+00:00,2024-04-25 14:17:30+00:00,TABUENCA01-45,Sensoria-C1-EEA1,Right,Gait,1.0.5,40.3882544,-3.6292402,CB:AA:BC:3F:36:A5,SCKS,-0.671875,1.996095,-0.835938,10.08,-86.239998,330.399994,0.336384,0.803584,-0.270976,363,650,708,2.265966373204598
2024-04-25 14:16:14.220000+00:00,2024-04-25 14:15:30+00:00,2024-04-25 14:17:30+00:00,TABUENCA01-45,Sensoria-C1-E90A,Left,Gait,1.0.5,40.3882544,-3.6292402,F0:75:B1:51:59:F6,SCKS,-0.09375,0.968749,-0.125,89.599998,-29.120001,-135.520004,0.42048,0.65408,-0.289664,677,559,375,0.981268917015616
2024-04-25 14:16:14.245000+00:00,2024-04-25 14:15:30+00:00,2024-04-25 14:17:30+00:00,TABUENCA01-45,Sensoria-C1-EEA1,Right,Gait,1.0.5,40.3882544,-3.6292402,CB:AA:BC:3F:36:A5,SCKS,-0.390625,0.675782,-0.746094,16.799999,-14.56,274.399994,0.392448,0.79424,-0.270976,425,684,708,1.079780282735798
2024-04-25 14:16:14.253000+00:00,2024-04-25 14:15:30+00:00,2024-04-25 14:17:30+00:00,TABUENCA01-45,Sensoria-C1-E90A,Left,Gait,1.0.5,40.3882544,-3.6292402,F0:75:B1:51:59:F6,SCKS,-0.125,0.9375,-0.15625,32.48,-49.279999,-80.639999,0.401792,0.672768,-0.289664,646,537,356,0.9586163531361229
2024-04-25 14:16:14.262000+00:00,2024-04-25 14:15:30+00:00,2024-04-25 14:17:30+00:00,TABUENCA01-45,Sensoria-C1-EEA1,Right,Gait,1.0.5,40.3882544,-3.6292402,CB:AA:BC:3F:36:A5,SCKS,0.753907,-0.066406,-1.210938,23.52,77.279999,168.0,0.42048,0.784896,-0.261632,462,701,706,1.427990322561396
2024-04-25 14:16:14.270000+00:00,2024-04-25 14:15:30+00:00,2024-04-25 14:17:30+00:00,TABUENCA01-45,Sensoria-C1-E90A,Left,Gait,1.0.5,40.3882544,-3.6292402,F0:75:B1:51:59:F6,SCKS,0.125,0.999999,-0.125,21.280001,-42.560001,-31.360001,0.392448,0.672768,-0.28032,621,512,349,1.015503815847582
2024-04-25 14:16:14.279000+00:00,2024-04-25 14:15:30+00:00,2024-04-25 14:17:30+00:00,TABUENCA01-45,Sensoria-C1-EEA1,Right,Gait,1.0.5,40.3882544,-3.6292402,CB:AA:BC:3F:36:A5,SCKS,-1.335938,0.476563,-0.667969,15.68,240.800003,36.959999,0.439168,0.784896,-0.261632,477,711,705,1.5678090501633164
2024-04-25 14:16:14.294000+00:00,2024-04-25 14:15:30+00:00,2024-04-25 14:17:30+00:00,TABUENCA01-45,Sensoria-C1-EEA1,Right,Gait,1.0.5,40.3882544,-3.6292402,CB:AA:BC:3F:36:A5,SCKS,-1.16797,0.003906,-0.054688,-20.16,150.080002,-64.959999,0.429824,0.79424,-0.289664,488,717,703,1.1692561546042852
2024-04-25 14:16:14.302000+00:00,2024-04-25 14:15:30+00:00,2024-04-25 14:17:30+00:00,TABUENCA01-45,Sensoria-C1-E90A,Left,Gait,1.0.5,40.3882544,-3.6292402,F0:75:B1:51:59:F6,SCKS,0.0625,0.999999,-0.0625,11.2,-40.32,-30.24,0.383104,0.691456,-0.270976,601,489,363,1.0038976541465767
2024-04-25 14:16:14.327000+00:00,2024-04-25 14:15:30+00:00,2024-04-25 14:17:30+00:00,TABUENCA01-45,Sensoria-C1-EEA1,Right,Gait,1.0.5,40.3882544,-3.6292402,CB:AA:BC:3F:36:A5,SCKS,-0.609375,-0.210938,0.117188,26.880001,78.400002,-105.279999,0.42048,0.79424,-0.289664,490,720,704,0.6554126622312083
2024-04-25 14:16:14.334000+00:00,2024-04-25 14:15:30+00:00,2024-04-25 14:17:30+00:00,TABUENCA01-45,Sensoria-C1-E90A,Left,Gait,1.0.5,40.3882544,-3.6292402,F0:75:B1:51:59:F6,SCKS,0.125,0.968749,-0.25,12.32,-41.439999,-30.24,0.37376,0.691456,-0.261632,583,468,401,1.0082656519990156
2024-04-25 14:16:14.343000+00:00,2024-04-25 14:15:30+00:00,2024-04-25 14:17:30+00:00,TABUENCA01-45,Sensoria-C1-EEA1,Right,Gait,1.0.5,40.3882544,-3.6292402,CB:AA:BC:3F:36:A5,SCKS,-0.609375,-0.054688,0.042969,59.360001,44.799999,-170.240005,0.42048,0.79424,-0.289664,491,719,699,0.6133310712249951
2024-04-25 14:16:14.359000+00:00,2024-04-25 14:15:30+00:00,2024-04-25 14:17:30+00:00,TABUENCA01-45,Sensoria-C1-EEA1,Right,Gait,1.0.5,40.3882544,-3.6292402,CB:AA:BC:3F:36:A5,SCKS,-0.761719,0.3125,-0.003906,68.32,7.84,-226.240005,0.383104,0.803584,-0.270976,493,719,699,0.8233391414216866
2024-04-25 14:16:14.376000+00:00,2024-04-25 14:15:30+00:00,2024-04-25 14:17:30+00:00,TABUENCA01-45,Sensoria-C1-EEA1,Right,Gait,1.0.5,40.3882544,-3.6292402,CB:AA:BC:3F:36:A5,SCKS,-0.59375,0.40625,0.074219,61.599998,-33.599998,-268.799988,0.336384,0.803584,-0.252288,491,719,700,0.7232472502270576
2024-04-25 14:16:14.383000+00:00,2024-04-25 14:15:30+00:00,2024-04-25 14:17:30+00:00,TABUENCA01-45,Sensoria-C1-E90A,Left,Gait,1.0.5,40.3882544,-3.6292402,F0:75:B1:51:59:F6,SCKS,0.0625,0.9375,-0.1875,3.36,-48.16,-28.0,0.37376,0.7008,-0.252288,566,450,448,0.9581068572972432
2024-04-25 14:16:14.400000+00:00,2024-04-25 14:15:30+00:00,2024-04-25 14:17:30+00:00,TABUENCA01-45,Sensoria-C1-E90A,Left,Gait,1.0.5,40.3882544,-3.6292402,F0:75:B1:51:59:F6,SCKS,0.03125,0.9375,-0.25,0.0,-39.200001,-21.280001,0.355072,0.7008,-0.2336,547,422,519,0.9707640354380667
2024-04-25 14:16:14.408000+00:00,2024-04-25 14:15:30+00:00,2024-04-25 14:17:30+00:00,TABUENCA01-45,Sensoria-C1-EEA1,Right,Gait,1.0.5,40.3882544,-3.6292402,CB:AA:BC:3F:36:A5,SCKS,-0.535157,0.59375,0.074219,60.48,-63.84,-331.519989,0.28032,0.803584,-0.252288,493,717,699,0.8027705382673183
2024-04-25 14:16:14.424000+00:00,2024-04-25 14:15:30+00:00,2024-04-25 14:17:30+00:00,TABUENCA01-45,Sensoria-C1-EEA1,Right,Gait,1.0.5,40.3882544,-3.6292402,CB:AA:BC:3F:36:A5,SCKS,-0.550782,1.089845,-0.011719,53.760002,-85.120003,-366.23999,0.214912,0.803584,-0.242944,492,715,697,1.221171679376
2024-04-25 14:16:14.432000+00:00,2024-04-25 14:15:30+00:00,2024-04-25 14:17:30+00:00,TABUENCA01-45,Sensoria-C1-E90A,Left,Gait,1.0.5,40.3882544,-3.6292402,F0:75:B1:51:59:F6,SCKS,0.03125,0.968749,-0.25,-3.36,-35.84,-22.4,0.355072,0.710144,-0.2336,534,405,560,1.0009751183226285
2024-04-25 14:16:14.441000+00:00,2024-04-25 14:15:30+00:00,2024-04-25 14:17:30+00:00,TABUENCA01-45,Sensoria-C1-EEA1,Right,Gait,1.0.5,40.3882544,-3.6292402,CB:AA:BC:3F:36:A5,SCKS,-0.488282,1.468751,-0.019531,32.48,-70.559998,-392.0,0.149504,0.775552,-0.242944,491,716,698,1.547911583872283
2024-04-25 14:16:14.457000+00:00,2024-04-25 14:15:30+00:00,2024-04-25 14:17:30+00:00,TABUENCA01-45,Sensoria-C1-EEA1,Right,Gait,1.0.5,40.3882544,-3.6292402,CB:AA:BC:3F:36:A5,SCKS,-0.394532,1.996095,0.027344,5.6,-25.76,-400.959991,0.149504,0.775552,-0.242944,490,714,697,2.034895191990241
2024-04-25 14:16:14.464000+00:00,2024-04-25 14:15:30+00:00,2024-04-25 14:17:30+00:00,TABUENCA01-45,Sensoria-C1-E90A,Left,Gait,1.0.5,40.3882544,-3.6292402,F0:75:B1:51:59:F6,SCKS,0.03125,0.968749,-0.21875,-5.6,-43.68,-25.76,0.355072,0.710144,-0.2336,523,390,593,0.9936310935155964
2024-04-25 14:16:14.473000+00:00,2024-04-25 14:15:30+00:00,2024-04-25 14:17:30+00:00,TABUENCA01-45,Sensoria-C1-EEA1,Right,Gait,1.0.5,40.3882544,-3.6292402,CB:AA:BC:3F:36:A5,SCKS,-0.371094,1.996095,0.164063,-2.24,16.799999,-394.23999,0.084096,0.74752,-0.252288,490,714,697,2.0369149893478617
2024-04-25 14:16:14.497000+00:00,2024-04-25 14:15:30+00:00,2024-04-25 14:17:30+00:00,TABUENCA01-45,Sensoria-C1-E90A,Left,Gait,1.0.5,40.3882544,-3.6292402,F0:75:B1:51:59:F6,SCKS,-0.03125,0.9375,-0.15625,0.0,-39.200001,-34.720001,0.345728,0.719488,-0.224256,507,370,619,0.9509452534189337
2024-04-25 14:16:14.506000+00:00,2024-04-25 14:15:30+00:00,2024-04-25 14:17:30+00:00,TABUENCA01-45,Sensoria-C1-EEA1,Right,Gait,1.0.5,40.3882544,-3.6292402,CB:AA:BC:3F:36:A5,SCKS,0.242188,1.996095,-0.109375,52.639999,-36.959999,-398.720001,0.028032,0.7008,-0.242944,489,716,698,2.0137063259060395
2024-04-25 14:16:14.522000+00:00,2024-04-25 14:15:30+00:00,2024-04-25 14:17:30+00:00,TABUENCA01-45,Sensoria-C1-EEA1,Right,Gait,1.0.5,40.3882544,-3.6292402,CB:AA:BC:3F:36:A5,SCKS,0.878907,1.996095,0.042969,41.439999,-38.080002,-412.160004,-0.028032,0.65408,-0.252288,489,713,698,2.1814488530870944
2024-04-25 14:16:14.530000+00:00,2024-04-25 14:15:30+00:00,2024-04-25 14:17:30+00:00,TABUENCA01-45,Sensoria-C1-E90A,Left,Gait,1.0.5,40.3882544,-3.6292402,F0:75:B1:51:59:F6,SCKS,-0.03125,0.968749,-0.15625,2.24,-35.84,-42.560001,0.32704,0.728832,-0.214912,490,347,641,0.9817663927844545
2024-04-25 14:16:14.539000+00:00,2024-04-25 14:15:30+00:00,2024-04-25 14:17:30+00:00,TABUENCA01-45,Sensoria-C1-EEA1,Right,Gait,1.0.5,40.3882544,-3.6292402,CB:AA:BC:3F:36:A5,SCKS,1.996095,1.996095,-0.640625,47.040001,-49.279999,-387.519989,-0.065408,0.588672,-0.261632,489,715,698,2.8946832104178517
2024-04-25 14:16:14.555000+00:00,2024-04-25 14:15:30+00:00,2024-04-25 14:17:30+00:00,TABUENCA01-45,Sensoria-C1-EEA1,Right,Gait,1.0.5,40.3882544,-3.6292402,CB:AA:BC:3F:36:A5,SCKS,1.996095,1.722657,0.101563,61.599998,4.48,-249.759995,-0.065408,0.588672,-0.261632,488,715,699,2.6386089955965435
2024-04-25 14:16:14.578000+00:00,2024-04-25 14:15:30+00:00,2024-04-25 14:17:30+00:00,TABUENCA01-45,Sensoria-C1-E90A,Left,Gait,1.0.5,40.3882544,-3.6292402,F0:75:B1:51:59:F6,SCKS,0.03125,1.062499,-0.1875,-2.24,-34.720001,-56.0,0.317696,0.738176,-0.224256,467,325,662,1.0793687680774353
2024-04-25 14:16:14.587000+00:00,2024-04-25 14:15:30+00:00,2024-04-25 14:17:30+00:00,TABUENCA01-45,Sensoria-C1-EEA1,Right,Gait,1.0.5,40.3882544,-3.6292402,CB:AA:BC:3F:36:A5,SCKS,1.996095,1.85547,0.207031,79.519997,21.280001,-153.440002,-0.084096,0.56064,-0.242944,486,714,701,2.7331348310842625
2024-04-25 14:16:14.603000+00:00,2024-04-25 14:15:30+00:00,2024-04-25 14:17:30+00:00,TABUENCA01-45,Sensoria-C1-EEA1,Right,Gait,1.0.5,40.3882544,-3.6292402,CB:AA:BC:3F:36:A5,SCKS,1.996095,1.890626,0.925782,14.56,-3.36,24.639999,-0.084096,0.551296,-0.242944,486,715,704,2.9010229630985345
2024-04-25 14:16:14.610000+00:00,2024-04-25 14:15:30+00:00,2024-04-25 14:17:30+00:00,TABUENCA01-45,Sensoria-C1-E90A,Left,Gait,1.0.5,40.3882544,-3.6292402,F0:75:B1:51:59:F6,SCKS,0.09375,1.187499,-0.09375,-2.24,-26.880001,-89.599998,0.308352,0.738176,-0.224256,444,300,680,1.194877399569094
2024-04-25 14:16:14.611000+00:00,2024-04-25 14:15:30+00:00,2024-04-25 14:17:30+00:00,TABUENCA01-45,Sensoria-C1-E90A,Left,Gait,1.0.5,40.3882544,-3.6292402,F0:75:B1:51:59:F6,SCKS,0.15625,1.374999,-0.21875,3.36,-19.040001,-120.959999,0.28032,0.756864,-0.205568,427,284,692,1.4010310042968357
2024-04-25 14:16:14.620000+00:00,2024-04-25 14:15:30+00:00,2024-04-25 14:17:30+00:00,TABUENCA01-45,Sensoria-C1-EEA1,Right,Gait,1.0.5,40.3882544,-3.6292402,CB:AA:BC:3F:36:A5,SCKS,0.507813,0.25,0.25,13.440001,-132.160004,140.0,-0.084096,0.56064,-0.261632,485,714,699,0.6187681657688928
2024-04-25 14:16:14.636000+00:00,2024-04-25 14:15:30+00:00,2024-04-25 14:17:30+00:00,TABUENCA01-45,Sensoria-C1-EEA1,Right,Gait,1.0.5,40.3882544,-3.6292402,CB:AA:BC:3F:36:A5,SCKS,-2.000001,0.667969,1.074219,30.24,-157.919998,82.879997,-0.084096,0.588672,-0.28032,494,714,668,2.36646002394357
2024-04-25 14:16:14.644000+00:00,2024-04-25 14:15:30+00:00,2024-04-25 14:17:30+00:00,TABUENCA01-45,Sensoria-C1-E90A,Left,Gait,1.0.5,40.3882544,-3.6292402,F0:75:B1:51:59:F6,SCKS,0.28125,1.624999,-0.21875,1.12,-26.880001,-153.440002,0.261632,0.775552,-0.214912,425,283,697,1.6636029799808008
2024-04-25 14:16:14.668000+00:00,2024-04-25 14:15:30+00:00,2024-04-25 14:17:30+00:00,TABUENCA01-45,Sensoria-C1-EEA1,Right,Gait,1.0.5,40.3882544,-3.6292402,CB:AA:BC:3F:36:A5,SCKS,1.433595,1.476564,0.910157,71.68,-213.919998,273.279999,-0.084096,0.588672,-0.28032,503,718,611,2.250293677449679
2024-04-25 14:16:14.676000+00:00,2024-04-25 14:15:30+00:00,2024-04-25 14:17:30+00:00,TABUENCA01-45,Sensoria-C1-E90A,Left,Gait,1.0.5,40.3882544,-3.6292402,F0:75:B1:51:59:F6,SCKS,0.625,2.218749,-0.0625,-12.32,-30.24,-202.720001,0.196224,0.79424,-0.224256,469,330,698,2.3059441396098475
2024-04-25 14:16:14.684000+00:00,2024-04-25 14:15:30+00:00,2024-04-25 14:17:30+00:00,TABUENCA01-45,Sensoria-C1-EEA1,Right,Gait,1.0.5,40.3882544,-3.6292402,CB:AA:BC:3F:36:A5,SCKS,0.714844,1.988283,0.332031,59.360001,-23.52,246.399994,-0.065408,0.616704,-0.299008,507,722,528,2.1388117769888026
2024-04-25 14:16:14.701000+00:00,2024-04-25 14:15:30+00:00,2024-04-25 14:17:30+00:00,TABUENCA01-45,Sensoria-C1-EEA1,Right,Gait,1.0.5,40.3882544,-3.6292402,CB:AA:BC:3F:36:A5,SCKS,0.203125,1.453126,-0.480469,57.119999,69.440002,235.199997,-0.04672,0.65408,-0.289664,510,724,452,1.5439188441955103
2024-04-25 14:16:14.708000+00:00,2024-04-25 14:15:30+00:00,2024-04-25 14:17:30+00:00,TABUENCA01-45,Sensoria-C1-E90A,Left,Gait,1.0.5,40.3882544,-3.6292402,F0:75:B1:51:59:F6,SCKS,1.093749,2.312499,0.0,-59.360001,-80.639999,-210.559998,0.149504,0.803584,-0.2336,525,383,698,2.558112292297193
2024-04-25 14:16:14.717000+00:00,2024-04-25 14:15:30+00:00,2024-04-25 14:17:30+00:00,TABUENCA01-45,Sensoria-C1-EEA1,Right,Gait,1.0.5,40.3882544,-3.6292402,CB:AA:BC:3F:36:A5,SCKS,0.546875,1.38672,-0.59375,35.84,-11.2,190.399994,-0.028032,0.682112,-0.28032,505,722,398,1.604557162124491
2024-04-25 14:16:14.733000+00:00,2024-04-25 14:15:30+00:00,2024-04-25 14:17:30+00:00,TABUENCA01-45,Sensoria-C1-EEA1,Right,Gait,1.0.5,40.3882544,-3.6292402,CB:AA:BC:3F:36:A5,SCKS,0.214844,0.925782,0.097656,-4.48,26.880001,135.520004,0.0,0.710144,-0.270976,489,729,365,0.9553883766280601
2024-04-25 14:16:14.740000+00:00,2024-04-25 14:15:30+00:00,2024-04-25 14:17:30+00:00,TABUENCA01-45,Sensoria-C1-E90A,Left,Gait,1.0.5,40.3882544,-3.6292402,F0:75:B1:51:59:F6,SCKS,0.875,2.437499,-1.156249,-11.2,-54.880001,-280.0,0.056064,0.803584,-0.2336,608,478,706,2.8361837255371873
2024-04-25 14:16:14.765000+00:00,2024-04-25 14:15:30+00:00,2024-04-25 14:17:30+00:00,TABUENCA01-45,Sensoria-C1-EEA1,Right,Gait,1.0.5,40.3882544,-3.6292402,CB:AA:BC:3F:36:A5,SCKS,-0.042969,0.937501,-0.046875,-8.96,25.76,105.279999,0.0,0.710144,-0.270976,469,726,345,0.9396551099137385
2024-04-25 14:16:14.773000+00:00,2024-04-25 14:15:30+00:00,2024-04-25 14:17:30+00:00,TABUENCA01-45,Sensoria-C1-E90A,Left,Gait,1.0.5,40.3882544,-3.6292402,F0:75:B1:51:59:F6,SCKS,0.625,0.875,-0.40625,28.0,40.32,-227.360001,0.009344,0.803584,-0.242944,664,531,709,1.149473384859345
2024-04-25 14:16:14.781000+00:00,2024-04-25 14:15:30+00:00,2024-04-25 14:17:30+00:00,TABUENCA01-45,Sensoria-C1-EEA1,Right,Gait,1.0.5,40.3882544,-3.6292402,CB:AA:BC:3F:36:A5,SCKS,0.019531,0.953126,0.039063,-8.96,19.040001,79.519997,0.009344,0.719488,-0.270976,454,714,335,0.9541260659923301
2024-04-25 14:16:14.805000+00:00,2024-04-25 14:15:30+00:00,2024-04-25 14:17:30+00:00,TABUENCA01-45,Sensoria-C1-E90A,Left,Gait,1.0.5,40.3882544,-3.6292402,F0:75:B1:51:59:F6,SCKS,-0.40625,0.625,-0.25,4.48,-137.759995,-20.16,-0.009344,0.79424,-0.242944,693,550,709,0.7862341015880703
2024-04-25 14:16:14.814000+00:00,2024-04-25 14:15:30+00:00,2024-04-25 14:17:30+00:00,TABUENCA01-45,Sensoria-C1-EEA1,Right,Gait,1.0.5,40.3882544,-3.6292402,CB:AA:BC:3F:36:A5,SCKS,-0.042969,1.031251,-0.0625,2.24,4.48,42.560001,0.028032,0.719488,-0.261632,429,685,329,1.0340363678140145
2024-04-25 14:16:14.838000+00:00,2024-04-25 14:15:30+00:00,2024-04-25 14:17:30+00:00,TABUENCA01-45,Sensoria-C1-E90A,Left,Gait,1.0.5,40.3882544,-3.6292402,F0:75:B1:51:59:F6,SCKS,1.124999,0.09375,-0.09375,-7.84,-20.16,122.080002,-0.009344,0.79424,-0.242944,702,553,707,1.132784566897431
2024-04-25 14:16:14.847000+00:00,2024-04-25 14:15:30+00:00,2024-04-25 14:17:30+00:00,TABUENCA01-45,Sensoria-C1-EEA1,Right,Gait,1.0.5,40.3882544,-3.6292402,CB:AA:BC:3F:36:A5,SCKS,-0.054688,0.953126,0.058594,-4.48,12.32,32.48,0.028032,0.728832,-0.270976,420,675,338,0.9564900449330354
2024-04-25 14:16:14.863000+00:00,2024-04-25 14:15:30+00:00,2024-04-25 14:17:30+00:00,TABUENCA01-45,Sensoria-C1-EEA1,Right,Gait,1.0.5,40.3882544,-3.6292402,CB:AA:BC:3F:36:A5,SCKS,-0.121094,1.007813,-0.066406,-1.12,3.36,26.880001,0.028032,0.728832,-0.270976,414,666,348,1.0172318106709994
2024-04-25 14:16:14.879000+00:00,2024-04-25 14:15:30+00:00,2024-04-25 14:17:30+00:00,TABUENCA01-45,Sensoria-C1-EEA1,Right,Gait,1.0.5,40.3882544,-3.6292402,CB:AA:BC:3F:36:A5,SCKS,-0.089844,0.988282,-0.140625,-7.84,8.96,29.120001,0.037376,0.728832,-0.270976,409,661,363,1.0022717428347463
2024-04-25 14:16:14.887000+00:00,2024-04-25 14:15:30+00:00,2024-04-25 14:17:30+00:00,TABUENCA01-45,Sensoria-C1-E90A,Left,Gait,1.0.5,40.3882544,-3.6292402,F0:75:B1:51:59:F6,SCKS,0.375,0.0,0.03125,-16.799999,64.959999,170.240005,0.009344,0.803584,-0.242944,708,554,704,0.37629983058725924
2024-04-25 14:16:14.896000+00:00,2024-04-25 14:15:30+00:00,2024-04-25 14:17:30+00:00,TABUENCA01-45,Sensoria-C1-EEA1,Right,Gait,1.0.5,40.3882544,-3.6292402,CB:AA:BC:3F:36:A5,SCKS,-0.066406,0.949219,-0.09375,-13.440001,16.799999,30.24,0.028032,0.728832,-0.270976,405,658,379,0.9561461861540839
2024-04-25 14:16:14.903000+00:00,2024-04-25 14:15:30+00:00,2024-04-25 14:17:30+00:00,TABUENCA01-45,Sensoria-C1-E90A,Left,Gait,1.0.5,40.3882544,-3.6292402,F0:75:B1:51:59:F6,SCKS,0.34375,0.21875,-0.1875,-11.2,42.560001,245.279999,0.084096,0.803584,-0.2336,709,552,703,0.44852187795022885
2024-04-25 14:16:14.919000+00:00,2024-04-25 14:15:30+00:00,2024-04-25 14:17:30+00:00,TABUENCA01-45,Sensoria-C1-E90A,Left,Gait,1.0.5,40.3882544,-3.6292402,F0:75:B1:51:59:F6,SCKS,0.40625,0.5625,-0.1875,-20.16,26.880001,293.440002,0.14016,0.803584,-0.252288,708,552,700,0.71875
2024-04-25 14:16:14.928000+00:00,2024-04-25 14:15:30+00:00,2024-04-25 14:17:30+00:00,TABUENCA01-45,Sensoria-C1-EEA1,Right,Gait,1.0.5,40.3882544,-3.6292402,CB:AA:BC:3F:36:A5,SCKS,-0.050781,0.949219,-0.054688,-12.32,22.4,30.24,0.037376,0.738176,-0.261632,400,653,395,0.9521482013142701
2024-04-25 14:16:14.944000+00:00,2024-04-25 14:15:30+00:00,2024-04-25 14:17:30+00:00,TABUENCA01-45,Sensoria-C1-EEA1,Right,Gait,1.0.5,40.3882544,-3.6292402,CB:AA:BC:3F:36:A5,SCKS,-0.054688,0.953126,-0.015625,-10.08,28.0,30.24,0.056064,0.738176,-0.252288,394,649,409,0.9548214963253603
2024-04-25 14:16:14.952000+00:00,2024-04-25 14:15:30+00:00,2024-04-25 14:17:30+00:00,TABUENCA01-45,Sensoria-C1-E90A,Left,Gait,1.0.5,40.3882544,-3.6292402,F0:75:B1:51:59:F6,SCKS,0.3125,0.84375,-0.15625,-24.639999,33.599998,341.600006,0.205568,0.784896,-0.252288,709,550,699,0.9132274497626536
2024-04-25 14:16:14.960000+00:00,2024-04-25 14:15:30+00:00,2024-04-25 14:17:30+00:00,TABUENCA01-45,Sensoria-C1-EEA1,Right,Gait,1.0.5,40.3882544,-3.6292402,CB:AA:BC:3F:36:A5,SCKS,-0.050781,0.964844,-0.023438,-2.24,25.76,31.360001,0.056064,0.738176,-0.252288,384,642,420,0.9664636538127029
2024-04-25 14:16:14.977000+00:00,2024-04-25 14:15:30+00:00,2024-04-25 14:17:30+00:00,TABUENCA01-45,Sensoria-C1-EEA1,Right,Gait,1.0.5,40.3882544,-3.6292402,CB:AA:BC:3F:36:A5,SCKS,-0.054688,0.960938,-0.035156,0.0,23.52,33.599998,0.056064,0.738176,-0.252288,372,634,433,0.9631347577177349
2024-04-25 14:16:14.984000+00:00,2024-04-25 14:15:30+00:00,2024-04-25 14:17:30+00:00,TABUENCA01-45,Sensoria-C1-E90A,Left,Gait,1.0.5,40.3882544,-3.6292402,F0:75:B1:51:59:F6,SCKS,0.375,1.343749,-0.21875,-23.52,32.48,388.640015,0.270976,0.766208,-0.270976,708,549,698,1.4121394893922485
2024-04-25 14:16:14.993000+00:00,2024-04-25 14:15:30+00:00,2024-04-25 14:17:30+00:00,TABUENCA01-45,Sensoria-C1-EEA1,Right,Gait,1.0.5,40.3882544,-3.6292402,CB:AA:BC:3F:36:A5,SCKS,-0.082031,0.937501,-0.015625,-1.12,20.16,39.200001,0.056064,0.738176,-0.261632,359,622,440,0.9412127020960778
2024-04-25 14:16:15.017000+00:00,2024-04-25 14:15:30+00:00,2024-04-25 14:17:30+00:00,TABUENCA01-45,Sensoria-C1-E90A,Left,Gait,1.0.5,40.3882544,-3.6292402,F0:75:B1:51:59:F6,SCKS,0.3125,2.468749,-0.3125,-17.92,33.599998,434.559998,0.401792,0.672768,-0.28032,706,547,696,2.5079940440521384
2024-04-25 14:16:15.026000+00:00,2024-04-25 14:15:30+00:00,2024-04-25 14:17:30+00:00,TABUENCA01-45,Sensoria-C1-EEA1,Right,Gait,1.0.5,40.3882544,-3.6292402,CB:AA:BC:3F:36:A5,SCKS,-0.070313,0.953126,0.019531,-1.12,12.32,49.279999,0.065408,0.738176,-0.252288,344,612,449,0.955915555792456
2024-04-25 14:16:15.043000+00:00,2024-04-25 14:15:30+00:00,2024-04-25 14:17:30+00:00,TABUENCA01-45,Sensoria-C1-EEA1,Right,Gait,1.0.5,40.3882544,-3.6292402,CB:AA:BC:3F:36:A5,SCKS,-0.042969,0.968751,0.027344,0.0,-2.24,62.720001,0.074752,0.74752,-0.252288,327,598,454,0.9700889285513983
2024-04-25 14:16:15.050000+00:00,2024-04-25 14:15:30+00:00,2024-04-25 14:17:30+00:00,TABUENCA01-45,Sensoria-C1-E90A,Left,Gait,1.0.5,40.3882544,-3.6292402,F0:75:B1:51:59:F6,SCKS,-0.3125,3.124998,0.125,20.16,86.239998,446.880005,0.457856,0.616704,-0.289664,707,545,696,3.1430707516700926
2024-04-25 14:16:15.059000+00:00,2024-04-25 14:15:30+00:00,2024-04-25 14:17:30+00:00,TABUENCA01-45,Sensoria-C1-EEA1,Right,Gait,1.0.5,40.3882544,-3.6292402,CB:AA:BC:3F:36:A5,SCKS,-0.019531,1.070313,-0.011719,-1.12,-6.72,69.440002,0.084096,0.74752,-0.261632,308,581,462,1.0705553292058287
2024-04-25 14:16:15.075000+00:00,2024-04-25 14:15:30+00:00,2024-04-25 14:17:30+00:00,TABUENCA01-45,Sensoria-C1-EEA1,Right,Gait,1.0.5,40.3882544,-3.6292402,CB:AA:BC:3F:36:A5,SCKS,-0.039063,1.062501,-0.015625,-2.24,-6.72,79.519997,0.084096,0.74752,-0.261632,289,562,484,1.0633336417112926
2024-04-25 14:16:15.082000+00:00,2024-04-25 14:15:30+00:00,2024-04-25 14:17:30+00:00,TABUENCA01-45,Sensoria-C1-E90A,Left,Gait,1.0.5,40.3882544,-3.6292402,F0:75:B1:51:59:F6,SCKS,-0.90625,3.031248,-0.75,-22.4,48.16,404.320007,0.495232,0.541952,-0.289664,705,546,697,3.251500192219585
2024-04-25 14:16:15.107000+00:00,2024-04-25 14:15:30+00:00,2024-04-25 14:17:30+00:00,TABUENCA01-45,Sensoria-C1-EEA1,Right,Gait,1.0.5,40.3882544,-3.6292402,CB:AA:BC:3F:36:A5,SCKS,-0.054688,1.121095,-0.074219,1.12,-13.440001,94.080002,0.09344,0.756864,-0.252288,272,540,514,1.1248792096620863
2024-04-25 14:16:15.114000+00:00,2024-04-25 14:15:30+00:00,2024-04-25 14:17:30+00:00,TABUENCA01-45,Sensoria-C1-E90A,Left,Gait,1.0.5,40.3882544,-3.6292402,F0:75:B1:51:59:F6,SCKS,-3.437498,1.656249,-0.59375,7.84,39.200001,239.680008,0.51392,0.485888,-0.299008,703,546,702,3.861617836154298
2024-04-25 14:16:15.123000+00:00,2024-04-25 14:15:30+00:00,2024-04-25 14:17:30+00:00,TABUENCA01-45,Sensoria-C1-EEA1,Right,Gait,1.0.5,40.3882544,-3.6292402,CB:AA:BC:3F:36:A5,SCKS,-0.085938,1.222657,0.007813,0.0,-16.799999,113.120003,0.102784,0.766208,-0.252288,254,513,564,1.2256983815205111
2024-04-25 14:16:15.140000+00:00,2024-04-25 14:15:30+00:00,2024-04-25 14:17:30+00:00,TABUENCA01-45,Sensoria-C1-EEA1,Right,Gait,1.0.5,40.3882544,-3.6292402,CB:AA:BC:3F:36:A5,SCKS,-0.089844,1.277345,0.089844,6.72,-22.4,132.160004,0.121472,0.775552,-0.242944,237,493,614,1.2836487594731667
2024-04-25 14:16:15.147000+00:00,2024-04-25 14:15:30+00:00,2024-04-25 14:17:30+00:00,TABUENCA01-45,Sensoria-C1-E90A,Left,Gait,1.0.5,40.3882544,-3.6292402,F0:75:B1:51:59:F6,SCKS,-3.343748,1.593749,-0.25,19.040001,-100.800003,22.4,0.523264,0.457856,-0.308352,701,546,705,3.7125714218725814
2024-04-25 14:16:15.156000+00:00,2024-04-25 14:15:30+00:00,2024-04-25 14:17:30+00:00,TABUENCA01-45,Sensoria-C1-EEA1,Right,Gait,1.0.5,40.3882544,-3.6292402,CB:AA:BC:3F:36:A5,SCKS,-0.144531,1.507814,-0.109375,7.84,-24.639999,143.360001,0.149504,0.784896,-0.242944,223,475,651,1.518668877399547
2024-04-25 14:16:15.180000+00:00,2024-04-25 14:15:30+00:00,2024-04-25 14:17:30+00:00,TABUENCA01-45,Sensoria-C1-E90A,Left,Gait,1.0.5,40.3882544,-3.6292402,F0:75:B1:51:59:F6,SCKS,1.062499,2.406249,0.1875,40.32,22.4,-174.720001,0.523264,0.485888,-0.28032,700,545,704,2.6370617408399823
2024-04-25 14:16:15.188000+00:00,2024-04-25 14:15:30+00:00,2024-04-25 14:17:30+00:00,TABUENCA01-45,Sensoria-C1-EEA1,Right,Gait,1.0.5,40.3882544,-3.6292402,CB:AA:BC:3F:36:A5,SCKS,-0.105469,1.570314,-0.066406,1.12,-12.32,157.919998,0.149504,0.784896,-0.242944,211,469,674,1.5752522100898636
2024-04-25 14:16:15.205000+00:00,2024-04-25 14:15:30+00:00,2024-04-25 14:17:30+00:00,TABUENCA01-45,Sensoria-C1-EEA1,Right,Gait,1.0.5,40.3882544,-3.6292402,CB:AA:BC:3F:36:A5,SCKS,-0.265625,1.769533,0.070313,-10.08,-1.12,169.119995,0.168192,0.784896,-0.242944,203,477,688,1.7907393994333738
2024-04-25 14:16:15.212000+00:00,2024-04-25 14:15:30+00:00,2024-04-25 14:17:30+00:00,TABUENCA01-45,Sensoria-C1-E90A,Left,Gait,1.0.5,40.3882544,-3.6292402,F0:75:B1:51:59:F6,SCKS,0.28125,1.093749,1.031249,58.240002,203.839996,-180.320007,0.51392,0.523264,-0.308352,706,547,678,1.5293341484129621
2024-04-25 14:16:15.221000+00:00,2024-04-25 14:15:30+00:00,2024-04-25 14:17:30+00:00,TABUENCA01-45,Sensoria-C1-EEA1,Right,Gait,1.0.5,40.3882544,-3.6292402,CB:AA:BC:3F:36:A5,SCKS,-0.550782,1.960939,0.226563,-22.4,25.76,189.279999,0.205568,0.79424,-0.252288,203,500,693,2.0493836552031928
2024-04-25 14:16:15.237000+00:00,2024-04-25 14:15:30+00:00,2024-04-25 14:17:30+00:00,TABUENCA01-45,Sensoria-C1-EEA1,Right,Gait,1.0.5,40.3882544,-3.6292402,CB:AA:BC:3F:36:A5,SCKS,-1.035157,1.996095,0.511719,-44.799999,62.720001,217.279999,0.242944,0.803584,-0.261632,213,524,699,2.306035905755806
2024-04-25 14:16:15.245000+00:00,2024-04-25 14:15:30+00:00,2024-04-25 14:17:30+00:00,TABUENCA01-45,Sensoria-C1-E90A,Left,Gait,1.0.5,40.3882544,-3.6292402,F0:75:B1:51:59:F6,SCKS,0.125,1.468749,-1.343749,120.959999,12.32,-202.720001,0.457856,0.598016,-0.32704,708,553,509,1.9946202646122897
2024-04-25 14:16:15.253000+00:00,2024-04-25 14:15:30+00:00,2024-04-25 14:17:30+00:00,TABUENCA01-45,Sensoria-C1-EEA1,Right,Gait,1.0.5,40.3882544,-3.6292402,CB:AA:BC:3F:36:A5,SCKS,-0.632813,1.996095,0.25,-59.360001,60.48,256.480011,0.289664,0.803584,-0.270976,240,553,702,2.1088735244186645
2024-04-25 14:16:15.261000+00:00,2024-04-25 14:15:30+00:00,2024-04-25 14:17:30+00:00,TABUENCA01-45,Sensoria-C1-E90A,Left,Gait,1.0.5,40.3882544,-3.6292402,F0:75:B1:51:59:F6,SCKS,-0.03125,0.875,0.15625,58.240002,-95.199997,-216.160004,0.429824,0.635392,-0.308352,692,561,402,0.8893905919223567
2024-04-25 14:16:15.293000+00:00,2024-04-25 14:15:30+00:00,2024-04-25 14:17:30+00:00,TABUENCA01-45,Sensoria-C1-E90A,Left,Gait,1.0.5,40.3882544,-3.6292402,F0:75:B1:51:59:F6,SCKS,0.0625,0.968749,-0.3125,60.48,-67.199997,-101.919998,0.411136,0.663424,-0.289664,665,553,359,1.0198221045854028
2024-04-25 14:16:15.302000+00:00,2024-04-25 14:15:30+00:00,2024-04-25 14:17:30+00:00,TABUENCA01-45,Sensoria-C1-EEA1,Right,Gait,1.0.5,40.3882544,-3.6292402,CB:AA:BC:3F:36:A5,SCKS,-0.792969,1.996095,-0.523438,-32.48,13.440001,285.600006,0.289664,0.803584,-0.270976,288,597,702,2.2106972709600017
2024-04-25 14:16:15.318000+00:00,2024-04-25 14:15:30+00:00,2024-04-25 14:17:30+00:00,TABUENCA01-45,Sensoria-C1-EEA1,Right,Gait,1.0.5,40.3882544,-3.6292402,CB:AA:BC:3F:36:A5,SCKS,-0.660157,0.738282,-0.746094,13.440001,-50.400002,301.279999,0.401792,0.79424,-0.261632,407,679,705,1.239969287123274
2024-04-25 14:16:15.326000+00:00,2024-04-25 14:15:30+00:00,2024-04-25 14:17:30+00:00,TABUENCA01-45,Sensoria-C1-E90A,Left,Gait,1.0.5,40.3882544,-3.6292402,F0:75:B1:51:59:F6,SCKS,0.125,0.9375,-0.21875,29.120001,-45.920002,-51.52,0.392448,0.672768,-0.28032,635,534,349,0.9707640354380667
2024-04-25 14:16:15.334000+00:00,2024-04-25 14:15:30+00:00,2024-04-25 14:17:30+00:00,TABUENCA01-45,Sensoria-C1-EEA1,Right,Gait,1.0.5,40.3882544,-3.6292402,CB:AA:BC:3F:36:A5,SCKS,0.953126,0.25,-0.914063,25.76,90.720001,169.119995,0.429824,0.784896,-0.252288,461,706,705,1.3440462565868037
2024-04-25 14:16:15.358000+00:00,2024-04-25 14:15:30+00:00,2024-04-25 14:17:30+00:00,TABUENCA01-45,Sensoria-C1-E90A,Left,Gait,1.0.5,40.3882544,-3.6292402,F0:75:B1:51:59:F6,SCKS,0.09375,0.968749,-0.1875,15.68,-35.84,-28.0,0.392448,0.682112,-0.270976,608,512,350,0.9911709930688044
2024-04-25 14:16:15.367000+00:00,2024-04-25 14:15:30+00:00,2024-04-25 14:17:30+00:00,TABUENCA01-45,Sensoria-C1-EEA1,Right,Gait,1.0.5,40.3882544,-3.6292402,CB:AA:BC:3F:36:A5,SCKS,-1.433595,0.515625,-0.585938,14.56,196.0,1.12,0.448512,0.775552,-0.252288,476,712,704,1.6322950421091156
2024-04-25 14:16:15.383000+00:00,2024-04-25 14:15:30+00:00,2024-04-25 14:17:30+00:00,TABUENCA01-45,Sensoria-C1-EEA1,Right,Gait,1.0.5,40.3882544,-3.6292402,CB:AA:BC:3F:36:A5,SCKS,-1.359376,0.160156,-0.128906,-21.280001,132.160004,-77.279999,0.439168,0.784896,-0.270976,485,718,702,1.3748344665987975
2024-04-25 14:16:15.391000+00:00,2024-04-25 14:15:30+00:00,2024-04-25 14:17:30+00:00,TABUENCA01-45,Sensoria-C1-E90A,Left,Gait,1.0.5,40.3882544,-3.6292402,F0:75:B1:51:59:F6,SCKS,0.15625,1.031249,-0.21875,6.72,-26.880001,-23.52,0.383104,0.691456,-0.261632,584,490,371,1.0657110888983938
2024-04-25 14:16:15.400000+00:00,2024-04-25 14:15:30+00:00,2024-04-25 14:17:30+00:00,TABUENCA01-45,Sensoria-C1-EEA1,Right,Gait,1.0.5,40.3882544,-3.6292402,CB:AA:BC:3F:36:A5,SCKS,-0.699219,-0.152344,0.109375,-7.84,71.68,-96.32,0.429824,0.784896,-0.289664,489,720,702,0.7239328663087483
2024-04-25 14:16:15.415000+00:00,2024-04-25 14:15:30+00:00,2024-04-25 14:17:30+00:00,TABUENCA01-45,Sensoria-C1-EEA1,Right,Gait,1.0.5,40.3882544,-3.6292402,CB:AA:BC:3F:36:A5,SCKS,-0.472657,-0.117188,0.085938,32.48,35.84,-140.0,0.429824,0.784896,-0.289664,489,720,700,0.4944926762218021
2024-04-25 14:16:15.423000+00:00,2024-04-25 14:15:30+00:00,2024-04-25 14:17:30+00:00,TABUENCA01-45,Sensoria-C1-E90A,Left,Gait,1.0.5,40.3882544,-3.6292402,F0:75:B1:51:59:F6,SCKS,0.09375,0.9375,-0.21875,-2.24,-38.080002,-29.120001,0.37376,0.691456,-0.261632,564,473,411,0.967236721283885
2024-04-25 14:16:15.448000+00:00,2024-04-25 14:15:30+00:00,2024-04-25 14:17:30+00:00,TABUENCA01-45,Sensoria-C1-EEA1,Right,Gait,1.0.5,40.3882544,-3.6292402,CB:AA:BC:3F:36:A5,SCKS,-0.484375,0.113281,0.027344,53.760002,13.440001,-217.279999,0.401792,0.79424,-0.261632,490,719,698,0.4981961661052803
2024-04-25 14:16:15.456000+00:00,2024-04-25 14:15:30+00:00,2024-04-25 14:17:30+00:00,TABUENCA01-45,Sensoria-C1-E90A,Left,Gait,1.0.5,40.3882544,-3.6292402,F0:75:B1:51:59:F6,SCKS,0.03125,0.9375,-0.1875,1.12,-47.040001,-25.76,0.37376,0.7008,-0.252288,549,457,458,0.9565767415633729
2024-04-25 14:16:15.464000+00:00,2024-04-25 14:15:30+00:00,2024-04-25 14:17:30+00:00,TABUENCA01-45,Sensoria-C1-EEA1,Right,Gait,1.0.5,40.3882544,-3.6292402,CB:AA:BC:3F:36:A5,SCKS,-0.515625,0.492188,-0.066406,44.799999,-32.48,-269.920013,0.355072,0.812928,-0.270976,489,718,697,0.7159105564279661
2024-04-25 14:16:15.480000+00:00,2024-04-25 14:15:30+00:00,2024-04-25 14:17:30+00:00,TABUENCA01-45,Sensoria-C1-EEA1,Right,Gait,1.0.5,40.3882544,-3.6292402,CB:AA:BC:3F:36:A5,SCKS,-0.554688,0.609375,-0.054688,38.080002,-62.720001,-316.959991,0.299008,0.812928,-0.252288,490,716,695,0.8258374206301141
2024-04-25 14:16:15.488000+00:00,2024-04-25 14:15:30+00:00,2024-04-25 14:17:30+00:00,TABUENCA01-45,Sensoria-C1-E90A,Left,Gait,1.0.5,40.3882544,-3.6292402,F0:75:B1:51:59:F6,SCKS,0.0625,0.9375,-0.25,3.36,-50.400002,-17.92,0.37376,0.7008,-0.252288,535,444,503,0.9722718241315028
2024-04-25 14:16:15.497000+00:00,2024-04-25 14:15:30+00:00,2024-04-25 14:17:30+00:00,TABUENCA01-45,Sensoria-C1-EEA1,Right,Gait,1.0.5,40.3882544,-3.6292402,CB:AA:BC:3F:36:A5,SCKS,-0.542969,0.843751,-0.066406,42.560001,-90.720001,-353.920013,0.2336,0.803584,-0.242944,488,715,695,1.0055549919313216
2024-04-25 14:16:15.513000+00:00,2024-04-25 14:15:30+00:00,2024-04-25 14:17:30+00:00,TABUENCA01-45,Sensoria-C1-EEA1,Right,Gait,1.0.5,40.3882544,-3.6292402,CB:AA:BC:3F:36:A5,SCKS,-0.445313,1.207032,-0.082031,36.959999,-90.720001,-384.160004,0.2336,0.803584,-0.242944,489,714,695,1.2891698887090097
2024-04-25 14:16:15.520000+00:00,2024-04-25 14:15:30+00:00,2024-04-25 14:17:30+00:00,TABUENCA01-45,Sensoria-C1-E90A,Left,Gait,1.0.5,40.3882544,-3.6292402,F0:75:B1:51:59:F6,SCKS,0.0625,0.9375,-0.25,-1.12,-41.439999,-19.040001,0.364416,0.710144,-0.252288,524,432,541,0.9722718241315028
2024-04-25 14:16:15.545000+00:00,2024-04-25 14:15:30+00:00,2024-04-25 14:17:30+00:00,TABUENCA01-45,Sensoria-C1-EEA1,Right,Gait,1.0.5,40.3882544,-3.6292402,CB:AA:BC:3F:36:A5,SCKS,-0.421875,1.734376,-0.113281,15.68,-53.760002,-400.959991,0.168192,0.784896,-0.252288,488,713,695,1.788538847764286
2024-04-25 14:16:15.553000+00:00,2024-04-25 14:15:30+00:00,2024-04-25 14:17:30+00:00,TABUENCA01-45,Sensoria-C1-E90A,Left,Gait,1.0.5,40.3882544,-3.6292402,F0:75:B1:51:59:F6,SCKS,0.03125,0.9375,-0.25,-3.36,-41.439999,-23.52,0.355072,0.710144,-0.252288,512,418,572,0.9707640354380667
2024-04-25 14:16:15.562000+00:00,2024-04-25 14:15:30+00:00,2024-04-25 14:17:30+00:00,TABUENCA01-45,Sensoria-C1-EEA1,Right,Gait,1.0.5,40.3882544,-3.6292402,CB:AA:BC:3F:36:A5,SCKS,-0.34375,1.996095,0.070313,-15.68,15.68,-399.839996,0.102784,0.756864,-0.252288,488,712,695,2.0266976166892783
2024-04-25 14:16:15.578000+00:00,2024-04-25 14:15:30+00:00,2024-04-25 14:17:30+00:00,TABUENCA01-45,Sensoria-C1-EEA1,Right,Gait,1.0.5,40.3882544,-3.6292402,CB:AA:BC:3F:36:A5,SCKS,-0.105469,1.996095,0.105469,29.120001,-12.32,-403.200012,0.037376,0.719488,-0.252288,488,713,694,2.0016599783547155
2024-04-25 14:16:15.586000+00:00,2024-04-25 14:15:30+00:00,2024-04-25 14:17:30+00:00,TABUENCA01-45,Sensoria-C1-E90A,Left,Gait,1.0.5,40.3882544,-3.6292402,F0:75:B1:51:59:F6,SCKS,0.0,0.9375,-0.15625,4.48,-35.84,-32.48,0.345728,0.719488,-0.242944,493,391,609,0.9504316453590969
2024-04-25 14:16:15.594000+00:00,2024-04-25 14:15:30+00:00,2024-04-25 14:17:30+00:00,TABUENCA01-45,Sensoria-C1-EEA1,Right,Gait,1.0.5,40.3882544,-3.6292402,CB:AA:BC:3F:36:A5,SCKS,0.714844,1.996095,0.070313,53.760002,-30.24,-408.799988,-0.009344,0.672768,-0.252288,488,713,696,2.121400742747584
2024-04-25 14:16:15.602000+00:00,2024-04-25 14:15:30+00:00,2024-04-25 14:17:30+00:00,TABUENCA01-45,Sensoria-C1-E90A,Left,Gait,1.0.5,40.3882544,-3.6292402,F0:75:B1:51:59:F6,SCKS,0.0,0.968749,-0.1875,10.08,-29.120001,-39.200001,0.32704,0.719488,-0.214912,470,369,630,0.9867273559606017
2024-04-25 14:16:15.627000+00:00,2024-04-25 14:15:30+00:00,2024-04-25 14:17:30+00:00,TABUENCA01-45,Sensoria-C1-EEA1,Right,Gait,1.0.5,40.3882544,-3.6292402,CB:AA:BC:3F:36:A5,SCKS,1.484376,1.996095,-0.199219,38.080002,-25.76,-409.920013,-0.056064,0.616704,-0.242944,487,713,697,2.4954870403113696
2024-04-25 14:16:15.634000+00:00,2024-04-25 14:15:30+00:00,2024-04-25 14:17:30+00:00,TABUENCA01-45,Sensoria-C1-E90A,Left,Gait,1.0.5,40.3882544,-3.6292402,F0:75:B1:51:59:F6,SCKS,0.0625,1.062499,-0.25,10.08,-25.76,-53.760002,0.317696,0.728832,-0.2336,448,344,649,1.0933025084582035
2024-04-25 14:16:15.643000+00:00,2024-04-25 14:15:30+00:00,2024-04-25 14:17:30+00:00,TABUENCA01-45,Sensoria-C1-EEA1,Right,Gait,1.0.5,40.3882544,-3.6292402,CB:AA:BC:3F:36:A5,SCKS,1.996095,1.996095,-0.164063,16.799999,35.84,-339.360016,-0.056064,0.616704,-0.242944,486,713,699,2.827668149910629
2024-04-25 14:16:15.659000+00:00,2024-04-25 14:15:30+00:00,2024-04-25 14:17:30+00:00,TABUENCA01-45,Sensoria-C1-EEA1,Right,Gait,1.0.5,40.3882544,-3.6292402,CB:AA:BC:3F:36:A5,SCKS,1.996095,1.632814,0.242188,62.720001,19.040001,-200.479996,-0.074752,0.569984,-0.2336,485,713,701,2.5901991882797355
2024-04-25 14:16:15.667000+00:00,2024-04-25 14:15:30+00:00,2024-04-25 14:17:30+00:00,TABUENCA01-45,Sensoria-C1-E90A,Left,Gait,1.0.5,40.3882544,-3.6292402,F0:75:B1:51:59:F6,SCKS,0.09375,1.187499,-0.125,0.0,-32.48,-76.160004,0.308352,0.738176,-0.224256,420,316,672,1.1977345020917616
2024-04-25 14:16:15.675000+00:00,2024-04-25 14:15:30+00:00,2024-04-25 14:17:30+00:00,TABUENCA01-45,Sensoria-C1-EEA1,Right,Gait,1.0.5,40.3882544,-3.6292402,CB:AA:BC:3F:36:A5,SCKS,1.996095,1.847658,0.558594,52.639999,39.200001,-85.120003,-0.084096,0.551296,-0.242944,484,714,702,2.7767359598681685
2024-04-25 14:16:15.692000+00:00,2024-04-25 14:15:30+00:00,2024-04-25 14:17:30+00:00,TABUENCA01-45,Sensoria-C1-EEA1,Right,Gait,1.0.5,40.3882544,-3.6292402,CB:AA:BC:3F:36:A5,SCKS,1.996095,1.843751,1.089845,-6.72,5.6,75.040001,-0.074752,0.551296,-0.242944,483,714,705,2.9277252471929467
2024-04-25 14:16:15.699000+00:00,2024-04-25 14:15:30+00:00,2024-04-25 14:17:30+00:00,TABUENCA01-45,Sensoria-C1-E90A,Left,Gait,1.0.5,40.3882544,-3.6292402,F0:75:B1:51:59:F6,SCKS,0.09375,1.312499,-0.09375,3.36,-22.4,-103.040001,0.289664,0.74752,-0.224256,395,298,690,1.3191784375136673
2024-04-25 14:16:15.724000+00:00,2024-04-25 14:15:30+00:00,2024-04-25 14:17:30+00:00,TABUENCA01-45,Sensoria-C1-EEA1,Right,Gait,1.0.5,40.3882544,-3.6292402,CB:AA:BC:3F:36:A5,SCKS,-1.042969,1.144532,-0.402344,10.08,-125.440002,151.199997,-0.074752,0.569984,-0.252288,483,713,699,1.599880785659044
2024-04-25 14:16:15.732000+00:00,2024-04-25 14:15:30+00:00,2024-04-25 14:17:30+00:00,TABUENCA01-45,Sensoria-C1-E90A,Left,Gait,1.0.5,40.3882544,-3.6292402,F0:75:B1:51:59:F6,SCKS,0.15625,1.437499,-0.21875,-3.36,-28.0,-127.68,0.270976,0.756864,-0.224256,381,297,699,1.462418886639871
2024-04-25 14:16:15.740000+00:00,2024-04-25 14:15:30+00:00,2024-04-25 14:17:30+00:00,TABUENCA01-45,Sensoria-C1-EEA1,Right,Gait,1.0.5,40.3882544,-3.6292402,CB:AA:BC:3F:36:A5,SCKS,-2.000001,0.742188,0.769532,44.799999,-136.639999,76.160004,-0.074752,0.569984,-0.252288,494,713,674,2.2678241833019155
2024-04-25 14:16:15.757000+00:00,2024-04-25 14:15:30+00:00,2024-04-25 14:17:30+00:00,TABUENCA01-45,Sensoria-C1-EEA1,Right,Gait,1.0.5,40.3882544,-3.6292402,CB:AA:BC:3F:36:A5,SCKS,0.843751,1.437501,0.785157,51.52,-152.320007,243.040009,-0.065408,0.598016,-0.270976,503,717,629,1.8424973241910014
2024-04-25 14:16:15.764000+00:00,2024-04-25 14:15:30+00:00,2024-04-25 14:17:30+00:00,TABUENCA01-45,Sensoria-C1-E90A,Left,Gait,1.0.5,40.3882544,-3.6292402,F0:75:B1:51:59:F6,SCKS,0.40625,1.781249,-0.0625,-15.68,-29.120001,-156.800003,0.214912,0.784896,-0.214912,395,330,700,1.8280572508816566
2024-04-25 14:16:15.773000+00:00,2024-04-25 14:15:30+00:00,2024-04-25 14:17:30+00:00,TABUENCA01-45,Sensoria-C1-EEA1,Right,Gait,1.0.5,40.3882544,-3.6292402,CB:AA:BC:3F:36:A5,SCKS,0.363282,1.492189,0.078125,30.24,16.799999,231.839996,-0.056064,0.635392,-0.289664,509,721,562,1.537759844341762
2024-04-25 14:16:15.798000+00:00,2024-04-25 14:15:30+00:00,2024-04-25 14:17:30+00:00,TABUENCA01-45,Sensoria-C1-E90A,Left,Gait,1.0.5,40.3882544,-3.6292402,F0:75:B1:51:59:F6,SCKS,1.093749,2.343749,0.09375,-32.48,-40.32,-189.279999,0.177536,0.79424,-0.2336,449,379,699,2.5880949195309664
2024-04-25 14:16:15.806000+00:00,2024-04-25 14:15:30+00:00,2024-04-25 14:17:30+00:00,TABUENCA01-45,Sensoria-C1-EEA1,Right,Gait,1.0.5,40.3882544,-3.6292402,CB:AA:BC:3F:36:A5,SCKS,0.101563,1.26172,-0.621094,47.040001,31.360001,206.080002,-0.028032,0.663424,-0.261632,511,721,491,1.4099681408475158
2024-04-25 14:16:15.822000+00:00,2024-04-25 14:15:30+00:00,2024-04-25 14:17:30+00:00,TABUENCA01-45,Sensoria-C1-EEA1,Right,Gait,1.0.5,40.3882544,-3.6292402,CB:AA:BC:3F:36:A5,SCKS,0.296875,1.191407,-0.300781,14.56,-34.720001,187.039993,-0.018688,0.691456,-0.270976,508,723,435,1.2641418493329775
2024-04-25 14:16:15.830000+00:00,2024-04-25 14:15:30+00:00,2024-04-25 14:17:30+00:00,TABUENCA01-45,Sensoria-C1-E90A,Left,Gait,1.0.5,40.3882544,-3.6292402,F0:75:B1:51:59:F6,SCKS,0.40625,2.124999,-0.28125,-50.400002,-87.360001,-218.399994,0.14016,0.79424,-0.2336,509,430,701,2.1816877354472615
2024-04-25 14:16:15.839000+00:00,2024-04-25 14:15:30+00:00,2024-04-25 14:17:30+00:00,TABUENCA01-45,Sensoria-C1-EEA1,Right,Gait,1.0.5,40.3882544,-3.6292402,CB:AA:BC:3F:36:A5,SCKS,0.285156,0.937501,0.3125,-16.799999,19.040001,155.680008,-0.018688,0.691456,-0.270976,496,728,396,1.0285321187678098
2024-04-25 14:16:15.854000+00:00,2024-04-25 14:15:30+00:00,2024-04-25 14:17:30+00:00,TABUENCA01-45,Sensoria-C1-EEA1,Right,Gait,1.0.5,40.3882544,-3.6292402,CB:AA:BC:3F:36:A5,SCKS,0.023438,0.996094,0.027344,-3.36,16.799999,116.480003,0.0,0.710144,-0.28032,479,724,365,0.996744847499098
2024-04-25 14:16:15.862000+00:00,2024-04-25 14:15:30+00:00,2024-04-25 14:17:30+00:00,TABUENCA01-45,Sensoria-C1-E90A,Left,Gait,1.0.5,40.3882544,-3.6292402,F0:75:B1:51:59:F6,SCKS,1.124999,1.499999,-0.59375,6.72,19.040001,-286.720001,0.084096,0.803584,-0.242944,585,498,705,1.9667635375158856
2024-04-25 14:16:15.887000+00:00,2024-04-25 14:15:30+00:00,2024-04-25 14:17:30+00:00,TABUENCA01-45,Sensoria-C1-EEA1,Right,Gait,1.0.5,40.3882544,-3.6292402,CB:AA:BC:3F:36:A5,SCKS,-0.082031,0.968751,0.011719,-6.72,24.639999,95.199997,0.009344,0.710144,-0.28032,465,715,351,0.9722884962412134
2024-04-25 14:16:15.903000+00:00,2024-04-25 14:15:30+00:00,2024-04-25 14:17:30+00:00,TABUENCA01-45,Sensoria-C1-EEA1,Right,Gait,1.0.5,40.3882544,-3.6292402,CB:AA:BC:3F:36:A5,SCKS,-0.027344,0.988282,0.101563,0.0,3.36,63.84,0.028032,0.728832,-0.270976,451,699,343,0.993863194221921
2024-04-25 14:16:15.911000+00:00,2024-04-25 14:15:30+00:00,2024-04-25 14:17:30+00:00,TABUENCA01-45,Sensoria-C1-E90A,Left,Gait,1.0.5,40.3882544,-3.6292402,F0:75:B1:51:59:F6,SCKS,0.625,0.40625,-0.46875,11.2,-4.48,-188.160004,0.037376,0.803584,-0.2336,645,541,706,0.8805626752253357
2024-04-25 14:16:15.920000+00:00,2024-04-25 14:15:30+00:00,2024-04-25 14:17:30+00:00,TABUENCA01-45,Sensoria-C1-EEA1,Right,Gait,1.0.5,40.3882544,-3.6292402,CB:AA:BC:3F:36:A5,SCKS,-0.050781,1.011719,0.039063,7.84,-3.36,45.920002,0.028032,0.728832,-0.270976,439,683,341,1.0137455118968468
2024-04-25 14:16:15.927000+00:00,2024-04-25 14:15:30+00:00,2024-04-25 14:17:30+00:00,TABUENCA01-45,Sensoria-C1-E90A,Left,Gait,1.0.5,40.3882544,-3.6292402,F0:75:B1:51:59:F6,SCKS,0.90625,0.28125,-0.21875,5.6,-176.960007,29.120001,-0.018688,0.79424,-0.242944,688,553,706,0.9737772781801802
2024-04-25 14:16:15.936000+00:00,2024-04-25 14:15:30+00:00,2024-04-25 14:17:30+00:00,TABUENCA01-45,Sensoria-C1-EEA1,Right,Gait,1.0.5,40.3882544,-3.6292402,CB:AA:BC:3F:36:A5,SCKS,-0.054688,1.000001,-0.039063,6.72,2.24,35.84,0.028032,0.728832,-0.270976,428,672,344,1.0022568010814394
2024-04-25 14:16:15.943000+00:00,2024-04-25 14:15:30+00:00,2024-04-25 14:17:30+00:00,TABUENCA01-45,Sensoria-C1-E90A,Left,Gait,1.0.5,40.3882544,-3.6292402,F0:75:B1:51:59:F6,SCKS,1.031249,0.0,-0.03125,-8.96,-60.48,153.440002,0.0,0.79424,-0.252288,697,554,705,1.03172237666002
2024-04-25 14:16:15.952000+00:00,2024-04-25 14:15:30+00:00,2024-04-25 14:17:30+00:00,TABUENCA01-45,Sensoria-C1-EEA1,Right,Gait,1.0.5,40.3882544,-3.6292402,CB:AA:BC:3F:36:A5,SCKS,-0.074219,0.984376,0.007813,4.48,1.12,28.0,0.028032,0.728832,-0.261632,421,662,349,0.9872008976424201
2024-04-25 14:16:15.976000+00:00,2024-04-25 14:15:30+00:00,2024-04-25 14:17:30+00:00,TABUENCA01-45,Sensoria-C1-E90A,Left,Gait,1.0.5,40.3882544,-3.6292402,F0:75:B1:51:59:F6,SCKS,0.375,0.0625,0.09375,-22.4,25.76,194.880005,0.056064,0.803584,-0.252288,702,554,702,0.3915613776919271
2024-04-25 14:16:15.985000+00:00,2024-04-25 14:15:30+00:00,2024-04-25 14:17:30+00:00,TABUENCA01-45,Sensoria-C1-EEA1,Right,Gait,1.0.5,40.3882544,-3.6292402,CB:AA:BC:3F:36:A5,SCKS,-0.09375,0.992188,-0.101563,4.48,3.36,26.880001,0.037376,0.728832,-0.252288,414,656,361,1.0017690017229521
2024-04-25 14:16:16.001000+00:00,2024-04-25 14:15:30+00:00,2024-04-25 14:17:30+00:00,TABUENCA01-45,Sensoria-C1-EEA1,Right,Gait,1.0.5,40.3882544,-3.6292402,CB:AA:BC:3F:36:A5,SCKS,-0.074219,0.976563,-0.101563,-5.6,12.32,29.120001,0.037376,0.738176,-0.270976,408,652,374,0.984631299471533
2024-04-25 14:16:16.017000+00:00,2024-04-25 14:15:30+00:00,2024-04-25 14:17:30+00:00,TABUENCA01-45,Sensoria-C1-EEA1,Right,Gait,1.0.5,40.3882544,-3.6292402,CB:AA:BC:3F:36:A5,SCKS,-0.066406,0.960938,-0.074219,-11.2,19.040001,30.24,0.04672,0.738176,-0.252288,401,648,389,0.9660849117137685
2024-04-25 14:16:16.033000+00:00,2024-04-25 14:15:30+00:00,2024-04-25 14:17:30+00:00,TABUENCA01-45,Sensoria-C1-EEA1,Right,Gait,1.0.5,40.3882544,-3.6292402,CB:AA:BC:3F:36:A5,SCKS,-0.039063,0.968751,-0.050781,-10.08,23.52,32.48,0.04672,0.738176,-0.252288,394,642,403,0.970867204066035
2024-04-25 14:16:16.041000+00:00,2024-04-25 14:15:30+00:00,2024-04-25 14:17:30+00:00,TABUENCA01-45,Sensoria-C1-E90A,Left,Gait,1.0.5,40.3882544,-3.6292402,F0:75:B1:51:59:F6,SCKS,0.34375,0.65625,-0.28125,-10.08,29.120001,319.200012,0.168192,0.79424,-0.252288,703,549,701,0.7924201458191229
2024-04-25 14:16:16.066000+00:00,2024-04-25 14:15:30+00:00,2024-04-25 14:17:30+00:00,TABUENCA01-45,Sensoria-C1-EEA1,Right,Gait,1.0.5,40.3882544,-3.6292402,CB:AA:BC:3F:36:A5,SCKS,-0.039063,0.964844,-0.019531,-5.6,24.639999,32.48,0.04672,0.738176,-0.252288,384,635,416,0.9658319327222518
2024-04-25 14:16:16.073000+00:00,2024-04-25 14:15:30+00:00,2024-04-25 14:17:30+00:00,TABUENCA01-45,Sensoria-C1-E90A,Left,Gait,1.0.5,40.3882544,-3.6292402,F0:75:B1:51:59:F6,SCKS,0.375,1.156249,-0.15625,-8.96,40.32,383.040009,0.224256,0.775552,-0.261632,703,548,698,1.225541028485379
2024-04-25 14:16:16.082000+00:00,2024-04-25 14:15:30+00:00,2024-04-25 14:17:30+00:00,TABUENCA01-45,Sensoria-C1-EEA1,Right,Gait,1.0.5,40.3882544,-3.6292402,CB:AA:BC:3F:36:A5,SCKS,-0.023438,0.968751,-0.046875,4.48,25.76,32.48,0.065408,0.738176,-0.252288,373,628,427,0.9701675656658493
2024-04-25 14:16:16.106000+00:00,2024-04-25 14:15:30+00:00,2024-04-25 14:17:30+00:00,TABUENCA01-45,Sensoria-C1-E90A,Left,Gait,1.0.5,40.3882544,-3.6292402,F0:75:B1:51:59:F6,SCKS,0.4375,1.843749,-0.1875,-3.36,34.720001,412.160004,0.364416,0.710144,-0.252288,702,547,696,1.904198748818253
2024-04-25 14:16:16.114000+00:00,2024-04-25 14:15:30+00:00,2024-04-25 14:17:30+00:00,TABUENCA01-45,Sensoria-C1-EEA1,Right,Gait,1.0.5,40.3882544,-3.6292402,CB:AA:BC:3F:36:A5,SCKS,-0.054688,0.933594,-0.035156,7.84,25.76,34.720001,0.056064,0.738176,-0.252288,361,621,441,0.935854945232433
2024-04-25 14:16:16.115000+00:00,2024-04-25 14:15:30+00:00,2024-04-25 14:17:30+00:00,TABUENCA01-45,Sensoria-C1-EEA1,Right,Gait,1.0.5,40.3882544,-3.6292402,CB:AA:BC:3F:36:A5,SCKS,-0.074219,0.933594,0.007813,4.48,20.16,42.560001,0.074752,0.74752,-0.242944,347,610,453,0.9365720793222485
2024-04-25 14:16:16.138000+00:00,2024-04-25 14:15:30+00:00,2024-04-25 14:17:30+00:00,TABUENCA01-45,Sensoria-C1-E90A,Left,Gait,1.0.5,40.3882544,-3.6292402,F0:75:B1:51:59:F6,SCKS,0.1875,2.749999,-0.15625,6.72,52.639999,433.440002,0.429824,0.644736,-0.261632,702,545,695,2.760808724359766
2024-04-25 14:16:16.147000+00:00,2024-04-25 14:15:30+00:00,2024-04-25 14:17:30+00:00,TABUENCA01-45,Sensoria-C1-EEA1,Right,Gait,1.0.5,40.3882544,-3.6292402,CB:AA:BC:3F:36:A5,SCKS,-0.054688,0.960938,0.027344,1.12,10.08,53.760002,0.065408,0.756864,-0.2336,330,598,459,0.962881255152472
2024-04-25 14:16:16.163000+00:00,2024-04-25 14:15:30+00:00,2024-04-25 14:17:30+00:00,TABUENCA01-45,Sensoria-C1-EEA1,Right,Gait,1.0.5,40.3882544,-3.6292402,CB:AA:BC:3F:36:A5,SCKS,-0.019531,1.027344,0.003906,-1.12,2.24,62.720001,0.065408,0.756864,-0.2336,313,582,470,1.0275370607102208
2024-04-25 14:16:16.170000+00:00,2024-04-25 14:15:30+00:00,2024-04-25 14:17:30+00:00,TABUENCA01-45,Sensoria-C1-E90A,Left,Gait,1.0.5,40.3882544,-3.6292402,F0:75:B1:51:59:F6,SCKS,-0.59375,3.187498,0.125,-15.68,62.720001,431.200012,0.4672,0.579328,-0.270976,702,546,695,3.2447353609353105
2024-04-25 14:16:16.179000+00:00,2024-04-25 14:15:30+00:00,2024-04-25 14:17:30+00:00,TABUENCA01-45,Sensoria-C1-EEA1,Right,Gait,1.0.5,40.3882544,-3.6292402,CB:AA:BC:3F:36:A5,SCKS,-0.023438,1.050782,-0.007813,-2.24,2.24,68.32,0.074752,0.756864,-0.2336,294,563,479,1.0510724020432656
2024-04-25 14:16:16.195000+00:00,2024-04-25 14:15:30+00:00,2024-04-25 14:17:30+00:00,TABUENCA01-45,Sensoria-C1-EEA1,Right,Gait,1.0.5,40.3882544,-3.6292402,CB:AA:BC:3F:36:A5,SCKS,-0.097656,1.121095,-0.074219,0.0,-2.24,81.760002,0.09344,0.756864,-0.2336,274,542,501,1.1277850652149992
2024-04-25 14:16:16.203000+00:00,2024-04-25 14:15:30+00:00,2024-04-25 14:17:30+00:00,TABUENCA01-45,Sensoria-C1-E90A,Left,Gait,1.0.5,40.3882544,-3.6292402,F0:75:B1:51:59:F6,SCKS,-1.593749,2.531249,-1.187499,19.040001,120.959999,266.559998,0.504576,0.51392,-0.289664,699,546,701,3.218293220016318
2024-04-25 14:16:16.211000+00:00,2024-04-25 14:15:30+00:00,2024-04-25 14:17:30+00:00,TABUENCA01-45,Sensoria-C1-EEA1,Right,Gait,1.0.5,40.3882544,-3.6292402,CB:AA:BC:3F:36:A5,SCKS,-0.085938,1.171876,0.0,0.0,-6.72,104.160004,0.102784,0.766208,-0.242944,253,520,541,1.175022850509725
2024-04-25 14:16:16.235000+00:00,2024-04-25 14:15:30+00:00,2024-04-25 14:17:30+00:00,TABUENCA01-45,Sensoria-C1-E90A,Left,Gait,1.0.5,40.3882544,-3.6292402,F0:75:B1:51:59:F6,SCKS,-3.343748,1.468749,-0.625,25.76,-73.919998,96.32,0.51392,0.476544,-0.32704,698,545,703,3.7051989572093156
2024-04-25 14:16:16.244000+00:00,2024-04-25 14:15:30+00:00,2024-04-25 14:17:30+00:00,TABUENCA01-45,Sensoria-C1-EEA1,Right,Gait,1.0.5,40.3882544,-3.6292402,CB:AA:BC:3F:36:A5,SCKS,-0.054688,1.277345,0.066406,0.0,-16.799999,126.559998,0.121472,0.775552,-0.242944,237,496,594,1.280238564957719
2024-04-25 14:16:16.268000+00:00,2024-04-25 14:15:30+00:00,2024-04-25 14:17:30+00:00,TABUENCA01-45,Sensoria-C1-E90A,Left,Gait,1.0.5,40.3882544,-3.6292402,F0:75:B1:51:59:F6,SCKS,-0.15625,3.999998,-0.25,34.720001,-19.040001,-129.919998,0.51392,0.485888,-0.299008,695,546,707,4.0108475491476865
2024-04-25 14:16:16.276000+00:00,2024-04-25 14:15:30+00:00,2024-04-25 14:17:30+00:00,TABUENCA01-45,Sensoria-C1-EEA1,Right,Gait,1.0.5,40.3882544,-3.6292402,CB:AA:BC:3F:36:A5,SCKS,-0.125,1.464845,-0.09375,1.12,-26.880001,141.119995,0.121472,0.775552,-0.242944,222,475,638,1.4731547564750282
2024-04-25 14:16:16.277000+00:00,2024-04-25 14:15:30+00:00,2024-04-25 14:17:30+00:00,TABUENCA01-45,Sensoria-C1-EEA1,Right,Gait,1.0.5,40.3882544,-3.6292402,CB:AA:BC:3F:36:A5,SCKS,-0.078125,1.546876,-0.1875,-5.6,-19.040001,157.919998,0.149504,0.784896,-0.242944,209,465,666,1.560155481034182
2024-04-25 14:16:16.284000+00:00,2024-04-25 14:15:30+00:00,2024-04-25 14:17:30+00:00,TABUENCA01-45,Sensoria-C1-E90A,Left,Gait,1.0.5,40.3882544,-3.6292402,F0:75:B1:51:59:F6,SCKS,2.749999,0.4375,1.312499,49.279999,124.32,-106.400002,0.51392,0.504576,-0.299008,698,545,689,3.0784012693282854
2024-04-25 14:16:16.317000+00:00,2024-04-25 14:15:30+00:00,2024-04-25 14:17:30+00:00,TABUENCA01-45,Sensoria-C1-E90A,Left,Gait,1.0.5,40.3882544,-3.6292402,F0:75:B1:51:59:F6,SCKS,-0.6875,2.031249,0.15625,77.279999,129.919998,-236.320007,0.485888,0.541952,-0.336384,704,549,632,2.150126231759661
2024-04-25 14:16:16.325000+00:00,2024-04-25 14:15:30+00:00,2024-04-25 14:17:30+00:00,TABUENCA01-45,Sensoria-C1-EEA1,Right,Gait,1.0.5,40.3882544,-3.6292402,CB:AA:BC:3F:36:A5,SCKS,-0.53125,1.972658,0.242188,-24.639999,21.280001,193.759995,0.196224,0.79424,-0.2336,199,478,694,2.057246017084004
2024-04-25 14:16:16.342000+00:00,2024-04-25 14:15:30+00:00,2024-04-25 14:17:30+00:00,TABUENCA01-45,Sensoria-C1-EEA1,Right,Gait,1.0.5,40.3882544,-3.6292402,CB:AA:BC:3F:36:A5,SCKS,-1.007813,1.996095,0.484375,-40.32,54.880001,217.279999,0.196224,0.79424,-0.242944,208,499,699,2.2879469907799437
2024-04-25 14:16:16.349000+00:00,2024-04-25 14:15:30+00:00,2024-04-25 14:17:30+00:00,TABUENCA01-45,Sensoria-C1-E90A,Left,Gait,1.0.5,40.3882544,-3.6292402,F0:75:B1:51:59:F6,SCKS,0.21875,1.406249,-0.875,106.400002,0.0,-200.479996,0.4672,0.588672,-0.336384,703,551,515,1.6706324588313852
2024-04-25 14:16:16.358000+00:00,2024-04-25 14:15:30+00:00,2024-04-25 14:17:30+00:00,TABUENCA01-45,Sensoria-C1-EEA1,Right,Gait,1.0.5,40.3882544,-3.6292402,CB:AA:BC:3F:36:A5,SCKS,-0.855469,1.996095,0.382813,-53.760002,62.720001,253.119995,0.252288,0.803584,-0.242944,231,525,701,2.2051685314177236
2024-04-25 14:16:16.382000+00:00,2024-04-25 14:15:30+00:00,2024-04-25 14:17:30+00:00,TABUENCA01-45,Sensoria-C1-E90A,Left,Gait,1.0.5,40.3882544,-3.6292402,F0:75:B1:51:59:F6,SCKS,-0.34375,1.031249,0.0625,70.559998,-11.2,-198.240005,0.439168,0.616704,-0.336384,696,560,424,1.0888272647674655
2024-04-25 14:16:16.390000+00:00,2024-04-25 14:15:30+00:00,2024-04-25 14:17:30+00:00,TABUENCA01-45,Sensoria-C1-EEA1,Right,Gait,1.0.5,40.3882544,-3.6292402,CB:AA:BC:3F:36:A5,SCKS,-0.742188,1.996095,-0.566407,-23.52,32.48,293.440002,0.299008,0.803584,-0.261632,274,567,703,2.203645880357822
2024-04-25 14:16:16.407000+00:00,2024-04-25 14:15:30+00:00,2024-04-25 14:17:30+00:00,TABUENCA01-45,Sensoria-C1-EEA1,Right,Gait,1.0.5,40.3882544,-3.6292402,CB:AA:BC:3F:36:A5,SCKS,-0.527344,1.996095,-0.632813,-11.2,-60.48,321.440002,0.345728,0.803584,-0.261632,335,623,703,2.159383994645232
2024-04-25 14:16:16.414000+00:00,2024-04-25 14:15:30+00:00,2024-04-25 14:17:30+00:00,TABUENCA01-45,Sensoria-C1-E90A,Left,Gait,1.0.5,40.3882544,-3.6292402,F0:75:B1:51:59:F6,SCKS,0.03125,0.968749,-0.21875,54.880001,-53.760002,-70.559998,0.401792,0.672768,-0.308352,655,550,356,0.9936310935155964
2024-04-25 14:16:16.423000+00:00,2024-04-25 14:15:30+00:00,2024-04-25 14:17:30+00:00,TABUENCA01-45,Sensoria-C1-EEA1,Right,Gait,1.0.5,40.3882544,-3.6292402,CB:AA:BC:3F:36:A5,SCKS,-0.382813,0.558594,-0.675782,22.4,-12.32,264.320007,0.401792,0.79424,-0.261632,428,684,706,0.9566892710431115
2024-04-25 14:16:16.440000+00:00,2024-04-25 14:15:30+00:00,2024-04-25 14:17:30+00:00,TABUENCA01-45,Sensoria-C1-EEA1,Right,Gait,1.0.5,40.3882544,-3.6292402,CB:AA:BC:3F:36:A5,SCKS,0.890626,0.003906,-1.164063,22.4,86.239998,165.759995,0.439168,0.784896,-0.252288,462,702,706,1.4656986718561902
2024-04-25 14:16:16.447000+00:00,2024-04-25 14:15:30+00:00,2024-04-25 14:17:30+00:00,TABUENCA01-45,Sensoria-C1-E90A,Left,Gait,1.0.5,40.3882544,-3.6292402,F0:75:B1:51:59:F6,SCKS,0.09375,0.999999,-0.125,24.639999,-31.360001,-24.639999,0.392448,0.672768,-0.299008,632,532,340,1.012132433281831
2024-04-25 14:16:16.456000+00:00,2024-04-25 14:15:30+00:00,2024-04-25 14:17:30+00:00,TABUENCA01-45,Sensoria-C1-EEA1,Right,Gait,1.0.5,40.3882544,-3.6292402,CB:AA:BC:3F:36:A5,SCKS,-1.414063,0.496094,-0.585938,8.96,228.479996,25.76,0.448512,0.784896,-0.270976,478,711,706,1.6090390811440847
2024-04-25 14:16:16.480000+00:00,2024-04-25 14:15:30+00:00,2024-04-25 14:17:30+00:00,TABUENCA01-45,Sensoria-C1-E90A,Left,Gait,1.0.5,40.3882544,-3.6292402,F0:75:B1:51:59:F6,SCKS,0.125,0.968749,-0.1875,11.2,-23.52,-16.799999,0.383104,0.682112,-0.289664,614,515,342,0.994613429931951
2024-04-25 14:16:16.488000+00:00,2024-04-25 14:15:30+00:00,2024-04-25 14:17:30+00:00,TABUENCA01-45,Sensoria-C1-EEA1,Right,Gait,1.0.5,40.3882544,-3.6292402,CB:AA:BC:3F:36:A5,SCKS,-1.48047,0.089844,-0.191406,-26.880001,113.120003,-78.400002,0.439168,0.784896,-0.270976,487,717,705,1.4954931033180996
2024-04-25 14:16:16.504000+00:00,2024-04-25 14:15:30+00:00,2024-04-25 14:17:30+00:00,TABUENCA01-45,Sensoria-C1-EEA1,Right,Gait,1.0.5,40.3882544,-3.6292402,CB:AA:BC:3F:36:A5,SCKS,-0.5625,-0.214844,0.113281,17.92,45.920002,-118.720001,0.439168,0.784896,-0.270976,489,718,702,0.6126963189843726
2024-04-25 14:16:16.512000+00:00,2024-04-25 14:15:30+00:00,2024-04-25 14:17:30+00:00,TABUENCA01-45,Sensoria-C1-E90A,Left,Gait,1.0.5,40.3882544,-3.6292402,F0:75:B1:51:59:F6,SCKS,0.15625,0.968749,-0.1875,3.36,-23.52,-14.56,0.383104,0.682112,-0.28032,603,506,361,0.9990219904992081
2024-04-25 14:16:16.521000+00:00,2024-04-25 14:15:30+00:00,2024-04-25 14:17:30+00:00,TABUENCA01-45,Sensoria-C1-EEA1,Right,Gait,1.0.5,40.3882544,-3.6292402,CB:AA:BC:3F:36:A5,SCKS,-0.613282,0.007813,0.003906,52.639999,11.2,-183.680008,0.42048,0.79424,-0.270976,490,721,703,0.6133442029798603
2024-04-25 14:16:16.537000+00:00,2024-04-25 14:15:30+00:00,2024-04-25 14:17:30+00:00,TABUENCA01-45,Sensoria-C1-EEA1,Right,Gait,1.0.5,40.3882544,-3.6292402,CB:AA:BC:3F:36:A5,SCKS,-0.683594,0.308594,-0.039063,59.360001,-14.56,-234.080002,0.383104,0.803584,-0.261632,492,720,700,0.751037237186679
2024-04-25 14:16:16.553000+00:00,2024-04-25 14:15:30+00:00,2024-04-25 14:17:30+00:00,TABUENCA01-45,Sensoria-C1-EEA1,Right,Gait,1.0.5,40.3882544,-3.6292402,CB:AA:BC:3F:36:A5,SCKS,-0.503907,0.390625,0.03125,54.880001,-45.920002,-276.640015,0.32704,0.803584,-0.261632,492,719,700,0.6383468632130966
2024-04-25 14:16:16.561000+00:00,2024-04-25 14:15:30+00:00,2024-04-25 14:17:30+00:00,TABUENCA01-45,Sensoria-C1-E90A,Left,Gait,1.0.5,40.3882544,-3.6292402,F0:75:B1:51:59:F6,SCKS,0.125,0.9375,-0.1875,0.0,-35.84,-21.280001,0.37376,0.691456,-0.28032,596,498,393,0.9642030387838445
2024-04-25 14:16:16.577000+00:00,2024-04-25 14:15:30+00:00,2024-04-25 14:17:30+00:00,TABUENCA01-45,Sensoria-C1-E90A,Left,Gait,1.0.5,40.3882544,-3.6292402,F0:75:B1:51:59:F6,SCKS,0.09375,0.9375,-0.21875,5.6,-44.799999,-21.280001,0.37376,0.691456,-0.28032,590,490,430,0.967236721283885
2024-04-25 14:16:16.586000+00:00,2024-04-25 14:15:30+00:00,2024-04-25 14:17:30+00:00,TABUENCA01-45,Sensoria-C1-EEA1,Right,Gait,1.0.5,40.3882544,-3.6292402,CB:AA:BC:3F:36:A5,SCKS,-0.53125,0.609375,0.066406,54.880001,-64.959999,-318.079987,0.270976,0.803584,-0.242944,490,718,699,0.8111560946950963
2024-04-25 14:16:16.602000+00:00,2024-04-25 14:15:30+00:00,2024-04-25 14:17:30+00:00,TABUENCA01-45,Sensoria-C1-EEA1,Right,Gait,1.0.5,40.3882544,-3.6292402,CB:AA:BC:3F:36:A5,SCKS,-0.546875,0.914063,0.050781,53.760002,-72.800003,-353.920013,0.270976,0.803584,-0.242944,490,718,699,1.0663780490778119
2024-04-25 14:16:16.609000+00:00,2024-04-25 14:15:30+00:00,2024-04-25 14:17:30+00:00,TABUENCA01-45,Sensoria-C1-E90A,Left,Gait,1.0.5,40.3882544,-3.6292402,F0:75:B1:51:59:F6,SCKS,0.09375,0.968749,-0.21875,2.24,-44.799999,-19.040001,0.37376,0.7008,-0.270976,583,478,465,0.9975546350957425
2024-04-25 14:16:16.618000+00:00,2024-04-25 14:15:30+00:00,2024-04-25 14:17:30+00:00,TABUENCA01-45,Sensoria-C1-EEA1,Right,Gait,1.0.5,40.3882544,-3.6292402,CB:AA:BC:3F:36:A5,SCKS,-0.453125,1.269532,0.027344,41.439999,-62.720001,-378.559998,0.205568,0.79424,-0.242944,491,715,698,1.3482512595896212
2024-04-25 14:16:16.634000+00:00,2024-04-25 14:15:30+00:00,2024-04-25 14:17:30+00:00,TABUENCA01-45,Sensoria-C1-EEA1,Right,Gait,1.0.5,40.3882544,-3.6292402,CB:AA:BC:3F:36:A5,SCKS,-0.382813,1.746095,0.058594,19.040001,-28.0,-393.119995,0.14016,0.775552,-0.252288,489,715,696,1.7885264322424759
2024-04-25 14:16:16.643000+00:00,2024-04-25 14:15:30+00:00,2024-04-25 14:17:30+00:00,TABUENCA01-45,Sensoria-C1-E90A,Left,Gait,1.0.5,40.3882544,-3.6292402,F0:75:B1:51:59:F6,SCKS,0.09375,0.9375,-0.21875,-2.24,-51.52,-22.4,0.364416,0.7008,-0.252288,571,461,497,0.967236721283885
2024-04-25 14:16:16.659000+00:00,2024-04-25 14:15:30+00:00,2024-04-25 14:17:30+00:00,TABUENCA01-45,Sensoria-C1-E90A,Left,Gait,1.0.5,40.3882544,-3.6292402,F0:75:B1:51:59:F6,SCKS,0.0625,0.9375,-0.15625,-3.36,-48.16,-32.48,0.355072,0.710144,-0.261632,558,442,522,0.9524844158830107
2024-04-25 14:16:16.667000+00:00,2024-04-25 14:15:30+00:00,2024-04-25 14:17:30+00:00,TABUENCA01-45,Sensoria-C1-EEA1,Right,Gait,1.0.5,40.3882544,-3.6292402,CB:AA:BC:3F:36:A5,SCKS,-0.457032,1.996095,0.207031,-10.08,36.959999,-390.880005,0.084096,0.738176,-0.242944,489,713,697,2.0581873901591177
2024-04-25 14:16:16.691000+00:00,2024-04-25 14:15:30+00:00,2024-04-25 14:17:30+00:00,TABUENCA01-45,Sensoria-C1-E90A,Left,Gait,1.0.5,40.3882544,-3.6292402,F0:75:B1:51:59:F6,SCKS,0.03125,0.968749,-0.15625,1.12,-36.959999,-42.560001,0.345728,0.719488,-0.242944,536,413,543,0.9817663927844545
2024-04-25 14:16:16.699000+00:00,2024-04-25 14:15:30+00:00,2024-04-25 14:17:30+00:00,TABUENCA01-45,Sensoria-C1-EEA1,Right,Gait,1.0.5,40.3882544,-3.6292402,CB:AA:BC:3F:36:A5,SCKS,-0.019531,1.996095,0.261719,29.120001,3.36,-394.23999,0.028032,0.7008,-0.242944,489,715,696,2.0132743340009576
2024-04-25 14:16:16.700000+00:00,2024-04-25 14:15:30+00:00,2024-04-25 14:17:30+00:00,TABUENCA01-45,Sensoria-C1-EEA1,Right,Gait,1.0.5,40.3882544,-3.6292402,CB:AA:BC:3F:36:A5,SCKS,0.523438,1.996095,0.179688,42.560001,1.12,-400.959991,0.028032,0.7008,-0.242944,487,715,696,2.0713933393281443
2024-04-25 14:16:16.716000+00:00,2024-04-25 14:15:30+00:00,2024-04-25 14:17:30+00:00,TABUENCA01-45,Sensoria-C1-EEA1,Right,Gait,1.0.5,40.3882544,-3.6292402,CB:AA:BC:3F:36:A5,SCKS,1.183595,1.996095,0.054688,32.48,-17.92,-400.959991,-0.018688,0.644736,-0.242944,489,713,698,2.321267574062499
2024-04-25 14:16:16.723000+00:00,2024-04-25 14:15:30+00:00,2024-04-25 14:17:30+00:00,TABUENCA01-45,Sensoria-C1-E90A,Left,Gait,1.0.5,40.3882544,-3.6292402,F0:75:B1:51:59:F6,SCKS,0.0625,1.062499,-0.21875,0.0,-34.720001,-60.48,0.336384,0.728832,-0.252288,495,364,574,1.0865826878342026
2024-04-25 14:16:16.732000+00:00,2024-04-25 14:15:30+00:00,2024-04-25 14:17:30+00:00,TABUENCA01-45,Sensoria-C1-EEA1,Right,Gait,1.0.5,40.3882544,-3.6292402,CB:AA:BC:3F:36:A5,SCKS,1.996095,1.996095,-0.441407,48.16,-6.72,-339.360016,-0.065408,0.598016,-0.2336,488,715,699,2.857206789453469
2024-04-25 14:16:16.755000+00:00,2024-04-25 14:15:30+00:00,2024-04-25 14:17:30+00:00,TABUENCA01-45,Sensoria-C1-E90A,Left,Gait,1.0.5,40.3882544,-3.6292402,F0:75:B1:51:59:F6,SCKS,0.0625,1.124999,-0.125,-4.48,-35.84,-85.120003,0.308352,0.738176,-0.242944,463,328,610,1.1336463293289492
2024-04-25 14:16:16.765000+00:00,2024-04-25 14:15:30+00:00,2024-04-25 14:17:30+00:00,TABUENCA01-45,Sensoria-C1-EEA1,Right,Gait,1.0.5,40.3882544,-3.6292402,CB:AA:BC:3F:36:A5,SCKS,1.996095,1.367188,0.367188,69.440002,38.080002,-194.880005,-0.074752,0.56064,-0.224256,486,713,700,2.447125927228307
2024-04-25 14:16:16.781000+00:00,2024-04-25 14:15:30+00:00,2024-04-25 14:17:30+00:00,TABUENCA01-45,Sensoria-C1-EEA1,Right,Gait,1.0.5,40.3882544,-3.6292402,CB:AA:BC:3F:36:A5,SCKS,1.996095,1.941408,0.789063,59.360001,42.560001,-72.800003,-0.074752,0.551296,-0.224256,485,714,703,2.894145934374768
2024-04-25 14:16:16.788000+00:00,2024-04-25 14:15:30+00:00,2024-04-25 14:17:30+00:00,TABUENCA01-45,Sensoria-C1-E90A,Left,Gait,1.0.5,40.3882544,-3.6292402,F0:75:B1:51:59:F6,SCKS,0.03125,1.249999,0.0,1.12,-23.52,-106.400002,0.289664,0.74752,-0.242944,433,299,649,1.2503895642962637
2024-04-25 14:16:16.797000+00:00,2024-04-25 14:15:30+00:00,2024-04-25 14:17:30+00:00,TABUENCA01-45,Sensoria-C1-EEA1,Right,Gait,1.0.5,40.3882544,-3.6292402,CB:AA:BC:3F:36:A5,SCKS,0.492188,1.996095,0.078125,-2.24,-106.400002,150.080002,-0.074752,0.56064,-0.224256,485,716,704,2.057364282764236
2024-04-25 14:16:16.813000+00:00,2024-04-25 14:15:30+00:00,2024-04-25 14:17:30+00:00,TABUENCA01-45,Sensoria-C1-EEA1,Right,Gait,1.0.5,40.3882544,-3.6292402,CB:AA:BC:3F:36:A5,SCKS,-2.000001,1.316407,0.179688,34.720001,-124.32,96.32,-0.074752,0.56064,-0.224256,487,715,692,2.4010870802605226
2024-04-25 14:16:16.821000+00:00,2024-04-25 14:15:30+00:00,2024-04-25 14:17:30+00:00,TABUENCA01-45,Sensoria-C1-E90A,Left,Gait,1.0.5,40.3882544,-3.6292402,F0:75:B1:51:59:F6,SCKS,0.09375,1.406249,-0.21875,-4.48,-25.76,-124.32,0.270976,0.756864,-0.242944,410,281,672,1.426245727426028
2024-04-25 14:16:16.846000+00:00,2024-04-25 14:15:30+00:00,2024-04-25 14:17:30+00:00,TABUENCA01-45,Sensoria-C1-EEA1,Right,Gait,1.0.5,40.3882544,-3.6292402,CB:AA:BC:3F:36:A5,SCKS,0.257813,1.000001,1.421876,48.16,-178.080002,230.720001,-0.074752,0.579328,-0.252288,498,717,661,1.757327773167544
2024-04-25 14:16:16.853000+00:00,2024-04-25 14:15:30+00:00,2024-04-25 14:17:30+00:00,TABUENCA01-45,Sensoria-C1-E90A,Left,Gait,1.0.5,40.3882544,-3.6292402,F0:75:B1:51:59:F6,SCKS,0.3125,1.687499,-0.125,-17.92,-30.24,-145.600006,0.224256,0.784896,-0.2336,412,286,682,1.720736506557875
2024-04-25 14:16:16.862000+00:00,2024-04-25 14:15:30+00:00,2024-04-25 14:17:30+00:00,TABUENCA01-45,Sensoria-C1-EEA1,Right,Gait,1.0.5,40.3882544,-3.6292402,CB:AA:BC:3F:36:A5,SCKS,0.507813,1.925783,0.230469,60.48,-113.120003,244.160004,-0.065408,0.616704,-0.270976,505,721,603,2.0049015352428157
2024-04-25 14:16:16.878000+00:00,2024-04-25 14:15:30+00:00,2024-04-25 14:17:30+00:00,TABUENCA01-45,Sensoria-C1-EEA1,Right,Gait,1.0.5,40.3882544,-3.6292402,CB:AA:BC:3F:36:A5,SCKS,0.160156,1.523439,-0.214844,33.599998,56.0,228.479996,-0.04672,0.65408,-0.270976,510,721,528,1.546827164033849
2024-04-25 14:16:16.885000+00:00,2024-04-25 14:15:30+00:00,2024-04-25 14:17:30+00:00,TABUENCA01-45,Sensoria-C1-E90A,Left,Gait,1.0.5,40.3882544,-3.6292402,F0:75:B1:51:59:F6,SCKS,0.75,2.281249,0.0,-41.439999,-24.639999,-191.520004,0.18688,0.79424,-0.252288,463,342,687,2.401373981703183
2024-04-25 14:16:16.894000+00:00,2024-04-25 14:15:30+00:00,2024-04-25 14:17:30+00:00,TABUENCA01-45,Sensoria-C1-EEA1,Right,Gait,1.0.5,40.3882544,-3.6292402,CB:AA:BC:3F:36:A5,SCKS,0.210938,1.312501,-0.722657,51.52,32.48,197.119995,-0.028032,0.672768,-0.261632,512,724,459,1.513071992502009
2024-04-25 14:16:16.927000+00:00,2024-04-25 14:15:30+00:00,2024-04-25 14:17:30+00:00,TABUENCA01-45,Sensoria-C1-EEA1,Right,Gait,1.0.5,40.3882544,-3.6292402,CB:AA:BC:3F:36:A5,SCKS,0.171875,1.011719,-0.078125,-7.84,13.440001,174.720001,-0.028032,0.672768,-0.261632,507,725,413,1.0291840779039483
2024-04-25 14:16:16.934000+00:00,2024-04-25 14:15:30+00:00,2024-04-25 14:17:30+00:00,TABUENCA01-45,Sensoria-C1-E90A,Left,Gait,1.0.5,40.3882544,-3.6292402,F0:75:B1:51:59:F6,SCKS,1.031249,1.937499,-0.125,-70.559998,-64.959999,-189.279999,0.158848,0.803584,-0.242944,524,391,689,2.1984089417126196
2024-04-25 14:16:16.943000+00:00,2024-04-25 14:15:30+00:00,2024-04-25 14:17:30+00:00,TABUENCA01-45,Sensoria-C1-EEA1,Right,Gait,1.0.5,40.3882544,-3.6292402,CB:AA:BC:3F:36:A5,SCKS,0.113281,0.925782,0.160156,-15.68,26.880001,128.800003,-0.009344,0.7008,-0.242944,492,730,380,0.9463375934733862
2024-04-25 14:16:16.959000+00:00,2024-04-25 14:15:30+00:00,2024-04-25 14:17:30+00:00,TABUENCA01-45,Sensoria-C1-EEA1,Right,Gait,1.0.5,40.3882544,-3.6292402,CB:AA:BC:3F:36:A5,SCKS,0.003906,0.992188,-0.007813,-6.72,10.08,97.440002,0.009344,0.710144,-0.252288,477,728,362,0.9922264495310533
2024-04-25 14:16:16.966000+00:00,2024-04-25 14:15:30+00:00,2024-04-25 14:17:30+00:00,TABUENCA01-45,Sensoria-C1-E90A,Left,Gait,1.0.5,40.3882544,-3.6292402,F0:75:B1:51:59:F6,SCKS,0.625,2.374999,-1.093749,-19.040001,-104.160004,-258.720001,0.112128,0.803584,-0.28032,582,453,698,2.6884069864888387
2024-04-25 14:16:16.967000+00:00,2024-04-25 14:15:30+00:00,2024-04-25 14:17:30+00:00,TABUENCA01-45,Sensoria-C1-E90A,Left,Gait,1.0.5,40.3882544,-3.6292402,F0:75:B1:51:59:F6,SCKS,0.9375,1.062499,-0.4375,29.120001,54.880001,-264.320007,0.056064,0.803584,-0.28032,645,518,701,1.4829755982486699
2024-04-25 14:16:16.975000+00:00,2024-04-25 14:15:30+00:00,2024-04-25 14:17:30+00:00,TABUENCA01-45,Sensoria-C1-EEA1,Right,Gait,1.0.5,40.3882544,-3.6292402,CB:AA:BC:3F:36:A5,SCKS,-0.035156,0.984376,0.0,-11.2,16.799999,77.279999,0.018688,0.728832,-0.242944,464,718,350,0.9850035805579592
2024-04-25 14:16:16.992000+00:00,2024-04-25 14:15:30+00:00,2024-04-25 14:17:30+00:00,TABUENCA01-45,Sensoria-C1-EEA1,Right,Gait,1.0.5,40.3882544,-3.6292402,CB:AA:BC:3F:36:A5,SCKS,-0.0625,0.980469,0.066406,-10.08,10.08,50.400002,0.028032,0.719488,-0.242944,454,708,343,0.9847006990944
2024-04-25 14:16:17.024000+00:00,2024-04-25 14:15:30+00:00,2024-04-25 14:17:30+00:00,TABUENCA01-45,Sensoria-C1-EEA1,Right,Gait,1.0.5,40.3882544,-3.6292402,CB:AA:BC:3F:36:A5,SCKS,-0.105469,1.003907,0.023438,-1.12,1.12,36.959999,0.028032,0.719488,-0.242944,445,698,343,1.0097040727133868
2024-04-25 14:16:17.032000+00:00,2024-04-25 14:15:30+00:00,2024-04-25 14:17:30+00:00,TABUENCA01-45,Sensoria-C1-E90A,Left,Gait,1.0.5,40.3882544,-3.6292402,F0:75:B1:51:59:F6,SCKS,1.156249,0.21875,-0.1875,13.440001,-129.919998,99.68,-0.018688,0.79424,-0.270976,699,552,701,1.1916037774784873
2024-04-25 14:16:17.040000+00:00,2024-04-25 14:15:30+00:00,2024-04-25 14:17:30+00:00,TABUENCA01-45,Sensoria-C1-EEA1,Right,Gait,1.0.5,40.3882544,-3.6292402,CB:AA:BC:3F:36:A5,SCKS,-0.105469,1.000001,-0.042969,0.0,5.6,34.720001,0.028032,0.728832,-0.242944,438,687,343,1.00646512355024
2024-04-25 14:16:17.057000+00:00,2024-04-25 14:15:30+00:00,2024-04-25 14:17:30+00:00,TABUENCA01-45,Sensoria-C1-EEA1,Right,Gait,1.0.5,40.3882544,-3.6292402,CB:AA:BC:3F:36:A5,SCKS,-0.128906,0.988282,0.015625,-4.48,6.72,32.48,0.037376,0.728832,-0.252288,433,682,351,0.9967759071050022
2024-04-25 14:16:17.064000+00:00,2024-04-25 14:15:30+00:00,2024-04-25 14:17:30+00:00,TABUENCA01-45,Sensoria-C1-E90A,Left,Gait,1.0.5,40.3882544,-3.6292402,F0:75:B1:51:59:F6,SCKS,0.65625,-0.0625,0.03125,-6.72,5.6,156.800003,0.0,0.803584,-0.270976,704,553,700,0.6599597525607148
2024-04-25 14:16:17.073000+00:00,2024-04-25 14:15:30+00:00,2024-04-25 14:17:30+00:00,TABUENCA01-45,Sensoria-C1-EEA1,Right,Gait,1.0.5,40.3882544,-3.6292402,CB:AA:BC:3F:36:A5,SCKS,-0.121094,1.000001,-0.113281,-2.24,4.48,34.720001,0.037376,0.728832,-0.242944,423,676,361,1.0136559287046074
2024-04-25 14:16:17.097000+00:00,2024-04-25 14:15:30+00:00,2024-04-25 14:17:30+00:00,TABUENCA01-45,Sensoria-C1-E90A,Left,Gait,1.0.5,40.3882544,-3.6292402,F0:75:B1:51:59:F6,SCKS,0.375,0.0625,0.03125,0.0,30.24,210.559998,0.037376,0.803584,-0.270976,708,551,699,0.3814548629916782
2024-04-25 14:16:17.105000+00:00,2024-04-25 14:15:30+00:00,2024-04-25 14:17:30+00:00,TABUENCA01-45,Sensoria-C1-EEA1,Right,Gait,1.0.5,40.3882544,-3.6292402,CB:AA:BC:3F:36:A5,SCKS,-0.089844,0.968751,-0.105469,-10.08,14.56,38.080002,0.037376,0.728832,-0.242944,418,671,375,0.9786082741822696
2024-04-25 14:16:17.129000+00:00,2024-04-25 14:15:30+00:00,2024-04-25 14:17:30+00:00,TABUENCA01-45,Sensoria-C1-E90A,Left,Gait,1.0.5,40.3882544,-3.6292402,F0:75:B1:51:59:F6,SCKS,0.40625,0.375,-0.21875,26.880001,31.360001,271.040009,0.130816,0.803584,-0.261632,707,552,697,0.594571799701264
2024-04-25 14:16:17.138000+00:00,2024-04-25 14:15:30+00:00,2024-04-25 14:17:30+00:00,TABUENCA01-45,Sensoria-C1-EEA1,Right,Gait,1.0.5,40.3882544,-3.6292402,CB:AA:BC:3F:36:A5,SCKS,-0.058594,0.972657,-0.03125,-8.96,22.4,41.439999,0.056064,0.738176,-0.252288,398,661,405,0.9749212578382933
2024-04-25 14:16:17.154000+00:00,2024-04-25 14:15:30+00:00,2024-04-25 14:17:30+00:00,TABUENCA01-45,Sensoria-C1-EEA1,Right,Gait,1.0.5,40.3882544,-3.6292402,CB:AA:BC:3F:36:A5,SCKS,-0.046875,0.968751,-0.035156,-4.48,23.52,43.68,0.056064,0.738176,-0.242944,389,652,418,0.970521359869014
2024-04-25 14:16:17.162000+00:00,2024-04-25 14:15:30+00:00,2024-04-25 14:17:30+00:00,TABUENCA01-45,Sensoria-C1-E90A,Left,Gait,1.0.5,40.3882544,-3.6292402,F0:75:B1:51:59:F6,SCKS,0.375,0.6875,-0.0625,10.08,31.360001,312.480011,0.18688,0.79424,-0.252288,707,548,696,0.7856128181235335
2024-04-25 14:16:17.187000+00:00,2024-04-25 14:15:30+00:00,2024-04-25 14:17:30+00:00,TABUENCA01-45,Sensoria-C1-EEA1,Right,Gait,1.0.5,40.3882544,-3.6292402,CB:AA:BC:3F:36:A5,SCKS,-0.023438,0.976563,-0.035156,-2.24,21.280001,44.799999,0.065408,0.738176,-0.242944,375,641,434,0.9774766376486959
2024-04-25 14:16:17.195000+00:00,2024-04-25 14:15:30+00:00,2024-04-25 14:17:30+00:00,TABUENCA01-45,Sensoria-C1-E90A,Left,Gait,1.0.5,40.3882544,-3.6292402,F0:75:B1:51:59:F6,SCKS,0.375,1.031249,-0.03125,6.72,49.279999,364.0,0.242944,0.766208,-0.261632,706,548,695,1.0977595649781422
2024-04-25 14:16:17.203000+00:00,2024-04-25 14:15:30+00:00,2024-04-25 14:17:30+00:00,TABUENCA01-45,Sensoria-C1-EEA1,Right,Gait,1.0.5,40.3882544,-3.6292402,CB:AA:BC:3F:36:A5,SCKS,-0.042969,0.949219,-0.019531,-2.24,20.16,49.279999,0.065408,0.74752,-0.2336,362,628,448,0.950391763896868
2024-04-25 14:16:17.219000+00:00,2024-04-25 14:15:30+00:00,2024-04-25 14:17:30+00:00,TABUENCA01-45,Sensoria-C1-EEA1,Right,Gait,1.0.5,40.3882544,-3.6292402,CB:AA:BC:3F:36:A5,SCKS,-0.082031,0.968751,0.03125,-3.36,13.440001,57.119999,0.065408,0.74752,-0.2336,344,612,461,0.9727199738167198
2024-04-25 14:16:17.227000+00:00,2024-04-25 14:15:30+00:00,2024-04-25 14:17:30+00:00,TABUENCA01-45,Sensoria-C1-E90A,Left,Gait,1.0.5,40.3882544,-3.6292402,F0:75:B1:51:59:F6,SCKS,0.4375,1.749999,-0.09375,-2.24,49.279999,409.920013,0.308352,0.738176,-0.261632,707,547,694,1.8062922832423884
2024-04-25 14:16:17.236000+00:00,2024-04-25 14:15:30+00:00,2024-04-25 14:17:30+00:00,TABUENCA01-45,Sensoria-C1-EEA1,Right,Gait,1.0.5,40.3882544,-3.6292402,CB:AA:BC:3F:36:A5,SCKS,-0.039063,0.957032,0.046875,-5.6,3.36,67.199997,0.084096,0.74752,-0.224256,328,594,474,0.9589751991673194
2024-04-25 14:16:17.252000+00:00,2024-04-25 14:15:30+00:00,2024-04-25 14:17:30+00:00,TABUENCA01-45,Sensoria-C1-EEA1,Right,Gait,1.0.5,40.3882544,-3.6292402,CB:AA:BC:3F:36:A5,SCKS,0.019531,1.027344,0.015625,-4.48,-4.48,72.800003,0.084096,0.74752,-0.224256,309,569,490,1.0276484296304842
2024-04-25 14:16:17.259000+00:00,2024-04-25 14:15:30+00:00,2024-04-25 14:17:30+00:00,TABUENCA01-45,Sensoria-C1-E90A,Left,Gait,1.0.5,40.3882544,-3.6292402,F0:75:B1:51:59:F6,SCKS,0.03125,3.187498,-0.15625,3.36,87.360001,445.76001,0.439168,0.626048,-0.270976,706,546,691,3.191478360416063
2024-04-25 14:16:17.284000+00:00,2024-04-25 14:15:30+00:00,2024-04-25 14:17:30+00:00,TABUENCA01-45,Sensoria-C1-EEA1,Right,Gait,1.0.5,40.3882544,-3.6292402,CB:AA:BC:3F:36:A5,SCKS,0.046875,1.058594,-0.023438,-6.72,-4.48,76.160004,0.09344,0.756864,-0.2336,287,547,512,1.059890495431014
2024-04-25 14:16:17.292000+00:00,2024-04-25 14:15:30+00:00,2024-04-25 14:17:30+00:00,TABUENCA01-45,Sensoria-C1-E90A,Left,Gait,1.0.5,40.3882544,-3.6292402,F0:75:B1:51:59:F6,SCKS,-0.84375,3.406248,-0.8125,-31.360001,80.639999,414.399994,0.476544,0.56064,-0.289664,705,546,695,3.6020266170593467
2024-04-25 14:16:17.308000+00:00,2024-04-25 14:15:30+00:00,2024-04-25 14:17:30+00:00,TABUENCA01-45,Sensoria-C1-E90A,Left,Gait,1.0.5,40.3882544,-3.6292402,F0:75:B1:51:59:F6,SCKS,-3.749998,1.374999,-0.5,-2.24,45.920002,247.520004,0.504576,0.504576,-0.308352,703,546,700,4.025308342227338
2024-04-25 14:16:17.317000+00:00,2024-04-25 14:15:30+00:00,2024-04-25 14:17:30+00:00,TABUENCA01-45,Sensoria-C1-EEA1,Right,Gait,1.0.5,40.3882544,-3.6292402,CB:AA:BC:3F:36:A5,SCKS,-0.023438,1.175782,0.085938,-11.2,-6.72,95.199997,0.112128,0.766208,-0.2336,252,503,584,1.179151386045066
2024-04-25 14:16:17.333000+00:00,2024-04-25 14:15:30+00:00,2024-04-25 14:17:30+00:00,TABUENCA01-45,Sensoria-C1-EEA1,Right,Gait,1.0.5,40.3882544,-3.6292402,CB:AA:BC:3F:36:A5,SCKS,-0.109375,1.269532,0.15625,-2.24,-20.16,110.879997,0.121472,0.766208,-0.2336,235,480,627,1.2837789732461737
2024-04-25 14:16:17.341000+00:00,2024-04-25 14:15:30+00:00,2024-04-25 14:17:30+00:00,TABUENCA01-45,Sensoria-C1-E90A,Left,Gait,1.0.5,40.3882544,-3.6292402,F0:75:B1:51:59:F6,SCKS,-3.437498,1.624999,-0.25,21.280001,-117.599998,32.48,0.523264,0.4672,-0.28032,700,548,704,3.810448037961547
2024-04-25 14:16:17.366000+00:00,2024-04-25 14:15:30+00:00,2024-04-25 14:17:30+00:00,TABUENCA01-45,Sensoria-C1-EEA1,Right,Gait,1.0.5,40.3882544,-3.6292402,CB:AA:BC:3F:36:A5,SCKS,-0.121094,1.460939,0.101563,3.36,-33.599998,125.440002,0.14016,0.775552,-0.2336,221,468,658,1.4694630180872195
2024-04-25 14:16:17.373000+00:00,2024-04-25 14:15:30+00:00,2024-04-25 14:17:30+00:00,TABUENCA01-45,Sensoria-C1-E90A,Left,Gait,1.0.5,40.3882544,-3.6292402,F0:75:B1:51:59:F6,SCKS,2.218749,1.343749,0.34375,21.280001,29.120001,-160.160004,0.51392,0.495232,-0.289664,700,544,698,2.6166147141873983
2024-04-25 14:16:17.382000+00:00,2024-04-25 14:15:30+00:00,2024-04-25 14:17:30+00:00,TABUENCA01-45,Sensoria-C1-EEA1,Right,Gait,1.0.5,40.3882544,-3.6292402,CB:AA:BC:3F:36:A5,SCKS,-0.121094,1.54297,-0.160156,-3.36,-31.360001,144.479996,0.168192,0.775552,-0.2336,209,461,679,1.5559788308559985
2024-04-25 14:16:17.398000+00:00,2024-04-25 14:15:30+00:00,2024-04-25 14:17:30+00:00,TABUENCA01-45,Sensoria-C1-EEA1,Right,Gait,1.0.5,40.3882544,-3.6292402,CB:AA:BC:3F:36:A5,SCKS,-0.234375,1.714845,-0.023438,-16.799999,-11.2,162.399994,0.18688,0.79424,-0.242944,201,467,691,1.7309460865359152
2024-04-25 14:16:17.406000+00:00,2024-04-25 14:15:30+00:00,2024-04-25 14:17:30+00:00,TABUENCA01-45,Sensoria-C1-E90A,Left,Gait,1.0.5,40.3882544,-3.6292402,F0:75:B1:51:59:F6,SCKS,-0.5,1.437499,0.78125,52.639999,207.199997,-212.800003,0.495232,0.523264,-0.299008,708,548,666,1.7107761213849697
2024-04-25 14:16:17.415000+00:00,2024-04-25 14:15:30+00:00,2024-04-25 14:17:30+00:00,TABUENCA01-45,Sensoria-C1-EEA1,Right,Gait,1.0.5,40.3882544,-3.6292402,CB:AA:BC:3F:36:A5,SCKS,-0.601563,1.996095,0.171875,-32.48,19.040001,187.039993,0.18688,0.79424,-0.242944,199,487,695,2.091844714030896
2024-04-25 14:16:17.439000+00:00,2024-04-25 14:15:30+00:00,2024-04-25 14:17:30+00:00,TABUENCA01-45,Sensoria-C1-E90A,Left,Gait,1.0.5,40.3882544,-3.6292402,F0:75:B1:51:59:F6,SCKS,-0.65625,1.906249,0.09375,86.239998,67.199997,-227.360001,0.476544,0.56064,-0.336384,709,553,558,2.018226542041552
2024-04-25 14:16:17.447000+00:00,2024-04-25 14:15:30+00:00,2024-04-25 14:17:30+00:00,TABUENCA01-45,Sensoria-C1-EEA1,Right,Gait,1.0.5,40.3882544,-3.6292402,CB:AA:BC:3F:36:A5,SCKS,-1.16797,1.996095,0.5625,-50.400002,56.0,219.520004,0.224256,0.79424,-0.242944,209,508,699,2.3801166819979644
2024-04-25 14:16:17.463000+00:00,2024-04-25 14:15:30+00:00,2024-04-25 14:17:30+00:00,TABUENCA01-45,Sensoria-C1-EEA1,Right,Gait,1.0.5,40.3882544,-3.6292402,CB:AA:BC:3F:36:A5,SCKS,-0.882813,1.996095,0.410157,-57.119999,43.68,260.959991,0.270976,0.803584,-0.261632,237,531,701,2.220806791831068
2024-04-25 14:16:17.471000+00:00,2024-04-25 14:15:30+00:00,2024-04-25 14:17:30+00:00,TABUENCA01-45,Sensoria-C1-E90A,Left,Gait,1.0.5,40.3882544,-3.6292402,F0:75:B1:51:59:F6,SCKS,-1.187499,1.781249,-0.59375,88.480003,13.440001,-213.919998,0.448512,0.598016,-0.317696,706,561,433,2.2216077370908662
2024-04-25 14:16:17.480000+00:00,2024-04-25 14:15:30+00:00,2024-04-25 14:17:30+00:00,TABUENCA01-45,Sensoria-C1-EEA1,Right,Gait,1.0.5,40.3882544,-3.6292402,CB:AA:BC:3F:36:A5,SCKS,-0.730469,1.996095,-0.507813,-33.599998,-7.84,297.920013,0.32704,0.803584,-0.261632,285,574,702,2.1853727947320567
2024-04-25 14:16:17.496000+00:00,2024-04-25 14:15:30+00:00,2024-04-25 14:17:30+00:00,TABUENCA01-45,Sensoria-C1-EEA1,Right,Gait,1.0.5,40.3882544,-3.6292402,CB:AA:BC:3F:36:A5,SCKS,-0.550782,1.996095,-0.820313,-23.52,-97.440002,333.76001,0.37376,0.79424,-0.261632,349,628,703,2.2272560424248486
2024-04-25 14:16:17.503000+00:00,2024-04-25 14:15:30+00:00,2024-04-25 14:17:30+00:00,TABUENCA01-45,Sensoria-C1-E90A,Left,Gait,1.0.5,40.3882544,-3.6292402,F0:75:B1:51:59:F6,SCKS,-0.125,0.999999,-0.09375,67.199997,-49.279999,-120.959999,0.401792,0.663424,-0.299008,686,561,369,1.012132433281831
2024-04-25 14:16:17.512000+00:00,2024-04-25 14:15:30+00:00,2024-04-25 14:17:30+00:00,TABUENCA01-45,Sensoria-C1-EEA1,Right,Gait,1.0.5,40.3882544,-3.6292402,CB:AA:BC:3F:36:A5,SCKS,-0.4375,-0.183594,-0.585938,3.36,15.68,203.839996,0.411136,0.79424,-0.252288,441,686,704,0.7539471776457553
2024-04-25 14:16:17.536000+00:00,2024-04-25 14:15:30+00:00,2024-04-25 14:17:30+00:00,TABUENCA01-45,Sensoria-C1-E90A,Left,Gait,1.0.5,40.3882544,-3.6292402,F0:75:B1:51:59:F6,SCKS,0.09375,0.9375,-0.28125,31.360001,-56.0,-63.84,0.392448,0.663424,-0.289664,661,546,343,0.9832582951595171
2024-04-25 14:16:17.545000+00:00,2024-04-25 14:15:30+00:00,2024-04-25 14:17:30+00:00,TABUENCA01-45,Sensoria-C1-EEA1,Right,Gait,1.0.5,40.3882544,-3.6292402,CB:AA:BC:3F:36:A5,SCKS,-0.613282,0.835938,-0.628907,7.84,181.440002,97.440002,0.448512,0.775552,-0.252288,469,701,702,1.2126133621303206
2024-04-25 14:16:17.561000+00:00,2024-04-25 14:15:30+00:00,2024-04-25 14:17:30+00:00,TABUENCA01-45,Sensoria-C1-EEA1,Right,Gait,1.0.5,40.3882544,-3.6292402,CB:AA:BC:3F:36:A5,SCKS,-1.765626,0.15625,-0.441407,-23.52,159.039993,-53.760002,0.439168,0.784896,-0.270976,482,709,701,1.8266607167246467
2024-04-25 14:16:17.568000+00:00,2024-04-25 14:15:30+00:00,2024-04-25 14:17:30+00:00,TABUENCA01-45,Sensoria-C1-E90A,Left,Gait,1.0.5,40.3882544,-3.6292402,F0:75:B1:51:59:F6,SCKS,0.125,0.968749,-0.21875,10.08,-38.080002,-24.639999,0.383104,0.691456,-0.270976,631,517,337,1.0009751183226285
2024-04-25 14:16:17.577000+00:00,2024-04-25 14:15:30+00:00,2024-04-25 14:17:30+00:00,TABUENCA01-45,Sensoria-C1-EEA1,Right,Gait,1.0.5,40.3882544,-3.6292402,CB:AA:BC:3F:36:A5,SCKS,-1.046876,-0.117188,-0.039063,-34.720001,89.599998,-88.480003,0.439168,0.784896,-0.270976,490,717,699,1.0541386553433092
2024-04-25 14:16:17.593000+00:00,2024-04-25 14:15:30+00:00,2024-04-25 14:17:30+00:00,TABUENCA01-45,Sensoria-C1-EEA1,Right,Gait,1.0.5,40.3882544,-3.6292402,CB:AA:BC:3F:36:A5,SCKS,-0.484375,-0.25,0.003906,20.16,29.120001,-137.759995,0.429824,0.79424,-0.28032,493,718,697,0.5451003554034798
2024-04-25 14:16:17.600000+00:00,2024-04-25 14:15:30+00:00,2024-04-25 14:17:30+00:00,TABUENCA01-45,Sensoria-C1-E90A,Left,Gait,1.0.5,40.3882544,-3.6292402,F0:75:B1:51:59:F6,SCKS,0.09375,0.999999,-0.125,-2.24,-31.360001,-21.280001,0.37376,0.691456,-0.28032,614,501,355,1.012132433281831
2024-04-25 14:16:17.625000+00:00,2024-04-25 14:15:30+00:00,2024-04-25 14:17:30+00:00,TABUENCA01-45,Sensoria-C1-EEA1,Right,Gait,1.0.5,40.3882544,-3.6292402,CB:AA:BC:3F:36:A5,SCKS,-0.652344,0.03125,-0.101563,47.040001,20.16,-202.720001,0.392448,0.803584,-0.270976,494,719,696,0.6609419791517256
2024-04-25 14:16:17.633000+00:00,2024-04-25 14:15:30+00:00,2024-04-25 14:17:30+00:00,TABUENCA01-45,Sensoria-C1-E90A,Left,Gait,1.0.5,40.3882544,-3.6292402,F0:75:B1:51:59:F6,SCKS,0.125,0.968749,-0.1875,-5.6,-42.560001,-21.280001,0.37376,0.691456,-0.261632,601,488,396,0.994613429931951
2024-04-25 14:16:17.642000+00:00,2024-04-25 14:15:30+00:00,2024-04-25 14:17:30+00:00,TABUENCA01-45,Sensoria-C1-EEA1,Right,Gait,1.0.5,40.3882544,-3.6292402,CB:AA:BC:3F:36:A5,SCKS,-0.6875,0.304688,-0.105469,44.799999,7.84,-249.759995,0.355072,0.803584,-0.270976,494,718,696,0.7593515242000901
2024-04-25 14:16:17.658000+00:00,2024-04-25 14:15:30+00:00,2024-04-25 14:17:30+00:00,TABUENCA01-45,Sensoria-C1-EEA1,Right,Gait,1.0.5,40.3882544,-3.6292402,CB:AA:BC:3F:36:A5,SCKS,-0.566407,0.429688,-0.019531,45.920002,-16.799999,-288.959991,0.299008,0.812928,-0.261632,493,717,696,0.7112173556332833
2024-04-25 14:16:17.666000+00:00,2024-04-25 14:15:30+00:00,2024-04-25 14:17:30+00:00,TABUENCA01-45,Sensoria-C1-E90A,Left,Gait,1.0.5,40.3882544,-3.6292402,F0:75:B1:51:59:F6,SCKS,0.09375,0.9375,-0.21875,1.12,-48.16,-23.52,0.364416,0.7008,-0.270976,590,476,442,0.967236721283885
2024-04-25 14:16:17.674000+00:00,2024-04-25 14:15:30+00:00,2024-04-25 14:17:30+00:00,TABUENCA01-45,Sensoria-C1-EEA1,Right,Gait,1.0.5,40.3882544,-3.6292402,CB:AA:BC:3F:36:A5,SCKS,-0.542969,0.652344,0.0,50.400002,-33.599998,-322.559998,0.299008,0.812928,-0.261632,493,716,695,0.8487449730614021
2024-04-25 14:16:17.681000+00:00,2024-04-25 14:15:30+00:00,2024-04-25 14:17:30+00:00,TABUENCA01-45,Sensoria-C1-E90A,Left,Gait,1.0.5,40.3882544,-3.6292402,F0:75:B1:51:59:F6,SCKS,0.09375,0.9375,-0.21875,5.6,-40.32,-21.280001,0.364416,0.7008,-0.261632,578,462,485,0.967236721283885
2024-04-25 14:16:17.690000+00:00,2024-04-25 14:15:30+00:00,2024-04-25 14:17:30+00:00,TABUENCA01-45,Sensoria-C1-EEA1,Right,Gait,1.0.5,40.3882544,-3.6292402,CB:AA:BC:3F:36:A5,SCKS,-0.550782,0.976563,0.003906,52.639999,-40.32,-351.679993,0.2336,0.803584,-0.252288,493,716,696,1.1211830186588627
2024-04-25 14:16:17.714000+00:00,2024-04-25 14:15:30+00:00,2024-04-25 14:17:30+00:00,TABUENCA01-45,Sensoria-C1-E90A,Left,Gait,1.0.5,40.3882544,-3.6292402,F0:75:B1:51:59:F6,SCKS,0.03125,0.9375,-0.21875,-2.24,-43.68,-23.52,0.355072,0.710144,-0.242944,568,445,521,0.9631896879639026
2024-04-25 14:16:17.723000+00:00,2024-04-25 14:15:30+00:00,2024-04-25 14:17:30+00:00,TABUENCA01-45,Sensoria-C1-EEA1,Right,Gait,1.0.5,40.3882544,-3.6292402,CB:AA:BC:3F:36:A5,SCKS,-0.5,1.328126,0.023438,44.799999,-33.599998,-379.679993,0.168192,0.784896,-0.261632,493,713,692,1.4193195594086625
2024-04-25 14:16:17.739000+00:00,2024-04-25 14:15:30+00:00,2024-04-25 14:17:30+00:00,TABUENCA01-45,Sensoria-C1-EEA1,Right,Gait,1.0.5,40.3882544,-3.6292402,CB:AA:BC:3F:36:A5,SCKS,-0.445313,1.882814,0.050781,30.24,-11.2,-396.480011,0.112128,0.766208,-0.242944,493,713,693,1.9354252598656452
2024-04-25 14:16:17.756000+00:00,2024-04-25 14:15:30+00:00,2024-04-25 14:17:30+00:00,TABUENCA01-45,Sensoria-C1-EEA1,Right,Gait,1.0.5,40.3882544,-3.6292402,CB:AA:BC:3F:36:A5,SCKS,-0.511719,1.996095,0.226563,10.08,38.080002,-393.119995,0.056064,0.719488,-0.2336,493,712,694,2.073061112691809
2024-04-25 14:16:17.763000+00:00,2024-04-25 14:15:30+00:00,2024-04-25 14:17:30+00:00,TABUENCA01-45,Sensoria-C1-E90A,Left,Gait,1.0.5,40.3882544,-3.6292402,F0:75:B1:51:59:F6,SCKS,0.03125,0.9375,-0.15625,-3.36,-45.920002,-28.0,0.355072,0.719488,-0.242944,555,426,546,0.9509452534189337
2024-04-25 14:16:17.772000+00:00,2024-04-25 14:15:30+00:00,2024-04-25 14:17:30+00:00,TABUENCA01-45,Sensoria-C1-EEA1,Right,Gait,1.0.5,40.3882544,-3.6292402,CB:AA:BC:3F:36:A5,SCKS,-0.035156,1.996095,0.140625,54.880001,-11.2,-396.480011,0.056064,0.719488,-0.2336,492,713,694,2.0013511895681875
2024-04-25 14:16:17.779000+00:00,2024-04-25 14:15:30+00:00,2024-04-25 14:17:30+00:00,TABUENCA01-45,Sensoria-C1-E90A,Left,Gait,1.0.5,40.3882544,-3.6292402,F0:75:B1:51:59:F6,SCKS,0.03125,0.9375,-0.15625,-3.36,-42.560001,-39.200001,0.345728,0.719488,-0.242944,538,401,565,0.9509452534189337
2024-04-25 14:16:17.804000+00:00,2024-04-25 14:15:30+00:00,2024-04-25 14:17:30+00:00,TABUENCA01-45,Sensoria-C1-EEA1,Right,Gait,1.0.5,40.3882544,-3.6292402,CB:AA:BC:3F:36:A5,SCKS,0.683594,1.996095,0.359375,56.0,-12.32,-402.079987,-0.009344,0.672768,-0.242944,493,713,692,2.14029119432053
2024-04-25 14:16:17.812000+00:00,2024-04-25 14:15:30+00:00,2024-04-25 14:17:30+00:00,TABUENCA01-45,Sensoria-C1-E90A,Left,Gait,1.0.5,40.3882544,-3.6292402,F0:75:B1:51:59:F6,SCKS,0.0,0.999999,-0.1875,0.0,-32.48,-50.400002,0.336384,0.719488,-0.242944,512,370,583,1.0174253043840613
2024-04-25 14:16:17.821000+00:00,2024-04-25 14:15:30+00:00,2024-04-25 14:17:30+00:00,TABUENCA01-45,Sensoria-C1-EEA1,Right,Gait,1.0.5,40.3882544,-3.6292402,CB:AA:BC:3F:36:A5,SCKS,1.710939,1.996095,0.191406,40.32,-34.720001,-381.920013,-0.04672,0.626048,-0.2336,489,715,695,2.6359711241935107
2024-04-25 14:16:17.837000+00:00,2024-04-25 14:15:30+00:00,2024-04-25 14:17:30+00:00,TABUENCA01-45,Sensoria-C1-EEA1,Right,Gait,1.0.5,40.3882544,-3.6292402,CB:AA:BC:3F:36:A5,SCKS,1.996095,1.519532,0.042969,73.919998,-29.120001,-212.800003,-0.074752,0.579328,-0.2336,489,716,696,2.509027517387962
2024-04-25 14:16:17.853000+00:00,2024-04-25 14:15:30+00:00,2024-04-25 14:17:30+00:00,TABUENCA01-45,Sensoria-C1-EEA1,Right,Gait,1.0.5,40.3882544,-3.6292402,CB:AA:BC:3F:36:A5,SCKS,1.996095,1.718751,0.46875,60.48,42.560001,-101.919998,-0.074752,0.551296,-0.2336,489,715,697,2.6754862757125104
2024-04-25 14:16:17.860000+00:00,2024-04-25 14:15:30+00:00,2024-04-25 14:17:30+00:00,TABUENCA01-45,Sensoria-C1-E90A,Left,Gait,1.0.5,40.3882544,-3.6292402,F0:75:B1:51:59:F6,SCKS,0.09375,1.093749,-0.25,-2.24,-32.48,-69.440002,0.317696,0.728832,-0.2336,481,335,610,1.125866749442846
2024-04-25 14:16:17.877000+00:00,2024-04-25 14:15:30+00:00,2024-04-25 14:17:30+00:00,TABUENCA01-45,Sensoria-C1-E90A,Left,Gait,1.0.5,40.3882544,-3.6292402,F0:75:B1:51:59:F6,SCKS,0.125,1.218749,-0.09375,-6.72,-34.720001,-97.440002,0.299008,0.74752,-0.224256,453,304,646,1.2287242113269357
2024-04-25 14:16:17.886000+00:00,2024-04-25 14:15:30+00:00,2024-04-25 14:17:30+00:00,TABUENCA01-45,Sensoria-C1-EEA1,Right,Gait,1.0.5,40.3882544,-3.6292402,CB:AA:BC:3F:36:A5,SCKS,1.996095,1.996095,1.027344,-1.12,7.84,58.240002,-0.074752,0.551296,-0.2336,488,715,701,3.0040349852133876
2024-04-25 14:16:17.902000+00:00,2024-04-25 14:15:30+00:00,2024-04-25 14:17:30+00:00,TABUENCA01-45,Sensoria-C1-EEA1,Right,Gait,1.0.5,40.3882544,-3.6292402,CB:AA:BC:3F:36:A5,SCKS,-1.125001,0.835938,-0.117188,12.32,-131.039993,142.240005,-0.084096,0.551296,-0.2336,489,715,694,1.406468135859821
2024-04-25 14:16:17.910000+00:00,2024-04-25 14:15:30+00:00,2024-04-25 14:17:30+00:00,TABUENCA01-45,Sensoria-C1-E90A,Left,Gait,1.0.5,40.3882544,-3.6292402,F0:75:B1:51:59:F6,SCKS,0.25,1.499999,-0.28125,-3.36,-16.799999,-145.600006,0.28032,0.756864,-0.224256,423,279,679,1.5464794090129361
2024-04-25 14:16:17.919000+00:00,2024-04-25 14:15:30+00:00,2024-04-25 14:17:30+00:00,TABUENCA01-45,Sensoria-C1-EEA1,Right,Gait,1.0.5,40.3882544,-3.6292402,CB:AA:BC:3F:36:A5,SCKS,-1.906251,0.765626,1.328126,23.52,-146.720001,112.0,-0.074752,0.579328,-0.242944,494,713,666,2.4462000569767386
2024-04-25 14:16:17.934000+00:00,2024-04-25 14:15:30+00:00,2024-04-25 14:17:30+00:00,TABUENCA01-45,Sensoria-C1-EEA1,Right,Gait,1.0.5,40.3882544,-3.6292402,CB:AA:BC:3F:36:A5,SCKS,1.160157,1.804689,0.265625,64.959999,-189.279999,271.040009,-0.065408,0.60736,-0.270976,504,720,607,2.161810188706446
2024-04-25 14:16:17.951000+00:00,2024-04-25 14:15:30+00:00,2024-04-25 14:17:30+00:00,TABUENCA01-45,Sensoria-C1-EEA1,Right,Gait,1.0.5,40.3882544,-3.6292402,CB:AA:BC:3F:36:A5,SCKS,0.40625,1.789064,0.113281,48.16,12.32,235.199997,-0.056064,0.644736,-0.270976,510,722,519,1.8381027293263563
2024-04-25 14:16:17.958000+00:00,2024-04-25 14:15:30+00:00,2024-04-25 14:17:30+00:00,TABUENCA01-45,Sensoria-C1-E90A,Left,Gait,1.0.5,40.3882544,-3.6292402,F0:75:B1:51:59:F6,SCKS,0.59375,2.156249,-0.1875,-6.72,-17.92,-192.639999,0.214912,0.784896,-0.224256,442,297,689,2.244349585626312
2024-04-25 14:16:17.959000+00:00,2024-04-25 14:15:30+00:00,2024-04-25 14:17:30+00:00,TABUENCA01-45,Sensoria-C1-E90A,Left,Gait,1.0.5,40.3882544,-3.6292402,F0:75:B1:51:59:F6,SCKS,1.468749,2.781249,-0.15625,-31.360001,-58.240002,-237.440002,0.168192,0.79424,-0.224256,512,355,692,3.1491242731118123
2024-04-25 14:16:17.983000+00:00,2024-04-25 14:15:30+00:00,2024-04-25 14:17:30+00:00,TABUENCA01-45,Sensoria-C1-EEA1,Right,Gait,1.0.5,40.3882544,-3.6292402,CB:AA:BC:3F:36:A5,SCKS,0.316406,1.445314,-0.546875,59.360001,34.720001,221.759995,-0.056064,0.644736,-0.270976,512,722,441,1.5773768037653526
2024-04-25 14:16:18+00:00,2024-04-25 14:15:30+00:00,2024-04-25 14:17:30+00:00,TABUENCA01-45,Sensoria-C1-EEA1,Right,Gait,1.0.5,40.3882544,-3.6292402,CB:AA:BC:3F:36:A5,SCKS,0.28125,1.066407,-0.230469,1.12,15.68,198.240005,-0.037376,0.672768,-0.252288,505,726,393,1.1266949064010185
2024-04-25 14:16:18.016000+00:00,2024-04-25 14:15:30+00:00,2024-04-25 14:17:30+00:00,TABUENCA01-45,Sensoria-C1-EEA1,Right,Gait,1.0.5,40.3882544,-3.6292402,CB:AA:BC:3F:36:A5,SCKS,0.125,0.921876,0.070313,2.24,17.92,136.639999,0.0,0.7008,-0.261632,488,729,360,0.9329653141167682
2024-04-25 14:16:18.022000+00:00,2024-04-25 14:15:30+00:00,2024-04-25 14:17:30+00:00,TABUENCA01-45,Sensoria-C1-E90A,Left,Gait,1.0.5,40.3882544,-3.6292402,F0:75:B1:51:59:F6,SCKS,0.8125,2.374999,-0.59375,-67.199997,-109.760002,-252.0,0.121472,0.803584,-0.2336,570,414,695,2.579402171531419
2024-04-25 14:16:18.024000+00:00,2024-04-25 14:15:30+00:00,2024-04-25 14:17:30+00:00,TABUENCA01-45,Sensoria-C1-E90A,Left,Gait,1.0.5,40.3882544,-3.6292402,F0:75:B1:51:59:F6,SCKS,1.124999,1.968749,-0.875,-26.880001,-59.360001,-285.600006,0.065408,0.803584,-0.261632,613,465,701,2.430477396521515
2024-04-25 14:16:18.032000+00:00,2024-04-25 14:15:30+00:00,2024-04-25 14:17:30+00:00,TABUENCA01-45,Sensoria-C1-EEA1,Right,Gait,1.0.5,40.3882544,-3.6292402,CB:AA:BC:3F:36:A5,SCKS,-0.042969,0.957032,-0.003906,-5.6,24.639999,112.0,0.009344,0.710144,-0.242944,472,721,341,0.9580040922777939
2024-04-25 14:16:18.056000+00:00,2024-04-25 14:15:30+00:00,2024-04-25 14:17:30+00:00,TABUENCA01-45,Sensoria-C1-E90A,Left,Gait,1.0.5,40.3882544,-3.6292402,F0:75:B1:51:59:F6,SCKS,-0.59375,-0.25,-0.5625,20.16,-29.120001,-109.760002,-0.009344,0.79424,-0.252288,682,541,703,0.8552457614627506
2024-04-25 14:16:18.065000+00:00,2024-04-25 14:15:30+00:00,2024-04-25 14:17:30+00:00,TABUENCA01-45,Sensoria-C1-EEA1,Right,Gait,1.0.5,40.3882544,-3.6292402,CB:AA:BC:3F:36:A5,SCKS,-0.050781,1.007813,-0.023438,-10.08,20.16,84.0,0.018688,0.719488,-0.242944,460,709,332,1.009363706883698
2024-04-25 14:16:18.081000+00:00,2024-04-25 14:15:30+00:00,2024-04-25 14:17:30+00:00,TABUENCA01-45,Sensoria-C1-EEA1,Right,Gait,1.0.5,40.3882544,-3.6292402,CB:AA:BC:3F:36:A5,SCKS,-0.035156,0.968751,0.027344,-5.6,13.440001,57.119999,0.018688,0.728832,-0.242944,450,699,326,0.9697742720205564
2024-04-25 14:16:18.088000+00:00,2024-04-25 14:15:30+00:00,2024-04-25 14:17:30+00:00,TABUENCA01-45,Sensoria-C1-E90A,Left,Gait,1.0.5,40.3882544,-3.6292402,F0:75:B1:51:59:F6,SCKS,1.624999,0.15625,-0.21875,7.84,-142.240005,114.239998,-0.009344,0.79424,-0.252288,700,554,705,1.6470845075468958
2024-04-25 14:16:18.097000+00:00,2024-04-25 14:15:30+00:00,2024-04-25 14:17:30+00:00,TABUENCA01-45,Sensoria-C1-EEA1,Right,Gait,1.0.5,40.3882544,-3.6292402,CB:AA:BC:3F:36:A5,SCKS,-0.085938,0.996094,0.066406,4.48,0.0,39.200001,0.018688,0.728832,-0.242944,445,689,327,1.0019971823892522
2024-04-25 14:16:18.113000+00:00,2024-04-25 14:15:30+00:00,2024-04-25 14:17:30+00:00,TABUENCA01-45,Sensoria-C1-EEA1,Right,Gait,1.0.5,40.3882544,-3.6292402,CB:AA:BC:3F:36:A5,SCKS,-0.125,1.011719,-0.054688,14.56,-3.36,31.360001,0.028032,0.728832,-0.252288,439,682,331,1.0208776186717976
2024-04-25 14:16:18.121000+00:00,2024-04-25 14:15:30+00:00,2024-04-25 14:17:30+00:00,TABUENCA01-45,Sensoria-C1-E90A,Left,Gait,1.0.5,40.3882544,-3.6292402,F0:75:B1:51:59:F6,SCKS,0.6875,-0.09375,0.09375,-22.4,8.96,178.080002,0.018688,0.803584,-0.270976,707,556,702,0.7001673907002525
2024-04-25 14:16:18.145000+00:00,2024-04-25 14:15:30+00:00,2024-04-25 14:17:30+00:00,TABUENCA01-45,Sensoria-C1-EEA1,Right,Gait,1.0.5,40.3882544,-3.6292402,CB:AA:BC:3F:36:A5,SCKS,-0.117188,0.988282,-0.113281,4.48,8.96,33.599998,0.037376,0.728832,-0.242944,438,679,341,1.0016321299903472
2024-04-25 14:16:18.154000+00:00,2024-04-25 14:15:30+00:00,2024-04-25 14:17:30+00:00,TABUENCA01-45,Sensoria-C1-E90A,Left,Gait,1.0.5,40.3882544,-3.6292402,F0:75:B1:51:59:F6,SCKS,0.40625,0.09375,0.03125,-6.72,15.68,241.919998,0.04672,0.803584,-0.261632,710,553,701,0.4180965050081141
2024-04-25 14:16:18.162000+00:00,2024-04-25 14:15:30+00:00,2024-04-25 14:17:30+00:00,TABUENCA01-45,Sensoria-C1-EEA1,Right,Gait,1.0.5,40.3882544,-3.6292402,CB:AA:BC:3F:36:A5,SCKS,-0.128906,0.957032,-0.03125,-11.2,13.440001,35.84,0.037376,0.738176,-0.2336,436,675,353,0.966179884058864
2024-04-25 14:16:18.185000+00:00,2024-04-25 14:15:30+00:00,2024-04-25 14:17:30+00:00,TABUENCA01-45,Sensoria-C1-E90A,Left,Gait,1.0.5,40.3882544,-3.6292402,F0:75:B1:51:59:F6,SCKS,0.53125,0.46875,-0.15625,11.2,23.52,303.519989,0.09344,0.803584,-0.261632,712,552,699,0.7255116728902438
2024-04-25 14:16:18.194000+00:00,2024-04-25 14:15:30+00:00,2024-04-25 14:17:30+00:00,TABUENCA01-45,Sensoria-C1-EEA1,Right,Gait,1.0.5,40.3882544,-3.6292402,CB:AA:BC:3F:36:A5,SCKS,-0.074219,0.988282,-0.128906,-10.08,17.92,42.560001,0.04672,0.738176,-0.242944,432,670,367,0.9994130919299586
2024-04-25 14:16:18.195000+00:00,2024-04-25 14:15:30+00:00,2024-04-25 14:17:30+00:00,TABUENCA01-45,Sensoria-C1-EEA1,Right,Gait,1.0.5,40.3882544,-3.6292402,CB:AA:BC:3F:36:A5,SCKS,-0.066406,0.941407,0.0,-20.16,31.360001,42.560001,0.04672,0.738176,-0.242944,425,664,382,0.9437462034281251
2024-04-25 14:16:18.211000+00:00,2024-04-25 14:15:30+00:00,2024-04-25 14:17:30+00:00,TABUENCA01-45,Sensoria-C1-EEA1,Right,Gait,1.0.5,40.3882544,-3.6292402,CB:AA:BC:3F:36:A5,SCKS,-0.035156,0.996094,0.023438,-13.440001,30.24,38.080002,0.04672,0.74752,-0.252288,420,654,394,0.9969897396743861
2024-04-25 14:16:18.218000+00:00,2024-04-25 14:15:30+00:00,2024-04-25 14:17:30+00:00,TABUENCA01-45,Sensoria-C1-E90A,Left,Gait,1.0.5,40.3882544,-3.6292402,F0:75:B1:51:59:F6,SCKS,0.5,0.875,-0.1875,5.6,36.959999,343.839996,0.214912,0.775552,-0.261632,712,548,698,1.0250762166785454
2024-04-25 14:16:18.243000+00:00,2024-04-25 14:15:30+00:00,2024-04-25 14:17:30+00:00,TABUENCA01-45,Sensoria-C1-EEA1,Right,Gait,1.0.5,40.3882544,-3.6292402,CB:AA:BC:3F:36:A5,SCKS,-0.050781,0.984376,0.027344,-14.56,29.120001,33.599998,0.056064,0.738176,-0.2336,408,643,404,0.9860641529195755
2024-04-25 14:16:18.251000+00:00,2024-04-25 14:15:30+00:00,2024-04-25 14:17:30+00:00,TABUENCA01-45,Sensoria-C1-E90A,Left,Gait,1.0.5,40.3882544,-3.6292402,F0:75:B1:51:59:F6,SCKS,0.46875,1.343749,-0.0625,10.08,75.040001,389.76001,0.28032,0.74752,-0.261632,710,548,696,1.4245329717142388
2024-04-25 14:16:18.260000+00:00,2024-04-25 14:15:30+00:00,2024-04-25 14:17:30+00:00,TABUENCA01-45,Sensoria-C1-EEA1,Right,Gait,1.0.5,40.3882544,-3.6292402,CB:AA:BC:3F:36:A5,SCKS,-0.070313,0.980469,-0.03125,-8.96,22.4,34.720001,0.065408,0.74752,-0.2336,392,632,416,0.9834835740519513
2024-04-25 14:16:18.276000+00:00,2024-04-25 14:15:30+00:00,2024-04-25 14:17:30+00:00,TABUENCA01-45,Sensoria-C1-EEA1,Right,Gait,1.0.5,40.3882544,-3.6292402,CB:AA:BC:3F:36:A5,SCKS,-0.054688,0.949219,-0.023438,-8.96,20.16,45.920002,0.074752,0.738176,-0.242944,373,618,427,0.951081924520175
2024-04-25 14:16:18.283000+00:00,2024-04-25 14:15:30+00:00,2024-04-25 14:17:30+00:00,TABUENCA01-45,Sensoria-C1-E90A,Left,Gait,1.0.5,40.3882544,-3.6292402,F0:75:B1:51:59:F6,SCKS,0.40625,2.093749,-0.125,-2.24,53.760002,427.839996,0.355072,0.710144,-0.261632,709,547,695,2.1364570993822927
2024-04-25 14:16:18.300000+00:00,2024-04-25 14:15:30+00:00,2024-04-25 14:17:30+00:00,TABUENCA01-45,Sensoria-C1-E90A,Left,Gait,1.0.5,40.3882544,-3.6292402,F0:75:B1:51:59:F6,SCKS,0.375,2.843749,-0.09375,-5.6,51.52,437.920013,0.411136,0.65408,-0.261632,708,546,693,2.8698993775916604
2024-04-25 14:16:18.325000+00:00,2024-04-25 14:15:30+00:00,2024-04-25 14:17:30+00:00,TABUENCA01-45,Sensoria-C1-EEA1,Right,Gait,1.0.5,40.3882544,-3.6292402,CB:AA:BC:3F:36:A5,SCKS,-0.035156,1.000001,0.074219,-12.32,1.12,70.559998,0.074752,0.756864,-0.252288,333,582,447,1.0033675320130704
2024-04-25 14:16:18.332000+00:00,2024-04-25 14:15:30+00:00,2024-04-25 14:17:30+00:00,TABUENCA01-45,Sensoria-C1-E90A,Left,Gait,1.0.5,40.3882544,-3.6292402,F0:75:B1:51:59:F6,SCKS,-0.40625,3.312498,0.21875,-41.439999,43.68,413.279999,0.4672,0.598016,-0.270976,707,546,693,3.344478079611825
2024-04-25 14:16:18.340000+00:00,2024-04-25 14:15:30+00:00,2024-04-25 14:17:30+00:00,TABUENCA01-45,Sensoria-C1-EEA1,Right,Gait,1.0.5,40.3882544,-3.6292402,CB:AA:BC:3F:36:A5,SCKS,0.011719,1.062501,0.0,-10.08,-4.48,77.279999,0.084096,0.756864,-0.2336,310,559,461,1.0625656261906837
2024-04-25 14:16:18.357000+00:00,2024-04-25 14:15:30+00:00,2024-04-25 14:17:30+00:00,TABUENCA01-45,Sensoria-C1-EEA1,Right,Gait,1.0.5,40.3882544,-3.6292402,CB:AA:BC:3F:36:A5,SCKS,-0.011719,1.13672,-0.058594,-8.96,-5.6,82.879997,0.102784,0.766208,-0.2336,290,536,487,1.1382894843566815
2024-04-25 14:16:18.364000+00:00,2024-04-25 14:15:30+00:00,2024-04-25 14:17:30+00:00,TABUENCA01-45,Sensoria-C1-E90A,Left,Gait,1.0.5,40.3882544,-3.6292402,F0:75:B1:51:59:F6,SCKS,-1.843749,2.437499,-1.593749,-4.48,115.360001,302.399994,0.523264,0.476544,-0.317696,706,547,697,3.4468605462076645
2024-04-25 14:16:18.373000+00:00,2024-04-25 14:15:30+00:00,2024-04-25 14:17:30+00:00,TABUENCA01-45,Sensoria-C1-EEA1,Right,Gait,1.0.5,40.3882544,-3.6292402,CB:AA:BC:3F:36:A5,SCKS,-0.0625,1.183595,0.027344,-8.96,-1.12,96.32,0.112128,0.775552,-0.224256,269,512,528,1.1855593904824
2024-04-25 14:16:18.397000+00:00,2024-04-25 14:15:30+00:00,2024-04-25 14:17:30+00:00,TABUENCA01-45,Sensoria-C1-E90A,Left,Gait,1.0.5,40.3882544,-3.6292402,F0:75:B1:51:59:F6,SCKS,-2.687499,1.968749,-0.3125,20.16,-118.720001,-7.84,0.523264,0.457856,-0.308352,703,547,703,3.3460842413187986
2024-04-25 14:16:18.406000+00:00,2024-04-25 14:15:30+00:00,2024-04-25 14:17:30+00:00,TABUENCA01-45,Sensoria-C1-EEA1,Right,Gait,1.0.5,40.3882544,-3.6292402,CB:AA:BC:3F:36:A5,SCKS,-0.066406,1.265626,0.097656,-4.48,-13.440001,115.360001,0.112128,0.775552,-0.224256,249,489,584,1.2711237638593653
2024-04-25 14:16:18.422000+00:00,2024-04-25 14:15:30+00:00,2024-04-25 14:17:30+00:00,TABUENCA01-45,Sensoria-C1-EEA1,Right,Gait,1.0.5,40.3882544,-3.6292402,CB:AA:BC:3F:36:A5,SCKS,-0.113281,1.437501,0.054688,-6.72,-25.76,135.520004,0.130816,0.775552,-0.242944,231,471,628,1.4429942783344638
2024-04-25 14:16:18.429000+00:00,2024-04-25 14:15:30+00:00,2024-04-25 14:17:30+00:00,TABUENCA01-45,Sensoria-C1-E90A,Left,Gait,1.0.5,40.3882544,-3.6292402,F0:75:B1:51:59:F6,SCKS,3.562498,1.374999,0.1875,12.32,38.080002,-140.0,0.51392,0.495232,-0.289664,701,547,695,3.8232408373008626
2024-04-25 14:16:18.438000+00:00,2024-04-25 14:15:30+00:00,2024-04-25 14:17:30+00:00,TABUENCA01-45,Sensoria-C1-EEA1,Right,Gait,1.0.5,40.3882544,-3.6292402,CB:AA:BC:3F:36:A5,SCKS,-0.085938,1.531251,-0.085938,-19.040001,-24.639999,154.559998,0.149504,0.784896,-0.242944,217,461,660,1.5360665039929096
2024-04-25 14:16:18.462000+00:00,2024-04-25 14:15:30+00:00,2024-04-25 14:17:30+00:00,TABUENCA01-45,Sensoria-C1-E90A,Left,Gait,1.0.5,40.3882544,-3.6292402,F0:75:B1:51:59:F6,SCKS,-1.406249,1.437499,0.6875,45.920002,250.880005,-271.040009,0.504576,0.523264,-0.308352,706,548,657,2.12522842889935
2024-04-25 14:16:18.470000+00:00,2024-04-25 14:15:30+00:00,2024-04-25 14:17:30+00:00,TABUENCA01-45,Sensoria-C1-EEA1,Right,Gait,1.0.5,40.3882544,-3.6292402,CB:AA:BC:3F:36:A5,SCKS,-0.300781,1.777345,0.03125,-31.360001,-8.96,173.600006,0.18688,0.79424,-0.252288,210,462,679,1.8028868576496972
2024-04-25 14:16:18.471000+00:00,2024-04-25 14:15:30+00:00,2024-04-25 14:17:30+00:00,TABUENCA01-45,Sensoria-C1-EEA1,Right,Gait,1.0.5,40.3882544,-3.6292402,CB:AA:BC:3F:36:A5,SCKS,-0.546875,1.996095,0.132813,-39.200001,14.56,197.119995,0.214912,0.803584,-0.261632,208,479,690,2.0739109931766597
2024-04-25 14:16:18.494000+00:00,2024-04-25 14:15:30+00:00,2024-04-25 14:17:30+00:00,TABUENCA01-45,Sensoria-C1-E90A,Left,Gait,1.0.5,40.3882544,-3.6292402,F0:75:B1:51:59:F6,SCKS,-0.28125,1.468749,0.09375,129.919998,41.439999,-225.119995,0.476544,0.569984,-0.336384,706,555,550,1.4983705316112568
2024-04-25 14:16:18.503000+00:00,2024-04-25 14:15:30+00:00,2024-04-25 14:17:30+00:00,TABUENCA01-45,Sensoria-C1-EEA1,Right,Gait,1.0.5,40.3882544,-3.6292402,CB:AA:BC:3F:36:A5,SCKS,-1.082032,1.996095,0.476563,-54.880001,48.16,226.240005,0.214912,0.803584,-0.261632,223,498,696,2.319978618655353
2024-04-25 14:16:18.519000+00:00,2024-04-25 14:15:30+00:00,2024-04-25 14:17:30+00:00,TABUENCA01-45,Sensoria-C1-EEA1,Right,Gait,1.0.5,40.3882544,-3.6292402,CB:AA:BC:3F:36:A5,SCKS,-1.035157,1.996095,0.355469,-62.720001,51.52,264.320007,0.252288,0.803584,-0.270976,251,523,700,2.2764673232082644
2024-04-25 14:16:18.527000+00:00,2024-04-25 14:15:30+00:00,2024-04-25 14:17:30+00:00,TABUENCA01-45,Sensoria-C1-E90A,Left,Gait,1.0.5,40.3882544,-3.6292402,F0:75:B1:51:59:F6,SCKS,-0.78125,2.874999,0.65625,108.639999,41.439999,-215.040009,0.457856,0.60736,-0.32704,695,562,416,3.0506777730532275
2024-04-25 14:16:18.536000+00:00,2024-04-25 14:15:30+00:00,2024-04-25 14:17:30+00:00,TABUENCA01-45,Sensoria-C1-EEA1,Right,Gait,1.0.5,40.3882544,-3.6292402,CB:AA:BC:3F:36:A5,SCKS,-0.675782,1.996095,-0.535157,-39.200001,3.36,306.880005,0.317696,0.803584,-0.270976,297,565,702,2.1742744939859824
2024-04-25 14:16:18.552000+00:00,2024-04-25 14:15:30+00:00,2024-04-25 14:17:30+00:00,TABUENCA01-45,Sensoria-C1-EEA1,Right,Gait,1.0.5,40.3882544,-3.6292402,CB:AA:BC:3F:36:A5,SCKS,-0.761719,1.996095,-0.894532,1.12,-99.68,342.720001,0.37376,0.79424,-0.28032,361,621,702,2.316203484802231
2024-04-25 14:16:18.559000+00:00,2024-04-25 14:15:30+00:00,2024-04-25 14:17:30+00:00,TABUENCA01-45,Sensoria-C1-E90A,Left,Gait,1.0.5,40.3882544,-3.6292402,F0:75:B1:51:59:F6,SCKS,0.0,0.8125,-0.1875,86.239998,-68.32,-148.960007,0.42048,0.644736,-0.308352,672,551,356,0.8338540040078959
2024-04-25 14:16:18.584000+00:00,2024-04-25 14:15:30+00:00,2024-04-25 14:17:30+00:00,TABUENCA01-45,Sensoria-C1-EEA1,Right,Gait,1.0.5,40.3882544,-3.6292402,CB:AA:BC:3F:36:A5,SCKS,-0.308594,0.527344,-0.804688,30.24,-53.760002,254.240005,0.42048,0.79424,-0.261632,423,666,704,1.0103686102190625
2024-04-25 14:16:18.592000+00:00,2024-04-25 14:15:30+00:00,2024-04-25 14:17:30+00:00,TABUENCA01-45,Sensoria-C1-E90A,Left,Gait,1.0.5,40.3882544,-3.6292402,F0:75:B1:51:59:F6,SCKS,-0.0625,0.90625,-0.3125,35.84,-59.360001,-71.68,0.392448,0.672768,-0.28032,645,528,338,0.9606516343087124
2024-04-25 14:16:18.600000+00:00,2024-04-25 14:15:30+00:00,2024-04-25 14:17:30+00:00,TABUENCA01-45,Sensoria-C1-EEA1,Right,Gait,1.0.5,40.3882544,-3.6292402,CB:AA:BC:3F:36:A5,SCKS,1.097657,-0.230469,-0.812501,14.56,92.959999,160.160004,0.42048,0.79424,-0.261632,463,692,703,1.3849637990254475
2024-04-25 14:16:18.617000+00:00,2024-04-25 14:15:30+00:00,2024-04-25 14:17:30+00:00,TABUENCA01-45,Sensoria-C1-EEA1,Right,Gait,1.0.5,40.3882544,-3.6292402,CB:AA:BC:3F:36:A5,SCKS,-1.57422,0.183594,-0.460938,-16.799999,192.639999,-39.200001,0.448512,0.79424,-0.28032,488,708,702,1.650557240776581
2024-04-25 14:16:18.624000+00:00,2024-04-25 14:15:30+00:00,2024-04-25 14:17:30+00:00,TABUENCA01-45,Sensoria-C1-E90A,Left,Gait,1.0.5,40.3882544,-3.6292402,F0:75:B1:51:59:F6,SCKS,0.15625,0.968749,-0.1875,22.4,-39.200001,-25.76,0.392448,0.682112,-0.270976,624,509,337,0.9990219904992081
2024-04-25 14:16:18.633000+00:00,2024-04-25 14:15:30+00:00,2024-04-25 14:17:30+00:00,TABUENCA01-45,Sensoria-C1-EEA1,Right,Gait,1.0.5,40.3882544,-3.6292402,CB:AA:BC:3F:36:A5,SCKS,-1.093751,0.011719,-0.046875,-20.16,125.440002,-72.800003,0.448512,0.79424,-0.28032,497,715,701,1.094817724823178
2024-04-25 14:16:18.641000+00:00,2024-04-25 14:15:30+00:00,2024-04-25 14:17:30+00:00,TABUENCA01-45,Sensoria-C1-E90A,Left,Gait,1.0.5,40.3882544,-3.6292402,F0:75:B1:51:59:F6,SCKS,0.125,0.999999,-0.15625,20.16,-23.52,-25.76,0.383104,0.691456,-0.270976,606,491,356,1.019822073942803
2024-04-25 14:16:18.666000+00:00,2024-04-25 14:15:30+00:00,2024-04-25 14:17:30+00:00,TABUENCA01-45,Sensoria-C1-EEA1,Right,Gait,1.0.5,40.3882544,-3.6292402,CB:AA:BC:3F:36:A5,SCKS,-0.519532,-0.121094,0.085938,39.200001,35.84,-109.760002,0.439168,0.79424,-0.28032,498,715,699,0.5403356324581973
2024-04-25 14:16:18.673000+00:00,2024-04-25 14:15:30+00:00,2024-04-25 14:17:30+00:00,TABUENCA01-45,Sensoria-C1-E90A,Left,Gait,1.0.5,40.3882544,-3.6292402,F0:75:B1:51:59:F6,SCKS,0.125,0.968749,-0.21875,12.32,-33.599998,-31.360001,0.383104,0.691456,-0.270976,594,472,397,1.0009751183226285
2024-04-25 14:16:18.682000+00:00,2024-04-25 14:15:30+00:00,2024-04-25 14:17:30+00:00,TABUENCA01-45,Sensoria-C1-EEA1,Right,Gait,1.0.5,40.3882544,-3.6292402,CB:AA:BC:3F:36:A5,SCKS,-0.554688,-0.042969,0.039063,61.599998,-1.12,-165.759995,0.411136,0.803584,-0.289664,498,717,698,0.5577194906707134
2024-04-25 14:16:18.698000+00:00,2024-04-25 14:15:30+00:00,2024-04-25 14:17:30+00:00,TABUENCA01-45,Sensoria-C1-EEA1,Right,Gait,1.0.5,40.3882544,-3.6292402,CB:AA:BC:3F:36:A5,SCKS,-0.6875,0.265625,-0.015625,67.199997,-35.84,-220.639999,0.37376,0.812928,-0.270976,499,717,698,0.7371953820053405
2024-04-25 14:16:18.715000+00:00,2024-04-25 14:15:30+00:00,2024-04-25 14:17:30+00:00,TABUENCA01-45,Sensoria-C1-EEA1,Right,Gait,1.0.5,40.3882544,-3.6292402,CB:AA:BC:3F:36:A5,SCKS,-0.523438,0.351563,0.046875,64.959999,-70.559998,-266.559998,0.32704,0.812928,-0.270976,499,717,696,0.6322824910101497
2024-04-25 14:16:18.722000+00:00,2024-04-25 14:15:30+00:00,2024-04-25 14:17:30+00:00,TABUENCA01-45,Sensoria-C1-E90A,Left,Gait,1.0.5,40.3882544,-3.6292402,F0:75:B1:51:59:F6,SCKS,0.09375,0.9375,-0.25,6.72,-38.080002,-31.360001,0.364416,0.7008,-0.252288,582,459,449,0.9747796225301388
2024-04-25 14:16:18.731000+00:00,2024-04-25 14:15:30+00:00,2024-04-25 14:17:30+00:00,TABUENCA01-45,Sensoria-C1-EEA1,Right,Gait,1.0.5,40.3882544,-3.6292402,CB:AA:BC:3F:36:A5,SCKS,-0.503907,0.570313,0.082031,62.720001,-88.480003,-310.23999,0.261632,0.803584,-0.2336,498,715,697,0.7654464498441416
2024-04-25 14:16:18.758000+00:00,2024-04-25 14:15:30+00:00,2024-04-25 14:17:30+00:00,TABUENCA01-45,Sensoria-C1-E90A,Left,Gait,1.0.5,40.3882544,-3.6292402,F0:75:B1:51:59:F6,SCKS,0.0625,0.9375,-0.28125,-3.36,-34.720001,-20.16,0.364416,0.7008,-0.252288,568,431,518,0.980772176654701
2024-04-25 14:16:18.765000+00:00,2024-04-25 14:15:30+00:00,2024-04-25 14:17:30+00:00,TABUENCA01-45,Sensoria-C1-EEA1,Right,Gait,1.0.5,40.3882544,-3.6292402,CB:AA:BC:3F:36:A5,SCKS,-0.535157,0.878907,0.074219,61.599998,-94.080002,-347.200012,0.261632,0.803584,-0.2336,499,716,696,1.0316874474660434
2024-04-25 14:16:18.771000+00:00,2024-04-25 14:15:30+00:00,2024-04-25 14:17:30+00:00,TABUENCA01-45,Sensoria-C1-E90A,Left,Gait,1.0.5,40.3882544,-3.6292402,F0:75:B1:51:59:F6,SCKS,0.0625,0.9375,-0.25,-8.96,-40.32,-21.280001,0.364416,0.710144,-0.2336,559,414,553,0.9722718241315028
2024-04-25 14:16:18.780000+00:00,2024-04-25 14:15:30+00:00,2024-04-25 14:17:30+00:00,TABUENCA01-45,Sensoria-C1-EEA1,Right,Gait,1.0.5,40.3882544,-3.6292402,CB:AA:BC:3F:36:A5,SCKS,-0.433594,1.19922,0.074219,47.040001,-81.760002,-371.839996,0.196224,0.803584,-0.242944,498,714,696,1.2773569685866986
2024-04-25 14:16:18.796000+00:00,2024-04-25 14:15:30+00:00,2024-04-25 14:17:30+00:00,TABUENCA01-45,Sensoria-C1-EEA1,Right,Gait,1.0.5,40.3882544,-3.6292402,CB:AA:BC:3F:36:A5,SCKS,-0.367188,1.566407,0.105469,28.0,-52.639999,-387.519989,0.130816,0.784896,-0.242944,496,713,694,1.6123218124661096
2024-04-25 14:16:18.803000+00:00,2024-04-25 14:15:30+00:00,2024-04-25 14:17:30+00:00,TABUENCA01-45,Sensoria-C1-E90A,Left,Gait,1.0.5,40.3882544,-3.6292402,F0:75:B1:51:59:F6,SCKS,0.0625,0.9375,-0.21875,-7.84,-45.920002,-28.0,0.345728,0.719488,-0.252288,547,392,577,0.9647093150270707
2024-04-25 14:16:18.812000+00:00,2024-04-25 14:15:30+00:00,2024-04-25 14:17:30+00:00,TABUENCA01-45,Sensoria-C1-EEA1,Right,Gait,1.0.5,40.3882544,-3.6292402,CB:AA:BC:3F:36:A5,SCKS,-0.402344,1.996095,0.246094,-2.24,6.72,-394.23999,0.074752,0.74752,-0.242944,496,711,693,2.051057824683887
2024-04-25 14:16:18.836000+00:00,2024-04-25 14:15:30+00:00,2024-04-25 14:17:30+00:00,TABUENCA01-45,Sensoria-C1-E90A,Left,Gait,1.0.5,40.3882544,-3.6292402,F0:75:B1:51:59:F6,SCKS,0.0,0.968749,-0.15625,-5.6,-42.560001,-39.200001,0.336384,0.728832,-0.2336,533,366,595,0.981268917015616
2024-04-25 14:16:18.844000+00:00,2024-04-25 14:15:30+00:00,2024-04-25 14:17:30+00:00,TABUENCA01-45,Sensoria-C1-EEA1,Right,Gait,1.0.5,40.3882544,-3.6292402,CB:AA:BC:3F:36:A5,SCKS,-0.261719,1.996095,0.316406,7.84,20.16,-398.720001,0.018688,0.7008,-0.242944,498,710,692,2.0378922544683267
2024-04-25 14:16:18.861000+00:00,2024-04-25 14:15:30+00:00,2024-04-25 14:17:30+00:00,TABUENCA01-45,Sensoria-C1-EEA1,Right,Gait,1.0.5,40.3882544,-3.6292402,CB:AA:BC:3F:36:A5,SCKS,0.527344,1.996095,0.257813,42.560001,5.6,-412.160004,0.018688,0.7008,-0.242944,495,711,692,2.080613968599173
2024-04-25 14:16:18.869000+00:00,2024-04-25 14:15:30+00:00,2024-04-25 14:17:30+00:00,TABUENCA01-45,Sensoria-C1-E90A,Left,Gait,1.0.5,40.3882544,-3.6292402,F0:75:B1:51:59:F6,SCKS,0.0,0.999999,-0.125,-10.08,-45.920002,-48.16,0.32704,0.728832,-0.224256,511,338,612,1.0077812262594494
2024-04-25 14:16:18.877000+00:00,2024-04-25 14:15:30+00:00,2024-04-25 14:17:30+00:00,TABUENCA01-45,Sensoria-C1-EEA1,Right,Gait,1.0.5,40.3882544,-3.6292402,CB:AA:BC:3F:36:A5,SCKS,1.675782,1.996095,0.179688,21.280001,-14.56,-394.23999,-0.037376,0.65408,-0.224256,495,712,693,2.612456380093838
2024-04-25 14:16:18.893000+00:00,2024-04-25 14:15:30+00:00,2024-04-25 14:17:30+00:00,TABUENCA01-45,Sensoria-C1-EEA1,Right,Gait,1.0.5,40.3882544,-3.6292402,CB:AA:BC:3F:36:A5,SCKS,1.996095,1.984376,-0.25,54.880001,-23.52,-283.360016,-0.065408,0.598016,-0.2336,495,714,694,2.825711124372235
2024-04-25 14:16:18.901000+00:00,2024-04-25 14:15:30+00:00,2024-04-25 14:17:30+00:00,TABUENCA01-45,Sensoria-C1-E90A,Left,Gait,1.0.5,40.3882544,-3.6292402,F0:75:B1:51:59:F6,SCKS,0.0625,1.062499,-0.1875,-17.92,-50.400002,-59.360001,0.317696,0.738176,-0.224256,484,311,631,1.0807250459765425
2024-04-25 14:16:18.926000+00:00,2024-04-25 14:15:30+00:00,2024-04-25 14:17:30+00:00,TABUENCA01-45,Sensoria-C1-EEA1,Right,Gait,1.0.5,40.3882544,-3.6292402,CB:AA:BC:3F:36:A5,SCKS,1.996095,1.300782,0.613282,57.119999,35.84,-135.520004,-0.074752,0.56064,-0.2336,496,713,697,2.460191836437354
2024-04-25 14:16:18.933000+00:00,2024-04-25 14:15:30+00:00,2024-04-25 14:17:30+00:00,TABUENCA01-45,Sensoria-C1-E90A,Left,Gait,1.0.5,40.3882544,-3.6292402,F0:75:B1:51:59:F6,SCKS,0.125,1.187499,-0.15625,-16.799999,-41.439999,-87.360001,0.308352,0.74752,-0.2336,458,283,658,1.2042395681512048
2024-04-25 14:16:18.942000+00:00,2024-04-25 14:15:30+00:00,2024-04-25 14:17:30+00:00,TABUENCA01-45,Sensoria-C1-EEA1,Right,Gait,1.0.5,40.3882544,-3.6292402,CB:AA:BC:3F:36:A5,SCKS,1.996095,1.996095,0.972657,16.799999,21.280001,12.32,-0.084096,0.56064,-0.214912,493,714,701,2.985774964343261
2024-04-25 14:16:18.958000+00:00,2024-04-25 14:15:30+00:00,2024-04-25 14:17:30+00:00,TABUENCA01-45,Sensoria-C1-EEA1,Right,Gait,1.0.5,40.3882544,-3.6292402,CB:AA:BC:3F:36:A5,SCKS,-0.160156,0.414063,-0.125,-4.48,-113.120003,143.360001,-0.084096,0.56064,-0.214912,493,715,697,0.46121915864911767
2024-04-25 14:16:18.974000+00:00,2024-04-25 14:15:30+00:00,2024-04-25 14:17:30+00:00,TABUENCA01-45,Sensoria-C1-EEA1,Right,Gait,1.0.5,40.3882544,-3.6292402,CB:AA:BC:3F:36:A5,SCKS,-2.000001,0.765626,1.027344,19.040001,-109.760002,96.32,-0.074752,0.569984,-0.242944,499,712,667,2.375210067807267
2024-04-25 14:16:18.981000+00:00,2024-04-25 14:15:30+00:00,2024-04-25 14:17:30+00:00,TABUENCA01-45,Sensoria-C1-E90A,Left,Gait,1.0.5,40.3882544,-3.6292402,F0:75:B1:51:59:F6,SCKS,0.0625,1.281249,0.03125,-13.440001,-28.0,-128.800003,0.270976,0.766208,-0.2336,439,262,679,1.2831530744618898
2024-04-25 14:16:18.983000+00:00,2024-04-25 14:15:30+00:00,2024-04-25 14:17:30+00:00,TABUENCA01-45,Sensoria-C1-E90A,Left,Gait,1.0.5,40.3882544,-3.6292402,F0:75:B1:51:59:F6,SCKS,0.25,1.687499,-0.28125,-16.799999,-23.52,-157.919998,0.242944,0.775552,-0.224256,439,258,690,1.7289460481753038
2024-04-25 14:16:18.991000+00:00,2024-04-25 14:15:30+00:00,2024-04-25 14:17:30+00:00,TABUENCA01-45,Sensoria-C1-EEA1,Right,Gait,1.0.5,40.3882544,-3.6292402,CB:AA:BC:3F:36:A5,SCKS,1.414063,1.523439,0.453125,56.0,-174.720001,274.399994,-0.074752,0.598016,-0.261632,510,717,609,2.127384032166031
2024-04-25 14:16:19.014000+00:00,2024-04-25 14:15:30+00:00,2024-04-25 14:17:30+00:00,TABUENCA01-45,Sensoria-C1-E90A,Left,Gait,1.0.5,40.3882544,-3.6292402,F0:75:B1:51:59:F6,SCKS,0.71875,2.281249,-0.25,-34.720001,-31.360001,-202.720001,0.205568,0.784896,-0.224256,511,323,694,2.4048281773342977
2024-04-25 14:16:19.023000+00:00,2024-04-25 14:15:30+00:00,2024-04-25 14:17:30+00:00,TABUENCA01-45,Sensoria-C1-EEA1,Right,Gait,1.0.5,40.3882544,-3.6292402,CB:AA:BC:3F:36:A5,SCKS,0.390625,1.839845,0.117188,42.560001,2.24,230.720001,-0.056064,0.635392,-0.270976,514,723,519,1.8845027306942275
2024-04-25 14:16:19.040000+00:00,2024-04-25 14:15:30+00:00,2024-04-25 14:17:30+00:00,TABUENCA01-45,Sensoria-C1-EEA1,Right,Gait,1.0.5,40.3882544,-3.6292402,CB:AA:BC:3F:36:A5,SCKS,0.351563,1.597657,-0.484375,45.920002,40.32,225.119995,-0.037376,0.672768,-0.252288,516,722,440,1.7060842808146965
2024-04-25 14:16:19.047000+00:00,2024-04-25 14:15:30+00:00,2024-04-25 14:17:30+00:00,TABUENCA01-45,Sensoria-C1-E90A,Left,Gait,1.0.5,40.3882544,-3.6292402,F0:75:B1:51:59:F6,SCKS,1.062499,2.249999,-0.21875,-68.32,-66.080002,-204.960007,0.168192,0.79424,-0.2336,570,378,693,2.497849312408977
2024-04-25 14:16:19.056000+00:00,2024-04-25 14:15:30+00:00,2024-04-25 14:17:30+00:00,TABUENCA01-45,Sensoria-C1-EEA1,Right,Gait,1.0.5,40.3882544,-3.6292402,CB:AA:BC:3F:36:A5,SCKS,0.234375,0.976563,-0.214844,-5.6,36.959999,209.440002,-0.037376,0.672768,-0.252288,510,727,394,1.0270174671980998
2024-04-25 14:16:19.072000+00:00,2024-04-25 14:15:30+00:00,2024-04-25 14:17:30+00:00,TABUENCA01-45,Sensoria-C1-EEA1,Right,Gait,1.0.5,40.3882544,-3.6292402,CB:AA:BC:3F:36:A5,SCKS,0.152344,0.957032,0.058594,4.48,34.720001,143.360001,-0.009344,0.691456,-0.252288,495,729,365,0.9708512760438646
2024-04-25 14:16:19.079000+00:00,2024-04-25 14:15:30+00:00,2024-04-25 14:17:30+00:00,TABUENCA01-45,Sensoria-C1-E90A,Left,Gait,1.0.5,40.3882544,-3.6292402,F0:75:B1:51:59:F6,SCKS,0.9375,2.437499,-1.187499,-67.199997,-71.68,-265.440002,0.074752,0.803584,-0.270976,616,442,699,2.8688780908226126
2024-04-25 14:16:19.104000+00:00,2024-04-25 14:15:30+00:00,2024-04-25 14:17:30+00:00,TABUENCA01-45,Sensoria-C1-EEA1,Right,Gait,1.0.5,40.3882544,-3.6292402,CB:AA:BC:3F:36:A5,SCKS,-0.039063,0.980469,0.0,-7.84,33.599998,114.239998,0.0,0.710144,-0.2336,478,721,348,0.9812468486216912
2024-04-25 14:16:19.111000+00:00,2024-04-25 14:15:30+00:00,2024-04-25 14:17:30+00:00,TABUENCA01-45,Sensoria-C1-E90A,Left,Gait,1.0.5,40.3882544,-3.6292402,F0:75:B1:51:59:F6,SCKS,0.90625,0.59375,-0.5,41.439999,42.560001,-228.479996,0.028032,0.803584,-0.270976,670,511,705,1.193242693252299
2024-04-25 14:16:19.121000+00:00,2024-04-25 14:15:30+00:00,2024-04-25 14:17:30+00:00,TABUENCA01-45,Sensoria-C1-EEA1,Right,Gait,1.0.5,40.3882544,-3.6292402,CB:AA:BC:3F:36:A5,SCKS,-0.0625,0.980469,-0.039063,-8.96,12.32,86.239998,0.018688,0.719488,-0.242944,461,709,340,0.9832352861497599
2024-04-25 14:16:19.137000+00:00,2024-04-25 14:15:30+00:00,2024-04-25 14:17:30+00:00,TABUENCA01-45,Sensoria-C1-EEA1,Right,Gait,1.0.5,40.3882544,-3.6292402,CB:AA:BC:3F:36:A5,SCKS,-0.03125,0.988282,0.007813,-12.32,5.6,61.599998,0.018688,0.719488,-0.2336,449,696,338,0.9888068147990283
2024-04-25 14:16:19.144000+00:00,2024-04-25 14:15:30+00:00,2024-04-25 14:17:30+00:00,TABUENCA01-45,Sensoria-C1-E90A,Left,Gait,1.0.5,40.3882544,-3.6292402,F0:75:B1:51:59:F6,SCKS,-0.90625,0.4375,-0.09375,21.280001,-70.559998,-106.400002,0.0,0.79424,-0.252288,695,540,707,1.0106851017997642
2024-04-25 14:16:19.153000+00:00,2024-04-25 14:15:30+00:00,2024-04-25 14:17:30+00:00,TABUENCA01-45,Sensoria-C1-EEA1,Right,Gait,1.0.5,40.3882544,-3.6292402,CB:AA:BC:3F:36:A5,SCKS,-0.089844,1.027344,0.050781,-6.72,3.36,44.799999,0.018688,0.719488,-0.2336,440,684,339,1.0325145755063219
2024-04-25 14:16:19.177000+00:00,2024-04-25 14:15:30+00:00,2024-04-25 14:17:30+00:00,TABUENCA01-45,Sensoria-C1-E90A,Left,Gait,1.0.5,40.3882544,-3.6292402,F0:75:B1:51:59:F6,SCKS,1.312499,0.09375,-0.125,6.72,-106.400002,109.760002,-0.018688,0.79424,-0.270976,710,549,705,1.3217668809215188
2024-04-25 14:16:19.185000+00:00,2024-04-25 14:15:30+00:00,2024-04-25 14:17:30+00:00,TABUENCA01-45,Sensoria-C1-EEA1,Right,Gait,1.0.5,40.3882544,-3.6292402,CB:AA:BC:3F:36:A5,SCKS,-0.101563,0.964844,0.023438,-7.84,13.440001,36.959999,0.028032,0.719488,-0.2336,432,676,345,0.9704577925644166
2024-04-25 14:16:19.202000+00:00,2024-04-25 14:15:30+00:00,2024-04-25 14:17:30+00:00,TABUENCA01-45,Sensoria-C1-EEA1,Right,Gait,1.0.5,40.3882544,-3.6292402,CB:AA:BC:3F:36:A5,SCKS,-0.152344,0.984376,-0.054688,-5.6,8.96,39.200001,0.037376,0.728832,-0.242944,425,667,358,0.9975948982708363
2024-04-25 14:16:19.209000+00:00,2024-04-25 14:15:30+00:00,2024-04-25 14:17:30+00:00,TABUENCA01-45,Sensoria-C1-E90A,Left,Gait,1.0.5,40.3882544,-3.6292402,F0:75:B1:51:59:F6,SCKS,0.84375,0.0,-0.03125,-2.24,36.959999,150.080002,0.009344,0.79424,-0.270976,712,550,704,0.8443285053816435
2024-04-25 14:16:19.218000+00:00,2024-04-25 14:15:30+00:00,2024-04-25 14:17:30+00:00,TABUENCA01-45,Sensoria-C1-EEA1,Right,Gait,1.0.5,40.3882544,-3.6292402,CB:AA:BC:3F:36:A5,SCKS,-0.082031,0.960938,-0.113281,-10.08,16.799999,45.920002,0.04672,0.728832,-0.2336,417,660,374,0.9710630822794161
2024-04-25 14:16:19.234000+00:00,2024-04-25 14:15:30+00:00,2024-04-25 14:17:30+00:00,TABUENCA01-45,Sensoria-C1-EEA1,Right,Gait,1.0.5,40.3882544,-3.6292402,CB:AA:BC:3F:36:A5,SCKS,-0.070313,0.949219,-0.097656,-13.440001,24.639999,49.279999,0.04672,0.738176,-0.242944,406,652,393,0.9568162426850831
2024-04-25 14:16:19.242000+00:00,2024-04-25 14:15:30+00:00,2024-04-25 14:17:30+00:00,TABUENCA01-45,Sensoria-C1-E90A,Left,Gait,1.0.5,40.3882544,-3.6292402,F0:75:B1:51:59:F6,SCKS,0.375,0.1875,-0.125,28.0,59.360001,236.320007,0.065408,0.803584,-0.261632,713,549,702,0.4375
2024-04-25 14:16:19.251000+00:00,2024-04-25 14:15:30+00:00,2024-04-25 14:17:30+00:00,TABUENCA01-45,Sensoria-C1-EEA1,Right,Gait,1.0.5,40.3882544,-3.6292402,CB:AA:BC:3F:36:A5,SCKS,-0.027344,0.960938,-0.054688,-12.32,30.24,52.639999,0.056064,0.738176,-0.2336,397,643,410,0.962881255152472
2024-04-25 14:16:19.283000+00:00,2024-04-25 14:15:30+00:00,2024-04-25 14:17:30+00:00,TABUENCA01-45,Sensoria-C1-EEA1,Right,Gait,1.0.5,40.3882544,-3.6292402,CB:AA:BC:3F:36:A5,SCKS,-0.027344,0.980469,0.011719,-10.08,31.360001,49.279999,0.056064,0.738176,-0.2336,385,627,427,0.9809202257360178
2024-04-25 14:16:19.290000+00:00,2024-04-25 14:15:30+00:00,2024-04-25 14:17:30+00:00,TABUENCA01-45,Sensoria-C1-E90A,Left,Gait,1.0.5,40.3882544,-3.6292402,F0:75:B1:51:59:F6,SCKS,0.5,0.59375,-0.0625,15.68,44.799999,286.720001,0.102784,0.803584,-0.252288,712,549,701,0.7787459871485695
2024-04-25 14:16:19.307000+00:00,2024-04-25 14:15:30+00:00,2024-04-25 14:17:30+00:00,TABUENCA01-45,Sensoria-C1-E90A,Left,Gait,1.0.5,40.3882544,-3.6292402,F0:75:B1:51:59:F6,SCKS,0.28125,0.8125,0.03125,6.72,62.720001,333.76001,0.224256,0.775552,-0.252288,712,548,699,0.8603687436210128
2024-04-25 14:16:19.315000+00:00,2024-04-25 14:15:30+00:00,2024-04-25 14:17:30+00:00,TABUENCA01-45,Sensoria-C1-EEA1,Right,Gait,1.0.5,40.3882544,-3.6292402,CB:AA:BC:3F:36:A5,SCKS,0.0,0.964844,0.011719,-4.48,14.56,44.799999,0.074752,0.74752,-0.2336,362,598,455,0.9649151668913698
2024-04-25 14:16:19.323000+00:00,2024-04-25 14:15:30+00:00,2024-04-25 14:17:30+00:00,TABUENCA01-45,Sensoria-C1-E90A,Left,Gait,1.0.5,40.3882544,-3.6292402,F0:75:B1:51:59:F6,SCKS,0.4375,1.531249,0.0,-6.72,49.279999,398.720001,0.299008,0.738176,-0.261632,712,547,699,1.5925230767561895
2024-04-25 14:16:19.332000+00:00,2024-04-25 14:15:30+00:00,2024-04-25 14:17:30+00:00,TABUENCA01-45,Sensoria-C1-EEA1,Right,Gait,1.0.5,40.3882544,-3.6292402,CB:AA:BC:3F:36:A5,SCKS,-0.03125,0.980469,0.019531,-2.24,12.32,44.799999,0.084096,0.74752,-0.224256,346,579,468,0.9811612927658735
2024-04-25 14:16:19.356000+00:00,2024-04-25 14:15:30+00:00,2024-04-25 14:17:30+00:00,TABUENCA01-45,Sensoria-C1-E90A,Left,Gait,1.0.5,40.3882544,-3.6292402,F0:75:B1:51:59:F6,SCKS,0.5,2.406249,0.03125,-20.16,42.560001,428.959991,0.355072,0.7008,-0.270976,712,546,698,2.4578467837725357
2024-04-25 14:16:19.365000+00:00,2024-04-25 14:15:30+00:00,2024-04-25 14:17:30+00:00,TABUENCA01-45,Sensoria-C1-EEA1,Right,Gait,1.0.5,40.3882544,-3.6292402,CB:AA:BC:3F:36:A5,SCKS,-0.058594,0.972657,0.03125,1.12,4.48,51.52,0.084096,0.74752,-0.224256,330,559,484,0.9749212578382933
2024-04-25 14:16:19.381000+00:00,2024-04-25 14:15:30+00:00,2024-04-25 14:17:30+00:00,TABUENCA01-45,Sensoria-C1-EEA1,Right,Gait,1.0.5,40.3882544,-3.6292402,CB:AA:BC:3F:36:A5,SCKS,-0.03125,0.972657,0.050781,3.36,-5.6,62.720001,0.084096,0.756864,-0.224256,316,537,500,0.9744828947241712
2024-04-25 14:16:19.388000+00:00,2024-04-25 14:15:30+00:00,2024-04-25 14:17:30+00:00,TABUENCA01-45,Sensoria-C1-E90A,Left,Gait,1.0.5,40.3882544,-3.6292402,F0:75:B1:51:59:F6,SCKS,-0.09375,3.281248,0.0625,-6.72,96.32,446.880005,0.411136,0.644736,-0.270976,710,545,696,3.2831819550557966
2024-04-25 14:16:19.397000+00:00,2024-04-25 14:15:30+00:00,2024-04-25 14:17:30+00:00,TABUENCA01-45,Sensoria-C1-EEA1,Right,Gait,1.0.5,40.3882544,-3.6292402,CB:AA:BC:3F:36:A5,SCKS,-0.011719,1.019532,0.066406,6.72,-15.68,71.68,0.09344,0.756864,-0.224256,301,514,516,1.0217595562660524
2024-04-25 14:16:19.413000+00:00,2024-04-25 14:15:30+00:00,2024-04-25 14:17:30+00:00,TABUENCA01-45,Sensoria-C1-EEA1,Right,Gait,1.0.5,40.3882544,-3.6292402,CB:AA:BC:3F:36:A5,SCKS,0.027344,1.085938,-0.042969,5.6,-16.799999,77.279999,0.102784,0.756864,-0.2336,282,490,540,1.0871317165555425
2024-04-25 14:16:19.420000+00:00,2024-04-25 14:15:30+00:00,2024-04-25 14:17:30+00:00,TABUENCA01-45,Sensoria-C1-E90A,Left,Gait,1.0.5,40.3882544,-3.6292402,F0:75:B1:51:59:F6,SCKS,-0.999999,3.437498,-0.15625,-41.439999,92.959999,403.200012,0.476544,0.579328,-0.289664,710,545,697,3.5834068374251062
2024-04-25 14:16:19.445000+00:00,2024-04-25 14:15:30+00:00,2024-04-25 14:17:30+00:00,TABUENCA01-45,Sensoria-C1-EEA1,Right,Gait,1.0.5,40.3882544,-3.6292402,CB:AA:BC:3F:36:A5,SCKS,-0.019531,1.160157,0.035156,-4.48,-11.2,84.0,0.112128,0.766208,-0.224256,265,466,577,1.1608538533967143
2024-04-25 14:16:19.453000+00:00,2024-04-25 14:15:30+00:00,2024-04-25 14:17:30+00:00,TABUENCA01-45,Sensoria-C1-E90A,Left,Gait,1.0.5,40.3882544,-3.6292402,F0:75:B1:51:59:F6,SCKS,-3.999998,1.281249,-0.625,26.880001,127.68,240.800003,0.51392,0.4672,-0.32704,709,545,701,4.246434739873557
2024-04-25 14:16:19.462000+00:00,2024-04-25 14:15:30+00:00,2024-04-25 14:17:30+00:00,TABUENCA01-45,Sensoria-C1-EEA1,Right,Gait,1.0.5,40.3882544,-3.6292402,CB:AA:BC:3F:36:A5,SCKS,-0.007813,1.160157,-0.050781,-12.32,-11.2,97.440002,0.112128,0.766208,-0.224256,249,443,618,1.1612941132973162
2024-04-25 14:16:19.485000+00:00,2024-04-25 14:15:30+00:00,2024-04-25 14:17:30+00:00,TABUENCA01-45,Sensoria-C1-E90A,Left,Gait,1.0.5,40.3882544,-3.6292402,F0:75:B1:51:59:F6,SCKS,-3.249998,1.812499,-0.46875,16.799999,-118.720001,2.24,0.523264,0.4672,-0.308352,704,547,705,3.7506487688805255
2024-04-25 14:16:19.494000+00:00,2024-04-25 14:15:30+00:00,2024-04-25 14:17:30+00:00,TABUENCA01-45,Sensoria-C1-EEA1,Right,Gait,1.0.5,40.3882544,-3.6292402,CB:AA:BC:3F:36:A5,SCKS,-0.085938,1.285157,0.222656,-24.639999,-13.440001,110.879997,0.130816,0.775552,-0.2336,237,425,654,1.3071302723252185
2024-04-25 14:16:19.495000+00:00,2024-04-25 14:15:30+00:00,2024-04-25 14:17:30+00:00,TABUENCA01-45,Sensoria-C1-EEA1,Right,Gait,1.0.5,40.3882544,-3.6292402,CB:AA:BC:3F:36:A5,SCKS,-0.082031,1.433595,0.117188,-29.120001,-28.0,131.039993,0.149504,0.775552,-0.2336,229,415,674,1.440713967562611
2024-04-25 14:16:19.511000+00:00,2024-04-25 14:15:30+00:00,2024-04-25 14:17:30+00:00,TABUENCA01-45,Sensoria-C1-EEA1,Right,Gait,1.0.5,40.3882544,-3.6292402,CB:AA:BC:3F:36:A5,SCKS,-0.117188,1.558595,-0.191406,-33.599998,-34.720001,151.199997,0.177536,0.784896,-0.261632,223,413,689,1.5746706507092205
2024-04-25 14:16:19.518000+00:00,2024-04-25 14:15:30+00:00,2024-04-25 14:17:30+00:00,TABUENCA01-45,Sensoria-C1-E90A,Left,Gait,1.0.5,40.3882544,-3.6292402,F0:75:B1:51:59:F6,SCKS,3.749998,1.468749,-0.03125,39.200001,56.0,-154.559998,0.51392,0.495232,-0.308352,706,546,691,4.027491177830809
2024-04-25 14:16:19.543000+00:00,2024-04-25 14:15:30+00:00,2024-04-25 14:17:30+00:00,TABUENCA01-45,Sensoria-C1-EEA1,Right,Gait,1.0.5,40.3882544,-3.6292402,CB:AA:BC:3F:36:A5,SCKS,-0.28125,1.867189,-0.054688,-40.32,-17.92,173.600006,0.205568,0.803584,-0.242944,222,427,698,1.8890439649634945
2024-04-25 14:16:19.551000+00:00,2024-04-25 14:15:30+00:00,2024-04-25 14:17:30+00:00,TABUENCA01-45,Sensoria-C1-E90A,Left,Gait,1.0.5,40.3882544,-3.6292402,F0:75:B1:51:59:F6,SCKS,-1.031249,1.781249,0.4375,67.199997,169.119995,-268.799988,0.504576,0.523264,-0.32704,708,548,637,2.104216897090697
2024-04-25 14:16:19.560000+00:00,2024-04-25 14:15:30+00:00,2024-04-25 14:17:30+00:00,TABUENCA01-45,Sensoria-C1-EEA1,Right,Gait,1.0.5,40.3882544,-3.6292402,CB:AA:BC:3F:36:A5,SCKS,-0.507813,1.996095,0.21875,-44.799999,11.2,198.240005,0.242944,0.803584,-0.252288,235,450,701,2.071260692065101
2024-04-25 14:16:19.583000+00:00,2024-04-25 14:15:30+00:00,2024-04-25 14:17:30+00:00,TABUENCA01-45,Sensoria-C1-E90A,Left,Gait,1.0.5,40.3882544,-3.6292402,F0:75:B1:51:59:F6,SCKS,-1.312499,1.843749,-0.4375,117.599998,34.720001,-204.960007,0.448512,0.598016,-0.317696,706,554,449,2.3050965814911097
2024-04-25 14:16:19.591000+00:00,2024-04-25 14:15:30+00:00,2024-04-25 14:17:30+00:00,TABUENCA01-45,Sensoria-C1-EEA1,Right,Gait,1.0.5,40.3882544,-3.6292402,CB:AA:BC:3F:36:A5,SCKS,-1.222657,1.996095,0.308594,-63.84,58.240002,228.479996,0.242944,0.803584,-0.252288,255,470,704,2.361041220629153
2024-04-25 14:16:19.593000+00:00,2024-04-25 14:15:30+00:00,2024-04-25 14:17:30+00:00,TABUENCA01-45,Sensoria-C1-EEA1,Right,Gait,1.0.5,40.3882544,-3.6292402,CB:AA:BC:3F:36:A5,SCKS,-0.234375,1.996095,-0.453125,-45.920002,17.92,295.679993,0.289664,0.803584,-0.261632,289,507,705,2.060254633601148
2024-04-25 14:16:19.616000+00:00,2024-04-25 14:15:30+00:00,2024-04-25 14:17:30+00:00,TABUENCA01-45,Sensoria-C1-E90A,Left,Gait,1.0.5,40.3882544,-3.6292402,F0:75:B1:51:59:F6,SCKS,-0.34375,1.031249,-0.09375,90.720001,-29.120001,-165.759995,0.42048,0.644736,-0.32704,690,556,381,1.0910671954563569
2024-04-25 14:16:19.625000+00:00,2024-04-25 14:15:30+00:00,2024-04-25 14:17:30+00:00,TABUENCA01-45,Sensoria-C1-EEA1,Right,Gait,1.0.5,40.3882544,-3.6292402,CB:AA:BC:3F:36:A5,SCKS,-0.984376,1.996095,-0.839844,-42.560001,-31.360001,318.079987,0.336384,0.803584,-0.261632,342,565,707,2.378808378734403
2024-04-25 14:16:19.641000+00:00,2024-04-25 14:15:30+00:00,2024-04-25 14:17:30+00:00,TABUENCA01-45,Sensoria-C1-EEA1,Right,Gait,1.0.5,40.3882544,-3.6292402,CB:AA:BC:3F:36:A5,SCKS,-0.726563,0.773438,-0.570313,-1.12,-73.919998,311.360016,0.383104,0.79424,-0.270976,402,625,707,1.2047228107668584
2024-04-25 14:16:19.648000+00:00,2024-04-25 14:15:30+00:00,2024-04-25 14:17:30+00:00,TABUENCA01-45,Sensoria-C1-E90A,Left,Gait,1.0.5,40.3882544,-3.6292402,F0:75:B1:51:59:F6,SCKS,0.0,0.968749,-0.21875,50.400002,-45.920002,-73.919998,0.401792,0.663424,-0.289664,659,537,349,0.9931395609384414
2024-04-25 14:16:19.657000+00:00,2024-04-25 14:15:30+00:00,2024-04-25 14:17:30+00:00,TABUENCA01-45,Sensoria-C1-EEA1,Right,Gait,1.0.5,40.3882544,-3.6292402,CB:AA:BC:3F:36:A5,SCKS,-0.292969,0.320313,-0.59375,23.52,-19.040001,217.279999,0.429824,0.784896,-0.261632,452,668,705,0.7355068425446496
2024-04-25 14:16:19.665000+00:00,2024-04-25 14:15:30+00:00,2024-04-25 14:17:30+00:00,TABUENCA01-45,Sensoria-C1-E90A,Left,Gait,1.0.5,40.3882544,-3.6292402,F0:75:B1:51:59:F6,SCKS,0.125,0.999999,-0.21875,42.560001,-24.639999,-28.0,0.392448,0.682112,-0.270976,634,513,339,1.0312490303030593
2024-04-25 14:16:19.673000+00:00,2024-04-25 14:15:30+00:00,2024-04-25 14:17:30+00:00,TABUENCA01-45,Sensoria-C1-EEA1,Right,Gait,1.0.5,40.3882544,-3.6292402,CB:AA:BC:3F:36:A5,SCKS,0.25,0.750001,-0.550782,8.96,122.080002,127.68,0.429824,0.784896,-0.261632,480,690,703,0.9635156000423658
2024-04-25 14:16:19.697000+00:00,2024-04-25 14:15:30+00:00,2024-04-25 14:17:30+00:00,TABUENCA01-45,Sensoria-C1-E90A,Left,Gait,1.0.5,40.3882544,-3.6292402,F0:75:B1:51:59:F6,SCKS,0.09375,0.999999,-0.15625,14.56,-33.599998,-28.0,0.37376,0.682112,-0.261632,614,492,347,1.0164650141549387
2024-04-25 14:16:19.706000+00:00,2024-04-25 14:15:30+00:00,2024-04-25 14:17:30+00:00,TABUENCA01-45,Sensoria-C1-EEA1,Right,Gait,1.0.5,40.3882544,-3.6292402,CB:AA:BC:3F:36:A5,SCKS,-1.371095,0.246094,-0.265625,-36.959999,134.399994,-50.400002,0.439168,0.79424,-0.28032,496,708,700,1.4181045083088903
2024-04-25 14:16:19.722000+00:00,2024-04-25 14:15:30+00:00,2024-04-25 14:17:30+00:00,TABUENCA01-45,Sensoria-C1-EEA1,Right,Gait,1.0.5,40.3882544,-3.6292402,CB:AA:BC:3F:36:A5,SCKS,-0.625,-0.132813,-0.019531,-11.2,59.360001,-76.160004,0.439168,0.79424,-0.28032,501,710,699,0.6392540597681019
2024-04-25 14:16:19.730000+00:00,2024-04-25 14:15:30+00:00,2024-04-25 14:17:30+00:00,TABUENCA01-45,Sensoria-C1-E90A,Left,Gait,1.0.5,40.3882544,-3.6292402,F0:75:B1:51:59:F6,SCKS,0.09375,0.968749,-0.21875,10.08,-41.439999,-29.120001,0.383104,0.691456,-0.261632,599,473,378,0.9975546350957425
2024-04-25 14:16:19.738000+00:00,2024-04-25 14:15:30+00:00,2024-04-25 14:17:30+00:00,TABUENCA01-45,Sensoria-C1-EEA1,Right,Gait,1.0.5,40.3882544,-3.6292402,CB:AA:BC:3F:36:A5,SCKS,-0.40625,-0.113281,-0.058594,39.200001,19.040001,-119.840004,0.429824,0.79424,-0.28032,501,714,697,0.42579913609235986
2024-04-25 14:16:19.755000+00:00,2024-04-25 14:15:30+00:00,2024-04-25 14:17:30+00:00,TABUENCA01-45,Sensoria-C1-EEA1,Right,Gait,1.0.5,40.3882544,-3.6292402,CB:AA:BC:3F:36:A5,SCKS,-0.578125,0.125,-0.109375,51.52,6.72,-170.240005,0.401792,0.803584,-0.299008,502,715,696,0.6015117673412549
2024-04-25 14:16:19.764000+00:00,2024-04-25 14:15:30+00:00,2024-04-25 14:17:30+00:00,TABUENCA01-45,Sensoria-C1-E90A,Left,Gait,1.0.5,40.3882544,-3.6292402,F0:75:B1:51:59:F6,SCKS,0.125,0.9375,-0.25,14.56,-41.439999,-29.120001,0.37376,0.7008,-0.252288,588,458,421,0.978279740156158
2024-04-25 14:16:19.771000+00:00,2024-04-25 14:15:30+00:00,2024-04-25 14:17:30+00:00,TABUENCA01-45,Sensoria-C1-EEA1,Right,Gait,1.0.5,40.3882544,-3.6292402,CB:AA:BC:3F:36:A5,SCKS,-0.539063,0.226563,-0.027344,51.52,-19.040001,-216.160004,0.364416,0.812928,-0.270976,503,716,695,0.585378002041416
2024-04-25 14:16:19.794000+00:00,2024-04-25 14:15:30+00:00,2024-04-25 14:17:30+00:00,TABUENCA01-45,Sensoria-C1-E90A,Left,Gait,1.0.5,40.3882544,-3.6292402,F0:75:B1:51:59:F6,SCKS,0.0625,0.9375,-0.25,1.12,-36.959999,-24.639999,0.37376,0.7008,-0.252288,578,441,471,0.9722718241315028
2024-04-25 14:16:19.803000+00:00,2024-04-25 14:15:30+00:00,2024-04-25 14:17:30+00:00,TABUENCA01-45,Sensoria-C1-EEA1,Right,Gait,1.0.5,40.3882544,-3.6292402,CB:AA:BC:3F:36:A5,SCKS,-0.480469,0.339844,0.0,57.119999,-45.920002,-264.320007,0.317696,0.812928,-0.270976,503,714,694,0.5885103264149236
2024-04-25 14:16:19.819000+00:00,2024-04-25 14:15:30+00:00,2024-04-25 14:17:30+00:00,TABUENCA01-45,Sensoria-C1-EEA1,Right,Gait,1.0.5,40.3882544,-3.6292402,CB:AA:BC:3F:36:A5,SCKS,-0.511719,0.558594,0.03125,63.84,-61.599998,-302.399994,0.317696,0.812928,-0.270976,500,714,694,0.7581953272719372
2024-04-25 14:16:19.827000+00:00,2024-04-25 14:15:30+00:00,2024-04-25 14:17:30+00:00,TABUENCA01-45,Sensoria-C1-E90A,Left,Gait,1.0.5,40.3882544,-3.6292402,F0:75:B1:51:59:F6,SCKS,0.03125,0.9375,-0.25,-3.36,-31.360001,-21.280001,0.355072,0.710144,-0.252288,570,424,515,0.9707640354380667
2024-04-25 14:16:19.836000+00:00,2024-04-25 14:15:30+00:00,2024-04-25 14:17:30+00:00,TABUENCA01-45,Sensoria-C1-EEA1,Right,Gait,1.0.5,40.3882544,-3.6292402,CB:AA:BC:3F:36:A5,SCKS,-0.492188,0.835938,0.050781,62.720001,-63.84,-333.76001,0.261632,0.812928,-0.252288,502,712,694,0.971401089740484
2024-04-25 14:16:19.852000+00:00,2024-04-25 14:15:30+00:00,2024-04-25 14:17:30+00:00,TABUENCA01-45,Sensoria-C1-EEA1,Right,Gait,1.0.5,40.3882544,-3.6292402,CB:AA:BC:3F:36:A5,SCKS,-0.429688,1.144532,0.0625,54.880001,-58.240002,-359.519989,0.18688,0.79424,-0.252288,500,713,691,1.224128884704548
2024-04-25 14:16:19.876000+00:00,2024-04-25 14:15:30+00:00,2024-04-25 14:17:30+00:00,TABUENCA01-45,Sensoria-C1-E90A,Left,Gait,1.0.5,40.3882544,-3.6292402,F0:75:B1:51:59:F6,SCKS,0.0625,0.9375,-0.28125,-7.84,-36.959999,-19.040001,0.355072,0.710144,-0.252288,560,407,552,0.980772176654701
2024-04-25 14:16:19.884000+00:00,2024-04-25 14:15:30+00:00,2024-04-25 14:17:30+00:00,TABUENCA01-45,Sensoria-C1-EEA1,Right,Gait,1.0.5,40.3882544,-3.6292402,CB:AA:BC:3F:36:A5,SCKS,-0.429688,1.507814,0.074219,40.32,-35.84,-381.920013,0.121472,0.766208,-0.2336,500,711,693,1.5695997247390812
2024-04-25 14:16:19.892000+00:00,2024-04-25 14:15:30+00:00,2024-04-25 14:17:30+00:00,TABUENCA01-45,Sensoria-C1-E90A,Left,Gait,1.0.5,40.3882544,-3.6292402,F0:75:B1:51:59:F6,SCKS,0.03125,0.9375,-0.1875,-8.96,-49.279999,-22.4,0.345728,0.719488,-0.242944,547,389,581,0.9565767415633729
2024-04-25 14:16:19.900000+00:00,2024-04-25 14:15:30+00:00,2024-04-25 14:17:30+00:00,TABUENCA01-45,Sensoria-C1-EEA1,Right,Gait,1.0.5,40.3882544,-3.6292402,CB:AA:BC:3F:36:A5,SCKS,-0.433594,1.996095,0.238281,14.56,26.880001,-388.640015,0.065408,0.738176,-0.242944,501,710,692,2.0564962535395
2024-04-25 14:16:19.924000+00:00,2024-04-25 14:15:30+00:00,2024-04-25 14:17:30+00:00,TABUENCA01-45,Sensoria-C1-E90A,Left,Gait,1.0.5,40.3882544,-3.6292402,F0:75:B1:51:59:F6,SCKS,0.0,0.9375,-0.15625,-8.96,-48.16,-39.200001,0.336384,0.728832,-0.242944,518,352,614,0.9504316453590969
2024-04-25 14:16:19.932000+00:00,2024-04-25 14:15:30+00:00,2024-04-25 14:17:30+00:00,TABUENCA01-45,Sensoria-C1-EEA1,Right,Gait,1.0.5,40.3882544,-3.6292402,CB:AA:BC:3F:36:A5,SCKS,-0.066406,1.996095,0.21875,43.68,1.12,-390.880005,0.065408,0.738176,-0.224256,499,710,692,2.0091432423699906
2024-04-25 14:16:19.933000+00:00,2024-04-25 14:15:30+00:00,2024-04-25 14:17:30+00:00,TABUENCA01-45,Sensoria-C1-EEA1,Right,Gait,1.0.5,40.3882544,-3.6292402,CB:AA:BC:3F:36:A5,SCKS,0.605469,1.996095,0.355469,47.040001,-7.84,-404.320007,0.009344,0.7008,-0.224256,500,710,692,2.115974047323596
2024-04-25 14:16:19.949000+00:00,2024-04-25 14:15:30+00:00,2024-04-25 14:17:30+00:00,TABUENCA01-45,Sensoria-C1-EEA1,Right,Gait,1.0.5,40.3882544,-3.6292402,CB:AA:BC:3F:36:A5,SCKS,1.550782,1.996095,-0.164063,39.200001,-32.48,-392.0,-0.037376,0.644736,-0.224256,498,710,692,2.5330291606134345
2024-04-25 14:16:19.957000+00:00,2024-04-25 14:15:30+00:00,2024-04-25 14:17:30+00:00,TABUENCA01-45,Sensoria-C1-E90A,Left,Gait,1.0.5,40.3882544,-3.6292402,F0:75:B1:51:59:F6,SCKS,0.0,1.031249,-0.21875,-7.84,-38.080002,-52.639999,0.32704,0.728832,-0.2336,487,322,632,1.0541945088554578
2024-04-25 14:16:19.982000+00:00,2024-04-25 14:15:30+00:00,2024-04-25 14:17:30+00:00,TABUENCA01-45,Sensoria-C1-EEA1,Right,Gait,1.0.5,40.3882544,-3.6292402,CB:AA:BC:3F:36:A5,SCKS,1.996095,1.996095,-0.335938,62.720001,-33.599998,-290.079987,-0.074752,0.588672,-0.242944,499,712,693,2.842823391963349
2024-04-25 14:16:19.998000+00:00,2024-04-25 14:15:30+00:00,2024-04-25 14:17:30+00:00,TABUENCA01-45,Sensoria-C1-EEA1,Right,Gait,1.0.5,40.3882544,-3.6292402,CB:AA:BC:3F:36:A5,SCKS,1.996095,1.441407,0.34375,69.440002,26.880001,-154.559998,-0.09344,0.551296,-0.224256,498,712,696,2.4860035098877074
2024-04-25 14:16:20.005000+00:00,2024-04-25 14:15:30+00:00,2024-04-25 14:17:30+00:00,TABUENCA01-45,Sensoria-C1-E90A,Left,Gait,1.0.5,40.3882544,-3.6292402,F0:75:B1:51:59:F6,SCKS,0.0625,1.093749,-0.25,-8.96,-33.599998,-72.800003,0.308352,0.738176,-0.2336,460,294,656,1.1236961889234118
2024-04-25 14:16:20.014000+00:00,2024-04-25 14:15:30+00:00,2024-04-25 14:17:30+00:00,TABUENCA01-45,Sensoria-C1-EEA1,Right,Gait,1.0.5,40.3882544,-3.6292402,CB:AA:BC:3F:36:A5,SCKS,1.996095,1.996095,0.859376,35.84,30.24,-4.48,-0.084096,0.551296,-0.2336,497,714,700,2.950816430655421
2024-04-25 14:16:20.031000+00:00,2024-04-25 14:15:30+00:00,2024-04-25 14:17:30+00:00,TABUENCA01-45,Sensoria-C1-EEA1,Right,Gait,1.0.5,40.3882544,-3.6292402,CB:AA:BC:3F:36:A5,SCKS,0.574219,0.160156,0.484375,-2.24,-108.639999,135.520004,-0.084096,0.551296,-0.2336,497,711,696,0.7681123257193573
2024-04-25 14:16:20.038000+00:00,2024-04-25 14:15:30+00:00,2024-04-25 14:17:30+00:00,TABUENCA01-45,Sensoria-C1-E90A,Left,Gait,1.0.5,40.3882544,-3.6292402,F0:75:B1:51:59:F6,SCKS,0.09375,1.343749,0.0,-5.6,-20.16,-117.599998,0.28032,0.756864,-0.224256,423,261,685,1.3470153813156702
2024-04-25 14:16:20.063000+00:00,2024-04-25 14:15:30+00:00,2024-04-25 14:17:30+00:00,TABUENCA01-45,Sensoria-C1-EEA1,Right,Gait,1.0.5,40.3882544,-3.6292402,CB:AA:BC:3F:36:A5,SCKS,-2.000001,0.695313,1.250001,23.52,-162.399994,80.639999,-0.084096,0.569984,-0.242944,503,712,666,2.4588547472290836
2024-04-25 14:16:20.070000+00:00,2024-04-25 14:15:30+00:00,2024-04-25 14:17:30+00:00,TABUENCA01-45,Sensoria-C1-E90A,Left,Gait,1.0.5,40.3882544,-3.6292402,F0:75:B1:51:59:F6,SCKS,0.375,1.874999,-0.28125,-10.08,-23.52,-180.320007,0.224256,0.784896,-0.224256,448,288,694,1.9327047918657936
2024-04-25 14:16:20.079000+00:00,2024-04-25 14:15:30+00:00,2024-04-25 14:17:30+00:00,TABUENCA01-45,Sensoria-C1-EEA1,Right,Gait,1.0.5,40.3882544,-3.6292402,CB:AA:BC:3F:36:A5,SCKS,1.683595,1.707032,0.730469,75.040001,-238.559998,266.559998,-0.074752,0.598016,-0.289664,509,717,612,2.506398877475411
2024-04-25 14:16:20.096000+00:00,2024-04-25 14:15:30+00:00,2024-04-25 14:17:30+00:00,TABUENCA01-45,Sensoria-C1-EEA1,Right,Gait,1.0.5,40.3882544,-3.6292402,CB:AA:BC:3F:36:A5,SCKS,0.511719,1.98047,0.136719,57.119999,-25.76,240.800003,-0.065408,0.635392,-0.28032,514,722,532,2.050075569539328
2024-04-25 14:16:20.103000+00:00,2024-04-25 14:15:30+00:00,2024-04-25 14:17:30+00:00,TABUENCA01-45,Sensoria-C1-E90A,Left,Gait,1.0.5,40.3882544,-3.6292402,F0:75:B1:51:59:F6,SCKS,1.124999,2.624999,-0.03125,-24.639999,-42.560001,-213.919998,0.18688,0.79424,-0.224256,516,350,694,2.8560845685136846
2024-04-25 14:16:20.112000+00:00,2024-04-25 14:15:30+00:00,2024-04-25 14:17:30+00:00,TABUENCA01-45,Sensoria-C1-EEA1,Right,Gait,1.0.5,40.3882544,-3.6292402,CB:AA:BC:3F:36:A5,SCKS,0.15625,1.488282,-0.300781,53.760002,54.880001,231.839996,-0.037376,0.663424,-0.261632,515,722,458,1.5263900497530114
2024-04-25 14:16:20.136000+00:00,2024-04-25 14:15:30+00:00,2024-04-25 14:17:30+00:00,TABUENCA01-45,Sensoria-C1-E90A,Left,Gait,1.0.5,40.3882544,-3.6292402,F0:75:B1:51:59:F6,SCKS,0.5625,2.124999,-0.3125,-64.959999,-118.720001,-219.520004,0.14016,0.803584,-0.242944,565,401,695,2.2202890014592693
2024-04-25 14:16:20.144000+00:00,2024-04-25 14:15:30+00:00,2024-04-25 14:17:30+00:00,TABUENCA01-45,Sensoria-C1-EEA1,Right,Gait,1.0.5,40.3882544,-3.6292402,CB:AA:BC:3F:36:A5,SCKS,0.566407,1.16797,-0.632813,40.32,-20.16,201.600006,-0.037376,0.663424,-0.261632,509,724,408,1.4440994091536774
2024-04-25 14:16:20.161000+00:00,2024-04-25 14:15:30+00:00,2024-04-25 14:17:30+00:00,TABUENCA01-45,Sensoria-C1-EEA1,Right,Gait,1.0.5,40.3882544,-3.6292402,CB:AA:BC:3F:36:A5,SCKS,0.347656,0.953126,0.210938,-7.84,12.32,165.759995,-0.018688,0.691456,-0.270976,494,724,371,1.0362474154640868
2024-04-25 14:16:20.168000+00:00,2024-04-25 14:15:30+00:00,2024-04-25 14:17:30+00:00,TABUENCA01-45,Sensoria-C1-E90A,Left,Gait,1.0.5,40.3882544,-3.6292402,F0:75:B1:51:59:F6,SCKS,0.9375,2.062499,-0.999999,-6.72,-43.68,-282.23999,0.04672,0.803584,-0.252288,621,470,701,2.4764503578715242
2024-04-25 14:16:20.177000+00:00,2024-04-25 14:15:30+00:00,2024-04-25 14:17:30+00:00,TABUENCA01-45,Sensoria-C1-EEA1,Right,Gait,1.0.5,40.3882544,-3.6292402,CB:AA:BC:3F:36:A5,SCKS,0.109375,1.035157,0.027344,-6.72,22.4,124.32,0.0,0.710144,-0.270976,475,715,347,1.0412783487665536
2024-04-25 14:16:20.193000+00:00,2024-04-25 14:15:30+00:00,2024-04-25 14:17:30+00:00,TABUENCA01-45,Sensoria-C1-EEA1,Right,Gait,1.0.5,40.3882544,-3.6292402,CB:AA:BC:3F:36:A5,SCKS,-0.046875,0.964844,0.070313,-13.440001,35.84,75.040001,0.009344,0.719488,-0.261632,461,698,335,0.968537623394156
2024-04-25 14:16:20.201000+00:00,2024-04-25 14:15:30+00:00,2024-04-25 14:17:30+00:00,TABUENCA01-45,Sensoria-C1-E90A,Left,Gait,1.0.5,40.3882544,-3.6292402,F0:75:B1:51:59:F6,SCKS,0.34375,0.6875,-0.5,19.040001,21.280001,-202.720001,0.009344,0.803584,-0.242944,673,528,704,0.9169625469450756
2024-04-25 14:16:20.210000+00:00,2024-04-25 14:15:30+00:00,2024-04-25 14:17:30+00:00,TABUENCA01-45,Sensoria-C1-EEA1,Right,Gait,1.0.5,40.3882544,-3.6292402,CB:AA:BC:3F:36:A5,SCKS,-0.101563,1.015626,0.164063,5.6,1.12,51.52,0.009344,0.710144,-0.261632,451,682,328,1.0337929593559825
2024-04-25 14:16:20.233000+00:00,2024-04-25 14:15:30+00:00,2024-04-25 14:17:30+00:00,TABUENCA01-45,Sensoria-C1-E90A,Left,Gait,1.0.5,40.3882544,-3.6292402,F0:75:B1:51:59:F6,SCKS,-0.03125,0.65625,-0.375,32.48,-143.360001,-49.279999,-0.009344,0.79424,-0.242944,697,547,706,0.7564824023068878
2024-04-25 14:16:20.242000+00:00,2024-04-25 14:15:30+00:00,2024-04-25 14:17:30+00:00,TABUENCA01-45,Sensoria-C1-EEA1,Right,Gait,1.0.5,40.3882544,-3.6292402,CB:AA:BC:3F:36:A5,SCKS,-0.105469,1.031251,-0.085938,39.200001,-13.440001,45.920002,0.009344,0.710144,-0.261632,443,667,331,1.0401863654201586
2024-04-25 14:16:20.258000+00:00,2024-04-25 14:15:30+00:00,2024-04-25 14:17:30+00:00,TABUENCA01-45,Sensoria-C1-EEA1,Right,Gait,1.0.5,40.3882544,-3.6292402,CB:AA:BC:3F:36:A5,SCKS,-0.09375,0.953126,-0.019531,11.2,1.12,43.68,0.018688,0.728832,-0.261632,436,657,337,0.9579246809311263
2024-04-25 14:16:20.266000+00:00,2024-04-25 14:15:30+00:00,2024-04-25 14:17:30+00:00,TABUENCA01-45,Sensoria-C1-E90A,Left,Gait,1.0.5,40.3882544,-3.6292402,F0:75:B1:51:59:F6,SCKS,1.281249,0.0625,-0.125,1.12,-103.040001,128.800003,-0.009344,0.803584,-0.252288,708,549,704,1.2888484201026125
2024-04-25 14:16:20.274000+00:00,2024-04-25 14:15:30+00:00,2024-04-25 14:17:30+00:00,TABUENCA01-45,Sensoria-C1-EEA1,Right,Gait,1.0.5,40.3882544,-3.6292402,CB:AA:BC:3F:36:A5,SCKS,-0.152344,1.007813,-0.058594,8.96,0.0,42.560001,0.028032,0.728832,-0.252288,430,649,347,1.020945147469246
2024-04-25 14:16:20.315000+00:00,2024-04-25 14:15:30+00:00,2024-04-25 14:17:30+00:00,TABUENCA01-45,Sensoria-C1-E90A,Left,Gait,1.0.5,40.3882544,-3.6292402,F0:75:B1:51:59:F6,SCKS,0.28125,-0.03125,0.09375,-4.48,21.280001,163.520004,0.009344,0.803584,-0.252288,711,553,701,0.2981060004427955
2024-04-25 14:16:20.323000+00:00,2024-04-25 14:15:30+00:00,2024-04-25 14:17:30+00:00,TABUENCA01-45,Sensoria-C1-EEA1,Right,Gait,1.0.5,40.3882544,-3.6292402,CB:AA:BC:3F:36:A5,SCKS,-0.066406,0.941407,-0.132813,-13.440001,20.16,48.16,0.037376,0.738176,-0.252288,420,631,375,0.9530457436314377
2024-04-25 14:16:20.331000+00:00,2024-04-25 14:15:30+00:00,2024-04-25 14:17:30+00:00,TABUENCA01-45,Sensoria-C1-E90A,Left,Gait,1.0.5,40.3882544,-3.6292402,F0:75:B1:51:59:F6,SCKS,0.46875,0.21875,-0.0625,32.48,23.52,244.160004,0.09344,0.812928,-0.242944,712,551,699,0.5210416250166583
2024-04-25 14:16:20.340000+00:00,2024-04-25 14:15:30+00:00,2024-04-25 14:17:30+00:00,TABUENCA01-45,Sensoria-C1-EEA1,Right,Gait,1.0.5,40.3882544,-3.6292402,CB:AA:BC:3F:36:A5,SCKS,-0.019531,0.964844,-0.039063,-13.440001,28.0,47.040001,0.037376,0.738176,-0.252288,413,619,393,0.9658319327222518
2024-04-25 14:16:20.347000+00:00,2024-04-25 14:15:30+00:00,2024-04-25 14:17:30+00:00,TABUENCA01-45,Sensoria-C1-E90A,Left,Gait,1.0.5,40.3882544,-3.6292402,F0:75:B1:51:59:F6,SCKS,0.46875,0.53125,-0.03125,21.280001,40.32,288.959991,0.14016,0.803584,-0.2336,711,548,698,0.7091753573693885
2024-04-25 14:16:20.357000+00:00,2024-04-25 14:15:30+00:00,2024-04-25 14:17:30+00:00,TABUENCA01-45,Sensoria-C1-EEA1,Right,Gait,1.0.5,40.3882544,-3.6292402,CB:AA:BC:3F:36:A5,SCKS,-0.050781,0.957032,0.023438,-12.32,33.599998,42.560001,0.04672,0.738176,-0.242944,403,604,407,0.9586648521923602
2024-04-25 14:16:20.372000+00:00,2024-04-25 14:15:30+00:00,2024-04-25 14:17:30+00:00,TABUENCA01-45,Sensoria-C1-EEA1,Right,Gait,1.0.5,40.3882544,-3.6292402,CB:AA:BC:3F:36:A5,SCKS,-0.046875,0.992188,-0.027344,-10.08,28.0,40.32,0.04672,0.74752,-0.242944,394,588,423,0.9936709653124619
2024-04-25 14:16:20.396000+00:00,2024-04-25 14:15:30+00:00,2024-04-25 14:17:30+00:00,TABUENCA01-45,Sensoria-C1-E90A,Left,Gait,1.0.5,40.3882544,-3.6292402,F0:75:B1:51:59:F6,SCKS,0.34375,0.9375,0.03125,13.440001,56.0,352.799988,0.205568,0.784896,-0.2336,711,547,698,0.9990229601966113
2024-04-25 14:16:20.404000+00:00,2024-04-25 14:15:30+00:00,2024-04-25 14:17:30+00:00,TABUENCA01-45,Sensoria-C1-EEA1,Right,Gait,1.0.5,40.3882544,-3.6292402,CB:AA:BC:3F:36:A5,SCKS,-0.019531,0.988282,-0.046875,-11.2,24.639999,40.32,0.065408,0.74752,-0.261632,382,572,436,0.9895857906770893
2024-04-25 14:16:20.412000+00:00,2024-04-25 14:15:30+00:00,2024-04-25 14:17:30+00:00,TABUENCA01-45,Sensoria-C1-E90A,Left,Gait,1.0.5,40.3882544,-3.6292402,F0:75:B1:51:59:F6,SCKS,0.4375,1.718749,0.03125,-6.72,33.599998,402.079987,0.336384,0.719488,-0.2336,709,545,696,1.7738322743430395
2024-04-25 14:16:20.421000+00:00,2024-04-25 14:15:30+00:00,2024-04-25 14:17:30+00:00,TABUENCA01-45,Sensoria-C1-EEA1,Right,Gait,1.0.5,40.3882544,-3.6292402,CB:AA:BC:3F:36:A5,SCKS,-0.015625,0.976563,-0.035156,-13.440001,23.52,41.439999,0.065408,0.74752,-0.2336,367,555,452,0.9773205093161608
2024-04-25 14:16:20.437000+00:00,2024-04-25 14:15:30+00:00,2024-04-25 14:17:30+00:00,TABUENCA01-45,Sensoria-C1-EEA1,Right,Gait,1.0.5,40.3882544,-3.6292402,CB:AA:BC:3F:36:A5,SCKS,-0.019531,1.000001,-0.011719,-15.68,20.16,45.920002,0.065408,0.74752,-0.2336,351,537,468,1.0002603635669065
2024-04-25 14:16:20.445000+00:00,2024-04-25 14:15:30+00:00,2024-04-25 14:17:30+00:00,TABUENCA01-45,Sensoria-C1-E90A,Left,Gait,1.0.5,40.3882544,-3.6292402,F0:75:B1:51:59:F6,SCKS,0.46875,2.562499,0.125,-12.32,47.040001,421.119995,0.392448,0.672768,-0.242944,708,545,695,2.608017002916392
2024-04-25 14:16:20.453000+00:00,2024-04-25 14:15:30+00:00,2024-04-25 14:17:30+00:00,TABUENCA01-45,Sensoria-C1-EEA1,Right,Gait,1.0.5,40.3882544,-3.6292402,CB:AA:BC:3F:36:A5,SCKS,-0.003906,0.984376,0.007813,-15.68,14.56,52.639999,0.065408,0.756864,-0.252288,331,518,485,0.9844147546542565
2024-04-25 14:16:20.470000+00:00,2024-04-25 14:15:30+00:00,2024-04-25 14:17:30+00:00,TABUENCA01-45,Sensoria-C1-EEA1,Right,Gait,1.0.5,40.3882544,-3.6292402,CB:AA:BC:3F:36:A5,SCKS,0.011719,1.023438,0.015625,-13.440001,8.96,58.240002,0.084096,0.756864,-0.242944,314,500,503,1.0236243526948743
2024-04-25 14:16:20.477000+00:00,2024-04-25 14:15:30+00:00,2024-04-25 14:17:30+00:00,TABUENCA01-45,Sensoria-C1-E90A,Left,Gait,1.0.5,40.3882544,-3.6292402,F0:75:B1:51:59:F6,SCKS,-0.125,3.249998,0.21875,-14.56,95.199997,432.320007,0.457856,0.60736,-0.261632,707,544,692,3.259749002991488
2024-04-25 14:16:20.510000+00:00,2024-04-25 14:15:30+00:00,2024-04-25 14:17:30+00:00,TABUENCA01-45,Sensoria-C1-E90A,Left,Gait,1.0.5,40.3882544,-3.6292402,F0:75:B1:51:59:F6,SCKS,-1.156249,2.812499,-1.468749,-31.360001,117.599998,364.0,0.495232,0.532608,-0.28032,707,544,695,3.3770232454045974
2024-04-25 14:16:20.518000+00:00,2024-04-25 14:15:30+00:00,2024-04-25 14:17:30+00:00,TABUENCA01-45,Sensoria-C1-EEA1,Right,Gait,1.0.5,40.3882544,-3.6292402,CB:AA:BC:3F:36:A5,SCKS,-0.058594,1.140626,0.0,-20.16,4.48,76.160004,0.102784,0.775552,-0.242944,278,460,560,1.1421299964154692
2024-04-25 14:16:20.534000+00:00,2024-04-25 14:15:30+00:00,2024-04-25 14:17:30+00:00,TABUENCA01-45,Sensoria-C1-EEA1,Right,Gait,1.0.5,40.3882544,-3.6292402,CB:AA:BC:3F:36:A5,SCKS,-0.050781,1.195313,0.101563,-24.639999,0.0,94.080002,0.102784,0.775552,-0.242944,263,441,601,1.2006943494907436
2024-04-25 14:16:20.542000+00:00,2024-04-25 14:15:30+00:00,2024-04-25 14:17:30+00:00,TABUENCA01-45,Sensoria-C1-E90A,Left,Gait,1.0.5,40.3882544,-3.6292402,F0:75:B1:51:59:F6,SCKS,-4.187498,1.093749,-0.25,-10.08,8.96,184.800003,0.523264,0.457856,-0.308352,703,545,697,4.335196232583365
2024-04-25 14:16:20.551000+00:00,2024-04-25 14:15:30+00:00,2024-04-25 14:17:30+00:00,TABUENCA01-45,Sensoria-C1-EEA1,Right,Gait,1.0.5,40.3882544,-3.6292402,CB:AA:BC:3F:36:A5,SCKS,-0.105469,1.19922,0.207031,-24.639999,-12.32,110.879997,0.112128,0.775552,-0.242944,248,426,638,1.2215212455467157
2024-04-25 14:16:20.574000+00:00,2024-04-25 14:15:30+00:00,2024-04-25 14:17:30+00:00,TABUENCA01-45,Sensoria-C1-E90A,Left,Gait,1.0.5,40.3882544,-3.6292402,F0:75:B1:51:59:F6,SCKS,-2.968748,1.906249,-0.375,21.280001,-48.16,-34.720001,0.523264,0.4672,-0.289664,702,546,704,3.547939534082423
2024-04-25 14:16:20.583000+00:00,2024-04-25 14:15:30+00:00,2024-04-25 14:17:30+00:00,TABUENCA01-45,Sensoria-C1-EEA1,Right,Gait,1.0.5,40.3882544,-3.6292402,CB:AA:BC:3F:36:A5,SCKS,-0.050781,1.378907,0.089844,-20.16,-35.84,126.559998,0.14016,0.784896,-0.252288,236,415,666,1.382763598358736
2024-04-25 14:16:20.600000+00:00,2024-04-25 14:15:30+00:00,2024-04-25 14:17:30+00:00,TABUENCA01-45,Sensoria-C1-EEA1,Right,Gait,1.0.5,40.3882544,-3.6292402,CB:AA:BC:3F:36:A5,SCKS,-0.074219,1.468751,-0.132813,-22.4,-40.32,143.360001,0.149504,0.79424,-0.252288,228,412,684,1.476610054459538
2024-04-25 14:16:20.607000+00:00,2024-04-25 14:15:30+00:00,2024-04-25 14:17:30+00:00,TABUENCA01-45,Sensoria-C1-E90A,Left,Gait,1.0.5,40.3882544,-3.6292402,F0:75:B1:51:59:F6,SCKS,4.593748,1.187499,0.34375,49.279999,45.920002,-100.800003,0.51392,0.495232,-0.289664,704,544,690,4.757188100654104
2024-04-25 14:16:20.615000+00:00,2024-04-25 14:15:30+00:00,2024-04-25 14:17:30+00:00,TABUENCA01-45,Sensoria-C1-EEA1,Right,Gait,1.0.5,40.3882544,-3.6292402,CB:AA:BC:3F:36:A5,SCKS,-0.164063,1.695314,-0.089844,-30.24,-25.76,160.160004,0.18688,0.803584,-0.261632,222,424,695,1.7056019966278768
2024-04-25 14:16:20.632000+00:00,2024-04-25 14:15:30+00:00,2024-04-25 14:17:30+00:00,TABUENCA01-45,Sensoria-C1-EEA1,Right,Gait,1.0.5,40.3882544,-3.6292402,CB:AA:BC:3F:36:A5,SCKS,-0.59375,1.996095,0.355469,-48.16,21.280001,189.279999,0.18688,0.803584,-0.261632,225,447,699,2.112650591433898
2024-04-25 14:16:20.639000+00:00,2024-04-25 14:15:30+00:00,2024-04-25 14:17:30+00:00,TABUENCA01-45,Sensoria-C1-E90A,Left,Gait,1.0.5,40.3882544,-3.6292402,F0:75:B1:51:59:F6,SCKS,-0.0625,1.687499,0.34375,68.32,127.68,-231.839996,0.495232,0.523264,-0.317696,707,549,637,1.7232884806383986
2024-04-25 14:16:20.664000+00:00,2024-04-25 14:15:30+00:00,2024-04-25 14:17:30+00:00,TABUENCA01-45,Sensoria-C1-EEA1,Right,Gait,1.0.5,40.3882544,-3.6292402,CB:AA:BC:3F:36:A5,SCKS,-1.171876,1.996095,0.421875,-70.559998,57.119999,217.279999,0.214912,0.803584,-0.261632,240,471,703,2.3527998478463905
2024-04-25 14:16:20.672000+00:00,2024-04-25 14:15:30+00:00,2024-04-25 14:17:30+00:00,TABUENCA01-45,Sensoria-C1-E90A,Left,Gait,1.0.5,40.3882544,-3.6292402,F0:75:B1:51:59:F6,SCKS,-0.0625,1.468749,-0.3125,109.760002,-13.440001,-201.600006,0.476544,0.56064,-0.317696,707,556,517,1.5029258547915796
2024-04-25 14:16:20.680000+00:00,2024-04-25 14:15:30+00:00,2024-04-25 14:17:30+00:00,TABUENCA01-45,Sensoria-C1-EEA1,Right,Gait,1.0.5,40.3882544,-3.6292402,CB:AA:BC:3F:36:A5,SCKS,-0.410157,1.996095,0.105469,-62.720001,29.120001,262.079987,0.252288,0.803584,-0.28032,262,500,705,2.040526334952578
2024-04-25 14:16:20.688000+00:00,2024-04-25 14:15:30+00:00,2024-04-25 14:17:30+00:00,TABUENCA01-45,Sensoria-C1-E90A,Left,Gait,1.0.5,40.3882544,-3.6292402,F0:75:B1:51:59:F6,SCKS,-0.0625,1.531249,0.25,72.800003,-53.760002,-204.960007,0.429824,0.626048,-0.299008,702,562,412,1.5527812949675175
2024-04-25 14:16:20.697000+00:00,2024-04-25 14:15:30+00:00,2024-04-25 14:17:30+00:00,TABUENCA01-45,Sensoria-C1-EEA1,Right,Gait,1.0.5,40.3882544,-3.6292402,CB:AA:BC:3F:36:A5,SCKS,-0.644532,1.996095,-0.566407,-45.920002,-44.799999,293.440002,0.308352,0.803584,-0.289664,307,549,706,2.1727019210416327
2024-04-25 14:16:20.713000+00:00,2024-04-25 14:15:30+00:00,2024-04-25 14:17:30+00:00,TABUENCA01-45,Sensoria-C1-EEA1,Right,Gait,1.0.5,40.3882544,-3.6292402,CB:AA:BC:3F:36:A5,SCKS,-0.59375,1.996095,-0.871094,-7.84,-85.120003,329.279999,0.355072,0.803584,-0.289664,369,609,706,2.2573743748791424
2024-04-25 14:16:20.720000+00:00,2024-04-25 14:15:30+00:00,2024-04-25 14:17:30+00:00,TABUENCA01-45,Sensoria-C1-E90A,Left,Gait,1.0.5,40.3882544,-3.6292402,F0:75:B1:51:59:F6,SCKS,0.125,0.9375,-0.28125,54.880001,-63.84,-91.840004,0.411136,0.663424,-0.289664,658,536,356,0.986728337740434
2024-04-25 14:16:20.729000+00:00,2024-04-25 14:15:30+00:00,2024-04-25 14:17:30+00:00,TABUENCA01-45,Sensoria-C1-EEA1,Right,Gait,1.0.5,40.3882544,-3.6292402,CB:AA:BC:3F:36:A5,SCKS,-0.472657,0.660157,-0.632813,15.68,-29.120001,263.200012,0.401792,0.803584,-0.28032,429,657,707,1.0293999209573508
2024-04-25 14:16:20.754000+00:00,2024-04-25 14:15:30+00:00,2024-04-25 14:17:30+00:00,TABUENCA01-45,Sensoria-C1-E90A,Left,Gait,1.0.5,40.3882544,-3.6292402,F0:75:B1:51:59:F6,SCKS,0.09375,0.999999,-0.21875,26.880001,-42.560001,-44.799999,0.392448,0.682112,-0.261632,622,505,350,1.0279292898837935
2024-04-25 14:16:20.763000+00:00,2024-04-25 14:15:30+00:00,2024-04-25 14:17:30+00:00,TABUENCA01-45,Sensoria-C1-EEA1,Right,Gait,1.0.5,40.3882544,-3.6292402,CB:AA:BC:3F:36:A5,SCKS,0.707032,-0.125,-0.636719,6.72,34.720001,166.880005,0.401792,0.803584,-0.28032,465,685,704,0.9596511522344982
2024-04-25 14:16:20.778000+00:00,2024-04-25 14:15:30+00:00,2024-04-25 14:17:30+00:00,TABUENCA01-45,Sensoria-C1-EEA1,Right,Gait,1.0.5,40.3882544,-3.6292402,CB:AA:BC:3F:36:A5,SCKS,-1.000001,0.394532,-0.554688,-12.32,178.080002,60.48,0.429824,0.79424,-0.28032,484,700,702,1.209684370556634
2024-04-25 14:16:20.785000+00:00,2024-04-25 14:15:30+00:00,2024-04-25 14:17:30+00:00,TABUENCA01-45,Sensoria-C1-E90A,Left,Gait,1.0.5,40.3882544,-3.6292402,F0:75:B1:51:59:F6,SCKS,0.09375,0.999999,-0.09375,10.08,-38.080002,-33.599998,0.401792,0.682112,-0.261632,593,476,362,1.008749783147932
2024-04-25 14:16:20.794000+00:00,2024-04-25 14:15:30+00:00,2024-04-25 14:17:30+00:00,TABUENCA01-45,Sensoria-C1-EEA1,Right,Gait,1.0.5,40.3882544,-3.6292402,CB:AA:BC:3F:36:A5,SCKS,-0.902344,0.109375,-0.132813,-14.56,99.68,-39.200001,0.439168,0.79424,-0.308352,496,709,699,0.9186004996351788
2024-04-25 14:16:20.811000+00:00,2024-04-25 14:15:30+00:00,2024-04-25 14:17:30+00:00,TABUENCA01-45,Sensoria-C1-EEA1,Right,Gait,1.0.5,40.3882544,-3.6292402,CB:AA:BC:3F:36:A5,SCKS,-0.433594,-0.125,0.007813,28.0,43.68,-75.040001,0.42048,0.79424,-0.308352,498,712,698,0.4513200635967783
2024-04-25 14:16:20.818000+00:00,2024-04-25 14:15:30+00:00,2024-04-25 14:17:30+00:00,TABUENCA01-45,Sensoria-C1-E90A,Left,Gait,1.0.5,40.3882544,-3.6292402,F0:75:B1:51:59:F6,SCKS,0.125,0.999999,-0.1875,4.48,-44.799999,-30.24,0.383104,0.682112,-0.252288,572,454,396,1.0250752411413515
2024-04-25 14:16:20.843000+00:00,2024-04-25 14:15:30+00:00,2024-04-25 14:17:30+00:00,TABUENCA01-45,Sensoria-C1-EEA1,Right,Gait,1.0.5,40.3882544,-3.6292402,CB:AA:BC:3F:36:A5,SCKS,-0.488282,-0.027344,-0.039063,48.16,25.76,-126.559998,0.401792,0.79424,-0.299008,500,714,697,0.4906046512508825
2024-04-25 14:16:20.850000+00:00,2024-04-25 14:15:30+00:00,2024-04-25 14:17:30+00:00,TABUENCA01-45,Sensoria-C1-E90A,Left,Gait,1.0.5,40.3882544,-3.6292402,F0:75:B1:51:59:F6,SCKS,0.09375,0.9375,-0.21875,3.36,-49.279999,-28.0,0.37376,0.691456,-0.252288,551,436,447,0.967236721283885
2024-04-25 14:16:20.859000+00:00,2024-04-25 14:15:30+00:00,2024-04-25 14:17:30+00:00,TABUENCA01-45,Sensoria-C1-EEA1,Right,Gait,1.0.5,40.3882544,-3.6292402,CB:AA:BC:3F:36:A5,SCKS,-0.578125,0.164063,-0.050781,56.0,2.24,-178.080002,0.37376,0.803584,-0.28032,500,714,697,0.6030952607631733
2024-04-25 14:16:20.876000+00:00,2024-04-25 14:15:30+00:00,2024-04-25 14:17:30+00:00,TABUENCA01-45,Sensoria-C1-EEA1,Right,Gait,1.0.5,40.3882544,-3.6292402,CB:AA:BC:3F:36:A5,SCKS,-0.460938,0.230469,-0.011719,59.360001,-28.0,-221.759995,0.32704,0.822272,-0.28032,500,713,695,0.5154775793048617
2024-04-25 14:16:20.883000+00:00,2024-04-25 14:15:30+00:00,2024-04-25 14:17:30+00:00,TABUENCA01-45,Sensoria-C1-E90A,Left,Gait,1.0.5,40.3882544,-3.6292402,F0:75:B1:51:59:F6,SCKS,0.0625,0.9375,-0.21875,-2.24,-43.68,-21.280001,0.37376,0.691456,-0.242944,539,424,501,0.9647093150270707
2024-04-25 14:16:20.892000+00:00,2024-04-25 14:15:30+00:00,2024-04-25 14:17:30+00:00,TABUENCA01-45,Sensoria-C1-EEA1,Right,Gait,1.0.5,40.3882544,-3.6292402,CB:AA:BC:3F:36:A5,SCKS,-0.453125,0.410157,0.0,66.080002,-48.16,-263.200012,0.32704,0.822272,-0.28032,500,714,694,0.6111882118251301
2024-04-25 14:16:20.916000+00:00,2024-04-25 14:15:30+00:00,2024-04-25 14:17:30+00:00,TABUENCA01-45,Sensoria-C1-E90A,Left,Gait,1.0.5,40.3882544,-3.6292402,F0:75:B1:51:59:F6,SCKS,0.03125,0.9375,-0.28125,-5.6,-39.200001,-20.16,0.364416,0.7008,-0.242944,527,409,548,0.9792774759995249
2024-04-25 14:16:20.924000+00:00,2024-04-25 14:15:30+00:00,2024-04-25 14:17:30+00:00,TABUENCA01-45,Sensoria-C1-EEA1,Right,Gait,1.0.5,40.3882544,-3.6292402,CB:AA:BC:3F:36:A5,SCKS,-0.476563,0.640625,0.027344,67.199997,-58.240002,-311.360016,0.28032,0.812928,-0.28032,500,713,694,0.7989119963613014
2024-04-25 14:16:20.941000+00:00,2024-04-25 14:15:30+00:00,2024-04-25 14:17:30+00:00,TABUENCA01-45,Sensoria-C1-EEA1,Right,Gait,1.0.5,40.3882544,-3.6292402,CB:AA:BC:3F:36:A5,SCKS,-0.429688,1.039063,0.050781,59.360001,-57.119999,-338.23999,0.224256,0.803584,-0.261632,498,713,693,1.125549823541366
2024-04-25 14:16:20.948000+00:00,2024-04-25 14:15:30+00:00,2024-04-25 14:17:30+00:00,TABUENCA01-45,Sensoria-C1-E90A,Left,Gait,1.0.5,40.3882544,-3.6292402,F0:75:B1:51:59:F6,SCKS,0.03125,0.9375,-0.21875,-6.72,-41.439999,-21.280001,0.364416,0.7008,-0.242944,516,396,585,0.9631896879639026
2024-04-25 14:16:20.958000+00:00,2024-04-25 14:15:30+00:00,2024-04-25 14:17:30+00:00,TABUENCA01-45,Sensoria-C1-EEA1,Right,Gait,1.0.5,40.3882544,-3.6292402,CB:AA:BC:3F:36:A5,SCKS,-0.398438,1.320313,0.0625,47.040001,-44.799999,-366.23999,0.158848,0.784896,-0.252288,498,710,693,1.3805381225496818
2024-04-25 14:16:20.974000+00:00,2024-04-25 14:15:30+00:00,2024-04-25 14:17:30+00:00,TABUENCA01-45,Sensoria-C1-EEA1,Right,Gait,1.0.5,40.3882544,-3.6292402,CB:AA:BC:3F:36:A5,SCKS,-0.464844,1.820314,0.152344,26.880001,-16.799999,-385.279999,0.102784,0.756864,-0.261632,498,710,693,1.884895672780857
2024-04-25 14:16:20.981000+00:00,2024-04-25 14:15:30+00:00,2024-04-25 14:17:30+00:00,TABUENCA01-45,Sensoria-C1-E90A,Left,Gait,1.0.5,40.3882544,-3.6292402,F0:75:B1:51:59:F6,SCKS,0.03125,0.9375,-0.15625,-5.6,-44.799999,-25.76,0.355072,0.710144,-0.2336,502,379,614,0.9509452534189337
2024-04-25 14:16:20.990000+00:00,2024-04-25 14:15:30+00:00,2024-04-25 14:17:30+00:00,TABUENCA01-45,Sensoria-C1-EEA1,Right,Gait,1.0.5,40.3882544,-3.6292402,CB:AA:BC:3F:36:A5,SCKS,-0.574219,1.996095,0.246094,6.72,23.52,-387.519989,0.102784,0.756864,-0.261632,497,709,692,2.091574757406964
2024-04-25 14:16:21.022000+00:00,2024-04-25 14:15:30+00:00,2024-04-25 14:17:30+00:00,TABUENCA01-45,Sensoria-C1-EEA1,Right,Gait,1.0.5,40.3882544,-3.6292402,CB:AA:BC:3F:36:A5,SCKS,0.035156,1.996095,-0.050781,43.68,-28.0,-389.76001,0.037376,0.719488,-0.242944,497,709,692,1.9970503006489346
2024-04-25 14:16:21.030000+00:00,2024-04-25 14:15:30+00:00,2024-04-25 14:17:30+00:00,TABUENCA01-45,Sensoria-C1-E90A,Left,Gait,1.0.5,40.3882544,-3.6292402,F0:75:B1:51:59:F6,SCKS,0.0,0.999999,-0.125,0.0,-25.76,-44.799999,0.32704,0.728832,-0.224256,462,329,661,1.0077812262594494
2024-04-25 14:16:21.038000+00:00,2024-04-25 14:15:30+00:00,2024-04-25 14:17:30+00:00,TABUENCA01-45,Sensoria-C1-EEA1,Right,Gait,1.0.5,40.3882544,-3.6292402,CB:AA:BC:3F:36:A5,SCKS,0.890626,1.996095,0.164063,41.439999,-26.880001,-393.119995,-0.018688,0.663424,-0.252288,498,709,692,2.191923034431182
2024-04-25 14:16:21.054000+00:00,2024-04-25 14:15:30+00:00,2024-04-25 14:17:30+00:00,TABUENCA01-45,Sensoria-C1-EEA1,Right,Gait,1.0.5,40.3882544,-3.6292402,CB:AA:BC:3F:36:A5,SCKS,1.921876,1.996095,-0.691407,39.200001,-21.280001,-376.320007,-0.056064,0.616704,-0.242944,496,709,693,2.8558792425538586
2024-04-25 14:16:21.062000+00:00,2024-04-25 14:15:30+00:00,2024-04-25 14:17:30+00:00,TABUENCA01-45,Sensoria-C1-E90A,Left,Gait,1.0.5,40.3882544,-3.6292402,F0:75:B1:51:59:F6,SCKS,0.0625,1.093749,-0.1875,-5.6,-26.880001,-58.240002,0.32704,0.738176,-0.224256,440,305,676,1.1114627186734607
2024-04-25 14:16:21.071000+00:00,2024-04-25 14:15:30+00:00,2024-04-25 14:17:30+00:00,TABUENCA01-45,Sensoria-C1-EEA1,Right,Gait,1.0.5,40.3882544,-3.6292402,CB:AA:BC:3F:36:A5,SCKS,1.996095,1.777345,-0.015625,61.599998,20.16,-256.480011,-0.074752,0.569984,-0.252288,496,711,693,2.672750388396754
2024-04-25 14:16:21.094000+00:00,2024-04-25 14:15:30+00:00,2024-04-25 14:17:30+00:00,TABUENCA01-45,Sensoria-C1-E90A,Left,Gait,1.0.5,40.3882544,-3.6292402,F0:75:B1:51:59:F6,SCKS,0.09375,1.187499,-0.09375,-7.84,-26.880001,-78.400002,0.308352,0.74752,-0.224256,416,283,691,1.194877399569094
2024-04-25 14:16:21.103000+00:00,2024-04-25 14:15:30+00:00,2024-04-25 14:17:30+00:00,TABUENCA01-45,Sensoria-C1-EEA1,Right,Gait,1.0.5,40.3882544,-3.6292402,CB:AA:BC:3F:36:A5,SCKS,1.996095,1.69922,0.421875,67.199997,56.0,-141.119995,-0.074752,0.569984,-0.224256,496,712,695,2.6551313287764127
2024-04-25 14:16:21.120000+00:00,2024-04-25 14:15:30+00:00,2024-04-25 14:17:30+00:00,TABUENCA01-45,Sensoria-C1-EEA1,Right,Gait,1.0.5,40.3882544,-3.6292402,CB:AA:BC:3F:36:A5,SCKS,1.996095,1.976564,0.968751,23.52,30.24,8.96,-0.09344,0.551296,-0.224256,495,713,699,2.9714775777585802
2024-04-25 14:16:21.127000+00:00,2024-04-25 14:15:30+00:00,2024-04-25 14:17:30+00:00,TABUENCA01-45,Sensoria-C1-E90A,Left,Gait,1.0.5,40.3882544,-3.6292402,F0:75:B1:51:59:F6,SCKS,0.09375,1.249999,0.0,-2.24,-12.32,-107.520004,0.299008,0.756864,-0.224256,396,269,700,1.2535096978089162
2024-04-25 14:16:21.136000+00:00,2024-04-25 14:15:30+00:00,2024-04-25 14:17:30+00:00,TABUENCA01-45,Sensoria-C1-EEA1,Right,Gait,1.0.5,40.3882544,-3.6292402,CB:AA:BC:3F:36:A5,SCKS,0.519532,1.472657,0.246094,6.72,-101.919998,135.520004,-0.084096,0.56064,-0.2336,494,711,698,1.5808840550492627
2024-04-25 14:16:21.152000+00:00,2024-04-25 14:15:30+00:00,2024-04-25 14:17:30+00:00,TABUENCA01-45,Sensoria-C1-EEA1,Right,Gait,1.0.5,40.3882544,-3.6292402,CB:AA:BC:3F:36:A5,SCKS,-2.000001,0.718751,0.886719,47.040001,-165.759995,62.720001,-0.084096,0.579328,-0.252288,500,712,673,2.3027977733537526
2024-04-25 14:16:21.160000+00:00,2024-04-25 14:15:30+00:00,2024-04-25 14:17:30+00:00,TABUENCA01-45,Sensoria-C1-E90A,Left,Gait,1.0.5,40.3882544,-3.6292402,F0:75:B1:51:59:F6,SCKS,0.1875,1.499999,-0.25,3.36,-6.72,-142.240005,0.270976,0.766208,-0.224256,389,271,706,1.5322053550360017
2024-04-25 14:16:21.185000+00:00,2024-04-25 14:15:30+00:00,2024-04-25 14:17:30+00:00,TABUENCA01-45,Sensoria-C1-EEA1,Right,Gait,1.0.5,40.3882544,-3.6292402,CB:AA:BC:3F:36:A5,SCKS,1.585939,1.339845,1.289063,75.040001,-256.480011,263.200012,-0.074752,0.60736,-0.28032,511,715,627,2.4437820184531596
2024-04-25 14:16:21.192000+00:00,2024-04-25 14:15:30+00:00,2024-04-25 14:17:30+00:00,TABUENCA01-45,Sensoria-C1-E90A,Left,Gait,1.0.5,40.3882544,-3.6292402,F0:75:B1:51:59:F6,SCKS,0.5,1.906249,-0.09375,0.0,-15.68,-181.440002,0.205568,0.784896,-0.224256,416,314,706,1.972960798521096
2024-04-25 14:16:21.200000+00:00,2024-04-25 14:15:30+00:00,2024-04-25 14:17:30+00:00,TABUENCA01-45,Sensoria-C1-EEA1,Right,Gait,1.0.5,40.3882544,-3.6292402,CB:AA:BC:3F:36:A5,SCKS,0.714844,1.996095,0.476563,69.440002,-79.519997,230.720001,-0.056064,0.635392,-0.28032,516,718,549,2.1731335638496776
2024-04-25 14:16:21.217000+00:00,2024-04-25 14:15:30+00:00,2024-04-25 14:17:30+00:00,TABUENCA01-45,Sensoria-C1-EEA1,Right,Gait,1.0.5,40.3882544,-3.6292402,CB:AA:BC:3F:36:A5,SCKS,0.070313,1.433595,-0.511719,67.199997,58.240002,224.0,-0.056064,0.635392,-0.28032,518,719,467,1.523809330905609
2024-04-25 14:16:21.225000+00:00,2024-04-25 14:15:30+00:00,2024-04-25 14:17:30+00:00,TABUENCA01-45,Sensoria-C1-E90A,Left,Gait,1.0.5,40.3882544,-3.6292402,F0:75:B1:51:59:F6,SCKS,1.124999,2.562499,0.09375,-25.76,-48.16,-197.119995,0.168192,0.79424,-0.224256,481,365,704,2.8001451636481276
2024-04-25 14:16:21.233000+00:00,2024-04-25 14:15:30+00:00,2024-04-25 14:17:30+00:00,TABUENCA01-45,Sensoria-C1-EEA1,Right,Gait,1.0.5,40.3882544,-3.6292402,CB:AA:BC:3F:36:A5,SCKS,0.597657,1.57422,-0.527344,0.0,0.0,193.759995,-0.037376,0.672768,-0.261632,513,720,409,1.7644982834746539
2024-04-25 14:16:21.249000+00:00,2024-04-25 14:15:30+00:00,2024-04-25 14:17:30+00:00,TABUENCA01-45,Sensoria-C1-EEA1,Right,Gait,1.0.5,40.3882544,-3.6292402,CB:AA:BC:3F:36:A5,SCKS,0.113281,0.820313,0.058594,-5.6,25.76,147.839996,-0.018688,0.691456,-0.270976,500,724,373,0.8301682117294061
2024-04-25 14:16:21.257000+00:00,2024-04-25 14:15:30+00:00,2024-04-25 14:17:30+00:00,TABUENCA01-45,Sensoria-C1-E90A,Left,Gait,1.0.5,40.3882544,-3.6292402,F0:75:B1:51:59:F6,SCKS,0.6875,2.343749,-1.031249,-4.48,-52.639999,-278.880005,0.074752,0.803584,-0.242944,572,454,706,2.6512808461198523
2024-04-25 14:16:21.282000+00:00,2024-04-25 14:15:30+00:00,2024-04-25 14:17:30+00:00,TABUENCA01-45,Sensoria-C1-EEA1,Right,Gait,1.0.5,40.3882544,-3.6292402,CB:AA:BC:3F:36:A5,SCKS,-0.023438,1.015626,0.0,-15.68,42.560001,125.440002,0.0,0.710144,-0.261632,482,717,350,1.0158964079668753
2024-04-25 14:16:21.289000+00:00,2024-04-25 14:15:30+00:00,2024-04-25 14:17:30+00:00,TABUENCA01-45,Sensoria-C1-E90A,Left,Gait,1.0.5,40.3882544,-3.6292402,F0:75:B1:51:59:F6,SCKS,0.90625,0.90625,-0.46875,16.799999,44.799999,-244.160004,0.028032,0.803584,-0.242944,641,517,706,1.364662847556128
2024-04-25 14:16:21.314000+00:00,2024-04-25 14:15:30+00:00,2024-04-25 14:17:30+00:00,TABUENCA01-45,Sensoria-C1-EEA1,Right,Gait,1.0.5,40.3882544,-3.6292402,CB:AA:BC:3F:36:A5,SCKS,-0.054688,0.960938,0.082031,-13.440001,28.0,84.0,0.018688,0.719488,-0.270976,456,689,335,0.9659822473260055
2024-04-25 14:16:21.321000+00:00,2024-04-25 14:15:30+00:00,2024-04-25 14:17:30+00:00,TABUENCA01-45,Sensoria-C1-E90A,Left,Gait,1.0.5,40.3882544,-3.6292402,F0:75:B1:51:59:F6,SCKS,-0.999999,0.25,-0.4375,2.24,-49.279999,-131.039993,-0.009344,0.79424,-0.242944,679,542,707,1.119778661165232
2024-04-25 14:16:21.330000+00:00,2024-04-25 14:15:30+00:00,2024-04-25 14:17:30+00:00,TABUENCA01-45,Sensoria-C1-EEA1,Right,Gait,1.0.5,40.3882544,-3.6292402,CB:AA:BC:3F:36:A5,SCKS,-0.066406,1.007813,0.070313,0.0,11.2,66.080002,0.028032,0.728832,-0.261632,442,672,334,1.0124429454413717
2024-04-25 14:16:21.338000+00:00,2024-04-25 14:15:30+00:00,2024-04-25 14:17:30+00:00,TABUENCA01-45,Sensoria-C1-E90A,Left,Gait,1.0.5,40.3882544,-3.6292402,F0:75:B1:51:59:F6,SCKS,1.156249,0.1875,-0.28125,6.72,-155.680008,88.480003,-0.018688,0.79424,-0.242944,696,549,704,1.2046449943867281
2024-04-25 14:16:21.363000+00:00,2024-04-25 14:15:30+00:00,2024-04-25 14:17:30+00:00,TABUENCA01-45,Sensoria-C1-EEA1,Right,Gait,1.0.5,40.3882544,-3.6292402,CB:AA:BC:3F:36:A5,SCKS,-0.03125,0.968751,0.074219,-1.12,12.32,51.52,0.037376,0.728832,-0.261632,431,656,342,0.9720923425590802
2024-04-25 14:16:21.371000+00:00,2024-04-25 14:15:30+00:00,2024-04-25 14:17:30+00:00,TABUENCA01-45,Sensoria-C1-E90A,Left,Gait,1.0.5,40.3882544,-3.6292402,F0:75:B1:51:59:F6,SCKS,0.78125,-0.03125,0.0,-17.92,-19.040001,148.960007,0.0,0.79424,-0.242944,704,550,703,0.7818747501998002
2024-04-25 14:16:21.379000+00:00,2024-04-25 14:15:30+00:00,2024-04-25 14:17:30+00:00,TABUENCA01-45,Sensoria-C1-EEA1,Right,Gait,1.0.5,40.3882544,-3.6292402,CB:AA:BC:3F:36:A5,SCKS,-0.109375,1.039063,-0.128906,4.48,3.36,47.040001,0.028032,0.738176,-0.252288,421,643,352,1.0527257788379651
2024-04-25 14:16:21.395000+00:00,2024-04-25 14:15:30+00:00,2024-04-25 14:17:30+00:00,TABUENCA01-45,Sensoria-C1-EEA1,Right,Gait,1.0.5,40.3882544,-3.6292402,CB:AA:BC:3F:36:A5,SCKS,-0.054688,0.953126,-0.082031,-4.48,12.32,51.52,0.028032,0.738176,-0.252288,410,632,368,0.9582113723918121
2024-04-25 14:16:21.403000+00:00,2024-04-25 14:15:30+00:00,2024-04-25 14:17:30+00:00,TABUENCA01-45,Sensoria-C1-E90A,Left,Gait,1.0.5,40.3882544,-3.6292402,F0:75:B1:51:59:F6,SCKS,0.25,0.03125,0.0625,-20.16,42.560001,192.639999,0.056064,0.812928,-0.252288,706,549,703,0.25958199571618984
2024-04-25 14:16:21.412000+00:00,2024-04-25 14:15:30+00:00,2024-04-25 14:17:30+00:00,TABUENCA01-45,Sensoria-C1-EEA1,Right,Gait,1.0.5,40.3882544,-3.6292402,CB:AA:BC:3F:36:A5,SCKS,-0.011719,0.953126,-0.082031,-10.08,19.040001,50.400002,0.04672,0.738176,-0.242944,398,620,389,0.9567212717390577
2024-04-25 14:16:21.435000+00:00,2024-04-25 14:15:30+00:00,2024-04-25 14:17:30+00:00,TABUENCA01-45,Sensoria-C1-E90A,Left,Gait,1.0.5,40.3882544,-3.6292402,F0:75:B1:51:59:F6,SCKS,0.4375,0.34375,-0.21875,7.84,40.32,264.320007,0.102784,0.803584,-0.252288,705,550,700,0.597847702178406
2024-04-25 14:16:21.444000+00:00,2024-04-25 14:15:30+00:00,2024-04-25 14:17:30+00:00,TABUENCA01-45,Sensoria-C1-EEA1,Right,Gait,1.0.5,40.3882544,-3.6292402,CB:AA:BC:3F:36:A5,SCKS,0.023438,0.972657,-0.03125,-10.08,28.0,45.920002,0.04672,0.74752,-0.252288,387,607,409,0.973441082959313
2024-04-25 14:16:21.460000+00:00,2024-04-25 14:15:30+00:00,2024-04-25 14:17:30+00:00,TABUENCA01-45,Sensoria-C1-EEA1,Right,Gait,1.0.5,40.3882544,-3.6292402,CB:AA:BC:3F:36:A5,SCKS,-0.027344,0.980469,-0.003906,-11.2,31.360001,39.200001,0.056064,0.74752,-0.252288,376,592,429,0.9808579974354086
2024-04-25 14:16:21.468000+00:00,2024-04-25 14:15:30+00:00,2024-04-25 14:17:30+00:00,TABUENCA01-45,Sensoria-C1-E90A,Left,Gait,1.0.5,40.3882544,-3.6292402,F0:75:B1:51:59:F6,SCKS,0.34375,0.65625,-0.1875,-8.96,53.760002,308.0,0.149504,0.79424,-0.252288,706,549,700,0.7641887037898427
2024-04-25 14:16:21.477000+00:00,2024-04-25 14:15:30+00:00,2024-04-25 14:17:30+00:00,TABUENCA01-45,Sensoria-C1-EEA1,Right,Gait,1.0.5,40.3882544,-3.6292402,CB:AA:BC:3F:36:A5,SCKS,-0.011719,0.992188,-0.058594,-10.08,23.52,40.32,0.065408,0.756864,-0.242944,363,579,449,0.993985723811464
2024-04-25 14:16:21.493000+00:00,2024-04-25 14:15:30+00:00,2024-04-25 14:17:30+00:00,TABUENCA01-45,Sensoria-C1-EEA1,Right,Gait,1.0.5,40.3882544,-3.6292402,CB:AA:BC:3F:36:A5,SCKS,0.023438,0.972657,-0.078125,-8.96,19.040001,40.32,0.074752,0.756864,-0.2336,352,563,470,0.976070947789145
2024-04-25 14:16:21.500000+00:00,2024-04-25 14:15:30+00:00,2024-04-25 14:17:30+00:00,TABUENCA01-45,Sensoria-C1-E90A,Left,Gait,1.0.5,40.3882544,-3.6292402,F0:75:B1:51:59:F6,SCKS,0.34375,0.999999,-0.1875,-11.2,66.080002,361.76001,0.214912,0.784896,-0.252288,705,546,699,1.0739265861784966
2024-04-25 14:16:21.509000+00:00,2024-04-25 14:15:30+00:00,2024-04-25 14:17:30+00:00,TABUENCA01-45,Sensoria-C1-EEA1,Right,Gait,1.0.5,40.3882544,-3.6292402,CB:AA:BC:3F:36:A5,SCKS,0.011719,0.972657,-0.039063,-7.84,17.92,41.439999,0.074752,0.756864,-0.2336,339,549,492,0.9735116294010052
2024-04-25 14:16:21.533000+00:00,2024-04-25 14:15:30+00:00,2024-04-25 14:17:30+00:00,TABUENCA01-45,Sensoria-C1-E90A,Left,Gait,1.0.5,40.3882544,-3.6292402,F0:75:B1:51:59:F6,SCKS,0.46875,1.624999,-0.21875,-12.32,54.880001,408.799988,0.28032,0.756864,-0.261632,704,545,699,1.7053445033191974
2024-04-25 14:16:21.543000+00:00,2024-04-25 14:15:30+00:00,2024-04-25 14:17:30+00:00,TABUENCA01-45,Sensoria-C1-EEA1,Right,Gait,1.0.5,40.3882544,-3.6292402,CB:AA:BC:3F:36:A5,SCKS,0.003906,0.996094,-0.019531,-6.72,19.040001,44.799999,0.084096,0.756864,-0.242944,324,533,516,0.9962931163232034
2024-04-25 14:16:21.558000+00:00,2024-04-25 14:15:30+00:00,2024-04-25 14:17:30+00:00,TABUENCA01-45,Sensoria-C1-EEA1,Right,Gait,1.0.5,40.3882544,-3.6292402,CB:AA:BC:3F:36:A5,SCKS,-0.007813,0.980469,-0.003906,-6.72,15.68,51.52,0.084096,0.756864,-0.242944,310,519,540,0.9805079090787591
2024-04-25 14:16:21.566000+00:00,2024-04-25 14:15:30+00:00,2024-04-25 14:17:30+00:00,TABUENCA01-45,Sensoria-C1-E90A,Left,Gait,1.0.5,40.3882544,-3.6292402,F0:75:B1:51:59:F6,SCKS,0.5,2.499999,-0.1875,-10.08,60.48,433.440002,0.411136,0.65408,-0.28032,706,545,698,2.5563941890876296
2024-04-25 14:16:21.575000+00:00,2024-04-25 14:15:30+00:00,2024-04-25 14:17:30+00:00,TABUENCA01-45,Sensoria-C1-EEA1,Right,Gait,1.0.5,40.3882544,-3.6292402,CB:AA:BC:3F:36:A5,SCKS,0.007813,1.000001,0.039063,-6.72,8.96,60.48,0.09344,0.766208,-0.2336,293,501,566,1.0007941651203807
2024-04-25 14:16:21.591000+00:00,2024-04-25 14:15:30+00:00,2024-04-25 14:17:30+00:00,TABUENCA01-45,Sensoria-C1-EEA1,Right,Gait,1.0.5,40.3882544,-3.6292402,CB:AA:BC:3F:36:A5,SCKS,0.039063,1.058594,0.03125,-7.84,3.36,68.32,0.102784,0.766208,-0.252288,277,486,595,1.059775323974379
2024-04-25 14:16:21.598000+00:00,2024-04-25 14:15:30+00:00,2024-04-25 14:17:30+00:00,TABUENCA01-45,Sensoria-C1-E90A,Left,Gait,1.0.5,40.3882544,-3.6292402,F0:75:B1:51:59:F6,SCKS,-0.4375,3.562498,-0.34375,-28.0,92.959999,426.720001,0.4672,0.588672,-0.299008,706,545,696,3.605684721728177
2024-04-25 14:16:21.623000+00:00,2024-04-25 14:15:30+00:00,2024-04-25 14:17:30+00:00,TABUENCA01-45,Sensoria-C1-EEA1,Right,Gait,1.0.5,40.3882544,-3.6292402,CB:AA:BC:3F:36:A5,SCKS,0.03125,1.035157,0.066406,-8.96,3.36,73.919998,0.102784,0.766208,-0.252288,260,467,626,1.0377554307181438
2024-04-25 14:16:21.631000+00:00,2024-04-25 14:15:30+00:00,2024-04-25 14:17:30+00:00,TABUENCA01-45,Sensoria-C1-E90A,Left,Gait,1.0.5,40.3882544,-3.6292402,F0:75:B1:51:59:F6,SCKS,-2.531249,2.062499,-1.437499,15.68,104.160004,313.600006,0.51392,0.476544,-0.336384,701,542,703,3.5675659769656676
2024-04-25 14:16:21.640000+00:00,2024-04-25 14:15:30+00:00,2024-04-25 14:17:30+00:00,TABUENCA01-45,Sensoria-C1-EEA1,Right,Gait,1.0.5,40.3882544,-3.6292402,CB:AA:BC:3F:36:A5,SCKS,-0.023438,1.140626,0.011719,-14.56,-5.6,84.0,0.112128,0.775552,-0.252288,245,451,655,1.1409269681627303
2024-04-25 14:16:21.656000+00:00,2024-04-25 14:15:30+00:00,2024-04-25 14:17:30+00:00,TABUENCA01-45,Sensoria-C1-EEA1,Right,Gait,1.0.5,40.3882544,-3.6292402,CB:AA:BC:3F:36:A5,SCKS,-0.046875,1.214845,0.160156,-21.280001,-15.68,105.279999,0.121472,0.775552,-0.252288,230,438,677,1.226252659114752
2024-04-25 14:16:21.663000+00:00,2024-04-25 14:15:30+00:00,2024-04-25 14:17:30+00:00,TABUENCA01-45,Sensoria-C1-E90A,Left,Gait,1.0.5,40.3882544,-3.6292402,F0:75:B1:51:59:F6,SCKS,-3.718748,1.562499,-0.71875,10.08,-110.879997,80.639999,0.523264,0.457856,-0.32704,702,542,708,4.097205312771743
2024-04-25 14:16:21.673000+00:00,2024-04-25 14:15:30+00:00,2024-04-25 14:17:30+00:00,TABUENCA01-45,Sensoria-C1-EEA1,Right,Gait,1.0.5,40.3882544,-3.6292402,CB:AA:BC:3F:36:A5,SCKS,-0.0625,1.32422,0.019531,-17.92,-31.360001,118.720001,0.14016,0.784896,-0.252288,219,429,692,1.3258379683660442
2024-04-25 14:16:21.680000+00:00,2024-04-25 14:15:30+00:00,2024-04-25 14:17:30+00:00,TABUENCA01-45,Sensoria-C1-E90A,Left,Gait,1.0.5,40.3882544,-3.6292402,F0:75:B1:51:59:F6,SCKS,0.625,4.374998,-0.34375,19.040001,-49.279999,-174.720001,0.523264,0.476544,-0.299008,699,543,705,4.4327639867811595
2024-04-25 14:16:21.705000+00:00,2024-04-25 14:15:30+00:00,2024-04-25 14:17:30+00:00,TABUENCA01-45,Sensoria-C1-EEA1,Right,Gait,1.0.5,40.3882544,-3.6292402,CB:AA:BC:3F:36:A5,SCKS,-0.058594,1.41797,-0.191406,-15.68,-31.360001,136.639999,0.168192,0.784896,-0.261632,211,430,704,1.4320294810415042
2024-04-25 14:16:21.712000+00:00,2024-04-25 14:15:30+00:00,2024-04-25 14:17:30+00:00,TABUENCA01-45,Sensoria-C1-E90A,Left,Gait,1.0.5,40.3882544,-3.6292402,F0:75:B1:51:59:F6,SCKS,1.687499,0.75,1.031249,48.16,107.520004,-143.360001,0.51392,0.495232,-0.299008,704,545,677,2.115095121974896
2024-04-25 14:16:21.722000+00:00,2024-04-25 14:15:30+00:00,2024-04-25 14:17:30+00:00,TABUENCA01-45,Sensoria-C1-EEA1,Right,Gait,1.0.5,40.3882544,-3.6292402,CB:AA:BC:3F:36:A5,SCKS,-0.222656,1.73047,-0.070313,-8.96,-15.68,156.800003,0.168192,0.784896,-0.261632,203,445,710,1.7461517783987164
2024-04-25 14:16:21.737000+00:00,2024-04-25 14:15:30+00:00,2024-04-25 14:17:30+00:00,TABUENCA01-45,Sensoria-C1-EEA1,Right,Gait,1.0.5,40.3882544,-3.6292402,CB:AA:BC:3F:36:A5,SCKS,-0.488282,1.996095,0.257813,-16.799999,16.799999,180.320007,0.196224,0.79424,-0.252288,202,470,710,2.0710582086262086
2024-04-25 14:16:21.744000+00:00,2024-04-25 14:15:30+00:00,2024-04-25 14:17:30+00:00,TABUENCA01-45,Sensoria-C1-E90A,Left,Gait,1.0.5,40.3882544,-3.6292402,F0:75:B1:51:59:F6,SCKS,-0.46875,1.656249,0.0,101.919998,97.440002,-234.080002,0.485888,0.541952,-0.32704,705,552,576,1.7213039570340274
2024-04-25 14:16:21.753000+00:00,2024-04-25 14:15:30+00:00,2024-04-25 14:17:30+00:00,TABUENCA01-45,Sensoria-C1-EEA1,Right,Gait,1.0.5,40.3882544,-3.6292402,CB:AA:BC:3F:36:A5,SCKS,-1.175782,1.996095,0.742188,-49.279999,72.800003,209.440002,0.2336,0.803584,-0.252288,209,495,710,2.4326326454878053
2024-04-25 14:16:21.770000+00:00,2024-04-25 14:15:30+00:00,2024-04-25 14:17:30+00:00,TABUENCA01-45,Sensoria-C1-EEA1,Right,Gait,1.0.5,40.3882544,-3.6292402,CB:AA:BC:3F:36:A5,SCKS,-0.574219,1.996095,0.347656,-52.639999,49.279999,248.639999,0.270976,0.803584,-0.261632,232,527,712,2.1059409781192824
2024-04-25 14:16:21.777000+00:00,2024-04-25 14:15:30+00:00,2024-04-25 14:17:30+00:00,TABUENCA01-45,Sensoria-C1-E90A,Left,Gait,1.0.5,40.3882544,-3.6292402,F0:75:B1:51:59:F6,SCKS,-1.874999,1.968749,-1.249999,143.360001,85.120003,-181.440002,0.448512,0.616704,-0.317696,698,558,423,2.992338780118822
2024-04-25 14:16:21.802000+00:00,2024-04-25 14:15:30+00:00,2024-04-25 14:17:30+00:00,TABUENCA01-45,Sensoria-C1-EEA1,Right,Gait,1.0.5,40.3882544,-3.6292402,CB:AA:BC:3F:36:A5,SCKS,-0.648438,1.996095,-0.578125,-15.68,-10.08,288.959991,0.32704,0.79424,-0.270976,280,574,710,2.176946394492524
2024-04-25 14:16:21.810000+00:00,2024-04-25 14:15:30+00:00,2024-04-25 14:17:30+00:00,TABUENCA01-45,Sensoria-C1-E90A,Left,Gait,1.0.5,40.3882544,-3.6292402,F0:75:B1:51:59:F6,SCKS,-0.1875,0.999999,-0.03125,75.040001,-85.120003,-189.279999,0.42048,0.644736,-0.308352,675,554,349,1.017905109772517
2024-04-25 14:16:21.818000+00:00,2024-04-25 14:15:30+00:00,2024-04-25 14:17:30+00:00,TABUENCA01-45,Sensoria-C1-EEA1,Right,Gait,1.0.5,40.3882544,-3.6292402,CB:AA:BC:3F:36:A5,SCKS,-0.597657,1.996095,-0.988282,-10.08,-95.199997,331.519989,0.32704,0.79424,-0.270976,346,628,708,2.306141897238329
2024-04-25 14:16:21.834000+00:00,2024-04-25 14:15:30+00:00,2024-04-25 14:17:30+00:00,TABUENCA01-45,Sensoria-C1-EEA1,Right,Gait,1.0.5,40.3882544,-3.6292402,CB:AA:BC:3F:36:A5,SCKS,-0.527344,0.640625,-0.746094,10.08,-69.440002,297.920013,0.37376,0.803584,-0.270976,413,670,709,1.1158621517898168
2024-04-25 14:16:21.842000+00:00,2024-04-25 14:15:30+00:00,2024-04-25 14:17:30+00:00,TABUENCA01-45,Sensoria-C1-E90A,Left,Gait,1.0.5,40.3882544,-3.6292402,F0:75:B1:51:59:F6,SCKS,0.1875,0.9375,-0.34375,40.32,-53.760002,-73.919998,0.401792,0.672768,-0.289664,642,532,331,1.0159855129380537
2024-04-25 14:16:21.851000+00:00,2024-04-25 14:15:30+00:00,2024-04-25 14:17:30+00:00,TABUENCA01-45,Sensoria-C1-EEA1,Right,Gait,1.0.5,40.3882544,-3.6292402,CB:AA:BC:3F:36:A5,SCKS,0.105469,0.117188,-0.554688,5.6,28.0,200.479996,0.42048,0.79424,-0.261632,453,692,708,0.5766589240174819
2024-04-25 14:16:21.875000+00:00,2024-04-25 14:15:30+00:00,2024-04-25 14:17:30+00:00,TABUENCA01-45,Sensoria-C1-E90A,Left,Gait,1.0.5,40.3882544,-3.6292402,F0:75:B1:51:59:F6,SCKS,0.125,0.968749,-0.21875,17.92,-44.799999,-40.32,0.392448,0.672768,-0.28032,611,505,337,1.0009751183226285
2024-04-25 14:16:21.883000+00:00,2024-04-25 14:15:30+00:00,2024-04-25 14:17:30+00:00,TABUENCA01-45,Sensoria-C1-EEA1,Right,Gait,1.0.5,40.3882544,-3.6292402,CB:AA:BC:3F:36:A5,SCKS,0.011719,0.574219,-0.65625,22.4,202.720001,114.239998,0.448512,0.784896,-0.261632,476,704,706,0.8720830564929009
2024-04-25 14:16:21.900000+00:00,2024-04-25 14:15:30+00:00,2024-04-25 14:17:30+00:00,TABUENCA01-45,Sensoria-C1-EEA1,Right,Gait,1.0.5,40.3882544,-3.6292402,CB:AA:BC:3F:36:A5,SCKS,-1.140626,0.386719,-0.570313,2.24,201.600006,-25.76,0.448512,0.784896,-0.270976,486,710,707,1.3326050333110706
2024-04-25 14:16:21.907000+00:00,2024-04-25 14:15:30+00:00,2024-04-25 14:17:30+00:00,TABUENCA01-45,Sensoria-C1-E90A,Left,Gait,1.0.5,40.3882544,-3.6292402,F0:75:B1:51:59:F6,SCKS,0.09375,0.999999,-0.15625,6.72,-32.48,-32.48,0.392448,0.682112,-0.270976,581,476,363,1.0164650141549387
2024-04-25 14:16:21.931000+00:00,2024-04-25 14:15:30+00:00,2024-04-25 14:17:30+00:00,TABUENCA01-45,Sensoria-C1-EEA1,Right,Gait,1.0.5,40.3882544,-3.6292402,CB:AA:BC:3F:36:A5,SCKS,-1.007813,0.105469,-0.097656,-33.599998,156.800003,-49.279999,0.448512,0.784896,-0.299008,492,717,704,1.0180115162737602
2024-04-25 14:16:21.933000+00:00,2024-04-25 14:15:30+00:00,2024-04-25 14:17:30+00:00,TABUENCA01-45,Sensoria-C1-EEA1,Right,Gait,1.0.5,40.3882544,-3.6292402,CB:AA:BC:3F:36:A5,SCKS,-0.472657,-0.152344,0.125,7.84,72.800003,-77.279999,0.448512,0.784896,-0.299008,494,717,703,0.5120921147459703
2024-04-25 14:16:21.940000+00:00,2024-04-25 14:15:30+00:00,2024-04-25 14:17:30+00:00,TABUENCA01-45,Sensoria-C1-E90A,Left,Gait,1.0.5,40.3882544,-3.6292402,F0:75:B1:51:59:F6,SCKS,0.125,0.968749,-0.21875,-4.48,-42.560001,-33.599998,0.383104,0.691456,-0.261632,549,444,434,1.0009751183226285
2024-04-25 14:16:21.964000+00:00,2024-04-25 14:15:30+00:00,2024-04-25 14:17:30+00:00,TABUENCA01-45,Sensoria-C1-EEA1,Right,Gait,1.0.5,40.3882544,-3.6292402,CB:AA:BC:3F:36:A5,SCKS,-0.375,-0.140625,0.097656,47.040001,26.880001,-142.240005,0.42048,0.79424,-0.289664,495,717,702,0.41223425980988043
2024-04-25 14:16:21.972000+00:00,2024-04-25 14:15:30+00:00,2024-04-25 14:17:30+00:00,TABUENCA01-45,Sensoria-C1-E90A,Left,Gait,1.0.5,40.3882544,-3.6292402,F0:75:B1:51:59:F6,SCKS,0.0625,0.968749,-0.15625,-1.12,-51.52,-30.24,0.37376,0.7008,-0.261632,531,426,493,0.9832573099148564
2024-04-25 14:16:21.980000+00:00,2024-04-25 14:15:30+00:00,2024-04-25 14:17:30+00:00,TABUENCA01-45,Sensoria-C1-EEA1,Right,Gait,1.0.5,40.3882544,-3.6292402,CB:AA:BC:3F:36:A5,SCKS,-0.503907,0.25,-0.019531,59.360001,-30.24,-217.279999,0.392448,0.803584,-0.270976,495,717,700,0.5628531998754204
2024-04-25 14:16:21.997000+00:00,2024-04-25 14:15:30+00:00,2024-04-25 14:17:30+00:00,TABUENCA01-45,Sensoria-C1-EEA1,Right,Gait,1.0.5,40.3882544,-3.6292402,CB:AA:BC:3F:36:A5,SCKS,-0.511719,0.375,0.011719,57.119999,-66.080002,-262.079987,0.355072,0.812928,-0.270976,493,717,700,0.6345223951303847
2024-04-25 14:16:22.004000+00:00,2024-04-25 14:15:30+00:00,2024-04-25 14:17:30+00:00,TABUENCA01-45,Sensoria-C1-E90A,Left,Gait,1.0.5,40.3882544,-3.6292402,F0:75:B1:51:59:F6,SCKS,0.0625,0.9375,-0.21875,2.24,-51.52,-22.4,0.364416,0.7008,-0.242944,518,411,546,0.9647093150270707
2024-04-25 14:16:22.013000+00:00,2024-04-25 14:15:30+00:00,2024-04-25 14:17:30+00:00,TABUENCA01-45,Sensoria-C1-EEA1,Right,Gait,1.0.5,40.3882544,-3.6292402,CB:AA:BC:3F:36:A5,SCKS,-0.449219,0.5625,0.003906,62.720001,-94.080002,-300.160004,0.299008,0.812928,-0.270976,495,716,700,0.7198744451617934
2024-04-25 14:16:22.029000+00:00,2024-04-25 14:15:30+00:00,2024-04-25 14:17:30+00:00,TABUENCA01-45,Sensoria-C1-EEA1,Right,Gait,1.0.5,40.3882544,-3.6292402,CB:AA:BC:3F:36:A5,SCKS,-0.410157,0.863282,-0.066406,62.720001,-96.32,-332.640015,0.2336,0.812928,-0.252288,494,716,698,0.9580680210762699
2024-04-25 14:16:22.053000+00:00,2024-04-25 14:15:30+00:00,2024-04-25 14:17:30+00:00,TABUENCA01-45,Sensoria-C1-E90A,Left,Gait,1.0.5,40.3882544,-3.6292402,F0:75:B1:51:59:F6,SCKS,0.03125,0.9375,-0.25,-3.36,-43.68,-24.639999,0.355072,0.710144,-0.2336,498,389,610,0.9707640354380667
2024-04-25 14:16:22.062000+00:00,2024-04-25 14:15:30+00:00,2024-04-25 14:17:30+00:00,TABUENCA01-45,Sensoria-C1-EEA1,Right,Gait,1.0.5,40.3882544,-3.6292402,CB:AA:BC:3F:36:A5,SCKS,-0.382813,1.191407,-0.054688,49.279999,-77.279999,-358.399994,0.168192,0.79424,-0.252288,495,713,697,1.2525921961923603
2024-04-25 14:16:22.079000+00:00,2024-04-25 14:15:30+00:00,2024-04-25 14:17:30+00:00,TABUENCA01-45,Sensoria-C1-EEA1,Right,Gait,1.0.5,40.3882544,-3.6292402,CB:AA:BC:3F:36:A5,SCKS,-0.355469,1.570314,0.027344,26.880001,-41.439999,-374.079987,0.168192,0.79424,-0.252288,493,712,696,1.6102769832836212
2024-04-25 14:16:22.086000+00:00,2024-04-25 14:15:30+00:00,2024-04-25 14:17:30+00:00,TABUENCA01-45,Sensoria-C1-E90A,Left,Gait,1.0.5,40.3882544,-3.6292402,F0:75:B1:51:59:F6,SCKS,0.0,0.9375,-0.125,2.24,-38.080002,-31.360001,0.345728,0.719488,-0.242944,482,362,647,0.9457966219013473
2024-04-25 14:16:22.094000+00:00,2024-04-25 14:15:30+00:00,2024-04-25 14:17:30+00:00,TABUENCA01-45,Sensoria-C1-EEA1,Right,Gait,1.0.5,40.3882544,-3.6292402,CB:AA:BC:3F:36:A5,SCKS,-0.304688,1.996095,0.199219,4.48,13.440001,-380.799988,0.112128,0.756864,-0.252288,494,713,697,2.029019033013244
2024-04-25 14:16:22.110000+00:00,2024-04-25 14:15:30+00:00,2024-04-25 14:17:30+00:00,TABUENCA01-45,Sensoria-C1-EEA1,Right,Gait,1.0.5,40.3882544,-3.6292402,CB:AA:BC:3F:36:A5,SCKS,-0.316406,1.996095,0.277344,33.599998,-2.24,-388.640015,0.056064,0.728832,-0.252288,493,713,698,2.03995776921901
2024-04-25 14:16:22.118000+00:00,2024-04-25 14:15:30+00:00,2024-04-25 14:17:30+00:00,TABUENCA01-45,Sensoria-C1-E90A,Left,Gait,1.0.5,40.3882544,-3.6292402,F0:75:B1:51:59:F6,SCKS,-0.03125,0.968749,-0.09375,5.6,-29.120001,-36.959999,0.336384,0.719488,-0.2336,468,342,665,0.9737762833428426
2024-04-25 14:16:22.143000+00:00,2024-04-25 14:15:30+00:00,2024-04-25 14:17:30+00:00,TABUENCA01-45,Sensoria-C1-EEA1,Right,Gait,1.0.5,40.3882544,-3.6292402,CB:AA:BC:3F:36:A5,SCKS,0.339844,1.996095,0.1875,52.639999,-47.040001,-409.920013,0.0,0.682112,-0.252288,494,712,697,2.0334811145818397
2024-04-25 14:16:22.151000+00:00,2024-04-25 14:15:30+00:00,2024-04-25 14:17:30+00:00,TABUENCA01-45,Sensoria-C1-E90A,Left,Gait,1.0.5,40.3882544,-3.6292402,F0:75:B1:51:59:F6,SCKS,-0.03125,0.999999,-0.15625,2.24,-24.639999,-42.560001,0.32704,0.728832,-0.2336,452,318,678,1.0126147465848006
2024-04-25 14:16:22.159000+00:00,2024-04-25 14:15:30+00:00,2024-04-25 14:17:30+00:00,TABUENCA01-45,Sensoria-C1-EEA1,Right,Gait,1.0.5,40.3882544,-3.6292402,CB:AA:BC:3F:36:A5,SCKS,0.867188,1.996095,0.089844,21.280001,-41.439999,-421.119995,-0.04672,0.616704,-0.261632,491,712,697,2.1781832385511097
2024-04-25 14:16:22.175000+00:00,2024-04-25 14:15:30+00:00,2024-04-25 14:17:30+00:00,TABUENCA01-45,Sensoria-C1-EEA1,Right,Gait,1.0.5,40.3882544,-3.6292402,CB:AA:BC:3F:36:A5,SCKS,1.894533,1.996095,-1.085938,25.76,-6.72,-368.480011,-0.04672,0.616704,-0.261632,493,713,698,2.958532047647617
2024-04-25 14:16:22.183000+00:00,2024-04-25 14:15:30+00:00,2024-04-25 14:17:30+00:00,TABUENCA01-45,Sensoria-C1-E90A,Left,Gait,1.0.5,40.3882544,-3.6292402,F0:75:B1:51:59:F6,SCKS,0.03125,1.093749,-0.21875,-4.48,-26.880001,-54.880001,0.317696,0.738176,-0.214912,431,294,690,1.1158472117637792
2024-04-25 14:16:22.192000+00:00,2024-04-25 14:15:30+00:00,2024-04-25 14:17:30+00:00,TABUENCA01-45,Sensoria-C1-EEA1,Right,Gait,1.0.5,40.3882544,-3.6292402,CB:AA:BC:3F:36:A5,SCKS,1.996095,1.265626,0.226563,68.32,44.799999,-198.240005,-0.074752,0.569984,-0.242944,491,714,698,2.3743494296059287
2024-04-25 14:16:22.208000+00:00,2024-04-25 14:15:30+00:00,2024-04-25 14:17:30+00:00,TABUENCA01-45,Sensoria-C1-EEA1,Right,Gait,1.0.5,40.3882544,-3.6292402,CB:AA:BC:3F:36:A5,SCKS,1.996095,1.996095,0.765626,53.760002,109.760002,-86.239998,-0.084096,0.551296,-0.2336,491,715,705,2.924888659406713
2024-04-25 14:16:22.215000+00:00,2024-04-25 14:15:30+00:00,2024-04-25 14:17:30+00:00,TABUENCA01-45,Sensoria-C1-E90A,Left,Gait,1.0.5,40.3882544,-3.6292402,F0:75:B1:51:59:F6,SCKS,0.0625,1.187499,-0.03125,-7.84,-25.76,-86.239998,0.299008,0.74752,-0.224256,413,277,701,1.1895531461439628
2024-04-25 14:16:22.240000+00:00,2024-04-25 14:15:30+00:00,2024-04-25 14:17:30+00:00,TABUENCA01-45,Sensoria-C1-EEA1,Right,Gait,1.0.5,40.3882544,-3.6292402,CB:AA:BC:3F:36:A5,SCKS,1.996095,1.996095,1.078126,-14.56,6.72,95.199997,-0.074752,0.551296,-0.224256,490,715,706,3.0217786434360145
2024-04-25 14:16:22.248000+00:00,2024-04-25 14:15:30+00:00,2024-04-25 14:17:30+00:00,TABUENCA01-45,Sensoria-C1-E90A,Left,Gait,1.0.5,40.3882544,-3.6292402,F0:75:B1:51:59:F6,SCKS,0.1875,1.343749,-0.28125,-2.24,-8.96,-117.599998,0.289664,0.756864,-0.224256,402,268,707,1.385611485049471
2024-04-25 14:16:22.257000+00:00,2024-04-25 14:15:30+00:00,2024-04-25 14:17:30+00:00,TABUENCA01-45,Sensoria-C1-EEA1,Right,Gait,1.0.5,40.3882544,-3.6292402,CB:AA:BC:3F:36:A5,SCKS,-2.000001,1.171876,-0.496094,36.959999,-124.32,86.239998,-0.074752,0.569984,-0.242944,493,714,694,2.3705287630005674
2024-04-25 14:16:22.273000+00:00,2024-04-25 14:15:30+00:00,2024-04-25 14:17:30+00:00,TABUENCA01-45,Sensoria-C1-EEA1,Right,Gait,1.0.5,40.3882544,-3.6292402,CB:AA:BC:3F:36:A5,SCKS,0.808594,1.148438,1.429689,56.0,-221.759995,228.479996,-0.074752,0.598016,-0.270976,503,715,660,2.004181811463471
2024-04-25 14:16:22.280000+00:00,2024-04-25 14:15:30+00:00,2024-04-25 14:17:30+00:00,TABUENCA01-45,Sensoria-C1-E90A,Left,Gait,1.0.5,40.3882544,-3.6292402,F0:75:B1:51:59:F6,SCKS,0.21875,1.562499,-0.25,-3.36,-16.799999,-148.960007,0.2336,0.775552,-0.224256,404,276,712,1.597421261753142
2024-04-25 14:16:22.313000+00:00,2024-04-25 14:15:30+00:00,2024-04-25 14:17:30+00:00,TABUENCA01-45,Sensoria-C1-E90A,Left,Gait,1.0.5,40.3882544,-3.6292402,F0:75:B1:51:59:F6,SCKS,0.59375,2.093749,-0.0625,-8.96,-17.92,-183.680008,0.205568,0.784896,-0.224256,450,325,709,2.177206969376361
2024-04-25 14:16:22.322000+00:00,2024-04-25 14:15:30+00:00,2024-04-25 14:17:30+00:00,TABUENCA01-45,Sensoria-C1-EEA1,Right,Gait,1.0.5,40.3882544,-3.6292402,CB:AA:BC:3F:36:A5,SCKS,0.566407,1.757814,0.191406,44.799999,-4.48,221.759995,-0.056064,0.635392,-0.270976,513,722,533,1.8567076250936765
2024-04-25 14:16:22.338000+00:00,2024-04-25 14:15:30+00:00,2024-04-25 14:17:30+00:00,TABUENCA01-45,Sensoria-C1-EEA1,Right,Gait,1.0.5,40.3882544,-3.6292402,CB:AA:BC:3F:36:A5,SCKS,-0.019531,1.347657,-0.605469,57.119999,54.880001,202.720001,-0.037376,0.663424,-0.261632,515,721,458,1.477549850113694
2024-04-25 14:16:22.354000+00:00,2024-04-25 14:15:30+00:00,2024-04-25 14:17:30+00:00,TABUENCA01-45,Sensoria-C1-EEA1,Right,Gait,1.0.5,40.3882544,-3.6292402,CB:AA:BC:3F:36:A5,SCKS,0.308594,1.246095,-0.472657,23.52,-6.72,184.800003,-0.028032,0.682112,-0.261632,511,722,408,1.367986712475673
2024-04-25 14:16:22.361000+00:00,2024-04-25 14:15:30+00:00,2024-04-25 14:17:30+00:00,TABUENCA01-45,Sensoria-C1-E90A,Left,Gait,1.0.5,40.3882544,-3.6292402,F0:75:B1:51:59:F6,SCKS,0.968749,2.156249,-0.03125,-52.639999,-61.599998,-191.520004,0.168192,0.803584,-0.224256,511,375,706,2.3640771851828357
2024-04-25 14:16:22.362000+00:00,2024-04-25 14:15:30+00:00,2024-04-25 14:17:30+00:00,TABUENCA01-45,Sensoria-C1-E90A,Left,Gait,1.0.5,40.3882544,-3.6292402,F0:75:B1:51:59:F6,SCKS,0.46875,2.374999,-0.8125,-36.959999,-126.559998,-249.759995,0.130816,0.803584,-0.2336,563,430,706,2.553527572300914
2024-04-25 14:16:22.371000+00:00,2024-04-25 14:15:30+00:00,2024-04-25 14:17:30+00:00,TABUENCA01-45,Sensoria-C1-EEA1,Right,Gait,1.0.5,40.3882544,-3.6292402,CB:AA:BC:3F:36:A5,SCKS,0.269531,0.957032,0.148438,-7.84,7.84,153.440002,-0.028032,0.682112,-0.261632,499,726,373,1.0052815768872918
2024-04-25 14:16:22.395000+00:00,2024-04-25 14:15:30+00:00,2024-04-25 14:17:30+00:00,TABUENCA01-45,Sensoria-C1-E90A,Left,Gait,1.0.5,40.3882544,-3.6292402,F0:75:B1:51:59:F6,SCKS,0.59375,1.031249,-0.53125,28.0,32.48,-238.559998,0.028032,0.79424,-0.252288,655,525,708,1.3031654250328315
2024-04-25 14:16:22.403000+00:00,2024-04-25 14:15:30+00:00,2024-04-25 14:17:30+00:00,TABUENCA01-45,Sensoria-C1-EEA1,Right,Gait,1.0.5,40.3882544,-3.6292402,CB:AA:BC:3F:36:A5,SCKS,-0.054688,1.027344,-0.128906,-7.84,32.48,113.120003,-0.009344,0.7008,-0.261632,482,718,349,1.0368429140983701
2024-04-25 14:16:22.420000+00:00,2024-04-25 14:15:30+00:00,2024-04-25 14:17:30+00:00,TABUENCA01-45,Sensoria-C1-EEA1,Right,Gait,1.0.5,40.3882544,-3.6292402,CB:AA:BC:3F:36:A5,SCKS,-0.035156,0.929688,0.0625,-12.32,31.360001,85.120003,0.009344,0.719488,-0.261632,467,702,340,0.9324494472516995
2024-04-25 14:16:22.427000+00:00,2024-04-25 14:15:30+00:00,2024-04-25 14:17:30+00:00,TABUENCA01-45,Sensoria-C1-E90A,Left,Gait,1.0.5,40.3882544,-3.6292402,F0:75:B1:51:59:F6,SCKS,-0.15625,0.46875,-0.25,19.040001,-153.440002,-68.32,0.0,0.79424,-0.242944,686,544,707,0.5537514108334172
2024-04-25 14:16:22.436000+00:00,2024-04-25 14:15:30+00:00,2024-04-25 14:17:30+00:00,TABUENCA01-45,Sensoria-C1-EEA1,Right,Gait,1.0.5,40.3882544,-3.6292402,CB:AA:BC:3F:36:A5,SCKS,-0.117188,0.996094,0.144531,-3.36,12.32,59.360001,0.028032,0.719488,-0.252288,453,681,335,1.0133239828115193
2024-04-25 14:16:22.452000+00:00,2024-04-25 14:15:30+00:00,2024-04-25 14:17:30+00:00,TABUENCA01-45,Sensoria-C1-EEA1,Right,Gait,1.0.5,40.3882544,-3.6292402,CB:AA:BC:3F:36:A5,SCKS,-0.046875,1.039063,-0.109375,10.08,4.48,51.52,0.028032,0.719488,-0.252288,441,663,336,1.0458547098995157
2024-04-25 14:16:22.460000+00:00,2024-04-25 14:15:30+00:00,2024-04-25 14:17:30+00:00,TABUENCA01-45,Sensoria-C1-E90A,Left,Gait,1.0.5,40.3882544,-3.6292402,F0:75:B1:51:59:F6,SCKS,1.187499,0.0625,-0.0625,3.36,-129.919998,109.760002,-0.018688,0.79424,-0.252288,701,548,706,1.1907839329622314
2024-04-25 14:16:22.468000+00:00,2024-04-25 14:15:30+00:00,2024-04-25 14:17:30+00:00,TABUENCA01-45,Sensoria-C1-EEA1,Right,Gait,1.0.5,40.3882544,-3.6292402,CB:AA:BC:3F:36:A5,SCKS,-0.128906,0.968751,0.089844,-2.24,13.440001,44.799999,0.028032,0.719488,-0.252288,431,647,343,0.9814108218136786
2024-04-25 14:16:22.492000+00:00,2024-04-25 14:15:30+00:00,2024-04-25 14:17:30+00:00,TABUENCA01-45,Sensoria-C1-E90A,Left,Gait,1.0.5,40.3882544,-3.6292402,F0:75:B1:51:59:F6,SCKS,0.5625,-0.03125,0.09375,-7.84,24.639999,145.600006,0.009344,0.803584,-0.252288,703,549,704,0.5711145900780333
2024-04-25 14:16:22.501000+00:00,2024-04-25 14:15:30+00:00,2024-04-25 14:17:30+00:00,TABUENCA01-45,Sensoria-C1-EEA1,Right,Gait,1.0.5,40.3882544,-3.6292402,CB:AA:BC:3F:36:A5,SCKS,-0.09375,1.027344,-0.160156,5.6,8.96,47.040001,0.037376,0.728832,-0.242944,421,632,356,1.0439706419109689
2024-04-25 14:16:22.517000+00:00,2024-04-25 14:15:30+00:00,2024-04-25 14:17:30+00:00,TABUENCA01-45,Sensoria-C1-EEA1,Right,Gait,1.0.5,40.3882544,-3.6292402,CB:AA:BC:3F:36:A5,SCKS,-0.054688,0.957032,-0.082031,-8.96,16.799999,48.16,0.04672,0.728832,-0.242944,409,617,375,0.9620967265971754
2024-04-25 14:16:22.524000+00:00,2024-04-25 14:15:30+00:00,2024-04-25 14:17:30+00:00,TABUENCA01-45,Sensoria-C1-E90A,Left,Gait,1.0.5,40.3882544,-3.6292402,F0:75:B1:51:59:F6,SCKS,0.25,0.0625,-0.0625,14.56,50.400002,210.559998,0.04672,0.803584,-0.252288,706,547,703,0.2651650429449553
2024-04-25 14:16:22.533000+00:00,2024-04-25 14:15:30+00:00,2024-04-25 14:17:30+00:00,TABUENCA01-45,Sensoria-C1-EEA1,Right,Gait,1.0.5,40.3882544,-3.6292402,CB:AA:BC:3F:36:A5,SCKS,-0.011719,0.960938,-0.066406,-10.08,22.4,47.040001,0.04672,0.728832,-0.242944,402,602,395,0.9633010597113448
2024-04-25 14:16:22.557000+00:00,2024-04-25 14:15:30+00:00,2024-04-25 14:17:30+00:00,TABUENCA01-45,Sensoria-C1-E90A,Left,Gait,1.0.5,40.3882544,-3.6292402,F0:75:B1:51:59:F6,SCKS,0.46875,0.46875,-0.15625,16.799999,53.760002,271.040009,0.09344,0.803584,-0.242944,706,547,702,0.6810779599282303
2024-04-25 14:16:22.566000+00:00,2024-04-25 14:15:30+00:00,2024-04-25 14:17:30+00:00,TABUENCA01-45,Sensoria-C1-EEA1,Right,Gait,1.0.5,40.3882544,-3.6292402,CB:AA:BC:3F:36:A5,SCKS,-0.003906,0.957032,0.0,-11.2,30.24,41.439999,0.056064,0.738176,-0.242944,391,586,418,0.9570399708789596
2024-04-25 14:16:22.582000+00:00,2024-04-25 14:15:30+00:00,2024-04-25 14:17:30+00:00,TABUENCA01-45,Sensoria-C1-EEA1,Right,Gait,1.0.5,40.3882544,-3.6292402,CB:AA:BC:3F:36:A5,SCKS,-0.03125,0.976563,-0.027344,-7.84,30.24,35.84,0.056064,0.738176,-0.242944,379,572,439,0.9774454203713883
2024-04-25 14:16:22.589000+00:00,2024-04-25 14:15:30+00:00,2024-04-25 14:17:30+00:00,TABUENCA01-45,Sensoria-C1-E90A,Left,Gait,1.0.5,40.3882544,-3.6292402,F0:75:B1:51:59:F6,SCKS,0.25,0.65625,-0.09375,2.24,71.68,316.959991,0.149504,0.803584,-0.2336,705,547,701,0.7084865030471647
2024-04-25 14:16:22.599000+00:00,2024-04-25 14:15:30+00:00,2024-04-25 14:17:30+00:00,TABUENCA01-45,Sensoria-C1-EEA1,Right,Gait,1.0.5,40.3882544,-3.6292402,CB:AA:BC:3F:36:A5,SCKS,0.007813,0.972657,-0.070313,-8.96,24.639999,32.48,0.056064,0.738176,-0.242944,368,557,460,0.9752264355456122
2024-04-25 14:16:22.615000+00:00,2024-04-25 14:15:30+00:00,2024-04-25 14:17:30+00:00,TABUENCA01-45,Sensoria-C1-EEA1,Right,Gait,1.0.5,40.3882544,-3.6292402,CB:AA:BC:3F:36:A5,SCKS,-0.007813,0.957032,-0.058594,-7.84,23.52,31.360001,0.065408,0.738176,-0.2336,354,543,479,0.9588558540411588
2024-04-25 14:16:22.622000+00:00,2024-04-25 14:15:30+00:00,2024-04-25 14:17:30+00:00,TABUENCA01-45,Sensoria-C1-E90A,Left,Gait,1.0.5,40.3882544,-3.6292402,F0:75:B1:51:59:F6,SCKS,0.34375,1.124999,-0.09375,-5.6,59.360001,371.839996,0.214912,0.784896,-0.242944,705,544,701,1.1800745209523846
2024-04-25 14:16:22.631000+00:00,2024-04-25 14:15:30+00:00,2024-04-25 14:17:30+00:00,TABUENCA01-45,Sensoria-C1-EEA1,Right,Gait,1.0.5,40.3882544,-3.6292402,CB:AA:BC:3F:36:A5,SCKS,-0.015625,0.968751,-0.054688,-5.6,22.4,33.599998,0.074752,0.738176,-0.242944,342,529,498,0.9704191970329111
2024-04-25 14:16:22.655000+00:00,2024-04-25 14:15:30+00:00,2024-04-25 14:17:30+00:00,TABUENCA01-45,Sensoria-C1-E90A,Left,Gait,1.0.5,40.3882544,-3.6292402,F0:75:B1:51:59:F6,SCKS,0.34375,1.781249,-0.125,-16.799999,35.84,411.040009,0.355072,0.710144,-0.261632,703,543,698,1.8184160861862722
2024-04-25 14:16:22.663000+00:00,2024-04-25 14:15:30+00:00,2024-04-25 14:17:30+00:00,TABUENCA01-45,Sensoria-C1-EEA1,Right,Gait,1.0.5,40.3882544,-3.6292402,CB:AA:BC:3F:36:A5,SCKS,-0.027344,0.933594,-0.007813,-6.72,19.040001,40.32,0.084096,0.74752,-0.2336,327,515,516,0.9340270307335864
2024-04-25 14:16:22.680000+00:00,2024-04-25 14:15:30+00:00,2024-04-25 14:17:30+00:00,TABUENCA01-45,Sensoria-C1-EEA1,Right,Gait,1.0.5,40.3882544,-3.6292402,CB:AA:BC:3F:36:A5,SCKS,-0.035156,0.972657,-0.015625,-3.36,7.84,50.400002,0.084096,0.74752,-0.224256,311,503,535,0.9734175489531716
2024-04-25 14:16:22.687000+00:00,2024-04-25 14:15:30+00:00,2024-04-25 14:17:30+00:00,TABUENCA01-45,Sensoria-C1-E90A,Left,Gait,1.0.5,40.3882544,-3.6292402,F0:75:B1:51:59:F6,SCKS,0.375,2.656249,-0.0625,-14.56,36.959999,433.440002,0.411136,0.663424,-0.252288,705,542,698,2.68331697717601
2024-04-25 14:16:22.696000+00:00,2024-04-25 14:15:30+00:00,2024-04-25 14:17:30+00:00,TABUENCA01-45,Sensoria-C1-EEA1,Right,Gait,1.0.5,40.3882544,-3.6292402,CB:AA:BC:3F:36:A5,SCKS,-0.019531,1.058594,-0.019531,-5.6,1.12,63.84,0.084096,0.74752,-0.224256,294,487,552,1.0589542845458437
2024-04-25 14:16:22.703000+00:00,2024-04-25 14:15:30+00:00,2024-04-25 14:17:30+00:00,TABUENCA01-45,Sensoria-C1-E90A,Left,Gait,1.0.5,40.3882544,-3.6292402,F0:75:B1:51:59:F6,SCKS,-0.40625,3.312498,0.28125,-10.08,92.959999,436.799988,0.457856,0.598016,-0.270976,703,541,696,3.3491467010275917
2024-04-25 14:16:22.712000+00:00,2024-04-25 14:15:30+00:00,2024-04-25 14:17:30+00:00,TABUENCA01-45,Sensoria-C1-EEA1,Right,Gait,1.0.5,40.3882544,-3.6292402,CB:AA:BC:3F:36:A5,SCKS,-0.015625,1.062501,0.003906,-8.96,2.24,72.800003,0.084096,0.756864,-0.224256,277,470,573,1.0626230622671426
2024-04-25 14:16:22.728000+00:00,2024-04-25 14:15:30+00:00,2024-04-25 14:17:30+00:00,TABUENCA01-45,Sensoria-C1-EEA1,Right,Gait,1.0.5,40.3882544,-3.6292402,CB:AA:BC:3F:36:A5,SCKS,-0.019531,1.113282,0.03125,-7.84,-3.36,84.0,0.102784,0.766208,-0.2336,263,453,603,1.113891751466452
2024-04-25 14:16:22.736000+00:00,2024-04-25 14:15:30+00:00,2024-04-25 14:17:30+00:00,TABUENCA01-45,Sensoria-C1-E90A,Left,Gait,1.0.5,40.3882544,-3.6292402,F0:75:B1:51:59:F6,SCKS,-3.499998,1.531249,-0.5,8.96,69.440002,236.320007,0.51392,0.485888,-0.308352,702,542,700,3.8528832710069225
2024-04-25 14:16:22.761000+00:00,2024-04-25 14:15:30+00:00,2024-04-25 14:17:30+00:00,TABUENCA01-45,Sensoria-C1-EEA1,Right,Gait,1.0.5,40.3882544,-3.6292402,CB:AA:BC:3F:36:A5,SCKS,-0.089844,1.183595,0.128906,-13.440001,-10.08,99.68,0.112128,0.766208,-0.2336,250,437,636,1.193978988591089
2024-04-25 14:16:22.768000+00:00,2024-04-25 14:15:30+00:00,2024-04-25 14:17:30+00:00,TABUENCA01-45,Sensoria-C1-E90A,Left,Gait,1.0.5,40.3882544,-3.6292402,F0:75:B1:51:59:F6,SCKS,-3.499998,1.624999,-0.3125,39.200001,-20.16,25.76,0.523264,0.457856,-0.308352,699,542,705,3.8714679386513073
2024-04-25 14:16:22.777000+00:00,2024-04-25 14:15:30+00:00,2024-04-25 14:17:30+00:00,TABUENCA01-45,Sensoria-C1-EEA1,Right,Gait,1.0.5,40.3882544,-3.6292402,CB:AA:BC:3F:36:A5,SCKS,-0.09375,1.242188,0.15625,-19.040001,-22.4,114.239998,0.130816,0.775552,-0.242944,237,424,666,1.2554816415798362
2024-04-25 14:16:22.793000+00:00,2024-04-25 14:15:30+00:00,2024-04-25 14:17:30+00:00,TABUENCA01-45,Sensoria-C1-EEA1,Right,Gait,1.0.5,40.3882544,-3.6292402,CB:AA:BC:3F:36:A5,SCKS,-0.070313,1.351563,0.0,-19.040001,-39.200001,128.800003,0.130816,0.775552,-0.242944,225,417,685,1.35339072737255
2024-04-25 14:16:22.801000+00:00,2024-04-25 14:15:30+00:00,2024-04-25 14:17:30+00:00,TABUENCA01-45,Sensoria-C1-E90A,Left,Gait,1.0.5,40.3882544,-3.6292402,F0:75:B1:51:59:F6,SCKS,2.749999,1.218749,0.28125,28.0,62.720001,-136.639999,0.51392,0.476544,-0.308352,697,541,703,3.021083445968019
2024-04-25 14:16:22.809000+00:00,2024-04-25 14:15:30+00:00,2024-04-25 14:17:30+00:00,TABUENCA01-45,Sensoria-C1-EEA1,Right,Gait,1.0.5,40.3882544,-3.6292402,CB:AA:BC:3F:36:A5,SCKS,-0.121094,1.515626,-0.269531,-20.16,-39.200001,146.720001,0.149504,0.784896,-0.242944,218,413,698,1.5441609011605621
2024-04-25 14:16:22.833000+00:00,2024-04-25 14:15:30+00:00,2024-04-25 14:17:30+00:00,TABUENCA01-45,Sensoria-C1-E90A,Left,Gait,1.0.5,40.3882544,-3.6292402,F0:75:B1:51:59:F6,SCKS,-0.78125,1.468749,0.34375,56.0,198.240005,-228.479996,0.51392,0.495232,-0.317696,703,542,673,1.6987463760082022
2024-04-25 14:16:22.842000+00:00,2024-04-25 14:15:30+00:00,2024-04-25 14:17:30+00:00,TABUENCA01-45,Sensoria-C1-EEA1,Right,Gait,1.0.5,40.3882544,-3.6292402,CB:AA:BC:3F:36:A5,SCKS,-0.207031,1.757814,-0.078125,-28.0,-14.56,169.119995,0.177536,0.79424,-0.252288,213,425,704,1.771687164592553
2024-04-25 14:16:22.865000+00:00,2024-04-25 14:15:30+00:00,2024-04-25 14:17:30+00:00,TABUENCA01-45,Sensoria-C1-E90A,Left,Gait,1.0.5,40.3882544,-3.6292402,F0:75:B1:51:59:F6,SCKS,-0.46875,1.531249,0.09375,94.080002,49.279999,-224.0,0.4672,0.579328,-0.336384,705,548,579,1.604131891398273
2024-04-25 14:16:22.874000+00:00,2024-04-25 14:15:30+00:00,2024-04-25 14:17:30+00:00,TABUENCA01-45,Sensoria-C1-EEA1,Right,Gait,1.0.5,40.3882544,-3.6292402,CB:AA:BC:3F:36:A5,SCKS,-0.480469,1.996095,0.296875,-33.599998,13.440001,190.399994,0.214912,0.79424,-0.252288,217,445,709,2.0744590800039897
2024-04-25 14:16:22.875000+00:00,2024-04-25 14:15:30+00:00,2024-04-25 14:17:30+00:00,TABUENCA01-45,Sensoria-C1-EEA1,Right,Gait,1.0.5,40.3882544,-3.6292402,CB:AA:BC:3F:36:A5,SCKS,-1.007813,1.996095,0.480469,-48.16,54.880001,218.399994,0.252288,0.803584,-0.242944,228,463,709,2.287123248090273
2024-04-25 14:16:22.891000+00:00,2024-04-25 14:15:30+00:00,2024-04-25 14:17:30+00:00,TABUENCA01-45,Sensoria-C1-EEA1,Right,Gait,1.0.5,40.3882544,-3.6292402,CB:AA:BC:3F:36:A5,SCKS,-0.628907,1.996095,0.125,-50.400002,47.040001,256.480011,0.252288,0.803584,-0.242944,252,490,709,2.0965553328433764
2024-04-25 14:16:22.898000+00:00,2024-04-25 14:15:30+00:00,2024-04-25 14:17:30+00:00,TABUENCA01-45,Sensoria-C1-E90A,Left,Gait,1.0.5,40.3882544,-3.6292402,F0:75:B1:51:59:F6,SCKS,-1.218749,1.874999,-0.40625,118.720001,38.080002,-188.160004,0.448512,0.616704,-0.32704,702,553,450,2.272885707091758
2024-04-25 14:16:22.923000+00:00,2024-04-25 14:15:30+00:00,2024-04-25 14:17:30+00:00,TABUENCA01-45,Sensoria-C1-EEA1,Right,Gait,1.0.5,40.3882544,-3.6292402,CB:AA:BC:3F:36:A5,SCKS,-0.828126,1.996095,-0.53125,-32.48,17.92,288.959991,0.308352,0.803584,-0.261632,298,540,711,2.2254020947687185
2024-04-25 14:16:22.930000+00:00,2024-04-25 14:15:30+00:00,2024-04-25 14:17:30+00:00,TABUENCA01-45,Sensoria-C1-E90A,Left,Gait,1.0.5,40.3882544,-3.6292402,F0:75:B1:51:59:F6,SCKS,-0.375,1.031249,-0.125,88.480003,-43.68,-163.520004,0.411136,0.65408,-0.299008,685,555,380,1.1044113816875487
2024-04-25 14:16:22.939000+00:00,2024-04-25 14:15:30+00:00,2024-04-25 14:17:30+00:00,TABUENCA01-45,Sensoria-C1-EEA1,Right,Gait,1.0.5,40.3882544,-3.6292402,CB:AA:BC:3F:36:A5,SCKS,-0.539063,1.996095,-0.671875,-20.16,-76.160004,321.440002,0.355072,0.803584,-0.261632,360,603,709,2.1740285606723293
2024-04-25 14:16:22.955000+00:00,2024-04-25 14:15:30+00:00,2024-04-25 14:17:30+00:00,TABUENCA01-45,Sensoria-C1-EEA1,Right,Gait,1.0.5,40.3882544,-3.6292402,CB:AA:BC:3F:36:A5,SCKS,-0.46875,0.484375,-0.699219,6.72,-51.52,294.559998,0.401792,0.79424,-0.261632,423,654,710,0.9712120845036887
2024-04-25 14:16:22.963000+00:00,2024-04-25 14:15:30+00:00,2024-04-25 14:17:30+00:00,TABUENCA01-45,Sensoria-C1-E90A,Left,Gait,1.0.5,40.3882544,-3.6292402,F0:75:B1:51:59:F6,SCKS,0.03125,0.9375,-0.21875,47.040001,-53.760002,-86.239998,0.401792,0.672768,-0.299008,652,532,348,0.9631896879639026
2024-04-25 14:16:22.972000+00:00,2024-04-25 14:15:30+00:00,2024-04-25 14:17:30+00:00,TABUENCA01-45,Sensoria-C1-EEA1,Right,Gait,1.0.5,40.3882544,-3.6292402,CB:AA:BC:3F:36:A5,SCKS,-0.109375,0.0625,-0.753907,12.32,30.24,190.399994,0.429824,0.784896,-0.270976,462,683,708,0.7643591467850699
2024-04-25 14:16:22.988000+00:00,2024-04-25 14:15:30+00:00,2024-04-25 14:17:30+00:00,TABUENCA01-45,Sensoria-C1-EEA1,Right,Gait,1.0.5,40.3882544,-3.6292402,CB:AA:BC:3F:36:A5,SCKS,-0.765626,0.718751,-0.5625,-1.12,207.199997,24.639999,0.429824,0.784896,-0.270976,482,700,707,1.1912986283367408
2024-04-25 14:16:22.996000+00:00,2024-04-25 14:15:30+00:00,2024-04-25 14:17:30+00:00,TABUENCA01-45,Sensoria-C1-E90A,Left,Gait,1.0.5,40.3882544,-3.6292402,F0:75:B1:51:59:F6,SCKS,0.15625,1.031249,-0.1875,26.880001,-39.200001,-36.959999,0.392448,0.682112,-0.289664,621,507,342,1.0597380867464377
2024-04-25 14:16:23.021000+00:00,2024-04-25 14:15:30+00:00,2024-04-25 14:17:30+00:00,TABUENCA01-45,Sensoria-C1-EEA1,Right,Gait,1.0.5,40.3882544,-3.6292402,CB:AA:BC:3F:36:A5,SCKS,-1.171876,0.207031,-0.210938,-32.48,154.559998,-41.439999,0.448512,0.784896,-0.289664,491,708,704,1.2085735534840234
2024-04-25 14:16:23.028000+00:00,2024-04-25 14:15:30+00:00,2024-04-25 14:17:30+00:00,TABUENCA01-45,Sensoria-C1-E90A,Left,Gait,1.0.5,40.3882544,-3.6292402,F0:75:B1:51:59:F6,SCKS,0.09375,1.031249,-0.1875,12.32,-23.52,-30.24,0.383104,0.691456,-0.28032,591,473,361,1.052340160072303
2024-04-25 14:16:23.037000+00:00,2024-04-25 14:15:30+00:00,2024-04-25 14:17:30+00:00,TABUENCA01-45,Sensoria-C1-EEA1,Right,Gait,1.0.5,40.3882544,-3.6292402,CB:AA:BC:3F:36:A5,SCKS,-0.566407,-0.15625,0.019531,13.440001,81.760002,-75.040001,0.439168,0.784896,-0.289664,494,713,704,0.5878880948871137
2024-04-25 14:16:23.044000+00:00,2024-04-25 14:15:30+00:00,2024-04-25 14:17:30+00:00,TABUENCA01-45,Sensoria-C1-E90A,Left,Gait,1.0.5,40.3882544,-3.6292402,F0:75:B1:51:59:F6,SCKS,0.09375,0.968749,-0.1875,10.08,-33.599998,-31.360001,0.37376,0.7008,-0.289664,572,450,405,0.9911709930688044
2024-04-25 14:16:23.053000+00:00,2024-04-25 14:15:30+00:00,2024-04-25 14:17:30+00:00,TABUENCA01-45,Sensoria-C1-EEA1,Right,Gait,1.0.5,40.3882544,-3.6292402,CB:AA:BC:3F:36:A5,SCKS,-0.488282,-0.105469,0.007813,47.040001,40.32,-127.68,0.429824,0.803584,-0.28032,495,715,701,0.4996039075647828
2024-04-25 14:16:23.070000+00:00,2024-04-25 14:15:30+00:00,2024-04-25 14:17:30+00:00,TABUENCA01-45,Sensoria-C1-EEA1,Right,Gait,1.0.5,40.3882544,-3.6292402,CB:AA:BC:3F:36:A5,SCKS,-0.621094,0.214844,-0.023438,61.599998,-8.96,-210.559998,0.392448,0.803584,-0.28032,496,715,701,0.6576207425378249
2024-04-25 14:16:23.077000+00:00,2024-04-25 14:15:30+00:00,2024-04-25 14:17:30+00:00,TABUENCA01-45,Sensoria-C1-E90A,Left,Gait,1.0.5,40.3882544,-3.6292402,F0:75:B1:51:59:F6,SCKS,0.0625,0.968749,-0.25,7.84,-47.040001,-28.0,0.37376,0.7008,-0.270976,555,433,459,1.002437466878109
2024-04-25 14:16:23.103000+00:00,2024-04-25 14:15:30+00:00,2024-04-25 14:17:30+00:00,TABUENCA01-45,Sensoria-C1-EEA1,Right,Gait,1.0.5,40.3882544,-3.6292402,CB:AA:BC:3F:36:A5,SCKS,-0.460938,0.3125,-0.019531,64.959999,-40.32,-253.119995,0.355072,0.803584,-0.270976,496,715,700,0.5572266592734055
2024-04-25 14:16:23.110000+00:00,2024-04-25 14:15:30+00:00,2024-04-25 14:17:30+00:00,TABUENCA01-45,Sensoria-C1-E90A,Left,Gait,1.0.5,40.3882544,-3.6292402,F0:75:B1:51:59:F6,SCKS,0.03125,0.9375,-0.21875,-2.24,-48.16,-19.040001,0.364416,0.710144,-0.261632,544,415,513,0.9631896879639026
2024-04-25 14:16:23.118000+00:00,2024-04-25 14:15:30+00:00,2024-04-25 14:17:30+00:00,TABUENCA01-45,Sensoria-C1-EEA1,Right,Gait,1.0.5,40.3882544,-3.6292402,CB:AA:BC:3F:36:A5,SCKS,-0.476563,0.523438,-0.003906,69.440002,-59.360001,-292.320007,0.289664,0.803584,-0.252288,496,715,699,0.7078946882474821
2024-04-25 14:16:23.134000+00:00,2024-04-25 14:15:30+00:00,2024-04-25 14:17:30+00:00,TABUENCA01-45,Sensoria-C1-EEA1,Right,Gait,1.0.5,40.3882544,-3.6292402,CB:AA:BC:3F:36:A5,SCKS,-0.488282,0.777344,-0.011719,69.440002,-62.720001,-325.920013,0.2336,0.803584,-0.252288,495,714,699,0.918052471714444
2024-04-25 14:16:23.142000+00:00,2024-04-25 14:15:30+00:00,2024-04-25 14:17:30+00:00,TABUENCA01-45,Sensoria-C1-E90A,Left,Gait,1.0.5,40.3882544,-3.6292402,F0:75:B1:51:59:F6,SCKS,0.03125,0.9375,-0.25,-10.08,-44.799999,-16.799999,0.355072,0.710144,-0.261632,533,402,559,0.9707640354380667
2024-04-25 14:16:23.151000+00:00,2024-04-25 14:15:30+00:00,2024-04-25 14:17:30+00:00,TABUENCA01-45,Sensoria-C1-EEA1,Right,Gait,1.0.5,40.3882544,-3.6292402,CB:AA:BC:3F:36:A5,SCKS,-0.445313,1.093751,-0.011719,63.84,-56.0,-351.679993,0.2336,0.803584,-0.252288,495,713,698,1.180987829289955
2024-04-25 14:16:23.174000+00:00,2024-04-25 14:15:30+00:00,2024-04-25 14:17:30+00:00,TABUENCA01-45,Sensoria-C1-E90A,Left,Gait,1.0.5,40.3882544,-3.6292402,F0:75:B1:51:59:F6,SCKS,0.03125,0.9375,-0.21875,-10.08,-45.920002,-17.92,0.355072,0.710144,-0.270976,522,387,597,0.9631896879639026
2024-04-25 14:16:23.183000+00:00,2024-04-25 14:15:30+00:00,2024-04-25 14:17:30+00:00,TABUENCA01-45,Sensoria-C1-EEA1,Right,Gait,1.0.5,40.3882544,-3.6292402,CB:AA:BC:3F:36:A5,SCKS,-0.398438,1.425782,0.019531,50.400002,-32.48,-374.079987,0.177536,0.784896,-0.242944,495,713,697,1.4805365957412198
2024-04-25 14:16:23.200000+00:00,2024-04-25 14:15:30+00:00,2024-04-25 14:17:30+00:00,TABUENCA01-45,Sensoria-C1-EEA1,Right,Gait,1.0.5,40.3882544,-3.6292402,CB:AA:BC:3F:36:A5,SCKS,-0.410157,1.914064,0.15625,32.48,6.72,-384.160004,0.112128,0.766208,-0.224256,495,712,696,1.9637423006201704
2024-04-25 14:16:23.207000+00:00,2024-04-25 14:15:30+00:00,2024-04-25 14:17:30+00:00,TABUENCA01-45,Sensoria-C1-E90A,Left,Gait,1.0.5,40.3882544,-3.6292402,F0:75:B1:51:59:F6,SCKS,0.0,0.90625,-0.15625,0.0,-41.439999,-24.639999,0.355072,0.710144,-0.242944,509,370,622,0.9196211855976351
2024-04-25 14:16:23.216000+00:00,2024-04-25 14:15:30+00:00,2024-04-25 14:17:30+00:00,TABUENCA01-45,Sensoria-C1-EEA1,Right,Gait,1.0.5,40.3882544,-3.6292402,CB:AA:BC:3F:36:A5,SCKS,-0.390625,1.996095,0.367188,41.439999,5.6,-392.0,0.056064,0.728832,-0.224256,493,712,696,2.0668357861702513
2024-04-25 14:16:23.232000+00:00,2024-04-25 14:15:30+00:00,2024-04-25 14:17:30+00:00,TABUENCA01-45,Sensoria-C1-EEA1,Right,Gait,1.0.5,40.3882544,-3.6292402,CB:AA:BC:3F:36:A5,SCKS,0.082031,1.996095,0.246094,70.559998,-54.880001,-416.640015,-0.009344,0.682112,-0.242944,494,712,696,2.0128801729914274
2024-04-25 14:16:23.239000+00:00,2024-04-25 14:15:30+00:00,2024-04-25 14:17:30+00:00,TABUENCA01-45,Sensoria-C1-E90A,Left,Gait,1.0.5,40.3882544,-3.6292402,F0:75:B1:51:59:F6,SCKS,-0.03125,0.999999,-0.15625,4.48,-31.360001,-40.32,0.336384,0.728832,-0.252288,479,334,651,1.0126147465848006
2024-04-25 14:16:23.249000+00:00,2024-04-25 14:15:30+00:00,2024-04-25 14:17:30+00:00,TABUENCA01-45,Sensoria-C1-EEA1,Right,Gait,1.0.5,40.3882544,-3.6292402,CB:AA:BC:3F:36:A5,SCKS,0.53125,1.996095,0.363282,38.080002,-58.240002,-436.799988,-0.009344,0.682112,-0.242944,493,711,696,2.0972829144035385
2024-04-25 14:16:23.272000+00:00,2024-04-25 14:15:30+00:00,2024-04-25 14:17:30+00:00,TABUENCA01-45,Sensoria-C1-E90A,Left,Gait,1.0.5,40.3882544,-3.6292402,F0:75:B1:51:59:F6,SCKS,0.0,1.062499,-0.1875,-3.36,-34.720001,-50.400002,0.32704,0.728832,-0.242944,456,309,665,1.0789162965684596
2024-04-25 14:16:23.280000+00:00,2024-04-25 14:15:30+00:00,2024-04-25 14:17:30+00:00,TABUENCA01-45,Sensoria-C1-EEA1,Right,Gait,1.0.5,40.3882544,-3.6292402,CB:AA:BC:3F:36:A5,SCKS,1.652345,1.996095,-0.050781,14.56,-45.920002,-400.959991,-0.056064,0.60736,-0.242944,493,711,696,2.5917596258162137
2024-04-25 14:16:23.304000+00:00,2024-04-25 14:15:30+00:00,2024-04-25 14:17:30+00:00,TABUENCA01-45,Sensoria-C1-E90A,Left,Gait,1.0.5,40.3882544,-3.6292402,F0:75:B1:51:59:F6,SCKS,0.09375,1.124999,-0.125,-10.08,-38.080002,-68.32,0.317696,0.738176,-0.242944,431,285,682,1.1357978748443758
2024-04-25 14:16:23.313000+00:00,2024-04-25 14:15:30+00:00,2024-04-25 14:17:30+00:00,TABUENCA01-45,Sensoria-C1-EEA1,Right,Gait,1.0.5,40.3882544,-3.6292402,CB:AA:BC:3F:36:A5,SCKS,1.996095,1.38672,0.847657,42.560001,90.720001,-84.0,-0.084096,0.541952,-0.224256,493,713,701,2.574084302635405
2024-04-25 14:16:23.329000+00:00,2024-04-25 14:15:30+00:00,2024-04-25 14:17:30+00:00,TABUENCA01-45,Sensoria-C1-EEA1,Right,Gait,1.0.5,40.3882544,-3.6292402,CB:AA:BC:3F:36:A5,SCKS,1.996095,1.996095,0.996094,4.48,42.560001,49.279999,-0.084096,0.541952,-0.224256,491,714,703,2.993491899919891
2024-04-25 14:16:23.337000+00:00,2024-04-25 14:15:30+00:00,2024-04-25 14:17:30+00:00,TABUENCA01-45,Sensoria-C1-E90A,Left,Gait,1.0.5,40.3882544,-3.6292402,F0:75:B1:51:59:F6,SCKS,0.0625,1.156249,0.0625,-4.48,-22.4,-100.800003,0.299008,0.74752,-0.242944,413,268,694,1.1596224601140668
2024-04-25 14:16:23.362000+00:00,2024-04-25 14:15:30+00:00,2024-04-25 14:17:30+00:00,TABUENCA01-45,Sensoria-C1-EEA1,Right,Gait,1.0.5,40.3882544,-3.6292402,CB:AA:BC:3F:36:A5,SCKS,-1.457032,0.835938,-0.578125,-2.24,-118.720001,132.160004,-0.084096,0.56064,-0.2336,493,712,694,1.7765030550193264
2024-04-25 14:16:23.370000+00:00,2024-04-25 14:15:30+00:00,2024-04-25 14:17:30+00:00,TABUENCA01-45,Sensoria-C1-E90A,Left,Gait,1.0.5,40.3882544,-3.6292402,F0:75:B1:51:59:F6,SCKS,0.25,1.468749,-0.40625,3.36,-8.96,-135.520004,0.252288,0.775552,-0.252288,403,262,701,1.544267686478287
2024-04-25 14:16:23.378000+00:00,2024-04-25 14:15:30+00:00,2024-04-25 14:17:30+00:00,TABUENCA01-45,Sensoria-C1-EEA1,Right,Gait,1.0.5,40.3882544,-3.6292402,CB:AA:BC:3F:36:A5,SCKS,-2.000001,0.750001,1.38672,29.120001,-124.32,105.279999,-0.074752,0.569984,-0.242944,500,712,665,2.5466640646936534
2024-04-25 14:16:23.386000+00:00,2024-04-25 14:15:30+00:00,2024-04-25 14:17:30+00:00,TABUENCA01-45,Sensoria-C1-E90A,Left,Gait,1.0.5,40.3882544,-3.6292402,F0:75:B1:51:59:F6,SCKS,0.3125,1.874999,-0.21875,-6.72,-26.880001,-173.600006,0.224256,0.784896,-0.2336,431,292,704,1.913407709428652
2024-04-25 14:16:23.394000+00:00,2024-04-25 14:15:30+00:00,2024-04-25 14:17:30+00:00,TABUENCA01-45,Sensoria-C1-EEA1,Right,Gait,1.0.5,40.3882544,-3.6292402,CB:AA:BC:3F:36:A5,SCKS,0.769532,1.488282,0.550782,62.720001,-221.759995,257.600006,-0.074752,0.60736,-0.270976,509,715,607,1.7636676620247933
2024-04-25 14:16:23.411000+00:00,2024-04-25 14:15:30+00:00,2024-04-25 14:17:30+00:00,TABUENCA01-45,Sensoria-C1-EEA1,Right,Gait,1.0.5,40.3882544,-3.6292402,CB:AA:BC:3F:36:A5,SCKS,0.707032,1.828126,0.1875,51.52,-36.959999,230.720001,-0.056064,0.644736,-0.261632,514,721,521,1.9690340705279834
2024-04-25 14:16:23.418000+00:00,2024-04-25 14:15:30+00:00,2024-04-25 14:17:30+00:00,TABUENCA01-45,Sensoria-C1-E90A,Left,Gait,1.0.5,40.3882544,-3.6292402,F0:75:B1:51:59:F6,SCKS,1.031249,2.562499,0.125,-16.799999,-35.84,-217.279999,0.18688,0.79424,-0.252288,495,348,702,2.765049841323299
2024-04-25 14:16:23.443000+00:00,2024-04-25 14:15:30+00:00,2024-04-25 14:17:30+00:00,TABUENCA01-45,Sensoria-C1-EEA1,Right,Gait,1.0.5,40.3882544,-3.6292402,CB:AA:BC:3F:36:A5,SCKS,0.050781,1.269532,-0.519532,39.200001,33.599998,204.960007,-0.056064,0.663424,-0.270976,516,722,446,1.3726629987032506
2024-04-25 14:16:23.459000+00:00,2024-04-25 14:15:30+00:00,2024-04-25 14:17:30+00:00,TABUENCA01-45,Sensoria-C1-EEA1,Right,Gait,1.0.5,40.3882544,-3.6292402,CB:AA:BC:3F:36:A5,SCKS,0.476563,1.078126,-0.132813,5.6,14.56,185.919998,-0.028032,0.663424,-0.270976,509,725,395,1.1862155191254242
2024-04-25 14:16:23.475000+00:00,2024-04-25 14:15:30+00:00,2024-04-25 14:17:30+00:00,TABUENCA01-45,Sensoria-C1-EEA1,Right,Gait,1.0.5,40.3882544,-3.6292402,CB:AA:BC:3F:36:A5,SCKS,0.292969,0.957032,0.207031,-3.36,44.799999,143.360001,-0.018688,0.691456,-0.252288,492,722,360,1.022058177867581
2024-04-25 14:16:23.482000+00:00,2024-04-25 14:15:30+00:00,2024-04-25 14:17:30+00:00,TABUENCA01-45,Sensoria-C1-E90A,Left,Gait,1.0.5,40.3882544,-3.6292402,F0:75:B1:51:59:F6,SCKS,0.78125,1.968749,-0.40625,-63.84,-112.0,-235.199997,0.14016,0.803584,-0.252288,548,398,702,2.156701938145603
2024-04-25 14:16:23.483000+00:00,2024-04-25 14:15:30+00:00,2024-04-25 14:17:30+00:00,TABUENCA01-45,Sensoria-C1-E90A,Left,Gait,1.0.5,40.3882544,-3.6292402,F0:75:B1:51:59:F6,SCKS,0.6875,1.562499,-0.71875,4.48,24.639999,-288.959991,0.09344,0.803584,-0.261632,610,469,705,1.8522043455032169
2024-04-25 14:16:23.492000+00:00,2024-04-25 14:15:30+00:00,2024-04-25 14:17:30+00:00,TABUENCA01-45,Sensoria-C1-EEA1,Right,Gait,1.0.5,40.3882544,-3.6292402,CB:AA:BC:3F:36:A5,SCKS,-0.144531,0.917969,-0.109375,-3.36,43.68,106.400002,0.009344,0.710144,-0.252288,474,705,341,0.9356918218874204
2024-04-25 14:16:23.508000+00:00,2024-04-25 14:15:30+00:00,2024-04-25 14:17:30+00:00,TABUENCA01-45,Sensoria-C1-EEA1,Right,Gait,1.0.5,40.3882544,-3.6292402,CB:AA:BC:3F:36:A5,SCKS,0.046875,0.949219,0.019531,-2.24,22.4,81.760002,0.018688,0.719488,-0.252288,459,685,330,0.9505763701812706
2024-04-25 14:16:23.516000+00:00,2024-04-25 14:15:30+00:00,2024-04-25 14:17:30+00:00,TABUENCA01-45,Sensoria-C1-E90A,Left,Gait,1.0.5,40.3882544,-3.6292402,F0:75:B1:51:59:F6,SCKS,0.625,0.28125,-0.34375,15.68,-12.32,-178.080002,0.009344,0.79424,-0.261632,664,523,707,0.7667402591490811
2024-04-25 14:16:23.540000+00:00,2024-04-25 14:15:30+00:00,2024-04-25 14:17:30+00:00,TABUENCA01-45,Sensoria-C1-EEA1,Right,Gait,1.0.5,40.3882544,-3.6292402,CB:AA:BC:3F:36:A5,SCKS,-0.089844,0.980469,0.074219,30.24,-17.92,56.0,0.018688,0.719488,-0.252288,445,666,329,0.9873701759006093
2024-04-25 14:16:23.548000+00:00,2024-04-25 14:15:30+00:00,2024-04-25 14:17:30+00:00,TABUENCA01-45,Sensoria-C1-E90A,Left,Gait,1.0.5,40.3882544,-3.6292402,F0:75:B1:51:59:F6,SCKS,-0.15625,0.375,-0.3125,17.92,-151.199997,-45.920002,-0.009344,0.79424,-0.252288,691,542,706,0.5125381083392727
2024-04-25 14:16:23.557000+00:00,2024-04-25 14:15:30+00:00,2024-04-25 14:17:30+00:00,TABUENCA01-45,Sensoria-C1-EEA1,Right,Gait,1.0.5,40.3882544,-3.6292402,CB:AA:BC:3F:36:A5,SCKS,-0.03125,1.031251,-0.199219,49.279999,-12.32,51.52,0.018688,0.719488,-0.252288,434,649,332,1.0507822788104109
2024-04-25 14:16:23.573000+00:00,2024-04-25 14:15:30+00:00,2024-04-25 14:17:30+00:00,TABUENCA01-45,Sensoria-C1-EEA1,Right,Gait,1.0.5,40.3882544,-3.6292402,CB:AA:BC:3F:36:A5,SCKS,-0.101563,0.953126,0.003906,15.68,0.0,43.68,0.018688,0.728832,-0.2336,425,634,339,0.9585298491340789
2024-04-25 14:16:23.580000+00:00,2024-04-25 14:15:30+00:00,2024-04-25 14:17:30+00:00,TABUENCA01-45,Sensoria-C1-E90A,Left,Gait,1.0.5,40.3882544,-3.6292402,F0:75:B1:51:59:F6,SCKS,0.8125,0.03125,-0.0625,-4.48,-39.200001,132.160004,0.009344,0.79424,-0.270976,705,547,704,0.815499271918743
2024-04-25 14:16:23.589000+00:00,2024-04-25 14:15:30+00:00,2024-04-25 14:17:30+00:00,TABUENCA01-45,Sensoria-C1-EEA1,Right,Gait,1.0.5,40.3882544,-3.6292402,CB:AA:BC:3F:36:A5,SCKS,-0.078125,0.996094,-0.144531,14.56,2.24,43.68,0.028032,0.728832,-0.2336,418,623,352,1.0095523673500053
2024-04-25 14:16:23.613000+00:00,2024-04-25 14:15:30+00:00,2024-04-25 14:17:30+00:00,TABUENCA01-45,Sensoria-C1-E90A,Left,Gait,1.0.5,40.3882544,-3.6292402,F0:75:B1:51:59:F6,SCKS,0.34375,0.03125,0.0625,-8.96,41.439999,165.759995,0.037376,0.803584,-0.261632,705,546,702,0.350780380010057
2024-04-25 14:16:23.622000+00:00,2024-04-25 14:15:30+00:00,2024-04-25 14:17:30+00:00,TABUENCA01-45,Sensoria-C1-EEA1,Right,Gait,1.0.5,40.3882544,-3.6292402,CB:AA:BC:3F:36:A5,SCKS,-0.0625,0.960938,-0.148438,-1.12,12.32,43.68,0.037376,0.728832,-0.2336,413,616,366,0.9743417930521096
2024-04-25 14:16:23.638000+00:00,2024-04-25 14:15:30+00:00,2024-04-25 14:17:30+00:00,TABUENCA01-45,Sensoria-C1-EEA1,Right,Gait,1.0.5,40.3882544,-3.6292402,CB:AA:BC:3F:36:A5,SCKS,-0.042969,0.949219,-0.109375,-10.08,23.52,43.68,0.04672,0.738176,-0.2336,407,609,381,0.9564653342108118
2024-04-25 14:16:23.645000+00:00,2024-04-25 14:15:30+00:00,2024-04-25 14:17:30+00:00,TABUENCA01-45,Sensoria-C1-E90A,Left,Gait,1.0.5,40.3882544,-3.6292402,F0:75:B1:51:59:F6,SCKS,0.34375,0.1875,-0.125,16.799999,57.119999,231.839996,0.074752,0.803584,-0.270976,706,547,699,0.41102957618643454
2024-04-25 14:16:23.654000+00:00,2024-04-25 14:15:30+00:00,2024-04-25 14:17:30+00:00,TABUENCA01-45,Sensoria-C1-EEA1,Right,Gait,1.0.5,40.3882544,-3.6292402,CB:AA:BC:3F:36:A5,SCKS,0.007813,0.968751,-0.078125,-17.92,33.599998,39.200001,0.04672,0.738176,-0.2336,401,600,394,0.9719274965731755
2024-04-25 14:16:23.670000+00:00,2024-04-25 14:15:30+00:00,2024-04-25 14:17:30+00:00,TABUENCA01-45,Sensoria-C1-EEA1,Right,Gait,1.0.5,40.3882544,-3.6292402,CB:AA:BC:3F:36:A5,SCKS,-0.023438,0.960938,-0.019531,-24.639999,40.32,33.599998,0.056064,0.738176,-0.242944,396,591,406,0.9614221963575628
2024-04-25 14:16:23.678000+00:00,2024-04-25 14:15:30+00:00,2024-04-25 14:17:30+00:00,TABUENCA01-45,Sensoria-C1-E90A,Left,Gait,1.0.5,40.3882544,-3.6292402,F0:75:B1:51:59:F6,SCKS,0.3125,0.5,-0.15625,10.08,57.119999,273.279999,0.121472,0.803584,-0.261632,706,545,699,0.609975665498223
2024-04-25 14:16:23.703000+00:00,2024-04-25 14:15:30+00:00,2024-04-25 14:17:30+00:00,TABUENCA01-45,Sensoria-C1-EEA1,Right,Gait,1.0.5,40.3882544,-3.6292402,CB:AA:BC:3F:36:A5,SCKS,-0.027344,0.953126,-0.046875,-25.76,35.84,31.360001,0.056064,0.738176,-0.224256,389,585,415,0.9546696453941541
2024-04-25 14:16:23.711000+00:00,2024-04-25 14:15:30+00:00,2024-04-25 14:17:30+00:00,TABUENCA01-45,Sensoria-C1-E90A,Left,Gait,1.0.5,40.3882544,-3.6292402,F0:75:B1:51:59:F6,SCKS,0.28125,0.875,-0.125,-4.48,53.760002,342.720001,0.177536,0.79424,-0.252288,705,545,699,0.9275513799784894
2024-04-25 14:16:23.719000+00:00,2024-04-25 14:15:30+00:00,2024-04-25 14:17:30+00:00,TABUENCA01-45,Sensoria-C1-EEA1,Right,Gait,1.0.5,40.3882544,-3.6292402,CB:AA:BC:3F:36:A5,SCKS,-0.050781,0.957032,-0.078125,-23.52,29.120001,34.720001,0.074752,0.738176,-0.224256,382,578,424,0.9615573173815485
2024-04-25 14:16:23.727000+00:00,2024-04-25 14:15:30+00:00,2024-04-25 14:17:30+00:00,TABUENCA01-45,Sensoria-C1-E90A,Left,Gait,1.0.5,40.3882544,-3.6292402,F0:75:B1:51:59:F6,SCKS,0.375,1.374999,-0.125,-7.84,44.799999,386.399994,0.299008,0.74752,-0.252288,704,543,697,1.4306894317080139
2024-04-25 14:16:23.736000+00:00,2024-04-25 14:15:30+00:00,2024-04-25 14:17:30+00:00,TABUENCA01-45,Sensoria-C1-EEA1,Right,Gait,1.0.5,40.3882544,-3.6292402,CB:AA:BC:3F:36:A5,SCKS,-0.074219,0.980469,-0.050781,-17.92,17.92,43.68,0.074752,0.738176,-0.224256,372,569,431,0.9845844960606479
2024-04-25 14:16:23.754000+00:00,2024-04-25 14:15:30+00:00,2024-04-25 14:17:30+00:00,TABUENCA01-45,Sensoria-C1-EEA1,Right,Gait,1.0.5,40.3882544,-3.6292402,CB:AA:BC:3F:36:A5,SCKS,-0.019531,1.003907,-0.007813,-14.56,12.32,52.639999,0.074752,0.738176,-0.224256,361,558,440,1.0041273662135695
2024-04-25 14:16:23.761000+00:00,2024-04-25 14:15:30+00:00,2024-04-25 14:17:30+00:00,TABUENCA01-45,Sensoria-C1-E90A,Left,Gait,1.0.5,40.3882544,-3.6292402,F0:75:B1:51:59:F6,SCKS,0.28125,2.156249,-0.0625,-8.96,56.0,409.920013,0.355072,0.7008,-0.270976,703,543,696,2.1754120443035614
2024-04-25 14:16:23.769000+00:00,2024-04-25 14:15:30+00:00,2024-04-25 14:17:30+00:00,TABUENCA01-45,Sensoria-C1-EEA1,Right,Gait,1.0.5,40.3882544,-3.6292402,CB:AA:BC:3F:36:A5,SCKS,0.015625,0.992188,-0.019531,-10.08,7.84,58.240002,0.074752,0.74752,-0.242944,345,542,450,0.9925032130577714
2024-04-25 14:16:23.792000+00:00,2024-04-25 14:15:30+00:00,2024-04-25 14:17:30+00:00,TABUENCA01-45,Sensoria-C1-E90A,Left,Gait,1.0.5,40.3882544,-3.6292402,F0:75:B1:51:59:F6,SCKS,0.15625,2.937498,-0.0625,3.36,104.160004,435.679993,0.42048,0.644736,-0.28032,703,544,696,2.942314533238077
2024-04-25 14:16:23.801000+00:00,2024-04-25 14:15:30+00:00,2024-04-25 14:17:30+00:00,TABUENCA01-45,Sensoria-C1-EEA1,Right,Gait,1.0.5,40.3882544,-3.6292402,CB:AA:BC:3F:36:A5,SCKS,0.015625,1.019532,0.003906,-8.96,6.72,60.48,0.084096,0.756864,-0.2336,328,523,465,1.019659206051218
2024-04-25 14:16:23.817000+00:00,2024-04-25 14:15:30+00:00,2024-04-25 14:17:30+00:00,TABUENCA01-45,Sensoria-C1-EEA1,Right,Gait,1.0.5,40.3882544,-3.6292402,CB:AA:BC:3F:36:A5,SCKS,0.050781,1.035157,-0.042969,-5.6,5.6,64.959999,0.09344,0.756864,-0.2336,308,506,490,1.0372921765688778
2024-04-25 14:16:23.824000+00:00,2024-04-25 14:15:30+00:00,2024-04-25 14:17:30+00:00,TABUENCA01-45,Sensoria-C1-E90A,Left,Gait,1.0.5,40.3882544,-3.6292402,F0:75:B1:51:59:F6,SCKS,-0.65625,3.437498,-0.65625,-43.68,94.080002,420.0,0.4672,0.579328,-0.299008,703,542,697,3.5605786924324536
2024-04-25 14:16:23.833000+00:00,2024-04-25 14:15:30+00:00,2024-04-25 14:17:30+00:00,TABUENCA01-45,Sensoria-C1-EEA1,Right,Gait,1.0.5,40.3882544,-3.6292402,CB:AA:BC:3F:36:A5,SCKS,0.015625,1.062501,-0.011719,-6.72,5.6,70.559998,0.102784,0.766208,-0.2336,290,487,520,1.0626805025909716
2024-04-25 14:16:23.850000+00:00,2024-04-25 14:15:30+00:00,2024-04-25 14:17:30+00:00,TABUENCA01-45,Sensoria-C1-EEA1,Right,Gait,1.0.5,40.3882544,-3.6292402,CB:AA:BC:3F:36:A5,SCKS,-0.039063,1.13672,0.019531,-7.84,2.24,84.0,0.102784,0.766208,-0.2336,272,465,563,1.137558673796653
2024-04-25 14:16:23.857000+00:00,2024-04-25 14:15:30+00:00,2024-04-25 14:17:30+00:00,TABUENCA01-45,Sensoria-C1-E90A,Left,Gait,1.0.5,40.3882544,-3.6292402,F0:75:B1:51:59:F6,SCKS,-2.999998,1.749999,-0.75,5.6,96.32,263.200012,0.504576,0.523264,-0.317696,700,543,700,3.5531654197356195
2024-04-25 14:16:23.890000+00:00,2024-04-25 14:15:30+00:00,2024-04-25 14:17:30+00:00,TABUENCA01-45,Sensoria-C1-E90A,Left,Gait,1.0.5,40.3882544,-3.6292402,F0:75:B1:51:59:F6,SCKS,-3.406248,1.437499,-0.46875,29.120001,-95.199997,64.959999,0.523264,0.457856,-0.317696,700,542,703,3.72674863319288
2024-04-25 14:16:23.897000+00:00,2024-04-25 14:15:30+00:00,2024-04-25 14:17:30+00:00,TABUENCA01-45,Sensoria-C1-EEA1,Right,Gait,1.0.5,40.3882544,-3.6292402,CB:AA:BC:3F:36:A5,SCKS,-0.054688,1.214845,0.101563,0.0,-8.96,101.919998,0.121472,0.766208,-0.224256,253,448,609,1.2203090568941952
2024-04-25 14:16:23.899000+00:00,2024-04-25 14:15:30+00:00,2024-04-25 14:17:30+00:00,TABUENCA01-45,Sensoria-C1-EEA1,Right,Gait,1.0.5,40.3882544,-3.6292402,CB:AA:BC:3F:36:A5,SCKS,-0.03125,1.316407,0.128906,4.48,-24.639999,115.360001,0.14016,0.775552,-0.242944,237,431,646,1.3230724503915121
2024-04-25 14:16:23.915000+00:00,2024-04-25 14:15:30+00:00,2024-04-25 14:17:30+00:00,TABUENCA01-45,Sensoria-C1-EEA1,Right,Gait,1.0.5,40.3882544,-3.6292402,CB:AA:BC:3F:36:A5,SCKS,-0.042969,1.441407,-0.125,2.24,-33.599998,132.160004,0.149504,0.784896,-0.224256,223,424,673,1.4474548264488256
2024-04-25 14:16:23.922000+00:00,2024-04-25 14:15:30+00:00,2024-04-25 14:17:30+00:00,TABUENCA01-45,Sensoria-C1-E90A,Left,Gait,1.0.5,40.3882544,-3.6292402,F0:75:B1:51:59:F6,SCKS,4.937497,0.78125,0.15625,59.360001,95.199997,-100.800003,0.523264,0.485888,-0.308352,699,543,695,5.001364038940676
2024-04-25 14:16:23.931000+00:00,2024-04-25 14:15:30+00:00,2024-04-25 14:17:30+00:00,TABUENCA01-45,Sensoria-C1-EEA1,Right,Gait,1.0.5,40.3882544,-3.6292402,CB:AA:BC:3F:36:A5,SCKS,-0.15625,1.632814,-0.105469,-8.96,-22.4,147.839996,0.177536,0.784896,-0.214912,213,424,689,1.6436603454050354
2024-04-25 14:16:23.947000+00:00,2024-04-25 14:15:30+00:00,2024-04-25 14:17:30+00:00,TABUENCA01-45,Sensoria-C1-EEA1,Right,Gait,1.0.5,40.3882544,-3.6292402,CB:AA:BC:3F:36:A5,SCKS,-0.308594,1.85547,0.007813,-17.92,-4.48,170.240005,0.205568,0.79424,-0.224256,207,440,698,1.8809732110545858
2024-04-25 14:16:23.954000+00:00,2024-04-25 14:15:30+00:00,2024-04-25 14:17:30+00:00,TABUENCA01-45,Sensoria-C1-E90A,Left,Gait,1.0.5,40.3882544,-3.6292402,F0:75:B1:51:59:F6,SCKS,-0.4375,1.718749,0.3125,75.040001,147.839996,-225.119995,0.476544,0.551296,-0.345728,706,546,646,1.800877737382802
2024-04-25 14:16:23.979000+00:00,2024-04-25 14:15:30+00:00,2024-04-25 14:17:30+00:00,TABUENCA01-45,Sensoria-C1-EEA1,Right,Gait,1.0.5,40.3882544,-3.6292402,CB:AA:BC:3F:36:A5,SCKS,-0.699219,1.996095,0.386719,-32.48,32.48,194.880005,0.205568,0.79424,-0.224256,210,462,703,2.1500823342251336
2024-04-25 14:16:23.987000+00:00,2024-04-25 14:15:30+00:00,2024-04-25 14:17:30+00:00,TABUENCA01-45,Sensoria-C1-E90A,Left,Gait,1.0.5,40.3882544,-3.6292402,F0:75:B1:51:59:F6,SCKS,-0.0625,1.624999,-1.343749,119.840004,12.32,-197.119995,0.4672,0.588672,-0.345728,705,550,520,2.109547196675628
2024-04-25 14:16:23.996000+00:00,2024-04-25 14:15:30+00:00,2024-04-25 14:17:30+00:00,TABUENCA01-45,Sensoria-C1-EEA1,Right,Gait,1.0.5,40.3882544,-3.6292402,CB:AA:BC:3F:36:A5,SCKS,-1.257813,1.996095,0.550782,-59.360001,79.519997,225.119995,0.252288,0.79424,-0.252288,226,486,705,2.42277725008264
2024-04-25 14:16:24.012000+00:00,2024-04-25 14:15:30+00:00,2024-04-25 14:17:30+00:00,TABUENCA01-45,Sensoria-C1-EEA1,Right,Gait,1.0.5,40.3882544,-3.6292402,CB:AA:BC:3F:36:A5,SCKS,-0.320313,1.996095,-0.0625,-52.639999,39.200001,268.799988,0.299008,0.803584,-0.242944,259,522,706,2.0225978139496736
2024-04-25 14:16:24.028000+00:00,2024-04-25 14:15:30+00:00,2024-04-25 14:17:30+00:00,TABUENCA01-45,Sensoria-C1-EEA1,Right,Gait,1.0.5,40.3882544,-3.6292402,CB:AA:BC:3F:36:A5,SCKS,-0.746094,1.996095,-0.726563,-26.880001,-24.639999,296.799988,0.345728,0.79424,-0.252288,314,579,706,2.251431833040921
2024-04-25 14:16:24.052000+00:00,2024-04-25 14:15:30+00:00,2024-04-25 14:17:30+00:00,TABUENCA01-45,Sensoria-C1-E90A,Left,Gait,1.0.5,40.3882544,-3.6292402,F0:75:B1:51:59:F6,SCKS,0.15625,0.84375,-0.28125,92.959999,-51.52,-134.399994,0.411136,0.65408,-0.336384,676,555,376,0.9030114547999931
2024-04-25 14:16:24.061000+00:00,2024-04-25 14:15:30+00:00,2024-04-25 14:17:30+00:00,TABUENCA01-45,Sensoria-C1-EEA1,Right,Gait,1.0.5,40.3882544,-3.6292402,CB:AA:BC:3F:36:A5,SCKS,-0.558594,0.640625,-0.644532,12.32,-75.040001,308.0,0.392448,0.79424,-0.2336,382,636,707,1.06670012022358
2024-04-25 14:16:24.069000+00:00,2024-04-25 14:15:30+00:00,2024-04-25 14:17:30+00:00,TABUENCA01-45,Sensoria-C1-E90A,Left,Gait,1.0.5,40.3882544,-3.6292402,F0:75:B1:51:59:F6,SCKS,0.09375,0.968749,-0.15625,21.280001,-51.52,-39.200001,0.392448,0.682112,-0.299008,634,527,344,0.9857371607081676
2024-04-25 14:16:24.077000+00:00,2024-04-25 14:15:30+00:00,2024-04-25 14:17:30+00:00,TABUENCA01-45,Sensoria-C1-EEA1,Right,Gait,1.0.5,40.3882544,-3.6292402,CB:AA:BC:3F:36:A5,SCKS,-0.375,0.125,-0.554688,14.56,5.6,210.559998,0.392448,0.79424,-0.2336,438,676,707,0.6811231734011111
2024-04-25 14:16:24.093000+00:00,2024-04-25 14:15:30+00:00,2024-04-25 14:17:30+00:00,TABUENCA01-45,Sensoria-C1-EEA1,Right,Gait,1.0.5,40.3882544,-3.6292402,CB:AA:BC:3F:36:A5,SCKS,0.082031,0.792969,-0.726563,25.76,175.839996,115.360001,0.429824,0.784896,-0.252288,469,693,704,1.078620745624244
2024-04-25 14:16:24.101000+00:00,2024-04-25 14:15:30+00:00,2024-04-25 14:17:30+00:00,TABUENCA01-45,Sensoria-C1-E90A,Left,Gait,1.0.5,40.3882544,-3.6292402,F0:75:B1:51:59:F6,SCKS,0.125,0.999999,-0.1875,15.68,-33.599998,-21.280001,0.383104,0.682112,-0.289664,611,508,343,1.0250752411413515
2024-04-25 14:16:24.109000+00:00,2024-04-25 14:15:30+00:00,2024-04-25 14:17:30+00:00,TABUENCA01-45,Sensoria-C1-EEA1,Right,Gait,1.0.5,40.3882544,-3.6292402,CB:AA:BC:3F:36:A5,SCKS,-1.425782,0.242188,-0.53125,-8.96,212.800003,-26.880001,0.448512,0.784896,-0.252288,484,706,702,1.5406933184018161
2024-04-25 14:16:24.133000+00:00,2024-04-25 14:15:30+00:00,2024-04-25 14:17:30+00:00,TABUENCA01-45,Sensoria-C1-E90A,Left,Gait,1.0.5,40.3882544,-3.6292402,F0:75:B1:51:59:F6,SCKS,0.125,0.968749,-0.21875,10.08,-28.0,-21.280001,0.383104,0.691456,-0.289664,595,492,359,1.0009751183226285
2024-04-25 14:16:24.142000+00:00,2024-04-25 14:15:30+00:00,2024-04-25 14:17:30+00:00,TABUENCA01-45,Sensoria-C1-EEA1,Right,Gait,1.0.5,40.3882544,-3.6292402,CB:AA:BC:3F:36:A5,SCKS,-1.109376,0.058594,-0.082031,-34.720001,168.0,-63.84,0.439168,0.784896,-0.261632,491,712,701,1.113946790099509
2024-04-25 14:16:24.158000+00:00,2024-04-25 14:15:30+00:00,2024-04-25 14:17:30+00:00,TABUENCA01-45,Sensoria-C1-EEA1,Right,Gait,1.0.5,40.3882544,-3.6292402,CB:AA:BC:3F:36:A5,SCKS,-0.410157,-0.121094,0.078125,43.68,56.0,-124.32,0.429824,0.79424,-0.270976,494,715,699,0.43473674460528405
2024-04-25 14:16:24.166000+00:00,2024-04-25 14:15:30+00:00,2024-04-25 14:17:30+00:00,TABUENCA01-45,Sensoria-C1-E90A,Left,Gait,1.0.5,40.3882544,-3.6292402,F0:75:B1:51:59:F6,SCKS,0.125,0.9375,-0.1875,11.2,-32.48,-24.639999,0.37376,0.691456,-0.289664,584,480,396,0.9642030387838445
2024-04-25 14:16:24.174000+00:00,2024-04-25 14:15:30+00:00,2024-04-25 14:17:30+00:00,TABUENCA01-45,Sensoria-C1-EEA1,Right,Gait,1.0.5,40.3882544,-3.6292402,CB:AA:BC:3F:36:A5,SCKS,-0.605469,0.042969,0.019531,60.48,28.0,-181.440002,0.401792,0.803584,-0.252288,495,715,697,0.6073059401018568
2024-04-25 14:16:24.190000+00:00,2024-04-25 14:15:30+00:00,2024-04-25 14:17:30+00:00,TABUENCA01-45,Sensoria-C1-EEA1,Right,Gait,1.0.5,40.3882544,-3.6292402,CB:AA:BC:3F:36:A5,SCKS,-0.691407,0.28125,0.054688,62.720001,-10.08,-231.839996,0.364416,0.803584,-0.252288,496,716,697,0.7484223269605204
2024-04-25 14:16:24.198000+00:00,2024-04-25 14:15:30+00:00,2024-04-25 14:17:30+00:00,TABUENCA01-45,Sensoria-C1-E90A,Left,Gait,1.0.5,40.3882544,-3.6292402,F0:75:B1:51:59:F6,SCKS,0.09375,0.9375,-0.21875,7.84,-34.720001,-20.16,0.37376,0.7008,-0.289664,576,468,439,0.967236721283885
2024-04-25 14:16:24.223000+00:00,2024-04-25 14:15:30+00:00,2024-04-25 14:17:30+00:00,TABUENCA01-45,Sensoria-C1-EEA1,Right,Gait,1.0.5,40.3882544,-3.6292402,CB:AA:BC:3F:36:A5,SCKS,-0.566407,0.390625,0.125,63.84,-53.760002,-276.640015,0.364416,0.803584,-0.252288,495,715,696,0.6993066425210045
2024-04-25 14:16:24.230000+00:00,2024-04-25 14:15:30+00:00,2024-04-25 14:17:30+00:00,TABUENCA01-45,Sensoria-C1-E90A,Left,Gait,1.0.5,40.3882544,-3.6292402,F0:75:B1:51:59:F6,SCKS,0.0625,0.9375,-0.21875,-1.12,-33.599998,-15.68,0.364416,0.7008,-0.270976,567,458,477,0.9647093150270707
2024-04-25 14:16:24.239000+00:00,2024-04-25 14:15:30+00:00,2024-04-25 14:17:30+00:00,TABUENCA01-45,Sensoria-C1-EEA1,Right,Gait,1.0.5,40.3882544,-3.6292402,CB:AA:BC:3F:36:A5,SCKS,-0.539063,0.609375,0.140625,66.080002,-81.760002,-314.720001,0.308352,0.812928,-0.242944,496,716,695,0.8256525899063116
2024-04-25 14:16:24.255000+00:00,2024-04-25 14:15:30+00:00,2024-04-25 14:17:30+00:00,TABUENCA01-45,Sensoria-C1-EEA1,Right,Gait,1.0.5,40.3882544,-3.6292402,CB:AA:BC:3F:36:A5,SCKS,-0.492188,0.917969,0.125,61.599998,-95.199997,-344.959991,0.242944,0.803584,-0.2336,495,714,694,1.0490667816230768
2024-04-25 14:16:24.263000+00:00,2024-04-25 14:15:30+00:00,2024-04-25 14:17:30+00:00,TABUENCA01-45,Sensoria-C1-E90A,Left,Gait,1.0.5,40.3882544,-3.6292402,F0:75:B1:51:59:F6,SCKS,0.0625,0.9375,-0.21875,-3.36,-35.84,-16.799999,0.364416,0.7008,-0.270976,559,440,511,0.9647093150270707
2024-04-25 14:16:24.272000+00:00,2024-04-25 14:15:30+00:00,2024-04-25 14:17:30+00:00,TABUENCA01-45,Sensoria-C1-EEA1,Right,Gait,1.0.5,40.3882544,-3.6292402,CB:AA:BC:3F:36:A5,SCKS,-0.4375,1.238282,0.148438,43.68,-87.360001,-370.720001,0.177536,0.784896,-0.214912,493,713,695,1.3216589580402354
2024-04-25 14:16:24.295000+00:00,2024-04-25 14:15:30+00:00,2024-04-25 14:17:30+00:00,TABUENCA01-45,Sensoria-C1-E90A,Left,Gait,1.0.5,40.3882544,-3.6292402,F0:75:B1:51:59:F6,SCKS,0.09375,0.9375,-0.21875,0.0,-34.720001,-23.52,0.355072,0.710144,-0.252288,547,422,536,0.967236721283885
2024-04-25 14:16:24.320000+00:00,2024-04-25 14:15:30+00:00,2024-04-25 14:17:30+00:00,TABUENCA01-45,Sensoria-C1-EEA1,Right,Gait,1.0.5,40.3882544,-3.6292402,CB:AA:BC:3F:36:A5,SCKS,-0.433594,1.996095,0.25,-8.96,-7.84,-387.519989,0.112128,0.756864,-0.2336,493,712,694,2.057887024562087
2024-04-25 14:16:24.328000+00:00,2024-04-25 14:15:30+00:00,2024-04-25 14:17:30+00:00,TABUENCA01-45,Sensoria-C1-E90A,Left,Gait,1.0.5,40.3882544,-3.6292402,F0:75:B1:51:59:F6,SCKS,0.0625,0.9375,-0.15625,4.48,-33.599998,-35.84,0.355072,0.710144,-0.252288,533,399,557,0.9524844158830107
2024-04-25 14:16:24.337000+00:00,2024-04-25 14:15:30+00:00,2024-04-25 14:17:30+00:00,TABUENCA01-45,Sensoria-C1-EEA1,Right,Gait,1.0.5,40.3882544,-3.6292402,CB:AA:BC:3F:36:A5,SCKS,-0.058594,1.996095,0.3125,12.32,-28.0,-392.0,0.056064,0.719488,-0.242944,494,710,694,2.0212582110806623
2024-04-25 14:16:24.353000+00:00,2024-04-25 14:15:30+00:00,2024-04-25 14:17:30+00:00,TABUENCA01-45,Sensoria-C1-EEA1,Right,Gait,1.0.5,40.3882544,-3.6292402,CB:AA:BC:3F:36:A5,SCKS,0.4375,1.996095,0.207031,20.16,-38.080002,-406.559998,0.0,0.672768,-0.2336,494,709,693,2.053938493233427
2024-04-25 14:16:24.361000+00:00,2024-04-25 14:15:30+00:00,2024-04-25 14:17:30+00:00,TABUENCA01-45,Sensoria-C1-E90A,Left,Gait,1.0.5,40.3882544,-3.6292402,F0:75:B1:51:59:F6,SCKS,0.0,0.968749,-0.1875,5.6,-30.24,-45.920002,0.345728,0.719488,-0.252288,512,368,571,0.9867273559606017
2024-04-25 14:16:24.369000+00:00,2024-04-25 14:15:30+00:00,2024-04-25 14:17:30+00:00,TABUENCA01-45,Sensoria-C1-EEA1,Right,Gait,1.0.5,40.3882544,-3.6292402,CB:AA:BC:3F:36:A5,SCKS,1.074219,1.996095,-0.066406,5.6,-47.040001,-411.040009,-0.04672,0.616704,-0.242944,492,710,692,2.2677635383394805
2024-04-25 14:16:24.377000+00:00,2024-04-25 14:15:30+00:00,2024-04-25 14:17:30+00:00,TABUENCA01-45,Sensoria-C1-E90A,Left,Gait,1.0.5,40.3882544,-3.6292402,F0:75:B1:51:59:F6,SCKS,0.03125,1.031249,-0.21875,-3.36,-40.32,-53.760002,0.32704,0.728832,-0.242944,486,337,587,1.0546575866133046
2024-04-25 14:16:24.402000+00:00,2024-04-25 14:15:30+00:00,2024-04-25 14:17:30+00:00,TABUENCA01-45,Sensoria-C1-EEA1,Right,Gait,1.0.5,40.3882544,-3.6292402,CB:AA:BC:3F:36:A5,SCKS,1.996095,1.996095,-0.824219,35.84,-35.84,-341.600006,-0.074752,0.569984,-0.242944,493,711,695,2.9407698750515996
2024-04-25 14:16:24.409000+00:00,2024-04-25 14:15:30+00:00,2024-04-25 14:17:30+00:00,TABUENCA01-45,Sensoria-C1-E90A,Left,Gait,1.0.5,40.3882544,-3.6292402,F0:75:B1:51:59:F6,SCKS,0.125,1.156249,-0.15625,-13.440001,-42.560001,-88.480003,0.317696,0.738176,-0.242944,443,290,638,1.173435474366188
2024-04-25 14:16:24.418000+00:00,2024-04-25 14:15:30+00:00,2024-04-25 14:17:30+00:00,TABUENCA01-45,Sensoria-C1-EEA1,Right,Gait,1.0.5,40.3882544,-3.6292402,CB:AA:BC:3F:36:A5,SCKS,1.996095,1.140626,0.332031,54.880001,53.760002,-189.279999,-0.074752,0.569984,-0.242944,492,712,697,2.3228576163557677
2024-04-25 14:16:24.434000+00:00,2024-04-25 14:15:30+00:00,2024-04-25 14:17:30+00:00,TABUENCA01-45,Sensoria-C1-EEA1,Right,Gait,1.0.5,40.3882544,-3.6292402,CB:AA:BC:3F:36:A5,SCKS,1.996095,1.996095,0.519532,51.52,72.800003,-81.760002,-0.084096,0.541952,-0.224256,490,712,701,2.8703142679981926
2024-04-25 14:16:24.450000+00:00,2024-04-25 14:15:30+00:00,2024-04-25 14:17:30+00:00,TABUENCA01-45,Sensoria-C1-EEA1,Right,Gait,1.0.5,40.3882544,-3.6292402,CB:AA:BC:3F:36:A5,SCKS,0.621094,1.996095,0.417969,-23.52,-22.4,137.759995,-0.074752,0.551296,-0.224256,491,711,702,2.1318656362027135
2024-04-25 14:16:24.458000+00:00,2024-04-25 14:15:30+00:00,2024-04-25 14:17:30+00:00,TABUENCA01-45,Sensoria-C1-E90A,Left,Gait,1.0.5,40.3882544,-3.6292402,F0:75:B1:51:59:F6,SCKS,0.09375,1.312499,-0.09375,-10.08,-28.0,-114.239998,0.28032,0.766208,-0.252288,422,266,668,1.3191784375136673
2024-04-25 14:16:24.467000+00:00,2024-04-25 14:15:30+00:00,2024-04-25 14:17:30+00:00,TABUENCA01-45,Sensoria-C1-EEA1,Right,Gait,1.0.5,40.3882544,-3.6292402,CB:AA:BC:3F:36:A5,SCKS,-2.000001,0.714844,0.984376,26.880001,-110.879997,89.599998,-0.074752,0.569984,-0.2336,495,710,682,2.340940420795241
2024-04-25 14:16:24.475000+00:00,2024-04-25 14:15:30+00:00,2024-04-25 14:17:30+00:00,TABUENCA01-45,Sensoria-C1-E90A,Left,Gait,1.0.5,40.3882544,-3.6292402,F0:75:B1:51:59:F6,SCKS,0.21875,1.531249,-0.25,-13.440001,-30.24,-142.240005,0.252288,0.766208,-0.242944,412,255,682,1.5668679148227525
2024-04-25 14:16:24.500000+00:00,2024-04-25 14:15:30+00:00,2024-04-25 14:17:30+00:00,TABUENCA01-45,Sensoria-C1-EEA1,Right,Gait,1.0.5,40.3882544,-3.6292402,CB:AA:BC:3F:36:A5,SCKS,0.964844,1.26172,0.796876,63.84,-207.199997,253.119995,-0.074752,0.60736,-0.261632,504,713,641,1.7770404221941605
2024-04-25 14:16:24.507000+00:00,2024-04-25 14:15:30+00:00,2024-04-25 14:17:30+00:00,TABUENCA01-45,Sensoria-C1-E90A,Left,Gait,1.0.5,40.3882544,-3.6292402,F0:75:B1:51:59:F6,SCKS,0.40625,1.843749,-0.09375,-17.92,-21.280001,-176.960007,0.214912,0.784896,-0.252288,451,283,687,1.8903011664814156
2024-04-25 14:16:24.516000+00:00,2024-04-25 14:15:30+00:00,2024-04-25 14:17:30+00:00,TABUENCA01-45,Sensoria-C1-EEA1,Right,Gait,1.0.5,40.3882544,-3.6292402,CB:AA:BC:3F:36:A5,SCKS,0.644532,1.847658,0.425782,63.84,-58.240002,224.0,-0.074752,0.60736,-0.261632,511,718,573,2.002636236442355
2024-04-25 14:16:24.532000+00:00,2024-04-25 14:15:30+00:00,2024-04-25 14:17:30+00:00,TABUENCA01-45,Sensoria-C1-EEA1,Right,Gait,1.0.5,40.3882544,-3.6292402,CB:AA:BC:3F:36:A5,SCKS,0.28125,1.593751,-0.460938,66.080002,32.48,220.639999,-0.056064,0.635392,-0.261632,514,721,491,1.6827381413473101
2024-04-25 14:16:24.548000+00:00,2024-04-25 14:15:30+00:00,2024-04-25 14:17:30+00:00,TABUENCA01-45,Sensoria-C1-EEA1,Right,Gait,1.0.5,40.3882544,-3.6292402,CB:AA:BC:3F:36:A5,SCKS,0.242188,1.343751,-0.222656,26.880001,21.280001,199.360001,-0.04672,0.663424,-0.252288,515,719,429,1.3834368332818814
2024-04-25 14:16:24.555000+00:00,2024-04-25 14:15:30+00:00,2024-04-25 14:17:30+00:00,TABUENCA01-45,Sensoria-C1-E90A,Left,Gait,1.0.5,40.3882544,-3.6292402,F0:75:B1:51:59:F6,SCKS,0.999999,2.437499,-0.15625,-30.24,-20.16,-213.919998,0.18688,0.79424,-0.252288,524,344,688,2.639282750578649
2024-04-25 14:16:24.580000+00:00,2024-04-25 14:15:30+00:00,2024-04-25 14:17:30+00:00,TABUENCA01-45,Sensoria-C1-EEA1,Right,Gait,1.0.5,40.3882544,-3.6292402,CB:AA:BC:3F:36:A5,SCKS,0.070313,0.777344,-0.148438,7.84,28.0,162.399994,-0.018688,0.682112,-0.252288,506,722,391,0.7945070497792955
2024-04-25 14:16:24.588000+00:00,2024-04-25 14:15:30+00:00,2024-04-25 14:17:30+00:00,TABUENCA01-45,Sensoria-C1-E90A,Left,Gait,1.0.5,40.3882544,-3.6292402,F0:75:B1:51:59:F6,SCKS,0.59375,2.218749,-0.40625,-68.32,-107.520004,-218.399994,0.149504,0.803584,-0.261632,572,393,693,2.3324719183735096
2024-04-25 14:16:24.597000+00:00,2024-04-25 14:15:30+00:00,2024-04-25 14:17:30+00:00,TABUENCA01-45,Sensoria-C1-EEA1,Right,Gait,1.0.5,40.3882544,-3.6292402,CB:AA:BC:3F:36:A5,SCKS,0.058594,1.015626,0.207031,0.0,28.0,127.68,-0.009344,0.7008,-0.252288,493,727,364,1.0381672618961744
2024-04-25 14:16:24.604000+00:00,2024-04-25 14:15:30+00:00,2024-04-25 14:17:30+00:00,TABUENCA01-45,Sensoria-C1-E90A,Left,Gait,1.0.5,40.3882544,-3.6292402,F0:75:B1:51:59:F6,SCKS,0.75,2.031249,-0.84375,-15.68,-41.439999,-272.160004,0.056064,0.803584,-0.28032,625,464,700,2.323873181243116
2024-04-25 14:16:24.613000+00:00,2024-04-25 14:15:30+00:00,2024-04-25 14:17:30+00:00,TABUENCA01-45,Sensoria-C1-EEA1,Right,Gait,1.0.5,40.3882544,-3.6292402,CB:AA:BC:3F:36:A5,SCKS,-0.140625,0.992188,-0.085938,-2.24,33.599998,101.919998,-0.009344,0.710144,-0.252288,480,721,347,1.0057821622066083
2024-04-25 14:16:24.630000+00:00,2024-04-25 14:15:30+00:00,2024-04-25 14:17:30+00:00,TABUENCA01-45,Sensoria-C1-EEA1,Right,Gait,1.0.5,40.3882544,-3.6292402,CB:AA:BC:3F:36:A5,SCKS,-0.074219,0.996094,-0.015625,-2.24,15.68,80.639999,0.009344,0.710144,-0.252288,467,710,339,0.9989774058616141
2024-04-25 14:16:24.637000+00:00,2024-04-25 14:15:30+00:00,2024-04-25 14:17:30+00:00,TABUENCA01-45,Sensoria-C1-E90A,Left,Gait,1.0.5,40.3882544,-3.6292402,F0:75:B1:51:59:F6,SCKS,0.59375,0.59375,-0.46875,29.120001,14.56,-200.479996,0.009344,0.79424,-0.28032,673,522,705,0.9616676595893199
2024-04-25 14:16:24.662000+00:00,2024-04-25 14:15:30+00:00,2024-04-25 14:17:30+00:00,TABUENCA01-45,Sensoria-C1-EEA1,Right,Gait,1.0.5,40.3882544,-3.6292402,CB:AA:BC:3F:36:A5,SCKS,-0.082031,1.003907,0.0625,3.36,2.24,59.360001,0.018688,0.719488,-0.252288,458,697,336,1.009190071101574
2024-04-25 14:16:24.670000+00:00,2024-04-25 14:15:30+00:00,2024-04-25 14:17:30+00:00,TABUENCA01-45,Sensoria-C1-E90A,Left,Gait,1.0.5,40.3882544,-3.6292402,F0:75:B1:51:59:F6,SCKS,-0.1875,0.59375,-0.25,30.24,-137.759995,-63.84,-0.009344,0.79424,-0.270976,696,542,704,0.6709659547994965
2024-04-25 14:16:24.679000+00:00,2024-04-25 14:15:30+00:00,2024-04-25 14:17:30+00:00,TABUENCA01-45,Sensoria-C1-EEA1,Right,Gait,1.0.5,40.3882544,-3.6292402,CB:AA:BC:3F:36:A5,SCKS,-0.085938,1.015626,0.0,15.68,-5.6,50.400002,0.028032,0.719488,-0.2336,449,682,336,1.0192553711999754
2024-04-25 14:16:24.694000+00:00,2024-04-25 14:15:30+00:00,2024-04-25 14:17:30+00:00,TABUENCA01-45,Sensoria-C1-EEA1,Right,Gait,1.0.5,40.3882544,-3.6292402,CB:AA:BC:3F:36:A5,SCKS,-0.085938,0.988282,-0.023438,6.72,3.36,47.040001,0.037376,0.728832,-0.2336,442,669,339,0.9922882601401671
2024-04-25 14:16:24.711000+00:00,2024-04-25 14:15:30+00:00,2024-04-25 14:17:30+00:00,TABUENCA01-45,Sensoria-C1-EEA1,Right,Gait,1.0.5,40.3882544,-3.6292402,CB:AA:BC:3F:36:A5,SCKS,-0.109375,0.996094,0.011719,4.48,4.48,45.920002,0.04672,0.728832,-0.242944,434,657,348,1.002149431183793
2024-04-25 14:16:24.717000+00:00,2024-04-25 14:15:30+00:00,2024-04-25 14:17:30+00:00,TABUENCA01-45,Sensoria-C1-E90A,Left,Gait,1.0.5,40.3882544,-3.6292402,F0:75:B1:51:59:F6,SCKS,1.187499,0.09375,-0.09375,11.2,-126.559998,110.879997,-0.009344,0.803584,-0.28032,706,549,704,1.194877399569094
2024-04-25 14:16:24.719000+00:00,2024-04-25 14:15:30+00:00,2024-04-25 14:17:30+00:00,TABUENCA01-45,Sensoria-C1-E90A,Left,Gait,1.0.5,40.3882544,-3.6292402,F0:75:B1:51:59:F6,SCKS,0.5,0.0,0.03125,5.6,2.24,144.479996,0.018688,0.803584,-0.270976,709,548,703,0.5009756106837937
2024-04-25 14:16:24.727000+00:00,2024-04-25 14:15:30+00:00,2024-04-25 14:17:30+00:00,TABUENCA01-45,Sensoria-C1-EEA1,Right,Gait,1.0.5,40.3882544,-3.6292402,CB:AA:BC:3F:36:A5,SCKS,-0.058594,1.011719,-0.109375,0.0,8.96,48.16,0.04672,0.728832,-0.242944,425,645,362,1.0192995057499048
2024-04-25 14:16:24.752000+00:00,2024-04-25 14:15:30+00:00,2024-04-25 14:17:30+00:00,TABUENCA01-45,Sensoria-C1-E90A,Left,Gait,1.0.5,40.3882544,-3.6292402,F0:75:B1:51:59:F6,SCKS,0.375,0.375,-0.0625,36.959999,48.16,247.520004,0.084096,0.812928,-0.270976,710,546,700,0.5340002340823456
2024-04-25 14:16:24.775000+00:00,2024-04-25 14:15:30+00:00,2024-04-25 14:17:30+00:00,TABUENCA01-45,Sensoria-C1-EEA1,Right,Gait,1.0.5,40.3882544,-3.6292402,CB:AA:BC:3F:36:A5,SCKS,-0.042969,0.949219,-0.0625,-12.32,22.4,48.16,0.04672,0.738176,-0.2336,417,631,376,0.9522443462273745
2024-04-25 14:16:24.776000+00:00,2024-04-25 14:15:30+00:00,2024-04-25 14:17:30+00:00,TABUENCA01-45,Sensoria-C1-EEA1,Right,Gait,1.0.5,40.3882544,-3.6292402,CB:AA:BC:3F:36:A5,SCKS,-0.019531,0.972657,0.0,-13.440001,34.720001,43.68,0.056064,0.738176,-0.242944,406,617,393,0.972853071953828
2024-04-25 14:16:24.783000+00:00,2024-04-25 14:15:30+00:00,2024-04-25 14:17:30+00:00,TABUENCA01-45,Sensoria-C1-E90A,Left,Gait,1.0.5,40.3882544,-3.6292402,F0:75:B1:51:59:F6,SCKS,0.3125,0.65625,-0.0625,22.4,58.240002,295.679993,0.130816,0.812928,-0.252288,707,547,699,0.729538595620547
2024-04-25 14:16:24.794000+00:00,2024-04-25 14:15:30+00:00,2024-04-25 14:17:30+00:00,TABUENCA01-45,Sensoria-C1-EEA1,Right,Gait,1.0.5,40.3882544,-3.6292402,CB:AA:BC:3F:36:A5,SCKS,-0.054688,0.984376,0.0,-13.440001,33.599998,40.32,0.065408,0.738176,-0.2336,395,602,408,0.9858939530801475
2024-04-25 14:16:24.808000+00:00,2024-04-25 14:15:30+00:00,2024-04-25 14:17:30+00:00,TABUENCA01-45,Sensoria-C1-EEA1,Right,Gait,1.0.5,40.3882544,-3.6292402,CB:AA:BC:3F:36:A5,SCKS,-0.027344,0.996094,-0.042969,-11.2,25.76,41.439999,0.074752,0.738176,-0.214912,383,585,423,0.9973952507070605
2024-04-25 14:16:24.816000+00:00,2024-04-25 14:15:30+00:00,2024-04-25 14:17:30+00:00,TABUENCA01-45,Sensoria-C1-E90A,Left,Gait,1.0.5,40.3882544,-3.6292402,F0:75:B1:51:59:F6,SCKS,0.3125,0.968749,0.0,8.96,60.48,347.200012,0.242944,0.775552,-0.261632,709,545,697,1.0179051404728243
2024-04-25 14:16:24.841000+00:00,2024-04-25 14:15:30+00:00,2024-04-25 14:17:30+00:00,TABUENCA01-45,Sensoria-C1-EEA1,Right,Gait,1.0.5,40.3882544,-3.6292402,CB:AA:BC:3F:36:A5,SCKS,-0.015625,0.984376,-0.03125,-11.2,22.4,42.560001,0.074752,0.738176,-0.214912,369,569,442,0.984995843900369
2024-04-25 14:16:24.849000+00:00,2024-04-25 14:15:30+00:00,2024-04-25 14:17:30+00:00,TABUENCA01-45,Sensoria-C1-E90A,Left,Gait,1.0.5,40.3882544,-3.6292402,F0:75:B1:51:59:F6,SCKS,0.375,1.468749,-0.0625,-5.6,41.439999,387.519989,0.308352,0.74752,-0.252288,708,545,696,1.5171535436471157
2024-04-25 14:16:24.857000+00:00,2024-04-25 14:15:30+00:00,2024-04-25 14:17:30+00:00,TABUENCA01-45,Sensoria-C1-EEA1,Right,Gait,1.0.5,40.3882544,-3.6292402,CB:AA:BC:3F:36:A5,SCKS,-0.023438,0.984376,-0.023438,-10.08,17.92,47.040001,0.074752,0.74752,-0.224256,353,553,461,0.9849339008603571
2024-04-25 14:16:24.873000+00:00,2024-04-25 14:15:30+00:00,2024-04-25 14:17:30+00:00,TABUENCA01-45,Sensoria-C1-EEA1,Right,Gait,1.0.5,40.3882544,-3.6292402,CB:AA:BC:3F:36:A5,SCKS,-0.003906,0.992188,-0.023438,-8.96,13.440001,53.760002,0.084096,0.74752,-0.2336,337,537,483,0.9924724802350945
2024-04-25 14:16:24.881000+00:00,2024-04-25 14:15:30+00:00,2024-04-25 14:17:30+00:00,TABUENCA01-45,Sensoria-C1-E90A,Left,Gait,1.0.5,40.3882544,-3.6292402,F0:75:B1:51:59:F6,SCKS,0.40625,2.187499,0.0,-17.92,35.84,407.679993,0.37376,0.691456,-0.261632,708,544,694,2.2249024557272166
2024-04-25 14:16:24.890000+00:00,2024-04-25 14:15:30+00:00,2024-04-25 14:17:30+00:00,TABUENCA01-45,Sensoria-C1-EEA1,Right,Gait,1.0.5,40.3882544,-3.6292402,CB:AA:BC:3F:36:A5,SCKS,0.007813,0.976563,0.015625,-8.96,8.96,61.599998,0.09344,0.756864,-0.2336,319,517,507,0.9767192414215049
2024-04-25 14:16:24.913000+00:00,2024-04-25 14:15:30+00:00,2024-04-25 14:17:30+00:00,TABUENCA01-45,Sensoria-C1-E90A,Left,Gait,1.0.5,40.3882544,-3.6292402,F0:75:B1:51:59:F6,SCKS,0.0625,2.999998,0.03125,-5.6,94.080002,431.200012,0.439168,0.635392,-0.270976,708,543,694,3.000811692276608
2024-04-25 14:16:24.922000+00:00,2024-04-25 14:15:30+00:00,2024-04-25 14:17:30+00:00,TABUENCA01-45,Sensoria-C1-EEA1,Right,Gait,1.0.5,40.3882544,-3.6292402,CB:AA:BC:3F:36:A5,SCKS,0.011719,1.039063,0.042969,-8.96,4.48,67.199997,0.102784,0.756864,-0.2336,299,498,534,1.0400171094222441
2024-04-25 14:16:24.938000+00:00,2024-04-25 14:15:30+00:00,2024-04-25 14:17:30+00:00,TABUENCA01-45,Sensoria-C1-EEA1,Right,Gait,1.0.5,40.3882544,-3.6292402,CB:AA:BC:3F:36:A5,SCKS,0.019531,1.062501,0.035156,-10.08,2.24,71.68,0.102784,0.756864,-0.2336,282,479,565,1.063261858291738
2024-04-25 14:16:24.946000+00:00,2024-04-25 14:15:30+00:00,2024-04-25 14:17:30+00:00,TABUENCA01-45,Sensoria-C1-E90A,Left,Gait,1.0.5,40.3882544,-3.6292402,F0:75:B1:51:59:F6,SCKS,-0.71875,3.406248,-0.34375,-42.560001,90.720001,405.440002,0.476544,0.569984,-0.289664,705,543,694,3.498183966360832
2024-04-25 14:16:24.954000+00:00,2024-04-25 14:15:30+00:00,2024-04-25 14:17:30+00:00,TABUENCA01-45,Sensoria-C1-EEA1,Right,Gait,1.0.5,40.3882544,-3.6292402,CB:AA:BC:3F:36:A5,SCKS,-0.015625,1.121095,0.070313,-12.32,0.0,79.519997,0.121472,0.766208,-0.224256,263,459,604,1.12340645254467
2024-04-25 14:16:24.971000+00:00,2024-04-25 14:15:30+00:00,2024-04-25 14:17:30+00:00,TABUENCA01-45,Sensoria-C1-EEA1,Right,Gait,1.0.5,40.3882544,-3.6292402,CB:AA:BC:3F:36:A5,SCKS,-0.085938,1.164063,0.128906,-15.68,-5.6,91.840004,0.121472,0.775552,-0.2336,248,443,638,1.174327366899452
2024-04-25 14:16:24.979000+00:00,2024-04-25 14:15:30+00:00,2024-04-25 14:17:30+00:00,TABUENCA01-45,Sensoria-C1-E90A,Left,Gait,1.0.5,40.3882544,-3.6292402,F0:75:B1:51:59:F6,SCKS,-3.218748,1.562499,-0.78125,7.84,87.360001,194.880005,0.523264,0.4672,-0.308352,703,541,698,3.6622525001704895
2024-04-25 14:16:24.987000+00:00,2024-04-25 14:15:30+00:00,2024-04-25 14:17:30+00:00,TABUENCA01-45,Sensoria-C1-EEA1,Right,Gait,1.0.5,40.3882544,-3.6292402,CB:AA:BC:3F:36:A5,SCKS,-0.09375,1.253907,0.1875,-14.56,-19.040001,105.279999,0.14016,0.775552,-0.242944,232,434,667,1.2713095913855919
2024-04-25 14:16:25.020000+00:00,2024-04-25 14:15:30+00:00,2024-04-25 14:17:30+00:00,TABUENCA01-45,Sensoria-C1-EEA1,Right,Gait,1.0.5,40.3882544,-3.6292402,CB:AA:BC:3F:36:A5,SCKS,-0.101563,1.347657,0.132813,2.24,-41.439999,122.080002,0.158848,0.775552,-0.2336,221,427,684,1.357988853263163
2024-04-25 14:16:25.036000+00:00,2024-04-25 14:15:30+00:00,2024-04-25 14:17:30+00:00,TABUENCA01-45,Sensoria-C1-EEA1,Right,Gait,1.0.5,40.3882544,-3.6292402,CB:AA:BC:3F:36:A5,SCKS,-0.125,1.484376,-0.136719,4.48,-47.040001,138.880005,0.18688,0.784896,-0.2336,211,429,696,1.4958907695206225
2024-04-25 14:16:25.043000+00:00,2024-04-25 14:15:30+00:00,2024-04-25 14:17:30+00:00,TABUENCA01-45,Sensoria-C1-E90A,Left,Gait,1.0.5,40.3882544,-3.6292402,F0:75:B1:51:59:F6,SCKS,4.437498,0.6875,0.0,29.120001,67.199997,-115.360001,0.523264,0.476544,-0.289664,700,542,689,4.49043926025105
2024-04-25 14:16:25.052000+00:00,2024-04-25 14:15:30+00:00,2024-04-25 14:17:30+00:00,TABUENCA01-45,Sensoria-C1-EEA1,Right,Gait,1.0.5,40.3882544,-3.6292402,CB:AA:BC:3F:36:A5,SCKS,-0.210938,1.707032,-0.089844,-12.32,-22.4,169.119995,0.18688,0.784896,-0.2336,204,447,702,1.7223603087635293
2024-04-25 14:16:25.059000+00:00,2024-04-25 14:15:30+00:00,2024-04-25 14:17:30+00:00,TABUENCA01-45,Sensoria-C1-E90A,Left,Gait,1.0.5,40.3882544,-3.6292402,F0:75:B1:51:59:F6,SCKS,-0.875,1.343749,0.90625,63.84,243.040009,-263.200012,0.476544,0.551296,-0.345728,705,546,635,1.841894523989091
2024-04-25 14:16:25.068000+00:00,2024-04-25 14:15:30+00:00,2024-04-25 14:17:30+00:00,TABUENCA01-45,Sensoria-C1-EEA1,Right,Gait,1.0.5,40.3882544,-3.6292402,CB:AA:BC:3F:36:A5,SCKS,-0.773438,1.996095,0.398438,-36.959999,35.84,198.240005,0.205568,0.79424,-0.242944,206,468,705,2.177465138346192
2024-04-25 14:16:25.092000+00:00,2024-04-25 14:15:30+00:00,2024-04-25 14:17:30+00:00,TABUENCA01-45,Sensoria-C1-E90A,Left,Gait,1.0.5,40.3882544,-3.6292402,F0:75:B1:51:59:F6,SCKS,-0.0625,1.374999,-1.218749,132.160004,-3.36,-198.240005,0.457856,0.588672,-0.32704,708,551,505,1.8384443491718754
2024-04-25 14:16:25.101000+00:00,2024-04-25 14:15:30+00:00,2024-04-25 14:17:30+00:00,TABUENCA01-45,Sensoria-C1-EEA1,Right,Gait,1.0.5,40.3882544,-3.6292402,CB:AA:BC:3F:36:A5,SCKS,-1.214845,1.996095,0.5625,-56.0,67.199997,231.839996,0.252288,0.79424,-0.2336,221,488,705,2.4034662204928114
2024-04-25 14:16:25.117000+00:00,2024-04-25 14:15:30+00:00,2024-04-25 14:17:30+00:00,TABUENCA01-45,Sensoria-C1-EEA1,Right,Gait,1.0.5,40.3882544,-3.6292402,CB:AA:BC:3F:36:A5,SCKS,-0.328125,1.996095,-0.050781,-36.959999,11.2,275.519989,0.289664,0.79424,-0.242944,250,518,705,2.023521676338309
2024-04-25 14:16:25.124000+00:00,2024-04-25 14:15:30+00:00,2024-04-25 14:17:30+00:00,TABUENCA01-45,Sensoria-C1-E90A,Left,Gait,1.0.5,40.3882544,-3.6292402,F0:75:B1:51:59:F6,SCKS,0.1875,0.78125,0.09375,68.32,-110.879997,-211.680008,0.439168,0.626048,-0.32704,698,554,400,0.808886194096549
2024-04-25 14:16:25.133000+00:00,2024-04-25 14:15:30+00:00,2024-04-25 14:17:30+00:00,TABUENCA01-45,Sensoria-C1-EEA1,Right,Gait,1.0.5,40.3882544,-3.6292402,CB:AA:BC:3F:36:A5,SCKS,-0.871094,1.996095,-0.675782,-29.120001,-52.639999,306.880005,0.345728,0.803584,-0.252288,301,570,705,2.2803248271649807
2024-04-25 14:16:25.149000+00:00,2024-04-25 14:15:30+00:00,2024-04-25 14:17:30+00:00,TABUENCA01-45,Sensoria-C1-EEA1,Right,Gait,1.0.5,40.3882544,-3.6292402,CB:AA:BC:3F:36:A5,SCKS,-0.714844,1.867189,-0.734376,0.0,-109.760002,330.399994,0.345728,0.803584,-0.252288,367,626,704,2.1299541815337246
2024-04-25 14:16:25.157000+00:00,2024-04-25 14:15:30+00:00,2024-04-25 14:17:30+00:00,TABUENCA01-45,Sensoria-C1-E90A,Left,Gait,1.0.5,40.3882544,-3.6292402,F0:75:B1:51:59:F6,SCKS,0.03125,0.9375,-0.34375,63.84,-70.559998,-117.599998,0.411136,0.663424,-0.308352,668,544,357,0.9990229601966113
2024-04-25 14:16:25.182000+00:00,2024-04-25 14:15:30+00:00,2024-04-25 14:17:30+00:00,TABUENCA01-45,Sensoria-C1-EEA1,Right,Gait,1.0.5,40.3882544,-3.6292402,CB:AA:BC:3F:36:A5,SCKS,-0.226563,0.589844,-0.707032,21.280001,-57.119999,245.279999,0.401792,0.79424,-0.252288,429,667,705,0.9482304500114939
2024-04-25 14:16:25.190000+00:00,2024-04-25 14:15:30+00:00,2024-04-25 14:17:30+00:00,TABUENCA01-45,Sensoria-C1-E90A,Left,Gait,1.0.5,40.3882544,-3.6292402,F0:75:B1:51:59:F6,SCKS,0.09375,0.968749,-0.25,30.24,-51.52,-49.279999,0.401792,0.672768,-0.299008,635,519,347,1.0048699853717395
2024-04-25 14:16:25.198000+00:00,2024-04-25 14:15:30+00:00,2024-04-25 14:17:30+00:00,TABUENCA01-45,Sensoria-C1-EEA1,Right,Gait,1.0.5,40.3882544,-3.6292402,CB:AA:BC:3F:36:A5,SCKS,1.058594,0.074219,-1.035157,17.92,73.919998,147.839996,0.42048,0.784896,-0.252288,463,691,702,1.482457328710004
2024-04-25 14:16:25.215000+00:00,2024-04-25 14:15:30+00:00,2024-04-25 14:17:30+00:00,TABUENCA01-45,Sensoria-C1-EEA1,Right,Gait,1.0.5,40.3882544,-3.6292402,CB:AA:BC:3F:36:A5,SCKS,-1.343751,0.324219,-0.628907,-3.36,221.759995,12.32,0.448512,0.784896,-0.252288,482,704,702,1.5186535894044433
2024-04-25 14:16:25.222000+00:00,2024-04-25 14:15:30+00:00,2024-04-25 14:17:30+00:00,TABUENCA01-45,Sensoria-C1-E90A,Left,Gait,1.0.5,40.3882544,-3.6292402,F0:75:B1:51:59:F6,SCKS,0.0625,0.999999,-0.0625,25.76,-28.0,-35.84,0.383104,0.691456,-0.289664,607,491,355,1.0038976541465767
2024-04-25 14:16:25.231000+00:00,2024-04-25 14:15:30+00:00,2024-04-25 14:17:30+00:00,TABUENCA01-45,Sensoria-C1-EEA1,Right,Gait,1.0.5,40.3882544,-3.6292402,CB:AA:BC:3F:36:A5,SCKS,-1.285157,0.199219,-0.25,-30.24,170.240005,-59.360001,0.439168,0.784896,-0.28032,490,708,700,1.3243174561297606
2024-04-25 14:16:25.247000+00:00,2024-04-25 14:15:30+00:00,2024-04-25 14:17:30+00:00,TABUENCA01-45,Sensoria-C1-EEA1,Right,Gait,1.0.5,40.3882544,-3.6292402,CB:AA:BC:3F:36:A5,SCKS,-0.648438,-0.164063,0.023438,-1.12,97.440002,-88.480003,0.439168,0.784896,-0.28032,494,713,699,0.6692815907052875
2024-04-25 14:16:25.256000+00:00,2024-04-25 14:15:30+00:00,2024-04-25 14:17:30+00:00,TABUENCA01-45,Sensoria-C1-E90A,Left,Gait,1.0.5,40.3882544,-3.6292402,F0:75:B1:51:59:F6,SCKS,0.09375,0.9375,-0.28125,16.799999,-33.599998,-35.84,0.37376,0.691456,-0.28032,573,456,402,0.9832582951595171
2024-04-25 14:16:25.280000+00:00,2024-04-25 14:15:30+00:00,2024-04-25 14:17:30+00:00,TABUENCA01-45,Sensoria-C1-EEA1,Right,Gait,1.0.5,40.3882544,-3.6292402,CB:AA:BC:3F:36:A5,SCKS,-0.507813,-0.101563,0.027344,44.799999,48.16,-140.0,0.42048,0.79424,-0.270976,495,714,698,0.5185911494366251
2024-04-25 14:16:25.287000+00:00,2024-04-25 14:15:30+00:00,2024-04-25 14:17:30+00:00,TABUENCA01-45,Sensoria-C1-E90A,Left,Gait,1.0.5,40.3882544,-3.6292402,F0:75:B1:51:59:F6,SCKS,0.09375,0.9375,-0.21875,13.440001,-42.560001,-29.120001,0.364416,0.710144,-0.261632,558,437,454,0.967236721283885
2024-04-25 14:16:25.312000+00:00,2024-04-25 14:15:30+00:00,2024-04-25 14:17:30+00:00,TABUENCA01-45,Sensoria-C1-EEA1,Right,Gait,1.0.5,40.3882544,-3.6292402,CB:AA:BC:3F:36:A5,SCKS,-0.546875,0.363282,0.058594,60.48,-33.599998,-265.440002,0.355072,0.812928,-0.261632,495,713,695,0.6591504638434232
2024-04-25 14:16:25.320000+00:00,2024-04-25 14:15:30+00:00,2024-04-25 14:17:30+00:00,TABUENCA01-45,Sensoria-C1-E90A,Left,Gait,1.0.5,40.3882544,-3.6292402,F0:75:B1:51:59:F6,SCKS,0.0625,0.9375,-0.25,0.0,-41.439999,-22.4,0.364416,0.710144,-0.252288,547,421,506,0.9722718241315028
2024-04-25 14:16:25.328000+00:00,2024-04-25 14:15:30+00:00,2024-04-25 14:17:30+00:00,TABUENCA01-45,Sensoria-C1-EEA1,Right,Gait,1.0.5,40.3882544,-3.6292402,CB:AA:BC:3F:36:A5,SCKS,-0.527344,0.585938,0.078125,64.959999,-60.48,-303.519989,0.299008,0.812928,-0.252288,494,714,694,0.7921606843343085
2024-04-25 14:16:25.352000+00:00,2024-04-25 14:15:30+00:00,2024-04-25 14:17:30+00:00,TABUENCA01-45,Sensoria-C1-E90A,Left,Gait,1.0.5,40.3882544,-3.6292402,F0:75:B1:51:59:F6,SCKS,0.03125,0.9375,-0.28125,-8.96,-36.959999,-20.16,0.355072,0.710144,-0.252288,539,406,548,0.9792774759995249
2024-04-25 14:16:25.361000+00:00,2024-04-25 14:15:30+00:00,2024-04-25 14:17:30+00:00,TABUENCA01-45,Sensoria-C1-EEA1,Right,Gait,1.0.5,40.3882544,-3.6292402,CB:AA:BC:3F:36:A5,SCKS,-0.527344,0.863282,0.066406,63.84,-75.040001,-334.880005,0.2336,0.803584,-0.252288,494,712,692,1.0137836370232063
2024-04-25 14:16:25.377000+00:00,2024-04-25 14:15:30+00:00,2024-04-25 14:17:30+00:00,TABUENCA01-45,Sensoria-C1-EEA1,Right,Gait,1.0.5,40.3882544,-3.6292402,CB:AA:BC:3F:36:A5,SCKS,-0.441407,1.164063,0.078125,53.760002,-75.040001,-361.76001,0.2336,0.803584,-0.2336,493,712,694,1.2473918082314794
2024-04-25 14:16:25.385000+00:00,2024-04-25 14:15:30+00:00,2024-04-25 14:17:30+00:00,TABUENCA01-45,Sensoria-C1-E90A,Left,Gait,1.0.5,40.3882544,-3.6292402,F0:75:B1:51:59:F6,SCKS,0.03125,0.9375,-0.25,-10.08,-38.080002,-21.280001,0.345728,0.710144,-0.252288,529,391,583,0.9707640354380667
2024-04-25 14:16:25.393000+00:00,2024-04-25 14:15:30+00:00,2024-04-25 14:17:30+00:00,TABUENCA01-45,Sensoria-C1-EEA1,Right,Gait,1.0.5,40.3882544,-3.6292402,CB:AA:BC:3F:36:A5,SCKS,-0.402344,1.57422,0.070313,35.84,-52.639999,-381.920013,0.168192,0.775552,-0.2336,493,710,693,1.6263435125166514
2024-04-25 14:16:25.401000+00:00,2024-04-25 14:15:30+00:00,2024-04-25 14:17:30+00:00,TABUENCA01-45,Sensoria-C1-E90A,Left,Gait,1.0.5,40.3882544,-3.6292402,F0:75:B1:51:59:F6,SCKS,0.03125,0.9375,-0.1875,-6.72,-40.32,-26.880001,0.345728,0.719488,-0.252288,520,374,609,0.9565767415633729
2024-04-25 14:16:25.410000+00:00,2024-04-25 14:15:30+00:00,2024-04-25 14:17:30+00:00,TABUENCA01-45,Sensoria-C1-EEA1,Right,Gait,1.0.5,40.3882544,-3.6292402,CB:AA:BC:3F:36:A5,SCKS,-0.421875,1.996095,0.171875,5.6,-3.36,-388.640015,0.102784,0.756864,-0.2336,491,709,692,2.047416611311679
2024-04-25 14:16:25.433000+00:00,2024-04-25 14:15:30+00:00,2024-04-25 14:17:30+00:00,TABUENCA01-45,Sensoria-C1-E90A,Left,Gait,1.0.5,40.3882544,-3.6292402,F0:75:B1:51:59:F6,SCKS,0.0,0.9375,-0.1875,-2.24,-35.84,-35.84,0.336384,0.728832,-0.242944,506,351,628,0.9560661587986472
2024-04-25 14:16:25.443000+00:00,2024-04-25 14:15:30+00:00,2024-04-25 14:17:30+00:00,TABUENCA01-45,Sensoria-C1-EEA1,Right,Gait,1.0.5,40.3882544,-3.6292402,CB:AA:BC:3F:36:A5,SCKS,-0.257813,1.996095,0.3125,17.92,-5.6,-385.279999,0.04672,0.719488,-0.2336,492,709,692,2.036791359465667
2024-04-25 14:16:25.459000+00:00,2024-04-25 14:15:30+00:00,2024-04-25 14:17:30+00:00,TABUENCA01-45,Sensoria-C1-EEA1,Right,Gait,1.0.5,40.3882544,-3.6292402,CB:AA:BC:3F:36:A5,SCKS,0.222656,1.996095,0.234375,44.799999,-47.040001,-394.23999,0.0,0.682112,-0.242944,493,709,692,2.0221035047657674
2024-04-25 14:16:25.466000+00:00,2024-04-25 14:15:30+00:00,2024-04-25 14:17:30+00:00,TABUENCA01-45,Sensoria-C1-E90A,Left,Gait,1.0.5,40.3882544,-3.6292402,F0:75:B1:51:59:F6,SCKS,0.0,0.999999,-0.1875,-2.24,-35.84,-42.560001,0.32704,0.738176,-0.242944,487,325,645,1.0174253043840613
2024-04-25 14:16:25.475000+00:00,2024-04-25 14:15:30+00:00,2024-04-25 14:17:30+00:00,TABUENCA01-45,Sensoria-C1-EEA1,Right,Gait,1.0.5,40.3882544,-3.6292402,CB:AA:BC:3F:36:A5,SCKS,0.777344,1.996095,0.179688,21.280001,-51.52,-409.920013,-0.056064,0.616704,-0.252288,491,711,691,2.1496387419064162
2024-04-25 14:16:25.491000+00:00,2024-04-25 14:15:30+00:00,2024-04-25 14:17:30+00:00,TABUENCA01-45,Sensoria-C1-EEA1,Right,Gait,1.0.5,40.3882544,-3.6292402,CB:AA:BC:3F:36:A5,SCKS,1.832033,1.996095,-1.222657,26.880001,-49.279999,-299.040009,-0.056064,0.616704,-0.252288,491,710,692,2.972478814350575
2024-04-25 14:16:25.499000+00:00,2024-04-25 14:15:30+00:00,2024-04-25 14:17:30+00:00,TABUENCA01-45,Sensoria-C1-E90A,Left,Gait,1.0.5,40.3882544,-3.6292402,F0:75:B1:51:59:F6,SCKS,0.0625,1.062499,-0.21875,-6.72,-38.080002,-54.880001,0.317696,0.74752,-0.224256,465,298,662,1.0865826878342026
2024-04-25 14:16:25.507000+00:00,2024-04-25 14:15:30+00:00,2024-04-25 14:17:30+00:00,TABUENCA01-45,Sensoria-C1-EEA1,Right,Gait,1.0.5,40.3882544,-3.6292402,CB:AA:BC:3F:36:A5,SCKS,1.996095,1.253907,0.367188,60.48,58.240002,-165.759995,-0.084096,0.569984,-0.252288,491,709,695,2.3856875405253724
2024-04-25 14:16:25.531000+00:00,2024-04-25 14:15:30+00:00,2024-04-25 14:17:30+00:00,TABUENCA01-45,Sensoria-C1-E90A,Left,Gait,1.0.5,40.3882544,-3.6292402,F0:75:B1:51:59:F6,SCKS,0.0625,1.156249,-0.09375,-12.32,-38.080002,-77.279999,0.299008,0.738176,-0.2336,442,275,678,1.1617258981795147
2024-04-25 14:16:25.540000+00:00,2024-04-25 14:15:30+00:00,2024-04-25 14:17:30+00:00,TABUENCA01-45,Sensoria-C1-EEA1,Right,Gait,1.0.5,40.3882544,-3.6292402,CB:AA:BC:3F:36:A5,SCKS,1.996095,1.996095,0.800782,33.599998,56.0,-30.24,-0.084096,0.541952,-0.224256,491,711,699,2.9342873597475077
2024-04-25 14:16:25.556000+00:00,2024-04-25 14:15:30+00:00,2024-04-25 14:17:30+00:00,TABUENCA01-45,Sensoria-C1-EEA1,Right,Gait,1.0.5,40.3882544,-3.6292402,CB:AA:BC:3F:36:A5,SCKS,1.69922,1.210938,0.226563,-7.84,-86.239998,128.800003,-0.084096,0.56064,-0.224256,490,711,701,2.09882115512804
2024-04-25 14:16:25.564000+00:00,2024-04-25 14:15:30+00:00,2024-04-25 14:17:30+00:00,TABUENCA01-45,Sensoria-C1-E90A,Left,Gait,1.0.5,40.3882544,-3.6292402,F0:75:B1:51:59:F6,SCKS,0.125,1.312499,-0.15625,-11.2,-26.880001,-109.760002,0.289664,0.766208,-0.242944,424,256,692,1.3276643730630873
2024-04-25 14:16:25.572000+00:00,2024-04-25 14:15:30+00:00,2024-04-25 14:17:30+00:00,TABUENCA01-45,Sensoria-C1-EEA1,Right,Gait,1.0.5,40.3882544,-3.6292402,CB:AA:BC:3F:36:A5,SCKS,-2.000001,1.390626,0.5,32.48,-141.119995,100.800003,-0.084096,0.569984,-0.252288,494,710,682,2.486733735621287
2024-04-25 14:16:25.588000+00:00,2024-04-25 14:15:30+00:00,2024-04-25 14:17:30+00:00,TABUENCA01-45,Sensoria-C1-EEA1,Right,Gait,1.0.5,40.3882544,-3.6292402,CB:AA:BC:3F:36:A5,SCKS,1.078126,1.000001,1.44922,63.84,-221.759995,241.919998,-0.084096,0.569984,-0.252288,502,714,640,2.064605599207025
2024-04-25 14:16:25.596000+00:00,2024-04-25 14:15:30+00:00,2024-04-25 14:17:30+00:00,TABUENCA01-45,Sensoria-C1-E90A,Left,Gait,1.0.5,40.3882544,-3.6292402,F0:75:B1:51:59:F6,SCKS,0.34375,1.781249,-0.28125,-15.68,-29.120001,-166.880005,0.242944,0.784896,-0.242944,429,259,697,1.8357869225487473
2024-04-25 14:16:25.621000+00:00,2024-04-25 14:15:30+00:00,2024-04-25 14:17:30+00:00,TABUENCA01-45,Sensoria-C1-EEA1,Right,Gait,1.0.5,40.3882544,-3.6292402,CB:AA:BC:3F:36:A5,SCKS,0.632813,1.996095,0.339844,79.519997,-96.32,235.199997,-0.065408,0.60736,-0.28032,508,718,566,2.1214008311325796
2024-04-25 14:16:25.628000+00:00,2024-04-25 14:15:30+00:00,2024-04-25 14:17:30+00:00,TABUENCA01-45,Sensoria-C1-E90A,Left,Gait,1.0.5,40.3882544,-3.6292402,F0:75:B1:51:59:F6,SCKS,0.9375,2.343749,-0.15625,-21.280001,-24.639999,-219.520004,0.205568,0.79424,-0.242944,498,317,698,2.5291262695842214
2024-04-25 14:16:25.637000+00:00,2024-04-25 14:15:30+00:00,2024-04-25 14:17:30+00:00,TABUENCA01-45,Sensoria-C1-EEA1,Right,Gait,1.0.5,40.3882544,-3.6292402,CB:AA:BC:3F:36:A5,SCKS,0.308594,1.519532,-0.574219,72.800003,39.200001,228.479996,-0.056064,0.644736,-0.270976,513,720,479,1.653461585831676
2024-04-25 14:16:25.653000+00:00,2024-04-25 14:15:30+00:00,2024-04-25 14:17:30+00:00,TABUENCA01-45,Sensoria-C1-EEA1,Right,Gait,1.0.5,40.3882544,-3.6292402,CB:AA:BC:3F:36:A5,SCKS,0.566407,1.546876,-0.15625,28.0,12.32,196.0,-0.037376,0.672768,-0.270976,510,719,419,1.6547073189917907
2024-04-25 14:16:25.661000+00:00,2024-04-25 14:15:30+00:00,2024-04-25 14:17:30+00:00,TABUENCA01-45,Sensoria-C1-E90A,Left,Gait,1.0.5,40.3882544,-3.6292402,F0:75:B1:51:59:F6,SCKS,0.71875,2.156249,-0.28125,-58.240002,-66.080002,-200.479996,0.158848,0.803584,-0.242944,560,373,695,2.2902211410693507
2024-04-25 14:16:25.669000+00:00,2024-04-25 14:15:30+00:00,2024-04-25 14:17:30+00:00,TABUENCA01-45,Sensoria-C1-EEA1,Right,Gait,1.0.5,40.3882544,-3.6292402,CB:AA:BC:3F:36:A5,SCKS,-0.066406,0.660157,-0.121094,-11.2,80.639999,171.360001,-0.009344,0.691456,-0.252288,500,724,383,0.6744484993837557
2024-04-25 14:16:25.693000+00:00,2024-04-25 14:15:30+00:00,2024-04-25 14:17:30+00:00,TABUENCA01-45,Sensoria-C1-E90A,Left,Gait,1.0.5,40.3882544,-3.6292402,F0:75:B1:51:59:F6,SCKS,0.65625,2.187499,-1.031249,-35.84,-104.160004,-250.880005,0.074752,0.803584,-0.261632,610,438,701,2.5058512400982624
2024-04-25 14:16:25.702000+00:00,2024-04-25 14:15:30+00:00,2024-04-25 14:17:30+00:00,TABUENCA01-45,Sensoria-C1-EEA1,Right,Gait,1.0.5,40.3882544,-3.6292402,CB:AA:BC:3F:36:A5,SCKS,0.03125,0.976563,0.089844,7.84,33.599998,126.559998,-0.009344,0.691456,-0.252288,486,723,365,0.9811848958300367
2024-04-25 14:16:25.718000+00:00,2024-04-25 14:15:30+00:00,2024-04-25 14:17:30+00:00,TABUENCA01-45,Sensoria-C1-EEA1,Right,Gait,1.0.5,40.3882544,-3.6292402,CB:AA:BC:3F:36:A5,SCKS,-0.167969,0.960938,-0.101563,-7.84,40.32,105.279999,0.0,0.7008,-0.224256,469,715,352,0.9807805400669407
2024-04-25 14:16:25.727000+00:00,2024-04-25 14:15:30+00:00,2024-04-25 14:17:30+00:00,TABUENCA01-45,Sensoria-C1-E90A,Left,Gait,1.0.5,40.3882544,-3.6292402,F0:75:B1:51:59:F6,SCKS,0.71875,0.78125,-0.5,41.439999,24.639999,-229.600006,0.028032,0.803584,-0.270976,662,506,706,1.1734364597199116
2024-04-25 14:16:25.734000+00:00,2024-04-25 14:15:30+00:00,2024-04-25 14:17:30+00:00,TABUENCA01-45,Sensoria-C1-EEA1,Right,Gait,1.0.5,40.3882544,-3.6292402,CB:AA:BC:3F:36:A5,SCKS,-0.066406,0.964844,-0.039063,-11.2,16.799999,82.879997,0.018688,0.710144,-0.252288,453,701,346,0.967915088807381
2024-04-25 14:16:25.742000+00:00,2024-04-25 14:15:30+00:00,2024-04-25 14:17:30+00:00,TABUENCA01-45,Sensoria-C1-E90A,Left,Gait,1.0.5,40.3882544,-3.6292402,F0:75:B1:51:59:F6,SCKS,-0.78125,0.3125,-0.3125,28.0,-97.440002,-110.879997,0.0,0.79424,-0.252288,691,535,705,0.897587913521567
2024-04-25 14:16:25.751000+00:00,2024-04-25 14:15:30+00:00,2024-04-25 14:17:30+00:00,TABUENCA01-45,Sensoria-C1-EEA1,Right,Gait,1.0.5,40.3882544,-3.6292402,CB:AA:BC:3F:36:A5,SCKS,-0.097656,0.992188,0.144531,-6.72,6.72,66.080002,0.028032,0.719488,-0.242944,439,683,345,1.00740405579936
2024-04-25 14:16:25.767000+00:00,2024-04-25 14:15:30+00:00,2024-04-25 14:17:30+00:00,TABUENCA01-45,Sensoria-C1-EEA1,Right,Gait,1.0.5,40.3882544,-3.6292402,CB:AA:BC:3F:36:A5,SCKS,-0.066406,1.007813,-0.023438,2.24,3.36,54.880001,0.037376,0.719488,-0.242944,425,664,347,1.0102703299854945
2024-04-25 14:16:25.774000+00:00,2024-04-25 14:15:30+00:00,2024-04-25 14:17:30+00:00,TABUENCA01-45,Sensoria-C1-E90A,Left,Gait,1.0.5,40.3882544,-3.6292402,F0:75:B1:51:59:F6,SCKS,1.218749,0.09375,-0.15625,20.16,-169.119995,87.360001,-0.009344,0.79424,-0.252288,703,543,706,1.232295520563554
2024-04-25 14:16:25.800000+00:00,2024-04-25 14:15:30+00:00,2024-04-25 14:17:30+00:00,TABUENCA01-45,Sensoria-C1-EEA1,Right,Gait,1.0.5,40.3882544,-3.6292402,CB:AA:BC:3F:36:A5,SCKS,-0.105469,0.996094,0.085938,-2.24,7.84,45.920002,0.037376,0.719488,-0.242944,412,650,355,1.0053418854504175
2024-04-25 14:16:25.807000+00:00,2024-04-25 14:15:30+00:00,2024-04-25 14:17:30+00:00,TABUENCA01-45,Sensoria-C1-E90A,Left,Gait,1.0.5,40.3882544,-3.6292402,F0:75:B1:51:59:F6,SCKS,0.6875,0.0,0.0,7.84,-1.12,136.639999,0.009344,0.803584,-0.261632,706,546,703,0.6875
2024-04-25 14:16:25.816000+00:00,2024-04-25 14:15:30+00:00,2024-04-25 14:17:30+00:00,TABUENCA01-45,Sensoria-C1-EEA1,Right,Gait,1.0.5,40.3882544,-3.6292402,CB:AA:BC:3F:36:A5,SCKS,-0.082031,0.968751,-0.074219,-3.36,10.08,48.16,0.037376,0.728832,-0.252288,400,637,367,0.9750466885862441
2024-04-25 14:16:25.832000+00:00,2024-04-25 14:15:30+00:00,2024-04-25 14:17:30+00:00,TABUENCA01-45,Sensoria-C1-EEA1,Right,Gait,1.0.5,40.3882544,-3.6292402,CB:AA:BC:3F:36:A5,SCKS,-0.042969,0.960938,-0.078125,-8.96,16.799999,48.16,0.037376,0.738176,-0.242944,389,622,385,0.9650656404773719
2024-04-25 14:16:25.839000+00:00,2024-04-25 14:15:30+00:00,2024-04-25 14:17:30+00:00,TABUENCA01-45,Sensoria-C1-E90A,Left,Gait,1.0.5,40.3882544,-3.6292402,F0:75:B1:51:59:F6,SCKS,0.28125,0.0625,0.0,29.120001,51.52,192.639999,0.065408,0.812928,-0.252288,709,544,703,0.2881107642904027
2024-04-25 14:16:25.848000+00:00,2024-04-25 14:15:30+00:00,2024-04-25 14:17:30+00:00,TABUENCA01-45,Sensoria-C1-EEA1,Right,Gait,1.0.5,40.3882544,-3.6292402,CB:AA:BC:3F:36:A5,SCKS,-0.023438,0.984376,-0.035156,-11.2,25.76,48.16,0.056064,0.738176,-0.252288,376,609,403,0.9852823927971107
2024-04-25 14:16:25.872000+00:00,2024-04-25 14:15:30+00:00,2024-04-25 14:17:30+00:00,TABUENCA01-45,Sensoria-C1-E90A,Left,Gait,1.0.5,40.3882544,-3.6292402,F0:75:B1:51:59:F6,SCKS,0.4375,0.4375,-0.15625,39.200001,53.760002,256.480011,0.112128,0.812928,-0.242944,708,543,700,0.6381430580206918
2024-04-25 14:16:25.881000+00:00,2024-04-25 14:15:30+00:00,2024-04-25 14:17:30+00:00,TABUENCA01-45,Sensoria-C1-EEA1,Right,Gait,1.0.5,40.3882544,-3.6292402,CB:AA:BC:3F:36:A5,SCKS,-0.046875,0.976563,0.003906,-10.08,33.599998,43.68,0.056064,0.74752,-0.2336,365,596,422,0.9776951546520009
2024-04-25 14:16:25.897000+00:00,2024-04-25 14:15:30+00:00,2024-04-25 14:17:30+00:00,TABUENCA01-45,Sensoria-C1-EEA1,Right,Gait,1.0.5,40.3882544,-3.6292402,CB:AA:BC:3F:36:A5,SCKS,-0.050781,0.996094,-0.027344,-8.96,26.880001,42.560001,0.065408,0.74752,-0.242944,354,584,442,0.9977623269762194
2024-04-25 14:16:25.904000+00:00,2024-04-25 14:15:30+00:00,2024-04-25 14:17:30+00:00,TABUENCA01-45,Sensoria-C1-E90A,Left,Gait,1.0.5,40.3882544,-3.6292402,F0:75:B1:51:59:F6,SCKS,0.28125,0.6875,-0.0625,21.280001,69.440002,300.160004,0.158848,0.803584,-0.242944,707,544,700,0.7454287776172852
2024-04-25 14:16:25.913000+00:00,2024-04-25 14:15:30+00:00,2024-04-25 14:17:30+00:00,TABUENCA01-45,Sensoria-C1-EEA1,Right,Gait,1.0.5,40.3882544,-3.6292402,CB:AA:BC:3F:36:A5,SCKS,-0.003906,0.980469,-0.035156,-8.96,21.280001,43.68,0.065408,0.74752,-0.242944,343,572,467,0.9811068551044785
2024-04-25 14:16:25.929000+00:00,2024-04-25 14:15:30+00:00,2024-04-25 14:17:30+00:00,TABUENCA01-45,Sensoria-C1-EEA1,Right,Gait,1.0.5,40.3882544,-3.6292402,CB:AA:BC:3F:36:A5,SCKS,-0.007813,0.964844,-0.03125,-4.48,15.68,44.799999,0.074752,0.74752,-0.242944,333,559,491,0.96538155659045
2024-04-25 14:16:25.937000+00:00,2024-04-25 14:15:30+00:00,2024-04-25 14:17:30+00:00,TABUENCA01-45,Sensoria-C1-E90A,Left,Gait,1.0.5,40.3882544,-3.6292402,F0:75:B1:51:59:F6,SCKS,0.40625,1.312499,0.0,-3.36,45.920002,381.920013,0.289664,0.756864,-0.242944,705,542,698,1.3739332907754294
2024-04-25 14:16:25.962000+00:00,2024-04-25 14:15:30+00:00,2024-04-25 14:17:30+00:00,TABUENCA01-45,Sensoria-C1-EEA1,Right,Gait,1.0.5,40.3882544,-3.6292402,CB:AA:BC:3F:36:A5,SCKS,0.0,0.984376,-0.023438,-3.36,13.440001,47.040001,0.074752,0.74752,-0.224256,320,544,514,0.984654989943178
2024-04-25 14:16:25.969000+00:00,2024-04-25 14:15:30+00:00,2024-04-25 14:17:30+00:00,TABUENCA01-45,Sensoria-C1-E90A,Left,Gait,1.0.5,40.3882544,-3.6292402,F0:75:B1:51:59:F6,SCKS,0.4375,1.999999,0.0,-21.280001,34.720001,408.799988,0.345728,0.710144,-0.242944,706,541,697,2.047291442369894
2024-04-25 14:16:25.978000+00:00,2024-04-25 14:15:30+00:00,2024-04-25 14:17:30+00:00,TABUENCA01-45,Sensoria-C1-EEA1,Right,Gait,1.0.5,40.3882544,-3.6292402,CB:AA:BC:3F:36:A5,SCKS,-0.039063,0.976563,0.039063,-5.6,14.56,50.400002,0.09344,0.756864,-0.2336,306,530,538,0.9781242911343118
2024-04-25 14:16:26.002000+00:00,2024-04-25 14:15:30+00:00,2024-04-25 14:17:30+00:00,TABUENCA01-45,Sensoria-C1-E90A,Left,Gait,1.0.5,40.3882544,-3.6292402,F0:75:B1:51:59:F6,SCKS,0.4375,2.906248,-0.0625,-19.040001,71.68,432.320007,0.411136,0.663424,-0.252288,707,540,696,2.939658132760339
2024-04-25 14:16:26.010000+00:00,2024-04-25 14:15:30+00:00,2024-04-25 14:17:30+00:00,TABUENCA01-45,Sensoria-C1-EEA1,Right,Gait,1.0.5,40.3882544,-3.6292402,CB:AA:BC:3F:36:A5,SCKS,-0.019531,0.976563,0.054688,-4.48,10.08,56.0,0.09344,0.756864,-0.2336,290,514,563,0.9782880609891955
2024-04-25 14:16:26.011000+00:00,2024-04-25 14:15:30+00:00,2024-04-25 14:17:30+00:00,TABUENCA01-45,Sensoria-C1-EEA1,Right,Gait,1.0.5,40.3882544,-3.6292402,CB:AA:BC:3F:36:A5,SCKS,-0.003906,1.000001,0.0625,2.24,-2.24,62.720001,0.09344,0.756864,-0.2336,274,498,587,1.001959832945912
2024-04-25 14:16:26.028000+00:00,2024-04-25 14:15:30+00:00,2024-04-25 14:17:30+00:00,TABUENCA01-45,Sensoria-C1-EEA1,Right,Gait,1.0.5,40.3882544,-3.6292402,CB:AA:BC:3F:36:A5,SCKS,0.03125,1.035157,-0.003906,5.6,-11.2,69.440002,0.102784,0.766208,-0.2336,259,480,617,1.0356359563017306
2024-04-25 14:16:26.035000+00:00,2024-04-25 14:15:30+00:00,2024-04-25 14:17:30+00:00,TABUENCA01-45,Sensoria-C1-E90A,Left,Gait,1.0.5,40.3882544,-3.6292402,F0:75:B1:51:59:F6,SCKS,-0.0625,3.218748,0.0,-24.639999,87.360001,433.440002,0.4672,0.598016,-0.270976,705,541,695,3.2193547393078634
2024-04-25 14:16:26.060000+00:00,2024-04-25 14:15:30+00:00,2024-04-25 14:17:30+00:00,TABUENCA01-45,Sensoria-C1-EEA1,Right,Gait,1.0.5,40.3882544,-3.6292402,CB:AA:BC:3F:36:A5,SCKS,-0.011719,1.093751,0.039063,3.36,-12.32,75.040001,0.112128,0.766208,-0.224256,245,464,644,1.0945110794007522
2024-04-25 14:16:26.067000+00:00,2024-04-25 14:15:30+00:00,2024-04-25 14:17:30+00:00,TABUENCA01-45,Sensoria-C1-E90A,Left,Gait,1.0.5,40.3882544,-3.6292402,F0:75:B1:51:59:F6,SCKS,-1.406249,2.749999,-0.34375,-48.16,80.639999,366.23999,0.495232,0.532608,-0.28032,704,539,695,3.1077636352370814
2024-04-25 14:16:26.076000+00:00,2024-04-25 14:15:30+00:00,2024-04-25 14:17:30+00:00,TABUENCA01-45,Sensoria-C1-EEA1,Right,Gait,1.0.5,40.3882544,-3.6292402,CB:AA:BC:3F:36:A5,SCKS,-0.015625,1.171876,-0.003906,-5.6,-17.92,87.360001,0.121472,0.775552,-0.2336,233,448,667,1.1719866709297506
2024-04-25 14:16:26.083000+00:00,2024-04-25 14:15:30+00:00,2024-04-25 14:17:30+00:00,TABUENCA01-45,Sensoria-C1-E90A,Left,Gait,1.0.5,40.3882544,-3.6292402,F0:75:B1:51:59:F6,SCKS,-3.281248,1.562499,-0.40625,8.96,-118.720001,20.16,0.523264,0.457856,-0.308352,701,542,703,3.6569154522636973
2024-04-25 14:16:26.092000+00:00,2024-04-25 14:15:30+00:00,2024-04-25 14:17:30+00:00,TABUENCA01-45,Sensoria-C1-EEA1,Right,Gait,1.0.5,40.3882544,-3.6292402,CB:AA:BC:3F:36:A5,SCKS,-0.054688,1.250001,0.210938,-13.440001,-19.040001,104.160004,0.14016,0.784896,-0.242944,221,433,684,1.2688530715528097
2024-04-25 14:16:26.109000+00:00,2024-04-25 14:15:30+00:00,2024-04-25 14:17:30+00:00,TABUENCA01-45,Sensoria-C1-EEA1,Right,Gait,1.0.5,40.3882544,-3.6292402,CB:AA:BC:3F:36:A5,SCKS,-0.121094,1.441407,-0.015625,-17.92,-40.32,131.039993,0.14016,0.784896,-0.242944,212,425,698,1.4465690571521292
2024-04-25 14:16:26.116000+00:00,2024-04-25 14:15:30+00:00,2024-04-25 14:17:30+00:00,TABUENCA01-45,Sensoria-C1-E90A,Left,Gait,1.0.5,40.3882544,-3.6292402,F0:75:B1:51:59:F6,SCKS,3.093748,1.374999,0.03125,7.84,30.24,-144.479996,0.523264,0.4672,-0.28032,700,539,697,3.3856868579366584
2024-04-25 14:16:26.148000+00:00,2024-04-25 14:15:30+00:00,2024-04-25 14:17:30+00:00,TABUENCA01-45,Sensoria-C1-E90A,Left,Gait,1.0.5,40.3882544,-3.6292402,F0:75:B1:51:59:F6,SCKS,-1.406249,1.343749,0.375,41.439999,203.839996,-262.079987,0.495232,0.541952,-0.317696,705,543,656,1.9808641106855363
2024-04-25 14:16:26.157000+00:00,2024-04-25 14:15:30+00:00,2024-04-25 14:17:30+00:00,TABUENCA01-45,Sensoria-C1-EEA1,Right,Gait,1.0.5,40.3882544,-3.6292402,CB:AA:BC:3F:36:A5,SCKS,-0.117188,1.582032,-0.113281,-25.76,-32.48,152.320007,0.158848,0.784896,-0.242944,208,423,705,1.5904058794310967
2024-04-25 14:16:26.158000+00:00,2024-04-25 14:15:30+00:00,2024-04-25 14:17:30+00:00,TABUENCA01-45,Sensoria-C1-EEA1,Right,Gait,1.0.5,40.3882544,-3.6292402,CB:AA:BC:3F:36:A5,SCKS,-0.28125,1.867189,0.0,-34.720001,-10.08,170.240005,0.18688,0.784896,-0.242944,205,434,710,1.8882521876648257
2024-04-25 14:16:26.174000+00:00,2024-04-25 14:15:30+00:00,2024-04-25 14:17:30+00:00,TABUENCA01-45,Sensoria-C1-EEA1,Right,Gait,1.0.5,40.3882544,-3.6292402,CB:AA:BC:3F:36:A5,SCKS,-0.675782,1.996095,0.332031,-47.040001,30.24,194.880005,0.214912,0.803584,-0.252288,214,451,710,2.13338255957763
2024-04-25 14:16:26.181000+00:00,2024-04-25 14:15:30+00:00,2024-04-25 14:17:30+00:00,TABUENCA01-45,Sensoria-C1-E90A,Left,Gait,1.0.5,40.3882544,-3.6292402,F0:75:B1:51:59:F6,SCKS,-0.09375,1.687499,0.21875,90.720001,13.440001,-209.440002,0.476544,0.579328,-0.317696,703,547,540,1.7041987853536924
2024-04-25 14:16:26.190000+00:00,2024-04-25 14:15:30+00:00,2024-04-25 14:17:30+00:00,TABUENCA01-45,Sensoria-C1-EEA1,Right,Gait,1.0.5,40.3882544,-3.6292402,CB:AA:BC:3F:36:A5,SCKS,-1.203126,1.996095,0.382813,-72.800003,73.919998,222.880005,0.261632,0.803584,-0.252288,228,468,710,2.3618749361196074
2024-04-25 14:16:26.206000+00:00,2024-04-25 14:15:30+00:00,2024-04-25 14:17:30+00:00,TABUENCA01-45,Sensoria-C1-EEA1,Right,Gait,1.0.5,40.3882544,-3.6292402,CB:AA:BC:3F:36:A5,SCKS,-0.316406,1.996095,-0.144531,-48.16,14.56,271.040009,0.261632,0.803584,-0.252288,257,500,710,2.026177982266612
2024-04-25 14:16:26.230000+00:00,2024-04-25 14:15:30+00:00,2024-04-25 14:17:30+00:00,TABUENCA01-45,Sensoria-C1-E90A,Left,Gait,1.0.5,40.3882544,-3.6292402,F0:75:B1:51:59:F6,SCKS,-1.499999,2.437499,-0.28125,108.639999,41.439999,-193.759995,0.457856,0.60736,-0.317696,699,555,412,2.8758476902475207
2024-04-25 14:16:26.239000+00:00,2024-04-25 14:15:30+00:00,2024-04-25 14:17:30+00:00,TABUENCA01-45,Sensoria-C1-EEA1,Right,Gait,1.0.5,40.3882544,-3.6292402,CB:AA:BC:3F:36:A5,SCKS,-0.929688,1.996095,-0.683594,-29.120001,-35.84,301.279999,0.317696,0.803584,-0.261632,309,558,708,2.3056486686407798
2024-04-25 14:16:26.246000+00:00,2024-04-25 14:15:30+00:00,2024-04-25 14:17:30+00:00,TABUENCA01-45,Sensoria-C1-E90A,Left,Gait,1.0.5,40.3882544,-3.6292402,F0:75:B1:51:59:F6,SCKS,-0.125,0.968749,-0.21875,73.919998,-43.68,-161.279999,0.42048,0.644736,-0.299008,681,547,357,1.0009751183226285
2024-04-25 14:16:26.255000+00:00,2024-04-25 14:15:30+00:00,2024-04-25 14:17:30+00:00,TABUENCA01-45,Sensoria-C1-EEA1,Right,Gait,1.0.5,40.3882544,-3.6292402,CB:AA:BC:3F:36:A5,SCKS,-0.597657,1.718751,-0.703125,-2.24,-106.400002,324.799988,0.355072,0.803584,-0.270976,372,619,708,1.950816151069854
2024-04-25 14:16:26.271000+00:00,2024-04-25 14:15:30+00:00,2024-04-25 14:17:30+00:00,TABUENCA01-45,Sensoria-C1-EEA1,Right,Gait,1.0.5,40.3882544,-3.6292402,CB:AA:BC:3F:36:A5,SCKS,-0.179688,0.750001,-0.589844,15.68,-54.880001,256.480011,0.401792,0.79424,-0.252288,430,664,708,0.9709300807375371
2024-04-25 14:16:26.279000+00:00,2024-04-25 14:15:30+00:00,2024-04-25 14:17:30+00:00,TABUENCA01-45,Sensoria-C1-E90A,Left,Gait,1.0.5,40.3882544,-3.6292402,F0:75:B1:51:59:F6,SCKS,0.09375,0.90625,-0.3125,30.24,-63.84,-77.279999,0.411136,0.663424,-0.28032,658,529,335,0.9631896879639026
2024-04-25 14:16:26.312000+00:00,2024-04-25 14:15:30+00:00,2024-04-25 14:17:30+00:00,TABUENCA01-45,Sensoria-C1-E90A,Left,Gait,1.0.5,40.3882544,-3.6292402,F0:75:B1:51:59:F6,SCKS,0.125,0.999999,-0.09375,11.2,-45.920002,-28.0,0.392448,0.682112,-0.270976,639,510,331,1.012132433281831
2024-04-25 14:16:26.320000+00:00,2024-04-25 14:15:30+00:00,2024-04-25 14:17:30+00:00,TABUENCA01-45,Sensoria-C1-EEA1,Right,Gait,1.0.5,40.3882544,-3.6292402,CB:AA:BC:3F:36:A5,SCKS,-1.246095,0.289063,-0.417969,-23.52,160.160004,-17.92,0.448512,0.784896,-0.270976,484,703,702,1.3457370664267965
2024-04-25 14:16:26.336000+00:00,2024-04-25 14:15:30+00:00,2024-04-25 14:17:30+00:00,TABUENCA01-45,Sensoria-C1-EEA1,Right,Gait,1.0.5,40.3882544,-3.6292402,CB:AA:BC:3F:36:A5,SCKS,-0.890626,0.070313,-0.03125,-39.200001,104.160004,-60.48,0.439168,0.784896,-0.289664,491,708,702,0.8939435957290593
2024-04-25 14:16:26.344000+00:00,2024-04-25 14:15:30+00:00,2024-04-25 14:17:30+00:00,TABUENCA01-45,Sensoria-C1-E90A,Left,Gait,1.0.5,40.3882544,-3.6292402,F0:75:B1:51:59:F6,SCKS,0.125,0.968749,-0.1875,3.36,-40.32,-22.4,0.392448,0.682112,-0.270976,623,494,342,0.994613429931951
2024-04-25 14:16:26.352000+00:00,2024-04-25 14:15:30+00:00,2024-04-25 14:17:30+00:00,TABUENCA01-45,Sensoria-C1-EEA1,Right,Gait,1.0.5,40.3882544,-3.6292402,CB:AA:BC:3F:36:A5,SCKS,-0.445313,-0.144531,0.027344,5.6,34.720001,-96.32,0.439168,0.784896,-0.289664,493,712,700,0.46897822152633056
2024-04-25 14:16:26.368000+00:00,2024-04-25 14:15:30+00:00,2024-04-25 14:17:30+00:00,TABUENCA01-45,Sensoria-C1-EEA1,Right,Gait,1.0.5,40.3882544,-3.6292402,CB:AA:BC:3F:36:A5,SCKS,-0.441407,-0.050781,-0.050781,35.84,12.32,-146.720001,0.42048,0.79424,-0.28032,495,712,698,0.44721086700906537
2024-04-25 14:16:26.376000+00:00,2024-04-25 14:15:30+00:00,2024-04-25 14:17:30+00:00,TABUENCA01-45,Sensoria-C1-E90A,Left,Gait,1.0.5,40.3882544,-3.6292402,F0:75:B1:51:59:F6,SCKS,0.125,0.968749,-0.1875,0.0,-45.920002,-22.4,0.383104,0.682112,-0.261632,610,479,371,0.994613429931951
2024-04-25 14:16:26.401000+00:00,2024-04-25 14:15:30+00:00,2024-04-25 14:17:30+00:00,TABUENCA01-45,Sensoria-C1-EEA1,Right,Gait,1.0.5,40.3882544,-3.6292402,CB:AA:BC:3F:36:A5,SCKS,-0.53125,0.175781,-0.085938,41.439999,-4.48,-192.639999,0.383104,0.803584,-0.28032,493,713,698,0.5661367876273367
2024-04-25 14:16:26.408000+00:00,2024-04-25 14:15:30+00:00,2024-04-25 14:17:30+00:00,TABUENCA01-45,Sensoria-C1-E90A,Left,Gait,1.0.5,40.3882544,-3.6292402,F0:75:B1:51:59:F6,SCKS,0.125,0.9375,-0.25,0.0,-44.799999,-23.52,0.383104,0.691456,-0.252288,594,463,432,0.978279740156158
2024-04-25 14:16:26.417000+00:00,2024-04-25 14:15:30+00:00,2024-04-25 14:17:30+00:00,TABUENCA01-45,Sensoria-C1-EEA1,Right,Gait,1.0.5,40.3882544,-3.6292402,CB:AA:BC:3F:36:A5,SCKS,-0.480469,0.261719,-0.039063,39.200001,-28.0,-235.199997,0.345728,0.812928,-0.28032,493,713,696,0.548519108957017
2024-04-25 14:16:26.424000+00:00,2024-04-25 14:15:30+00:00,2024-04-25 14:17:30+00:00,TABUENCA01-45,Sensoria-C1-E90A,Left,Gait,1.0.5,40.3882544,-3.6292402,F0:75:B1:51:59:F6,SCKS,0.0625,0.9375,-0.21875,-2.24,-38.080002,-19.040001,0.37376,0.691456,-0.252288,583,449,468,0.9647093150270707
2024-04-25 14:16:26.433000+00:00,2024-04-25 14:15:30+00:00,2024-04-25 14:17:30+00:00,TABUENCA01-45,Sensoria-C1-EEA1,Right,Gait,1.0.5,40.3882544,-3.6292402,CB:AA:BC:3F:36:A5,SCKS,-0.480469,0.414063,-0.019531,47.040001,-51.52,-275.519989,0.289664,0.812928,-0.270976,494,713,696,0.634570790291359
2024-04-25 14:16:26.449000+00:00,2024-04-25 14:15:30+00:00,2024-04-25 14:17:30+00:00,TABUENCA01-45,Sensoria-C1-EEA1,Right,Gait,1.0.5,40.3882544,-3.6292402,CB:AA:BC:3F:36:A5,SCKS,-0.476563,0.640625,-0.019531,51.52,-62.720001,-308.0,0.289664,0.812928,-0.270976,494,710,695,0.7986827552633149
2024-04-25 14:16:26.457000+00:00,2024-04-25 14:15:30+00:00,2024-04-25 14:17:30+00:00,TABUENCA01-45,Sensoria-C1-E90A,Left,Gait,1.0.5,40.3882544,-3.6292402,F0:75:B1:51:59:F6,SCKS,0.0625,0.9375,-0.21875,-2.24,-35.84,-19.040001,0.364416,0.7008,-0.2336,573,435,500,0.9647093150270707
2024-04-25 14:16:26.466000+00:00,2024-04-25 14:15:30+00:00,2024-04-25 14:17:30+00:00,TABUENCA01-45,Sensoria-C1-EEA1,Right,Gait,1.0.5,40.3882544,-3.6292402,CB:AA:BC:3F:36:A5,SCKS,-0.453125,0.933594,-0.027344,48.16,-60.48,-334.880005,0.2336,0.812928,-0.270976,492,709,696,1.0381077577963669
2024-04-25 14:16:26.489000+00:00,2024-04-25 14:15:30+00:00,2024-04-25 14:17:30+00:00,TABUENCA01-45,Sensoria-C1-E90A,Left,Gait,1.0.5,40.3882544,-3.6292402,F0:75:B1:51:59:F6,SCKS,0.0625,0.9375,-0.1875,-1.12,-36.959999,-22.4,0.364416,0.710144,-0.2336,558,416,523,0.9581068572972432
2024-04-25 14:16:26.498000+00:00,2024-04-25 14:15:30+00:00,2024-04-25 14:17:30+00:00,TABUENCA01-45,Sensoria-C1-EEA1,Right,Gait,1.0.5,40.3882544,-3.6292402,CB:AA:BC:3F:36:A5,SCKS,-0.398438,1.19922,0.023438,39.200001,-49.279999,-361.76001,0.168192,0.784896,-0.242944,493,709,696,1.2638950858706588
2024-04-25 14:16:26.515000+00:00,2024-04-25 14:15:30+00:00,2024-04-25 14:17:30+00:00,TABUENCA01-45,Sensoria-C1-EEA1,Right,Gait,1.0.5,40.3882544,-3.6292402,CB:AA:BC:3F:36:A5,SCKS,-0.402344,1.656251,0.101563,22.4,-17.92,-381.920013,0.102784,0.766208,-0.261632,493,708,695,1.707443443369648
2024-04-25 14:16:26.522000+00:00,2024-04-25 14:15:30+00:00,2024-04-25 14:17:30+00:00,TABUENCA01-45,Sensoria-C1-E90A,Left,Gait,1.0.5,40.3882544,-3.6292402,F0:75:B1:51:59:F6,SCKS,0.03125,0.968749,-0.15625,0.0,-35.84,-30.24,0.364416,0.710144,-0.2336,542,394,541,0.9817663927844545
2024-04-25 14:16:26.531000+00:00,2024-04-25 14:15:30+00:00,2024-04-25 14:17:30+00:00,TABUENCA01-45,Sensoria-C1-EEA1,Right,Gait,1.0.5,40.3882544,-3.6292402,CB:AA:BC:3F:36:A5,SCKS,-0.457032,1.996095,0.246094,23.52,12.32,-384.160004,0.056064,0.728832,-0.252288,492,707,694,2.0624829102043485
2024-04-25 14:16:26.547000+00:00,2024-04-25 14:15:30+00:00,2024-04-25 14:17:30+00:00,TABUENCA01-45,Sensoria-C1-EEA1,Right,Gait,1.0.5,40.3882544,-3.6292402,CB:AA:BC:3F:36:A5,SCKS,-0.046875,1.996095,0.140625,49.279999,-25.76,-385.279999,0.056064,0.728832,-0.252288,492,707,695,2.0015913432254346
2024-04-25 14:16:26.554000+00:00,2024-04-25 14:15:30+00:00,2024-04-25 14:17:30+00:00,TABUENCA01-45,Sensoria-C1-E90A,Left,Gait,1.0.5,40.3882544,-3.6292402,F0:75:B1:51:59:F6,SCKS,0.03125,0.9375,-0.15625,1.12,-32.48,-39.200001,0.345728,0.710144,-0.2336,520,368,558,0.9509452534189337
2024-04-25 14:16:26.587000+00:00,2024-04-25 14:15:30+00:00,2024-04-25 14:17:30+00:00,TABUENCA01-45,Sensoria-C1-E90A,Left,Gait,1.0.5,40.3882544,-3.6292402,F0:75:B1:51:59:F6,SCKS,0.03125,0.999999,-0.1875,1.12,-29.120001,-50.400002,0.336384,0.719488,-0.205568,493,339,577,1.017905109772517
2024-04-25 14:16:26.595000+00:00,2024-04-25 14:15:30+00:00,2024-04-25 14:17:30+00:00,TABUENCA01-45,Sensoria-C1-EEA1,Right,Gait,1.0.5,40.3882544,-3.6292402,CB:AA:BC:3F:36:A5,SCKS,0.757813,1.996095,0.183594,41.439999,-39.200001,-399.839996,0.0,0.682112,-0.252288,491,708,695,2.14298449570453
2024-04-25 14:16:26.596000+00:00,2024-04-25 14:15:30+00:00,2024-04-25 14:17:30+00:00,TABUENCA01-45,Sensoria-C1-EEA1,Right,Gait,1.0.5,40.3882544,-3.6292402,CB:AA:BC:3F:36:A5,SCKS,1.625001,1.996095,-0.195313,33.599998,-40.32,-377.440002,-0.04672,0.626048,-0.252288,490,708,694,2.5813118112686424
2024-04-25 14:16:26.612000+00:00,2024-04-25 14:15:30+00:00,2024-04-25 14:17:30+00:00,TABUENCA01-45,Sensoria-C1-EEA1,Right,Gait,1.0.5,40.3882544,-3.6292402,CB:AA:BC:3F:36:A5,SCKS,1.996095,1.914064,-0.28125,59.360001,-28.0,-266.559998,-0.074752,0.579328,-0.261632,491,710,696,2.7797729777125686
2024-04-25 14:16:26.619000+00:00,2024-04-25 14:15:30+00:00,2024-04-25 14:17:30+00:00,TABUENCA01-45,Sensoria-C1-E90A,Left,Gait,1.0.5,40.3882544,-3.6292402,F0:75:B1:51:59:F6,SCKS,0.0625,1.062499,-0.25,-2.24,-31.360001,-71.68,0.32704,0.728832,-0.2336,464,307,608,1.0933025084582035
2024-04-25 14:16:26.628000+00:00,2024-04-25 14:15:30+00:00,2024-04-25 14:17:30+00:00,TABUENCA01-45,Sensoria-C1-EEA1,Right,Gait,1.0.5,40.3882544,-3.6292402,CB:AA:BC:3F:36:A5,SCKS,1.996095,1.589845,0.273438,68.32,45.920002,-157.919998,-0.084096,0.541952,-0.242944,491,710,698,2.566470477697727
2024-04-25 14:16:26.652000+00:00,2024-04-25 14:15:30+00:00,2024-04-25 14:17:30+00:00,TABUENCA01-45,Sensoria-C1-E90A,Left,Gait,1.0.5,40.3882544,-3.6292402,F0:75:B1:51:59:F6,SCKS,0.0625,1.218749,-0.03125,-3.36,-30.24,-90.720001,0.308352,0.738176,-0.2336,440,279,646,1.2207505631786537
2024-04-25 14:16:26.661000+00:00,2024-04-25 14:15:30+00:00,2024-04-25 14:17:30+00:00,TABUENCA01-45,Sensoria-C1-EEA1,Right,Gait,1.0.5,40.3882544,-3.6292402,CB:AA:BC:3F:36:A5,SCKS,1.996095,1.933595,0.847657,6.72,58.240002,-7.84,-0.084096,0.541952,-0.2336,490,712,700,2.905461626437183
2024-04-25 14:16:26.677000+00:00,2024-04-25 14:15:30+00:00,2024-04-25 14:17:30+00:00,TABUENCA01-45,Sensoria-C1-EEA1,Right,Gait,1.0.5,40.3882544,-3.6292402,CB:AA:BC:3F:36:A5,SCKS,1.742189,1.921876,0.554688,-16.799999,-47.040001,136.639999,-0.084096,0.541952,-0.2336,488,713,702,2.652641824378293
2024-04-25 14:16:26.693000+00:00,2024-04-25 14:15:30+00:00,2024-04-25 14:17:30+00:00,TABUENCA01-45,Sensoria-C1-EEA1,Right,Gait,1.0.5,40.3882544,-3.6292402,CB:AA:BC:3F:36:A5,SCKS,-2.000001,1.566407,-0.089844,10.08,-78.400002,98.559998,-0.084096,0.551296,-0.242944,492,709,691,2.541988755676547
2024-04-25 14:16:26.701000+00:00,2024-04-25 14:15:30+00:00,2024-04-25 14:17:30+00:00,TABUENCA01-45,Sensoria-C1-E90A,Left,Gait,1.0.5,40.3882544,-3.6292402,F0:75:B1:51:59:F6,SCKS,0.15625,1.374999,-0.21875,-4.48,-22.4,-112.0,0.289664,0.74752,-0.214912,419,257,672,1.4010310042968357
2024-04-25 14:16:26.710000+00:00,2024-04-25 14:15:30+00:00,2024-04-25 14:17:30+00:00,TABUENCA01-45,Sensoria-C1-EEA1,Right,Gait,1.0.5,40.3882544,-3.6292402,CB:AA:BC:3F:36:A5,SCKS,-0.316406,0.738282,1.195313,45.920002,-181.440002,178.080002,-0.084096,0.579328,-0.270976,499,711,659,1.4401202159295592
2024-04-25 14:16:26.718000+00:00,2024-04-25 14:15:30+00:00,2024-04-25 14:17:30+00:00,TABUENCA01-45,Sensoria-C1-E90A,Left,Gait,1.0.5,40.3882544,-3.6292402,F0:75:B1:51:59:F6,SCKS,0.15625,1.499999,-0.15625,-10.08,-22.4,-137.759995,0.242944,0.775552,-0.224256,410,253,684,1.5161876945157549
2024-04-25 14:16:26.726000+00:00,2024-04-25 14:15:30+00:00,2024-04-25 14:17:30+00:00,TABUENCA01-45,Sensoria-C1-EEA1,Right,Gait,1.0.5,40.3882544,-3.6292402,CB:AA:BC:3F:36:A5,SCKS,0.464844,1.820314,0.1875,64.959999,-175.839996,243.040009,-0.074752,0.60736,-0.289664,506,716,602,1.8880623011256805
2024-04-25 14:16:26.758000+00:00,2024-04-25 14:15:30+00:00,2024-04-25 14:17:30+00:00,TABUENCA01-45,Sensoria-C1-EEA1,Right,Gait,1.0.5,40.3882544,-3.6292402,CB:AA:BC:3F:36:A5,SCKS,0.378907,1.464845,0.121094,47.040001,3.36,225.119995,-0.056064,0.644736,-0.289664,510,719,531,1.517894971831055
2024-04-25 14:16:26.765000+00:00,2024-04-25 14:15:30+00:00,2024-04-25 14:17:30+00:00,TABUENCA01-45,Sensoria-C1-E90A,Left,Gait,1.0.5,40.3882544,-3.6292402,F0:75:B1:51:59:F6,SCKS,0.59375,2.093749,-0.09375,-13.440001,-12.32,-191.520004,0.214912,0.784896,-0.2336,476,319,690,2.178328028557912
2024-04-25 14:16:26.767000+00:00,2024-04-25 14:15:30+00:00,2024-04-25 14:17:30+00:00,TABUENCA01-45,Sensoria-C1-E90A,Left,Gait,1.0.5,40.3882544,-3.6292402,F0:75:B1:51:59:F6,SCKS,1.124999,2.218749,-0.15625,-43.68,-58.240002,-191.520004,0.14016,0.803584,-0.224256,536,371,688,2.4925657338377256
2024-04-25 14:16:26.775000+00:00,2024-04-25 14:15:30+00:00,2024-04-25 14:17:30+00:00,TABUENCA01-45,Sensoria-C1-EEA1,Right,Gait,1.0.5,40.3882544,-3.6292402,CB:AA:BC:3F:36:A5,SCKS,-0.003906,1.234376,-0.316406,50.400002,45.920002,204.960007,-0.056064,0.644736,-0.289664,511,720,462,1.274288869545677
2024-04-25 14:16:26.791000+00:00,2024-04-25 14:15:30+00:00,2024-04-25 14:17:30+00:00,TABUENCA01-45,Sensoria-C1-EEA1,Right,Gait,1.0.5,40.3882544,-3.6292402,CB:AA:BC:3F:36:A5,SCKS,0.425782,1.257813,-0.738282,49.279999,-13.440001,174.720001,-0.037376,0.672768,-0.28032,507,720,412,1.5193564973425426
2024-04-25 14:16:26.799000+00:00,2024-04-25 14:15:30+00:00,2024-04-25 14:17:30+00:00,TABUENCA01-45,Sensoria-C1-E90A,Left,Gait,1.0.5,40.3882544,-3.6292402,F0:75:B1:51:59:F6,SCKS,0.71875,2.312499,-0.75,-47.040001,-126.559998,-237.440002,0.102784,0.803584,-0.242944,586,428,695,2.535104176853685
2024-04-25 14:16:26.807000+00:00,2024-04-25 14:15:30+00:00,2024-04-25 14:17:30+00:00,TABUENCA01-45,Sensoria-C1-EEA1,Right,Gait,1.0.5,40.3882544,-3.6292402,CB:AA:BC:3F:36:A5,SCKS,0.246094,1.015626,0.289063,-21.280001,31.360001,161.279999,-0.018688,0.691456,-0.270976,496,723,374,1.0842582011130928
2024-04-25 14:16:26.831000+00:00,2024-04-25 14:15:30+00:00,2024-04-25 14:17:30+00:00,TABUENCA01-45,Sensoria-C1-E90A,Left,Gait,1.0.5,40.3882544,-3.6292402,F0:75:B1:51:59:F6,SCKS,0.65625,0.999999,-0.5,31.360001,21.280001,-237.440002,0.037376,0.812928,-0.2336,648,500,701,1.2964035106790632
2024-04-25 14:16:26.840000+00:00,2024-04-25 14:15:30+00:00,2024-04-25 14:17:30+00:00,TABUENCA01-45,Sensoria-C1-EEA1,Right,Gait,1.0.5,40.3882544,-3.6292402,CB:AA:BC:3F:36:A5,SCKS,0.027344,1.023438,0.066406,1.12,25.76,109.760002,0.0,0.710144,-0.261632,480,717,351,1.0259545755129709
2024-04-25 14:16:26.856000+00:00,2024-04-25 14:15:30+00:00,2024-04-25 14:17:30+00:00,TABUENCA01-45,Sensoria-C1-EEA1,Right,Gait,1.0.5,40.3882544,-3.6292402,CB:AA:BC:3F:36:A5,SCKS,-0.039063,0.972657,-0.007813,-12.32,29.120001,86.239998,0.009344,0.719488,-0.270976,467,703,337,0.9734724446983593
2024-04-25 14:16:26.863000+00:00,2024-04-25 14:15:30+00:00,2024-04-25 14:17:30+00:00,TABUENCA01-45,Sensoria-C1-E90A,Left,Gait,1.0.5,40.3882544,-3.6292402,F0:75:B1:51:59:F6,SCKS,-0.84375,0.375,-0.53125,19.040001,-57.119999,-128.800003,0.0,0.803584,-0.2336,685,535,703,1.0652537843162069
2024-04-25 14:16:26.872000+00:00,2024-04-25 14:15:30+00:00,2024-04-25 14:17:30+00:00,TABUENCA01-45,Sensoria-C1-EEA1,Right,Gait,1.0.5,40.3882544,-3.6292402,CB:AA:BC:3F:36:A5,SCKS,-0.007813,1.000001,0.082031,-8.96,22.4,59.360001,0.009344,0.719488,-0.270976,457,683,334,1.0033903168413576
2024-04-25 14:16:26.889000+00:00,2024-04-25 14:15:30+00:00,2024-04-25 14:17:30+00:00,TABUENCA01-45,Sensoria-C1-EEA1,Right,Gait,1.0.5,40.3882544,-3.6292402,CB:AA:BC:3F:36:A5,SCKS,-0.09375,1.007813,0.046875,-1.12,11.2,43.68,0.018688,0.719488,-0.261632,448,669,332,1.013248918624639
2024-04-25 14:16:26.896000+00:00,2024-04-25 14:15:30+00:00,2024-04-25 14:17:30+00:00,TABUENCA01-45,Sensoria-C1-E90A,Left,Gait,1.0.5,40.3882544,-3.6292402,F0:75:B1:51:59:F6,SCKS,0.968749,0.21875,-0.21875,19.040001,-166.880005,61.599998,-0.018688,0.79424,-0.242944,701,543,703,1.0169453033477267
2024-04-25 14:16:26.921000+00:00,2024-04-25 14:15:30+00:00,2024-04-25 14:17:30+00:00,TABUENCA01-45,Sensoria-C1-EEA1,Right,Gait,1.0.5,40.3882544,-3.6292402,CB:AA:BC:3F:36:A5,SCKS,-0.078125,1.003907,-0.070313,0.0,6.72,38.080002,0.018688,0.719488,-0.261632,444,658,334,1.0093942234048103
2024-04-25 14:16:26.929000+00:00,2024-04-25 14:15:30+00:00,2024-04-25 14:17:30+00:00,TABUENCA01-45,Sensoria-C1-E90A,Left,Gait,1.0.5,40.3882544,-3.6292402,F0:75:B1:51:59:F6,SCKS,0.71875,0.0,-0.03125,-7.84,-17.92,126.559998,0.009344,0.812928,-0.252288,708,547,703,0.7194290270763336
2024-04-25 14:16:26.937000+00:00,2024-04-25 14:15:30+00:00,2024-04-25 14:17:30+00:00,TABUENCA01-45,Sensoria-C1-EEA1,Right,Gait,1.0.5,40.3882544,-3.6292402,CB:AA:BC:3F:36:A5,SCKS,-0.082031,0.964844,0.003906,-3.36,8.96,32.48,0.028032,0.728832,-0.261632,439,649,339,0.9683327352377384
2024-04-25 14:16:26.953000+00:00,2024-04-25 14:15:30+00:00,2024-04-25 14:17:30+00:00,TABUENCA01-45,Sensoria-C1-EEA1,Right,Gait,1.0.5,40.3882544,-3.6292402,CB:AA:BC:3F:36:A5,SCKS,-0.078125,0.968751,-0.007813,-1.12,4.48,30.24,0.037376,0.728832,-0.252288,433,644,349,0.9719274965731755
2024-04-25 14:16:26.977000+00:00,2024-04-25 14:15:30+00:00,2024-04-25 14:17:30+00:00,TABUENCA01-45,Sensoria-C1-E90A,Left,Gait,1.0.5,40.3882544,-3.6292402,F0:75:B1:51:59:F6,SCKS,0.28125,0.0625,-0.03125,7.84,47.040001,173.600006,0.037376,0.812928,-0.252288,708,545,700,0.28980057798424075
2024-04-25 14:16:26.985000+00:00,2024-04-25 14:15:30+00:00,2024-04-25 14:17:30+00:00,TABUENCA01-45,Sensoria-C1-EEA1,Right,Gait,1.0.5,40.3882544,-3.6292402,CB:AA:BC:3F:36:A5,SCKS,-0.074219,0.964844,-0.101563,-1.12,8.96,30.24,0.037376,0.728832,-0.252288,429,637,359,0.9730094795355285
2024-04-25 14:16:26.987000+00:00,2024-04-25 14:15:30+00:00,2024-04-25 14:17:30+00:00,TABUENCA01-45,Sensoria-C1-EEA1,Right,Gait,1.0.5,40.3882544,-3.6292402,CB:AA:BC:3F:36:A5,SCKS,-0.058594,0.980469,-0.113281,-6.72,22.4,31.360001,0.037376,0.728832,-0.270976,423,633,371,0.9887291346764291
2024-04-25 14:16:27.010000+00:00,2024-04-25 14:15:30+00:00,2024-04-25 14:17:30+00:00,TABUENCA01-45,Sensoria-C1-E90A,Left,Gait,1.0.5,40.3882544,-3.6292402,F0:75:B1:51:59:F6,SCKS,0.375,0.375,-0.25,29.120001,63.84,236.320007,0.074752,0.812928,-0.242944,708,545,699,0.5863019699779287
2024-04-25 14:16:27.019000+00:00,2024-04-25 14:15:30+00:00,2024-04-25 14:17:30+00:00,TABUENCA01-45,Sensoria-C1-EEA1,Right,Gait,1.0.5,40.3882544,-3.6292402,CB:AA:BC:3F:36:A5,SCKS,-0.066406,0.957032,-0.019531,-10.08,31.360001,28.0,0.04672,0.728832,-0.261632,418,630,381,0.9595318993243528
2024-04-25 14:16:27.026000+00:00,2024-04-25 14:15:30+00:00,2024-04-25 14:17:30+00:00,TABUENCA01-45,Sensoria-C1-E90A,Left,Gait,1.0.5,40.3882544,-3.6292402,F0:75:B1:51:59:F6,SCKS,0.3125,0.65625,-0.15625,5.6,81.760002,297.920013,0.168192,0.79424,-0.2336,710,543,697,0.7434610783356449
2024-04-25 14:16:27.035000+00:00,2024-04-25 14:15:30+00:00,2024-04-25 14:17:30+00:00,TABUENCA01-45,Sensoria-C1-EEA1,Right,Gait,1.0.5,40.3882544,-3.6292402,CB:AA:BC:3F:36:A5,SCKS,-0.070313,0.988282,-0.011719,-7.84,26.880001,26.880001,0.04672,0.738176,-0.242944,411,625,393,0.9908494156298423
2024-04-25 14:16:27.051000+00:00,2024-04-25 14:15:30+00:00,2024-04-25 14:17:30+00:00,TABUENCA01-45,Sensoria-C1-EEA1,Right,Gait,1.0.5,40.3882544,-3.6292402,CB:AA:BC:3F:36:A5,SCKS,-0.078125,0.976563,-0.007813,-4.48,21.280001,29.120001,0.056064,0.738176,-0.252288,402,621,402,0.9797141682975703
2024-04-25 14:16:27.059000+00:00,2024-04-25 14:15:30+00:00,2024-04-25 14:17:30+00:00,TABUENCA01-45,Sensoria-C1-E90A,Left,Gait,1.0.5,40.3882544,-3.6292402,F0:75:B1:51:59:F6,SCKS,0.3125,0.968749,-0.15625,1.12,85.120003,346.079987,0.2336,0.775552,-0.242944,708,542,695,1.029827625139761
2024-04-25 14:16:27.067000+00:00,2024-04-25 14:15:30+00:00,2024-04-25 14:17:30+00:00,TABUENCA01-45,Sensoria-C1-EEA1,Right,Gait,1.0.5,40.3882544,-3.6292402,CB:AA:BC:3F:36:A5,SCKS,-0.054688,0.984376,-0.046875,-1.12,17.92,33.599998,0.065408,0.74752,-0.252288,392,614,414,0.9870076759301317
2024-04-25 14:16:27.090000+00:00,2024-04-25 14:15:30+00:00,2024-04-25 14:17:30+00:00,TABUENCA01-45,Sensoria-C1-E90A,Left,Gait,1.0.5,40.3882544,-3.6292402,F0:75:B1:51:59:F6,SCKS,0.34375,1.499999,-0.125,-7.84,76.160004,377.440002,0.299008,0.74752,-0.242944,707,542,694,1.5439514443469393
2024-04-25 14:16:27.099000+00:00,2024-04-25 14:15:30+00:00,2024-04-25 14:17:30+00:00,TABUENCA01-45,Sensoria-C1-EEA1,Right,Gait,1.0.5,40.3882544,-3.6292402,CB:AA:BC:3F:36:A5,SCKS,-0.042969,0.945313,-0.03125,-2.24,15.68,39.200001,0.065408,0.74752,-0.252288,377,607,424,0.9468049246967403
2024-04-25 14:16:27.107000+00:00,2024-04-25 14:15:30+00:00,2024-04-25 14:17:30+00:00,TABUENCA01-45,Sensoria-C1-E90A,Left,Gait,1.0.5,40.3882544,-3.6292402,F0:75:B1:51:59:F6,SCKS,0.375,2.062499,-0.03125,-16.799999,76.160004,402.079987,0.364416,0.710144,-0.261632,706,542,694,2.0965456559543365
2024-04-25 14:16:27.116000+00:00,2024-04-25 14:15:30+00:00,2024-04-25 14:17:30+00:00,TABUENCA01-45,Sensoria-C1-EEA1,Right,Gait,1.0.5,40.3882544,-3.6292402,CB:AA:BC:3F:36:A5,SCKS,-0.078125,0.960938,-0.03125,-1.12,12.32,44.799999,0.074752,0.738176,-0.242944,361,596,434,0.9646149065658274
2024-04-25 14:16:27.133000+00:00,2024-04-25 14:15:30+00:00,2024-04-25 14:17:30+00:00,TABUENCA01-45,Sensoria-C1-EEA1,Right,Gait,1.0.5,40.3882544,-3.6292402,CB:AA:BC:3F:36:A5,SCKS,-0.0625,1.003907,-0.03125,-3.36,10.08,54.880001,0.074752,0.74752,-0.242944,339,580,443,1.0063359663397706
2024-04-25 14:16:27.140000+00:00,2024-04-25 14:15:30+00:00,2024-04-25 14:17:30+00:00,TABUENCA01-45,Sensoria-C1-E90A,Left,Gait,1.0.5,40.3882544,-3.6292402,F0:75:B1:51:59:F6,SCKS,0.0625,3.062498,-0.03125,-11.2,132.160004,430.080017,0.42048,0.65408,-0.270976,706,541,691,3.0632950906669114
2024-04-25 14:16:27.148000+00:00,2024-04-25 14:15:30+00:00,2024-04-25 14:17:30+00:00,TABUENCA01-45,Sensoria-C1-EEA1,Right,Gait,1.0.5,40.3882544,-3.6292402,CB:AA:BC:3F:36:A5,SCKS,-0.023438,1.070313,-0.03125,-2.24,6.72,71.68,0.074752,0.756864,-0.252288,317,560,459,1.0710255927441699
2024-04-25 14:16:27.172000+00:00,2024-04-25 14:15:30+00:00,2024-04-25 14:17:30+00:00,TABUENCA01-45,Sensoria-C1-E90A,Left,Gait,1.0.5,40.3882544,-3.6292402,F0:75:B1:51:59:F6,SCKS,-0.75,3.374998,-0.53125,-42.560001,108.639999,402.079987,0.504576,0.523264,-0.308352,705,542,692,3.497904810383496
2024-04-25 14:16:27.181000+00:00,2024-04-25 14:15:30+00:00,2024-04-25 14:17:30+00:00,TABUENCA01-45,Sensoria-C1-EEA1,Right,Gait,1.0.5,40.3882544,-3.6292402,CB:AA:BC:3F:36:A5,SCKS,-0.046875,1.078126,0.007813,-3.36,6.72,81.760002,0.09344,0.766208,-0.242944,289,538,481,1.0791728223366264
2024-04-25 14:16:27.197000+00:00,2024-04-25 14:15:30+00:00,2024-04-25 14:17:30+00:00,TABUENCA01-45,Sensoria-C1-EEA1,Right,Gait,1.0.5,40.3882544,-3.6292402,CB:AA:BC:3F:36:A5,SCKS,-0.046875,1.152345,-0.042969,-3.36,1.12,98.559998,0.09344,0.766208,-0.242944,266,511,519,1.1540981758979605
2024-04-25 14:16:27.204000+00:00,2024-04-25 14:15:30+00:00,2024-04-25 14:17:30+00:00,TABUENCA01-45,Sensoria-C1-E90A,Left,Gait,1.0.5,40.3882544,-3.6292402,F0:75:B1:51:59:F6,SCKS,-3.218748,1.562499,-0.75,14.56,88.480003,257.600006,0.523264,0.476544,-0.32704,704,540,697,3.655713584583043
2024-04-25 14:16:27.213000+00:00,2024-04-25 14:15:30+00:00,2024-04-25 14:17:30+00:00,TABUENCA01-45,Sensoria-C1-EEA1,Right,Gait,1.0.5,40.3882544,-3.6292402,CB:AA:BC:3F:36:A5,SCKS,-0.058594,1.226563,0.09375,4.48,-7.84,116.480003,0.102784,0.756864,-0.242944,244,483,575,1.2315352663667412
2024-04-25 14:16:27.230000+00:00,2024-04-25 14:15:30+00:00,2024-04-25 14:17:30+00:00,TABUENCA01-45,Sensoria-C1-EEA1,Right,Gait,1.0.5,40.3882544,-3.6292402,CB:AA:BC:3F:36:A5,SCKS,-0.152344,1.351563,0.140625,8.96,-19.040001,132.160004,0.121472,0.775552,-0.242944,225,460,623,1.367372161457882
2024-04-25 14:16:27.237000+00:00,2024-04-25 14:15:30+00:00,2024-04-25 14:17:30+00:00,TABUENCA01-45,Sensoria-C1-E90A,Left,Gait,1.0.5,40.3882544,-3.6292402,F0:75:B1:51:59:F6,SCKS,-3.343748,1.656249,-0.5,16.799999,-112.0,51.52,0.523264,0.4672,-0.308352,702,542,701,3.7648122712168535
2024-04-25 14:16:27.246000+00:00,2024-04-25 14:15:30+00:00,2024-04-25 14:17:30+00:00,TABUENCA01-45,Sensoria-C1-EEA1,Right,Gait,1.0.5,40.3882544,-3.6292402,CB:AA:BC:3F:36:A5,SCKS,-0.117188,1.51172,-0.082031,-3.36,-29.120001,148.960007,0.149504,0.784896,-0.242944,212,442,656,1.5184727428258302
2024-04-25 14:16:27.269000+00:00,2024-04-25 14:15:30+00:00,2024-04-25 14:17:30+00:00,TABUENCA01-45,Sensoria-C1-E90A,Left,Gait,1.0.5,40.3882544,-3.6292402,F0:75:B1:51:59:F6,SCKS,1.687499,0.59375,0.65625,52.639999,94.080002,-134.399994,0.51392,0.504576,-0.308352,704,542,668,1.9054805168253492
2024-04-25 14:16:27.279000+00:00,2024-04-25 14:15:30+00:00,2024-04-25 14:17:30+00:00,TABUENCA01-45,Sensoria-C1-EEA1,Right,Gait,1.0.5,40.3882544,-3.6292402,CB:AA:BC:3F:36:A5,SCKS,-0.25,1.695314,-0.03125,-16.799999,-15.68,169.119995,0.168192,0.784896,-0.252288,202,436,678,1.7139329394979255
2024-04-25 14:16:27.302000+00:00,2024-04-25 14:15:30+00:00,2024-04-25 14:17:30+00:00,TABUENCA01-45,Sensoria-C1-E90A,Left,Gait,1.0.5,40.3882544,-3.6292402,F0:75:B1:51:59:F6,SCKS,-0.5,1.718749,0.25,86.239998,49.279999,-208.320007,0.485888,0.551296,-0.317696,705,546,576,1.8073732666499747
2024-04-25 14:16:27.311000+00:00,2024-04-25 14:15:30+00:00,2024-04-25 14:17:30+00:00,TABUENCA01-45,Sensoria-C1-EEA1,Right,Gait,1.0.5,40.3882544,-3.6292402,CB:AA:BC:3F:36:A5,SCKS,-1.128907,1.996095,0.34375,-48.16,54.880001,229.600006,0.205568,0.79424,-0.261632,212,468,696,2.3188338289265147
2024-04-25 14:16:27.327000+00:00,2024-04-25 14:15:30+00:00,2024-04-25 14:17:30+00:00,TABUENCA01-45,Sensoria-C1-EEA1,Right,Gait,1.0.5,40.3882544,-3.6292402,CB:AA:BC:3F:36:A5,SCKS,-0.683594,1.996095,0.101563,-52.639999,49.279999,266.559998,0.252288,0.803584,-0.252288,241,497,699,2.112347284143874
2024-04-25 14:16:27.334000+00:00,2024-04-25 14:15:30+00:00,2024-04-25 14:17:30+00:00,TABUENCA01-45,Sensoria-C1-E90A,Left,Gait,1.0.5,40.3882544,-3.6292402,F0:75:B1:51:59:F6,SCKS,-0.34375,1.593749,-0.78125,87.360001,-14.56,-189.279999,0.4672,0.588672,-0.32704,705,550,440,1.8079135764745504
2024-04-25 14:16:27.359000+00:00,2024-04-25 14:15:30+00:00,2024-04-25 14:17:30+00:00,TABUENCA01-45,Sensoria-C1-EEA1,Right,Gait,1.0.5,40.3882544,-3.6292402,CB:AA:BC:3F:36:A5,SCKS,-0.855469,1.996095,-0.636719,-25.76,19.040001,297.920013,0.299008,0.803584,-0.242944,289,547,701,2.263102636635599
2024-04-25 14:16:27.367000+00:00,2024-04-25 14:15:30+00:00,2024-04-25 14:17:30+00:00,TABUENCA01-45,Sensoria-C1-E90A,Left,Gait,1.0.5,40.3882544,-3.6292402,F0:75:B1:51:59:F6,SCKS,-0.0625,0.90625,-0.28125,66.080002,-68.32,-175.839996,0.448512,0.616704,-0.308352,700,556,377,0.9509452534189337
2024-04-25 14:16:27.375000+00:00,2024-04-25 14:15:30+00:00,2024-04-25 14:17:30+00:00,TABUENCA01-45,Sensoria-C1-EEA1,Right,Gait,1.0.5,40.3882544,-3.6292402,CB:AA:BC:3F:36:A5,SCKS,-0.742188,1.996095,-0.585938,-10.08,-80.639999,322.559998,0.364416,0.803584,-0.261632,351,610,701,2.20874661657081
2024-04-25 14:16:27.392000+00:00,2024-04-25 14:15:30+00:00,2024-04-25 14:17:30+00:00,TABUENCA01-45,Sensoria-C1-EEA1,Right,Gait,1.0.5,40.3882544,-3.6292402,CB:AA:BC:3F:36:A5,SCKS,-0.683594,0.445313,-0.523438,13.440001,-60.48,278.880005,0.401792,0.79424,-0.252288,415,659,702,0.9693254173129888
2024-04-25 14:16:27.399000+00:00,2024-04-25 14:15:30+00:00,2024-04-25 14:17:30+00:00,TABUENCA01-45,Sensoria-C1-E90A,Left,Gait,1.0.5,40.3882544,-3.6292402,F0:75:B1:51:59:F6,SCKS,0.03125,0.968749,-0.25,33.599998,-57.119999,-95.199997,0.411136,0.663424,-0.289664,680,550,346,1.0009751183226285
2024-04-25 14:16:27.408000+00:00,2024-04-25 14:15:30+00:00,2024-04-25 14:17:30+00:00,TABUENCA01-45,Sensoria-C1-EEA1,Right,Gait,1.0.5,40.3882544,-3.6292402,CB:AA:BC:3F:36:A5,SCKS,0.460938,0.003906,-0.761719,7.84,14.56,190.399994,0.429824,0.784896,-0.252288,458,687,702,0.890334168523819
2024-04-25 14:16:27.433000+00:00,2024-04-25 14:15:30+00:00,2024-04-25 14:17:30+00:00,TABUENCA01-45,Sensoria-C1-E90A,Left,Gait,1.0.5,40.3882544,-3.6292402,F0:75:B1:51:59:F6,SCKS,0.125,0.999999,-0.09375,13.440001,-47.040001,-32.48,0.401792,0.663424,-0.28032,660,533,334,1.012132433281831
2024-04-25 14:16:27.448000+00:00,2024-04-25 14:15:30+00:00,2024-04-25 14:17:30+00:00,TABUENCA01-45,Sensoria-C1-E90A,Left,Gait,1.0.5,40.3882544,-3.6292402,F0:75:B1:51:59:F6,SCKS,0.1875,0.999999,-0.09375,4.48,-35.84,-20.16,0.401792,0.672768,-0.28032,644,516,335,1.0217354415410087
2024-04-25 14:16:27.458000+00:00,2024-04-25 14:15:30+00:00,2024-04-25 14:17:30+00:00,TABUENCA01-45,Sensoria-C1-EEA1,Right,Gait,1.0.5,40.3882544,-3.6292402,CB:AA:BC:3F:36:A5,SCKS,-0.738282,0.660157,-0.523438,11.2,184.800003,71.68,0.429824,0.784896,-0.252288,479,700,700,1.1202030690981881
2024-04-25 14:16:27.459000+00:00,2024-04-25 14:15:30+00:00,2024-04-25 14:17:30+00:00,TABUENCA01-45,Sensoria-C1-EEA1,Right,Gait,1.0.5,40.3882544,-3.6292402,CB:AA:BC:3F:36:A5,SCKS,-1.38672,0.261719,-0.265625,-30.24,157.919998,-52.639999,0.439168,0.784896,-0.261632,489,708,699,1.4359825326186944
2024-04-25 14:16:27.473000+00:00,2024-04-25 14:15:30+00:00,2024-04-25 14:17:30+00:00,TABUENCA01-45,Sensoria-C1-EEA1,Right,Gait,1.0.5,40.3882544,-3.6292402,CB:AA:BC:3F:36:A5,SCKS,-0.828126,-0.019531,0.0,-38.080002,92.959999,-79.519997,0.439168,0.79424,-0.270976,493,712,696,0.8283562831517608
2024-04-25 14:16:27.481000+00:00,2024-04-25 14:15:30+00:00,2024-04-25 14:17:30+00:00,TABUENCA01-45,Sensoria-C1-E90A,Left,Gait,1.0.5,40.3882544,-3.6292402,F0:75:B1:51:59:F6,SCKS,0.21875,0.968749,-0.15625,0.0,-32.48,-23.52,0.392448,0.672768,-0.261632,629,502,359,1.005355782795822
2024-04-25 14:16:27.490000+00:00,2024-04-25 14:15:30+00:00,2024-04-25 14:17:30+00:00,TABUENCA01-45,Sensoria-C1-EEA1,Right,Gait,1.0.5,40.3882544,-3.6292402,CB:AA:BC:3F:36:A5,SCKS,-0.429688,-0.097656,0.015625,4.48,33.599998,-117.599998,0.411136,0.803584,-0.28032,496,716,695,0.44092245611331704
2024-04-25 14:16:27.506000+00:00,2024-04-25 14:15:30+00:00,2024-04-25 14:17:30+00:00,TABUENCA01-45,Sensoria-C1-EEA1,Right,Gait,1.0.5,40.3882544,-3.6292402,CB:AA:BC:3F:36:A5,SCKS,-0.453125,0.023438,-0.082031,32.48,15.68,-168.0,0.383104,0.803584,-0.270976,497,716,694,0.4610864240356682
2024-04-25 14:16:27.513000+00:00,2024-04-25 14:15:30+00:00,2024-04-25 14:17:30+00:00,TABUENCA01-45,Sensoria-C1-E90A,Left,Gait,1.0.5,40.3882544,-3.6292402,F0:75:B1:51:59:F6,SCKS,0.15625,0.9375,-0.28125,-2.24,-35.84,-32.48,0.392448,0.682112,-0.261632,612,483,403,0.9911719704471066
2024-04-25 14:16:27.539000+00:00,2024-04-25 14:15:30+00:00,2024-04-25 14:17:30+00:00,TABUENCA01-45,Sensoria-C1-EEA1,Right,Gait,1.0.5,40.3882544,-3.6292402,CB:AA:BC:3F:36:A5,SCKS,-0.585938,0.296875,-0.117188,36.959999,0.0,-211.680008,0.383104,0.803584,-0.270976,496,713,694,0.6672264479267889
2024-04-25 14:16:27.546000+00:00,2024-04-25 14:15:30+00:00,2024-04-25 14:17:30+00:00,TABUENCA01-45,Sensoria-C1-E90A,Left,Gait,1.0.5,40.3882544,-3.6292402,F0:75:B1:51:59:F6,SCKS,0.09375,0.9375,-0.15625,-4.48,-51.52,-32.48,0.383104,0.691456,-0.261632,593,463,452,0.9550441743710079
2024-04-25 14:16:27.555000+00:00,2024-04-25 14:15:30+00:00,2024-04-25 14:17:30+00:00,TABUENCA01-45,Sensoria-C1-EEA1,Right,Gait,1.0.5,40.3882544,-3.6292402,CB:AA:BC:3F:36:A5,SCKS,-0.472657,0.390625,-0.046875,33.599998,-26.880001,-254.240005,0.336384,0.812928,-0.270976,496,714,693,0.6149713781136484
2024-04-25 14:16:27.571000+00:00,2024-04-25 14:15:30+00:00,2024-04-25 14:17:30+00:00,TABUENCA01-45,Sensoria-C1-EEA1,Right,Gait,1.0.5,40.3882544,-3.6292402,CB:AA:BC:3F:36:A5,SCKS,-0.457032,0.6875,-0.128906,42.560001,-66.080002,-312.480011,0.289664,0.812928,-0.28032,497,714,693,0.8355544601400916
2024-04-25 14:16:27.578000+00:00,2024-04-25 14:15:30+00:00,2024-04-25 14:17:30+00:00,TABUENCA01-45,Sensoria-C1-E90A,Left,Gait,1.0.5,40.3882544,-3.6292402,F0:75:B1:51:59:F6,SCKS,0.09375,0.9375,-0.21875,1.12,-56.0,-30.24,0.37376,0.691456,-0.261632,564,428,519,0.967236721283885
2024-04-25 14:16:27.588000+00:00,2024-04-25 14:15:30+00:00,2024-04-25 14:17:30+00:00,TABUENCA01-45,Sensoria-C1-EEA1,Right,Gait,1.0.5,40.3882544,-3.6292402,CB:AA:BC:3F:36:A5,SCKS,-0.472657,1.031251,-0.128906,42.560001,-81.760002,-341.600006,0.214912,0.803584,-0.28032,497,711,691,1.1417092543576932
2024-04-25 14:16:27.611000+00:00,2024-04-25 14:15:30+00:00,2024-04-25 14:17:30+00:00,TABUENCA01-45,Sensoria-C1-E90A,Left,Gait,1.0.5,40.3882544,-3.6292402,F0:75:B1:51:59:F6,SCKS,0.0625,0.9375,-0.1875,1.12,-48.16,-34.720001,0.364416,0.710144,-0.252288,545,403,556,0.9581068572972432
2024-04-25 14:16:27.620000+00:00,2024-04-25 14:15:30+00:00,2024-04-25 14:17:30+00:00,TABUENCA01-45,Sensoria-C1-EEA1,Right,Gait,1.0.5,40.3882544,-3.6292402,CB:AA:BC:3F:36:A5,SCKS,-0.359375,1.312501,-0.128906,34.720001,-79.519997,-367.360016,0.158848,0.784896,-0.261632,495,710,690,1.3669038087817298
2024-04-25 14:16:27.636000+00:00,2024-04-25 14:15:30+00:00,2024-04-25 14:17:30+00:00,TABUENCA01-45,Sensoria-C1-EEA1,Right,Gait,1.0.5,40.3882544,-3.6292402,CB:AA:BC:3F:36:A5,SCKS,-0.320313,1.722657,-0.070313,24.639999,-59.360001,-387.519989,0.158848,0.784896,-0.261632,497,708,690,1.7535938741872363
2024-04-25 14:16:27.652000+00:00,2024-04-25 14:15:30+00:00,2024-04-25 14:17:30+00:00,TABUENCA01-45,Sensoria-C1-EEA1,Right,Gait,1.0.5,40.3882544,-3.6292402,CB:AA:BC:3F:36:A5,SCKS,-0.429688,1.996095,0.015625,13.440001,-26.880001,-397.600006,0.09344,0.756864,-0.261632,494,709,690,2.0418793223386147
2024-04-25 14:16:27.660000+00:00,2024-04-25 14:15:30+00:00,2024-04-25 14:17:30+00:00,TABUENCA01-45,Sensoria-C1-E90A,Left,Gait,1.0.5,40.3882544,-3.6292402,F0:75:B1:51:59:F6,SCKS,0.0625,0.968749,-0.1875,2.24,-41.439999,-41.439999,0.355072,0.710144,-0.2336,525,381,587,0.9887047714060047
2024-04-25 14:16:27.668000+00:00,2024-04-25 14:15:30+00:00,2024-04-25 14:17:30+00:00,TABUENCA01-45,Sensoria-C1-EEA1,Right,Gait,1.0.5,40.3882544,-3.6292402,CB:AA:BC:3F:36:A5,SCKS,-0.085938,1.996095,-0.082031,45.920002,-70.559998,-411.040009,0.028032,0.710144,-0.261632,495,707,690,1.999627383746782
2024-04-25 14:16:27.676000+00:00,2024-04-25 14:15:30+00:00,2024-04-25 14:17:30+00:00,TABUENCA01-45,Sensoria-C1-E90A,Left,Gait,1.0.5,40.3882544,-3.6292402,F0:75:B1:51:59:F6,SCKS,0.0,0.968749,-0.1875,11.2,-29.120001,-45.920002,0.345728,0.710144,-0.2336,503,356,613,0.9867273559606017
2024-04-25 14:16:27.701000+00:00,2024-04-25 14:15:30+00:00,2024-04-25 14:17:30+00:00,TABUENCA01-45,Sensoria-C1-EEA1,Right,Gait,1.0.5,40.3882544,-3.6292402,CB:AA:BC:3F:36:A5,SCKS,0.535157,1.996095,0.039063,42.560001,-73.919998,-425.600006,-0.028032,0.663424,-0.28032,494,708,689,2.066957711624261
2024-04-25 14:16:27.708000+00:00,2024-04-25 14:15:30+00:00,2024-04-25 14:17:30+00:00,TABUENCA01-45,Sensoria-C1-E90A,Left,Gait,1.0.5,40.3882544,-3.6292402,F0:75:B1:51:59:F6,SCKS,0.03125,0.968749,-0.1875,5.6,-32.48,-48.16,0.336384,0.719488,-0.252288,478,330,639,0.9872220811453722
2024-04-25 14:16:27.718000+00:00,2024-04-25 14:15:30+00:00,2024-04-25 14:17:30+00:00,TABUENCA01-45,Sensoria-C1-EEA1,Right,Gait,1.0.5,40.3882544,-3.6292402,CB:AA:BC:3F:36:A5,SCKS,1.265626,1.996095,-0.144531,14.56,-35.84,-407.679993,-0.065408,0.598016,-0.28032,495,708,690,2.3679302419754684
2024-04-25 14:16:27.735000+00:00,2024-04-25 14:15:30+00:00,2024-04-25 14:17:30+00:00,TABUENCA01-45,Sensoria-C1-EEA1,Right,Gait,1.0.5,40.3882544,-3.6292402,CB:AA:BC:3F:36:A5,SCKS,1.996095,1.996095,-1.003907,17.92,2.24,-319.200012,-0.065408,0.598016,-0.28032,494,709,690,2.9961007597707727
2024-04-25 14:16:27.741000+00:00,2024-04-25 14:15:30+00:00,2024-04-25 14:17:30+00:00,TABUENCA01-45,Sensoria-C1-E90A,Left,Gait,1.0.5,40.3882544,-3.6292402,F0:75:B1:51:59:F6,SCKS,0.0625,1.062499,-0.15625,-2.24,-31.360001,-57.119999,0.317696,0.738176,-0.2336,455,306,660,1.0757436671907485
2024-04-25 14:16:27.750000+00:00,2024-04-25 14:15:30+00:00,2024-04-25 14:17:30+00:00,TABUENCA01-45,Sensoria-C1-EEA1,Right,Gait,1.0.5,40.3882544,-3.6292402,CB:AA:BC:3F:36:A5,SCKS,1.996095,1.246095,0.175781,57.119999,49.279999,-164.639999,-0.09344,0.56064,-0.270976,494,709,692,2.359670942739898
2024-04-25 14:16:27.757000+00:00,2024-04-25 14:15:30+00:00,2024-04-25 14:17:30+00:00,TABUENCA01-45,Sensoria-C1-E90A,Left,Gait,1.0.5,40.3882544,-3.6292402,F0:75:B1:51:59:F6,SCKS,0.0625,1.156249,-0.0625,-3.36,-22.4,-77.279999,0.317696,0.74752,-0.224256,435,283,679,1.1596224601140668
2024-04-25 14:16:27.767000+00:00,2024-04-25 14:15:30+00:00,2024-04-25 14:17:30+00:00,TABUENCA01-45,Sensoria-C1-EEA1,Right,Gait,1.0.5,40.3882544,-3.6292402,CB:AA:BC:3F:36:A5,SCKS,1.996095,1.968751,0.800782,25.76,133.279999,-41.439999,-0.09344,0.541952,-0.242944,493,712,697,2.915755058393966
2024-04-25 14:16:27.790000+00:00,2024-04-25 14:15:30+00:00,2024-04-25 14:17:30+00:00,TABUENCA01-45,Sensoria-C1-E90A,Left,Gait,1.0.5,40.3882544,-3.6292402,F0:75:B1:51:59:F6,SCKS,0.09375,1.249999,-0.0625,1.12,-12.32,-105.279999,0.28032,0.756864,-0.2336,420,269,690,1.255066855789364
2024-04-25 14:16:27.799000+00:00,2024-04-25 14:15:30+00:00,2024-04-25 14:17:30+00:00,TABUENCA01-45,Sensoria-C1-EEA1,Right,Gait,1.0.5,40.3882544,-3.6292402,CB:AA:BC:3F:36:A5,SCKS,1.996095,1.996095,0.925782,-19.040001,21.280001,119.840004,-0.084096,0.541952,-0.2336,491,713,700,2.9708353723446206
2024-04-25 14:16:27.815000+00:00,2024-04-25 14:15:30+00:00,2024-04-25 14:17:30+00:00,TABUENCA01-45,Sensoria-C1-EEA1,Right,Gait,1.0.5,40.3882544,-3.6292402,CB:AA:BC:3F:36:A5,SCKS,-0.613282,1.992189,-0.726563,4.48,-118.720001,211.680008,-0.074752,0.569984,-0.252288,492,712,693,2.207447760698767
2024-04-25 14:16:27.822000+00:00,2024-04-25 14:15:30+00:00,2024-04-25 14:17:30+00:00,TABUENCA01-45,Sensoria-C1-E90A,Left,Gait,1.0.5,40.3882544,-3.6292402,F0:75:B1:51:59:F6,SCKS,0.15625,1.406249,-0.34375,-5.6,-19.040001,-138.880005,0.252288,0.766208,-0.224256,415,268,694,1.4560612538629685
2024-04-25 14:16:27.831000+00:00,2024-04-25 14:15:30+00:00,2024-04-25 14:17:30+00:00,TABUENCA01-45,Sensoria-C1-EEA1,Right,Gait,1.0.5,40.3882544,-3.6292402,CB:AA:BC:3F:36:A5,SCKS,-2.000001,0.183594,1.097657,22.4,-34.720001,19.040001,-0.074752,0.588672,-0.261632,500,714,672,2.2887904330641544
2024-04-25 14:16:27.847000+00:00,2024-04-25 14:15:30+00:00,2024-04-25 14:17:30+00:00,TABUENCA01-45,Sensoria-C1-EEA1,Right,Gait,1.0.5,40.3882544,-3.6292402,CB:AA:BC:3F:36:A5,SCKS,1.664064,1.500001,0.726563,62.720001,-219.520004,277.76001,-0.074752,0.588672,-0.261632,509,716,627,2.35520822626493
2024-04-25 14:16:27.854000+00:00,2024-04-25 14:15:30+00:00,2024-04-25 14:17:30+00:00,TABUENCA01-45,Sensoria-C1-E90A,Left,Gait,1.0.5,40.3882544,-3.6292402,F0:75:B1:51:59:F6,SCKS,0.53125,1.999999,-0.0625,-8.96,-30.24,-189.279999,0.224256,0.775552,-0.224256,450,306,698,2.0702967933368877
2024-04-25 14:16:27.879000+00:00,2024-04-25 14:15:30+00:00,2024-04-25 14:17:30+00:00,TABUENCA01-45,Sensoria-C1-EEA1,Right,Gait,1.0.5,40.3882544,-3.6292402,CB:AA:BC:3F:36:A5,SCKS,0.730469,1.546876,0.085938,40.32,19.040001,213.919998,-0.065408,0.626048,-0.270976,515,720,552,1.712832641906675
2024-04-25 14:16:27.896000+00:00,2024-04-25 14:15:30+00:00,2024-04-25 14:17:30+00:00,TABUENCA01-45,Sensoria-C1-EEA1,Right,Gait,1.0.5,40.3882544,-3.6292402,CB:AA:BC:3F:36:A5,SCKS,0.058594,1.265626,-0.804688,69.440002,29.120001,190.399994,-0.04672,0.65408,-0.28032,519,720,468,1.500921452327203
2024-04-25 14:16:27.903000+00:00,2024-04-25 14:15:30+00:00,2024-04-25 14:17:30+00:00,TABUENCA01-45,Sensoria-C1-E90A,Left,Gait,1.0.5,40.3882544,-3.6292402,F0:75:B1:51:59:F6,SCKS,1.156249,2.468749,0.0,-41.439999,-60.48,-193.759995,0.177536,0.79424,-0.214912,509,360,695,2.7261022312088734
2024-04-25 14:16:27.912000+00:00,2024-04-25 14:15:30+00:00,2024-04-25 14:17:30+00:00,TABUENCA01-45,Sensoria-C1-EEA1,Right,Gait,1.0.5,40.3882544,-3.6292402,CB:AA:BC:3F:36:A5,SCKS,0.484375,1.445314,-0.242188,14.56,-20.16,174.720001,-0.028032,0.682112,-0.270976,513,722,401,1.5434399005354889
2024-04-25 14:16:27.919000+00:00,2024-04-25 14:15:30+00:00,2024-04-25 14:17:30+00:00,TABUENCA01-45,Sensoria-C1-E90A,Left,Gait,1.0.5,40.3882544,-3.6292402,F0:75:B1:51:59:F6,SCKS,0.6875,2.562499,-1.031249,-21.280001,-91.840004,-268.799988,0.09344,0.803584,-0.242944,587,447,699,2.8464946644956144
2024-04-25 14:16:27.928000+00:00,2024-04-25 14:15:30+00:00,2024-04-25 14:17:30+00:00,TABUENCA01-45,Sensoria-C1-EEA1,Right,Gait,1.0.5,40.3882544,-3.6292402,CB:AA:BC:3F:36:A5,SCKS,0.152344,0.910157,0.265625,-16.799999,48.16,136.639999,-0.009344,0.7008,-0.261632,499,726,359,0.9602869881498968
2024-04-25 14:16:27.952000+00:00,2024-04-25 14:15:30+00:00,2024-04-25 14:17:30+00:00,TABUENCA01-45,Sensoria-C1-E90A,Left,Gait,1.0.5,40.3882544,-3.6292402,F0:75:B1:51:59:F6,SCKS,0.84375,1.187499,-0.46875,25.76,59.360001,-267.679993,0.04672,0.803584,-0.252288,654,511,701,1.5302922923418911
2024-04-25 14:16:27.961000+00:00,2024-04-25 14:15:30+00:00,2024-04-25 14:17:30+00:00,TABUENCA01-45,Sensoria-C1-EEA1,Right,Gait,1.0.5,40.3882544,-3.6292402,CB:AA:BC:3F:36:A5,SCKS,-0.101563,0.960938,0.0625,-2.24,60.48,112.0,-0.009344,0.7008,-0.261632,484,722,337,0.9683094199753506
2024-04-25 14:16:27.984000+00:00,2024-04-25 14:15:30+00:00,2024-04-25 14:17:30+00:00,TABUENCA01-45,Sensoria-C1-E90A,Left,Gait,1.0.5,40.3882544,-3.6292402,F0:75:B1:51:59:F6,SCKS,-0.5,0.25,-0.40625,3.36,-23.52,-160.160004,0.0,0.79424,-0.242944,688,538,702,0.6910420121092494
2024-04-25 14:16:27.993000+00:00,2024-04-25 14:15:30+00:00,2024-04-25 14:17:30+00:00,TABUENCA01-45,Sensoria-C1-EEA1,Right,Gait,1.0.5,40.3882544,-3.6292402,CB:AA:BC:3F:36:A5,SCKS,-0.1875,0.921876,-0.148438,-4.48,45.920002,90.720001,0.0,0.7008,-0.261632,470,713,327,0.9523893369940678
2024-04-25 14:16:27.994000+00:00,2024-04-25 14:15:30+00:00,2024-04-25 14:17:30+00:00,TABUENCA01-45,Sensoria-C1-EEA1,Right,Gait,1.0.5,40.3882544,-3.6292402,CB:AA:BC:3F:36:A5,SCKS,-0.046875,1.007813,0.0625,-7.84,20.16,66.080002,0.018688,0.719488,-0.252288,457,699,327,1.0108365637401528
2024-04-25 14:16:28.009000+00:00,2024-04-25 14:15:30+00:00,2024-04-25 14:17:30+00:00,TABUENCA01-45,Sensoria-C1-EEA1,Right,Gait,1.0.5,40.3882544,-3.6292402,CB:AA:BC:3F:36:A5,SCKS,-0.019531,1.031251,-0.078125,1.12,8.96,50.400002,0.018688,0.719488,-0.252288,443,686,332,1.0343904488088624
2024-04-25 14:16:28.026000+00:00,2024-04-25 14:15:30+00:00,2024-04-25 14:17:30+00:00,TABUENCA01-45,Sensoria-C1-EEA1,Right,Gait,1.0.5,40.3882544,-3.6292402,CB:AA:BC:3F:36:A5,SCKS,-0.085938,0.953126,0.089844,-4.48,11.2,40.32,0.028032,0.728832,-0.261632,431,673,341,0.9612005285350191
2024-04-25 14:16:28.049000+00:00,2024-04-25 14:15:30+00:00,2024-04-25 14:17:30+00:00,TABUENCA01-45,Sensoria-C1-E90A,Left,Gait,1.0.5,40.3882544,-3.6292402,F0:75:B1:51:59:F6,SCKS,0.84375,0.0,-0.125,-21.280001,-21.280001,135.520004,0.0,0.803584,-0.252288,707,545,699,0.8529590039972613
2024-04-25 14:16:28.058000+00:00,2024-04-25 14:15:30+00:00,2024-04-25 14:17:30+00:00,TABUENCA01-45,Sensoria-C1-EEA1,Right,Gait,1.0.5,40.3882544,-3.6292402,CB:AA:BC:3F:36:A5,SCKS,-0.136719,1.035157,-0.160156,0.0,6.72,35.84,0.028032,0.728832,-0.261632,417,661,356,1.0563579146984228
2024-04-25 14:16:28.074000+00:00,2024-04-25 14:15:30+00:00,2024-04-25 14:17:30+00:00,TABUENCA01-45,Sensoria-C1-EEA1,Right,Gait,1.0.5,40.3882544,-3.6292402,CB:AA:BC:3F:36:A5,SCKS,-0.089844,0.953126,-0.101563,-6.72,13.440001,38.080002,0.028032,0.728832,-0.242944,406,652,378,0.9627233035410538
2024-04-25 14:16:28.082000+00:00,2024-04-25 14:15:30+00:00,2024-04-25 14:17:30+00:00,TABUENCA01-45,Sensoria-C1-E90A,Left,Gait,1.0.5,40.3882544,-3.6292402,F0:75:B1:51:59:F6,SCKS,0.28125,0.0,-0.0625,-25.76,60.48,192.639999,0.028032,0.803584,-0.261632,710,545,698,0.2881107642904027
2024-04-25 14:16:28.090000+00:00,2024-04-25 14:15:30+00:00,2024-04-25 14:17:30+00:00,TABUENCA01-45,Sensoria-C1-EEA1,Right,Gait,1.0.5,40.3882544,-3.6292402,CB:AA:BC:3F:36:A5,SCKS,-0.0625,0.941407,-0.066406,-7.84,15.68,39.200001,0.037376,0.728832,-0.242944,394,643,401,0.9458134839834966
2024-04-25 14:16:28.098000+00:00,2024-04-25 14:15:30+00:00,2024-04-25 14:17:30+00:00,TABUENCA01-45,Sensoria-C1-E90A,Left,Gait,1.0.5,40.3882544,-3.6292402,F0:75:B1:51:59:F6,SCKS,0.34375,0.28125,-0.34375,-1.12,56.0,248.639999,0.112128,0.803584,-0.261632,709,543,696,0.5616312736128571
2024-04-25 14:16:28.107000+00:00,2024-04-25 14:15:30+00:00,2024-04-25 14:17:30+00:00,TABUENCA01-45,Sensoria-C1-EEA1,Right,Gait,1.0.5,40.3882544,-3.6292402,CB:AA:BC:3F:36:A5,SCKS,-0.042969,0.953126,-0.058594,-6.72,19.040001,39.200001,0.037376,0.738176,-0.252288,380,632,425,0.9558916066547504
2024-04-25 14:16:28.131000+00:00,2024-04-25 14:15:30+00:00,2024-04-25 14:17:30+00:00,TABUENCA01-45,Sensoria-C1-E90A,Left,Gait,1.0.5,40.3882544,-3.6292402,F0:75:B1:51:59:F6,SCKS,0.34375,0.53125,-0.25,-17.92,59.360001,285.600006,0.168192,0.79424,-0.261632,709,542,694,0.6803606580336637
2024-04-25 14:16:28.139000+00:00,2024-04-25 14:15:30+00:00,2024-04-25 14:17:30+00:00,TABUENCA01-45,Sensoria-C1-EEA1,Right,Gait,1.0.5,40.3882544,-3.6292402,CB:AA:BC:3F:36:A5,SCKS,-0.050781,0.957032,-0.066406,-5.6,24.639999,40.32,0.04672,0.738176,-0.252288,368,621,447,0.9606761763575695
2024-04-25 14:16:28.156000+00:00,2024-04-25 14:15:30+00:00,2024-04-25 14:17:30+00:00,TABUENCA01-45,Sensoria-C1-EEA1,Right,Gait,1.0.5,40.3882544,-3.6292402,CB:AA:BC:3F:36:A5,SCKS,-0.042969,0.941407,-0.035156,-3.36,26.880001,44.799999,0.04672,0.738176,-0.252288,356,613,466,0.9430426389861701
2024-04-25 14:16:28.163000+00:00,2024-04-25 14:15:30+00:00,2024-04-25 14:17:30+00:00,TABUENCA01-45,Sensoria-C1-E90A,Left,Gait,1.0.5,40.3882544,-3.6292402,F0:75:B1:51:59:F6,SCKS,0.28125,0.8125,-0.21875,-17.92,69.440002,337.119995,0.224256,0.784896,-0.270976,707,542,694,0.8871918479111494
2024-04-25 14:16:28.172000+00:00,2024-04-25 14:15:30+00:00,2024-04-25 14:17:30+00:00,TABUENCA01-45,Sensoria-C1-EEA1,Right,Gait,1.0.5,40.3882544,-3.6292402,CB:AA:BC:3F:36:A5,SCKS,-0.046875,0.968751,-0.054688,2.24,24.639999,49.279999,0.056064,0.738176,-0.2336,344,600,483,0.9714250063540675
2024-04-25 14:16:28.188000+00:00,2024-04-25 14:15:30+00:00,2024-04-25 14:17:30+00:00,TABUENCA01-45,Sensoria-C1-EEA1,Right,Gait,1.0.5,40.3882544,-3.6292402,CB:AA:BC:3F:36:A5,SCKS,-0.046875,0.996094,-0.089844,0.0,22.4,54.880001,0.065408,0.738176,-0.2336,328,587,500,1.001235470205186
2024-04-25 14:16:28.196000+00:00,2024-04-25 14:15:30+00:00,2024-04-25 14:17:30+00:00,TABUENCA01-45,Sensoria-C1-E90A,Left,Gait,1.0.5,40.3882544,-3.6292402,F0:75:B1:51:59:F6,SCKS,0.375,1.656249,-0.28125,-15.68,51.52,393.119995,0.289664,0.74752,-0.28032,707,541,694,1.7213039570340274
2024-04-25 14:16:28.221000+00:00,2024-04-25 14:15:30+00:00,2024-04-25 14:17:30+00:00,TABUENCA01-45,Sensoria-C1-EEA1,Right,Gait,1.0.5,40.3882544,-3.6292402,CB:AA:BC:3F:36:A5,SCKS,-0.023438,1.015626,-0.054688,-2.24,19.040001,61.599998,0.074752,0.74752,-0.242944,311,572,517,1.0173673324144037
2024-04-25 14:16:28.229000+00:00,2024-04-25 14:15:30+00:00,2024-04-25 14:17:30+00:00,TABUENCA01-45,Sensoria-C1-E90A,Left,Gait,1.0.5,40.3882544,-3.6292402,F0:75:B1:51:59:F6,SCKS,0.40625,2.437499,-0.15625,-11.2,58.240002,427.839996,0.355072,0.710144,-0.28032,707,540,692,2.476056239264569
2024-04-25 14:16:28.237000+00:00,2024-04-25 14:15:30+00:00,2024-04-25 14:17:30+00:00,TABUENCA01-45,Sensoria-C1-EEA1,Right,Gait,1.0.5,40.3882544,-3.6292402,CB:AA:BC:3F:36:A5,SCKS,-0.003906,1.031251,-0.03125,-1.12,14.56,68.32,0.084096,0.74752,-0.2336,294,553,542,1.0317317695685249
2024-04-25 14:16:28.253000+00:00,2024-04-25 14:15:30+00:00,2024-04-25 14:17:30+00:00,TABUENCA01-45,Sensoria-C1-EEA1,Right,Gait,1.0.5,40.3882544,-3.6292402,CB:AA:BC:3F:36:A5,SCKS,-0.015625,1.035157,-0.007813,0.0,8.96,73.919998,0.09344,0.756864,-0.2336,276,536,572,1.0353043988330197
2024-04-25 14:16:28.261000+00:00,2024-04-25 14:15:30+00:00,2024-04-25 14:17:30+00:00,TABUENCA01-45,Sensoria-C1-E90A,Left,Gait,1.0.5,40.3882544,-3.6292402,F0:75:B1:51:59:F6,SCKS,-0.3125,3.343748,0.34375,0.0,117.599998,446.880005,0.4672,0.588672,-0.308352,708,539,691,3.375865962979573
2024-04-25 14:16:28.270000+00:00,2024-04-25 14:15:30+00:00,2024-04-25 14:17:30+00:00,TABUENCA01-45,Sensoria-C1-EEA1,Right,Gait,1.0.5,40.3882544,-3.6292402,CB:AA:BC:3F:36:A5,SCKS,-0.015625,1.085938,0.007813,4.48,4.48,79.519997,0.09344,0.756864,-0.2336,259,516,606,1.0860785070325258
2024-04-25 14:16:28.293000+00:00,2024-04-25 14:15:30+00:00,2024-04-25 14:17:30+00:00,TABUENCA01-45,Sensoria-C1-E90A,Left,Gait,1.0.5,40.3882544,-3.6292402,F0:75:B1:51:59:F6,SCKS,-1.124999,2.937498,-1.156249,-26.880001,95.199997,389.76001,0.495232,0.523264,-0.32704,706,540,693,3.3513324215908518
2024-04-25 14:16:28.319000+00:00,2024-04-25 14:15:30+00:00,2024-04-25 14:17:30+00:00,TABUENCA01-45,Sensoria-C1-EEA1,Right,Gait,1.0.5,40.3882544,-3.6292402,CB:AA:BC:3F:36:A5,SCKS,-0.09375,1.222657,0.058594,3.36,-17.92,110.879997,0.121472,0.775552,-0.2336,226,477,674,1.227645086735169
2024-04-25 14:16:28.326000+00:00,2024-04-25 14:15:30+00:00,2024-04-25 14:17:30+00:00,TABUENCA01-45,Sensoria-C1-E90A,Left,Gait,1.0.5,40.3882544,-3.6292402,F0:75:B1:51:59:F6,SCKS,-4.156248,1.249999,-0.5,1.12,-8.96,193.759995,0.51392,0.4672,-0.355072,706,540,696,4.368855106032357
2024-04-25 14:16:28.335000+00:00,2024-04-25 14:15:30+00:00,2024-04-25 14:17:30+00:00,TABUENCA01-45,Sensoria-C1-EEA1,Right,Gait,1.0.5,40.3882544,-3.6292402,CB:AA:BC:3F:36:A5,SCKS,-0.085938,1.26172,0.09375,-5.6,-24.639999,128.800003,0.130816,0.775552,-0.224256,214,466,691,1.2681134652482797
2024-04-25 14:16:28.351000+00:00,2024-04-25 14:15:30+00:00,2024-04-25 14:17:30+00:00,TABUENCA01-45,Sensoria-C1-EEA1,Right,Gait,1.0.5,40.3882544,-3.6292402,CB:AA:BC:3F:36:A5,SCKS,-0.164063,1.437501,-0.132813,-10.08,-30.24,144.479996,0.158848,0.784896,-0.224256,205,459,702,1.4529160629365345
2024-04-25 14:16:28.358000+00:00,2024-04-25 14:15:30+00:00,2024-04-25 14:17:30+00:00,TABUENCA01-45,Sensoria-C1-E90A,Left,Gait,1.0.5,40.3882544,-3.6292402,F0:75:B1:51:59:F6,SCKS,-3.218748,1.874999,-0.125,15.68,-73.919998,-57.119999,0.51392,0.4672,-0.32704,700,542,703,3.7271416578264103
2024-04-25 14:16:28.367000+00:00,2024-04-25 14:15:30+00:00,2024-04-25 14:17:30+00:00,TABUENCA01-45,Sensoria-C1-EEA1,Right,Gait,1.0.5,40.3882544,-3.6292402,CB:AA:BC:3F:36:A5,SCKS,-0.144531,1.57422,-0.195313,-17.92,-15.68,164.639999,0.18688,0.784896,-0.2336,201,464,709,1.5928606299139922
2024-04-25 14:16:28.391000+00:00,2024-04-25 14:15:30+00:00,2024-04-25 14:17:30+00:00,TABUENCA01-45,Sensoria-C1-E90A,Left,Gait,1.0.5,40.3882544,-3.6292402,F0:75:B1:51:59:F6,SCKS,5.062497,-0.1875,0.40625,40.32,10.08,-90.720001,0.51392,0.485888,-0.317696,703,541,684,5.082230926228067
2024-04-25 14:16:28.399000+00:00,2024-04-25 14:15:30+00:00,2024-04-25 14:17:30+00:00,TABUENCA01-45,Sensoria-C1-EEA1,Right,Gait,1.0.5,40.3882544,-3.6292402,CB:AA:BC:3F:36:A5,SCKS,-0.421875,1.88672,0.015625,-24.639999,15.68,184.800003,0.18688,0.784896,-0.2336,197,478,713,1.9333739976140156
2024-04-25 14:16:28.416000+00:00,2024-04-25 14:15:30+00:00,2024-04-25 14:17:30+00:00,TABUENCA01-45,Sensoria-C1-EEA1,Right,Gait,1.0.5,40.3882544,-3.6292402,CB:AA:BC:3F:36:A5,SCKS,-0.882813,1.996095,0.53125,-41.439999,60.48,210.559998,0.214912,0.803584,-0.2336,202,498,712,2.2463260236426055
2024-04-25 14:16:28.423000+00:00,2024-04-25 14:15:30+00:00,2024-04-25 14:17:30+00:00,TABUENCA01-45,Sensoria-C1-E90A,Left,Gait,1.0.5,40.3882544,-3.6292402,F0:75:B1:51:59:F6,SCKS,-0.25,1.718749,0.03125,113.120003,22.4,-226.240005,0.476544,0.56064,-0.355072,708,545,564,1.7371167742846192
2024-04-25 14:16:28.432000+00:00,2024-04-25 14:15:30+00:00,2024-04-25 14:17:30+00:00,TABUENCA01-45,Sensoria-C1-EEA1,Right,Gait,1.0.5,40.3882544,-3.6292402,CB:AA:BC:3F:36:A5,SCKS,-1.000001,1.996095,0.613282,-54.880001,77.279999,239.680008,0.261632,0.803584,-0.2336,218,522,710,2.3152779661522285
2024-04-25 14:16:28.448000+00:00,2024-04-25 14:15:30+00:00,2024-04-25 14:17:30+00:00,TABUENCA01-45,Sensoria-C1-EEA1,Right,Gait,1.0.5,40.3882544,-3.6292402,CB:AA:BC:3F:36:A5,SCKS,-0.53125,1.996095,-0.117188,-10.08,8.96,280.0,0.308352,0.803584,-0.2336,258,564,709,2.068901843700904
2024-04-25 14:16:28.456000+00:00,2024-04-25 14:15:30+00:00,2024-04-25 14:17:30+00:00,TABUENCA01-45,Sensoria-C1-E90A,Left,Gait,1.0.5,40.3882544,-3.6292402,F0:75:B1:51:59:F6,SCKS,-1.843749,2.687499,-0.03125,123.199997,64.959999,-206.080002,0.448512,0.598016,-0.345728,702,551,421,3.2593002028812874
2024-04-25 14:16:28.465000+00:00,2024-04-25 14:15:30+00:00,2024-04-25 14:17:30+00:00,TABUENCA01-45,Sensoria-C1-EEA1,Right,Gait,1.0.5,40.3882544,-3.6292402,CB:AA:BC:3F:36:A5,SCKS,-0.730469,1.996095,-0.523438,-4.48,-69.440002,319.200012,0.355072,0.79424,-0.242944,320,618,707,2.1890563146776283
2024-04-25 14:16:28.472000+00:00,2024-04-25 14:15:30+00:00,2024-04-25 14:17:30+00:00,TABUENCA01-45,Sensoria-C1-E90A,Left,Gait,1.0.5,40.3882544,-3.6292402,F0:75:B1:51:59:F6,SCKS,-0.125,0.90625,-0.21875,88.480003,-38.080002,-165.759995,0.401792,0.663424,-0.317696,679,549,347,0.9406198089557757
2024-04-25 14:16:28.497000+00:00,2024-04-25 14:15:30+00:00,2024-04-25 14:17:30+00:00,TABUENCA01-45,Sensoria-C1-EEA1,Right,Gait,1.0.5,40.3882544,-3.6292402,CB:AA:BC:3F:36:A5,SCKS,-1.023438,1.582032,-0.582032,10.08,-88.480003,329.279999,0.355072,0.79424,-0.242944,392,663,707,1.9720577673820816
2024-04-25 14:16:28.505000+00:00,2024-04-25 14:15:30+00:00,2024-04-25 14:17:30+00:00,TABUENCA01-45,Sensoria-C1-E90A,Left,Gait,1.0.5,40.3882544,-3.6292402,F0:75:B1:51:59:F6,SCKS,-0.125,0.875,-0.1875,35.84,-44.799999,-75.040001,0.392448,0.682112,-0.308352,650,532,325,0.90355201842506
2024-04-25 14:16:28.513000+00:00,2024-04-25 14:15:30+00:00,2024-04-25 14:17:30+00:00,TABUENCA01-45,Sensoria-C1-EEA1,Right,Gait,1.0.5,40.3882544,-3.6292402,CB:AA:BC:3F:36:A5,SCKS,-0.734376,0.351563,-0.410157,5.6,-26.880001,239.680008,0.401792,0.784896,-0.2336,445,692,707,0.911665189087529
2024-04-25 14:16:28.530000+00:00,2024-04-25 14:15:30+00:00,2024-04-25 14:17:30+00:00,TABUENCA01-45,Sensoria-C1-EEA1,Right,Gait,1.0.5,40.3882544,-3.6292402,CB:AA:BC:3F:36:A5,SCKS,0.539063,0.691407,-0.718751,10.08,109.760002,142.240005,0.439168,0.775552,-0.2336,471,706,705,1.1336823001260097
2024-04-25 14:16:28.537000+00:00,2024-04-25 14:15:30+00:00,2024-04-25 14:17:30+00:00,TABUENCA01-45,Sensoria-C1-E90A,Left,Gait,1.0.5,40.3882544,-3.6292402,F0:75:B1:51:59:F6,SCKS,0.1875,0.999999,-0.21875,36.959999,-23.52,-24.639999,0.383104,0.691456,-0.299008,626,511,325,1.0406756519209046
2024-04-25 14:16:28.546000+00:00,2024-04-25 14:15:30+00:00,2024-04-25 14:17:30+00:00,TABUENCA01-45,Sensoria-C1-EEA1,Right,Gait,1.0.5,40.3882544,-3.6292402,CB:AA:BC:3F:36:A5,SCKS,-1.382813,0.414063,-0.421875,-20.16,188.160004,-21.280001,0.448512,0.775552,-0.242944,486,712,704,1.5038611892601657
2024-04-25 14:16:28.569000+00:00,2024-04-25 14:15:30+00:00,2024-04-25 14:17:30+00:00,TABUENCA01-45,Sensoria-C1-E90A,Left,Gait,1.0.5,40.3882544,-3.6292402,F0:75:B1:51:59:F6,SCKS,0.1875,1.031249,-0.25,21.280001,-16.799999,-25.76,0.37376,0.691456,-0.299008,605,491,345,1.0775577710735513
2024-04-25 14:16:28.578000+00:00,2024-04-25 14:15:30+00:00,2024-04-25 14:17:30+00:00,TABUENCA01-45,Sensoria-C1-EEA1,Right,Gait,1.0.5,40.3882544,-3.6292402,CB:AA:BC:3F:36:A5,SCKS,-1.078126,0.121094,-0.117188,-44.799999,135.520004,-79.519997,0.439168,0.784896,-0.252288,491,714,701,1.09121604462911
2024-04-25 14:16:28.594000+00:00,2024-04-25 14:15:30+00:00,2024-04-25 14:17:30+00:00,TABUENCA01-45,Sensoria-C1-EEA1,Right,Gait,1.0.5,40.3882544,-3.6292402,CB:AA:BC:3F:36:A5,SCKS,-0.578125,-0.164063,0.074219,-32.48,88.480003,-132.160004,0.42048,0.79424,-0.28032,494,716,700,0.6055193172434716
2024-04-25 14:16:28.602000+00:00,2024-04-25 14:15:30+00:00,2024-04-25 14:17:30+00:00,TABUENCA01-45,Sensoria-C1-E90A,Left,Gait,1.0.5,40.3882544,-3.6292402,F0:75:B1:51:59:F6,SCKS,0.125,0.9375,-0.28125,6.72,-31.360001,-31.360001,0.37376,0.7008,-0.289664,590,470,393,0.986728337740434
2024-04-25 14:16:28.611000+00:00,2024-04-25 14:15:30+00:00,2024-04-25 14:17:30+00:00,TABUENCA01-45,Sensoria-C1-EEA1,Right,Gait,1.0.5,40.3882544,-3.6292402,CB:AA:BC:3F:36:A5,SCKS,-0.445313,0.0,-0.058594,22.4,41.439999,-187.039993,0.42048,0.79424,-0.28032,496,717,698,0.4491513384205818
2024-04-25 14:16:28.627000+00:00,2024-04-25 14:15:30+00:00,2024-04-25 14:17:30+00:00,TABUENCA01-45,Sensoria-C1-EEA1,Right,Gait,1.0.5,40.3882544,-3.6292402,CB:AA:BC:3F:36:A5,SCKS,-0.558594,0.253906,-0.09375,26.880001,24.639999,-234.080002,0.383104,0.803584,-0.261632,495,716,697,0.6207129579539966
2024-04-25 14:16:28.634000+00:00,2024-04-25 14:15:30+00:00,2024-04-25 14:17:30+00:00,TABUENCA01-45,Sensoria-C1-E90A,Left,Gait,1.0.5,40.3882544,-3.6292402,F0:75:B1:51:59:F6,SCKS,0.03125,0.9375,-0.1875,1.12,-42.560001,-30.24,0.355072,0.710144,-0.28032,577,452,450,0.9565767415633729
2024-04-25 14:16:28.660000+00:00,2024-04-25 14:15:30+00:00,2024-04-25 14:17:30+00:00,TABUENCA01-45,Sensoria-C1-EEA1,Right,Gait,1.0.5,40.3882544,-3.6292402,CB:AA:BC:3F:36:A5,SCKS,-0.53125,0.34375,-0.019531,29.120001,-1.12,-276.640015,0.336384,0.812928,-0.261632,496,717,697,0.6330656245295585
2024-04-25 14:16:28.667000+00:00,2024-04-25 14:15:30+00:00,2024-04-25 14:17:30+00:00,TABUENCA01-45,Sensoria-C1-E90A,Left,Gait,1.0.5,40.3882544,-3.6292402,F0:75:B1:51:59:F6,SCKS,0.0625,0.9375,-0.25,2.24,-51.52,-21.280001,0.355072,0.710144,-0.270976,565,436,502,0.9722718241315028
2024-04-25 14:16:28.676000+00:00,2024-04-25 14:15:30+00:00,2024-04-25 14:17:30+00:00,TABUENCA01-45,Sensoria-C1-EEA1,Right,Gait,1.0.5,40.3882544,-3.6292402,CB:AA:BC:3F:36:A5,SCKS,-0.507813,0.527344,-0.011719,39.200001,-25.76,-312.480011,0.28032,0.812928,-0.261632,496,715,696,0.7321905983184979
2024-04-25 14:16:28.692000+00:00,2024-04-25 14:15:30+00:00,2024-04-25 14:17:30+00:00,TABUENCA01-45,Sensoria-C1-EEA1,Right,Gait,1.0.5,40.3882544,-3.6292402,CB:AA:BC:3F:36:A5,SCKS,-0.523438,0.824219,-0.039063,47.040001,-40.32,-343.839996,0.224256,0.803584,-0.270976,497,714,696,0.9771643760258557
2024-04-25 14:16:28.700000+00:00,2024-04-25 14:15:30+00:00,2024-04-25 14:17:30+00:00,TABUENCA01-45,Sensoria-C1-E90A,Left,Gait,1.0.5,40.3882544,-3.6292402,F0:75:B1:51:59:F6,SCKS,0.0625,0.9375,-0.25,1.12,-45.920002,-20.16,0.355072,0.710144,-0.270976,554,418,546,0.9722718241315028
2024-04-25 14:16:28.709000+00:00,2024-04-25 14:15:30+00:00,2024-04-25 14:17:30+00:00,TABUENCA01-45,Sensoria-C1-EEA1,Right,Gait,1.0.5,40.3882544,-3.6292402,CB:AA:BC:3F:36:A5,SCKS,-0.492188,1.140626,-0.015625,44.799999,-40.32,-372.959991,0.224256,0.803584,-0.270976,496,713,695,1.2423851415100713
2024-04-25 14:16:28.724000+00:00,2024-04-25 14:15:30+00:00,2024-04-25 14:17:30+00:00,TABUENCA01-45,Sensoria-C1-EEA1,Right,Gait,1.0.5,40.3882544,-3.6292402,CB:AA:BC:3F:36:A5,SCKS,-0.449219,1.593751,0.015625,36.959999,-30.24,-396.480011,0.158848,0.784896,-0.252288,496,713,695,1.6559239416673095
2024-04-25 14:16:28.732000+00:00,2024-04-25 14:15:30+00:00,2024-04-25 14:17:30+00:00,TABUENCA01-45,Sensoria-C1-E90A,Left,Gait,1.0.5,40.3882544,-3.6292402,F0:75:B1:51:59:F6,SCKS,0.03125,0.9375,-0.21875,1.12,-41.439999,-24.639999,0.355072,0.710144,-0.270976,542,396,581,0.9631896879639026
2024-04-25 14:16:28.757000+00:00,2024-04-25 14:15:30+00:00,2024-04-25 14:17:30+00:00,TABUENCA01-45,Sensoria-C1-EEA1,Right,Gait,1.0.5,40.3882544,-3.6292402,CB:AA:BC:3F:36:A5,SCKS,-0.523438,1.996095,0.136719,22.4,-6.72,-411.040009,0.09344,0.756864,-0.242944,495,710,693,2.0681089608214553
2024-04-25 14:16:28.764000+00:00,2024-04-25 14:15:30+00:00,2024-04-25 14:17:30+00:00,TABUENCA01-45,Sensoria-C1-E90A,Left,Gait,1.0.5,40.3882544,-3.6292402,F0:75:B1:51:59:F6,SCKS,0.0,0.9375,-0.21875,4.48,-41.439999,-38.080002,0.336384,0.728832,-0.261632,517,359,620,0.9626826125468352
2024-04-25 14:16:28.773000+00:00,2024-04-25 14:15:30+00:00,2024-04-25 14:17:30+00:00,TABUENCA01-45,Sensoria-C1-EEA1,Right,Gait,1.0.5,40.3882544,-3.6292402,CB:AA:BC:3F:36:A5,SCKS,-0.464844,1.996095,0.246094,35.84,-34.720001,-422.23999,0.028032,0.710144,-0.242944,495,711,694,2.0642280518869516
2024-04-25 14:16:28.781000+00:00,2024-04-25 14:15:30+00:00,2024-04-25 14:17:30+00:00,TABUENCA01-45,Sensoria-C1-E90A,Left,Gait,1.0.5,40.3882544,-3.6292402,F0:75:B1:51:59:F6,SCKS,0.0,0.999999,-0.1875,-2.24,-44.799999,-45.920002,0.32704,0.728832,-0.252288,495,330,641,1.0174253043840613
2024-04-25 14:16:28.789000+00:00,2024-04-25 14:15:30+00:00,2024-04-25 14:17:30+00:00,TABUENCA01-45,Sensoria-C1-EEA1,Right,Gait,1.0.5,40.3882544,-3.6292402,CB:AA:BC:3F:36:A5,SCKS,0.429688,1.996095,0.355469,61.599998,-107.520004,-439.040009,-0.028032,0.65408,-0.252288,494,712,693,2.0725311183019666
2024-04-25 14:16:28.805000+00:00,2024-04-25 14:15:30+00:00,2024-04-25 14:17:30+00:00,TABUENCA01-45,Sensoria-C1-EEA1,Right,Gait,1.0.5,40.3882544,-3.6292402,CB:AA:BC:3F:36:A5,SCKS,1.203126,1.996095,-0.070313,22.4,-97.440002,-432.320007,-0.028032,0.65408,-0.252288,494,712,695,2.331705671578212
2024-04-25 14:16:28.813000+00:00,2024-04-25 14:15:30+00:00,2024-04-25 14:17:30+00:00,TABUENCA01-45,Sensoria-C1-E90A,Left,Gait,1.0.5,40.3882544,-3.6292402,F0:75:B1:51:59:F6,SCKS,0.0625,1.093749,-0.15625,-8.96,-50.400002,-56.0,0.317696,0.738176,-0.252288,469,303,664,1.1066197122322556
2024-04-25 14:16:28.846000+00:00,2024-04-25 14:15:30+00:00,2024-04-25 14:17:30+00:00,TABUENCA01-45,Sensoria-C1-E90A,Left,Gait,1.0.5,40.3882544,-3.6292402,F0:75:B1:51:59:F6,SCKS,0.0625,1.187499,-0.09375,-10.08,-39.200001,-80.639999,0.308352,0.74752,-0.242944,445,277,682,1.192832422220741
2024-04-25 14:16:28.854000+00:00,2024-04-25 14:15:30+00:00,2024-04-25 14:17:30+00:00,TABUENCA01-45,Sensoria-C1-EEA1,Right,Gait,1.0.5,40.3882544,-3.6292402,CB:AA:BC:3F:36:A5,SCKS,1.996095,1.996095,-1.425782,23.52,-73.919998,-350.559998,-0.074752,0.598016,-0.28032,495,709,696,3.1625377167037865
2024-04-25 14:16:28.855000+00:00,2024-04-25 14:15:30+00:00,2024-04-25 14:17:30+00:00,TABUENCA01-45,Sensoria-C1-EEA1,Right,Gait,1.0.5,40.3882544,-3.6292402,CB:AA:BC:3F:36:A5,SCKS,1.996095,1.085938,0.074219,52.639999,15.68,-165.759995,-0.09344,0.551296,-0.28032,494,712,697,2.273579787214427
2024-04-25 14:16:28.871000+00:00,2024-04-25 14:15:30+00:00,2024-04-25 14:17:30+00:00,TABUENCA01-45,Sensoria-C1-EEA1,Right,Gait,1.0.5,40.3882544,-3.6292402,CB:AA:BC:3F:36:A5,SCKS,1.996095,1.996095,0.480469,40.32,122.080002,-58.240002,-0.09344,0.541952,-0.261632,492,713,703,2.863501520518367
2024-04-25 14:16:28.888000+00:00,2024-04-25 14:15:30+00:00,2024-04-25 14:17:30+00:00,TABUENCA01-45,Sensoria-C1-EEA1,Right,Gait,1.0.5,40.3882544,-3.6292402,CB:AA:BC:3F:36:A5,SCKS,1.996095,1.996095,0.679688,-22.4,20.16,113.120003,-0.084096,0.56064,-0.252288,493,714,705,2.903578184825406
2024-04-25 14:16:28.895000+00:00,2024-04-25 14:15:30+00:00,2024-04-25 14:17:30+00:00,TABUENCA01-45,Sensoria-C1-E90A,Left,Gait,1.0.5,40.3882544,-3.6292402,F0:75:B1:51:59:F6,SCKS,0.0625,1.249999,0.0,-4.48,-22.4,-114.239998,0.270976,0.766208,-0.252288,426,263,692,1.2515605259039613
2024-04-25 14:16:28.912000+00:00,2024-04-25 14:15:30+00:00,2024-04-25 14:17:30+00:00,TABUENCA01-45,Sensoria-C1-E90A,Left,Gait,1.0.5,40.3882544,-3.6292402,F0:75:B1:51:59:F6,SCKS,0.1875,1.468749,-0.40625,1.12,-13.440001,-152.320007,0.242944,0.775552,-0.242944,424,262,697,1.535388855469845
2024-04-25 14:16:28.920000+00:00,2024-04-25 14:15:30+00:00,2024-04-25 14:17:30+00:00,TABUENCA01-45,Sensoria-C1-EEA1,Right,Gait,1.0.5,40.3882544,-3.6292402,CB:AA:BC:3F:36:A5,SCKS,-2.000001,0.367188,0.976563,22.4,-70.559998,69.440002,-0.084096,0.56064,-0.252288,495,714,686,2.2557717793061425
2024-04-25 14:16:28.936000+00:00,2024-04-25 14:15:30+00:00,2024-04-25 14:17:30+00:00,TABUENCA01-45,Sensoria-C1-EEA1,Right,Gait,1.0.5,40.3882544,-3.6292402,CB:AA:BC:3F:36:A5,SCKS,1.316407,1.51172,0.886719,77.279999,-226.240005,264.320007,-0.084096,0.579328,-0.270976,505,717,649,2.191915904639136
2024-04-25 14:16:28.943000+00:00,2024-04-25 14:15:30+00:00,2024-04-25 14:17:30+00:00,TABUENCA01-45,Sensoria-C1-E90A,Left,Gait,1.0.5,40.3882544,-3.6292402,F0:75:B1:51:59:F6,SCKS,0.40625,1.906249,-0.28125,2.24,-26.880001,-191.520004,0.214912,0.784896,-0.242944,470,305,699,1.9692450012634284
2024-04-25 14:16:28.952000+00:00,2024-04-25 14:15:30+00:00,2024-04-25 14:17:30+00:00,TABUENCA01-45,Sensoria-C1-EEA1,Right,Gait,1.0.5,40.3882544,-3.6292402,CB:AA:BC:3F:36:A5,SCKS,0.800782,1.933595,0.496094,64.959999,-75.040001,232.960007,-0.084096,0.60736,-0.28032,512,721,579,2.15084883066779
2024-04-25 14:16:28.968000+00:00,2024-04-25 14:15:30+00:00,2024-04-25 14:17:30+00:00,TABUENCA01-45,Sensoria-C1-EEA1,Right,Gait,1.0.5,40.3882544,-3.6292402,CB:AA:BC:3F:36:A5,SCKS,0.09375,1.433595,-0.183594,70.559998,48.16,230.720001,-0.056064,0.644736,-0.28032,517,725,493,1.4483405826534723
2024-04-25 14:16:28.976000+00:00,2024-04-25 14:15:30+00:00,2024-04-25 14:17:30+00:00,TABUENCA01-45,Sensoria-C1-E90A,Left,Gait,1.0.5,40.3882544,-3.6292402,F0:75:B1:51:59:F6,SCKS,1.093749,2.624999,0.03125,-15.68,-56.0,-215.040009,0.168192,0.803584,-0.252288,531,354,697,2.8439203905000574
2024-04-25 14:16:28.985000+00:00,2024-04-25 14:15:30+00:00,2024-04-25 14:17:30+00:00,TABUENCA01-45,Sensoria-C1-EEA1,Right,Gait,1.0.5,40.3882544,-3.6292402,CB:AA:BC:3F:36:A5,SCKS,0.632813,1.48047,-0.609375,73.919998,-5.6,190.399994,-0.037376,0.672768,-0.270976,516,724,422,1.72150562139483
2024-04-25 14:16:29.017000+00:00,2024-04-25 14:15:30+00:00,2024-04-25 14:17:30+00:00,TABUENCA01-45,Sensoria-C1-EEA1,Right,Gait,1.0.5,40.3882544,-3.6292402,CB:AA:BC:3F:36:A5,SCKS,0.003906,1.000001,0.003906,-13.440001,38.080002,172.479996,-0.018688,0.691456,-0.270976,502,727,375,1.0000162567043596
2024-04-25 14:16:29.034000+00:00,2024-04-25 14:15:30+00:00,2024-04-25 14:17:30+00:00,TABUENCA01-45,Sensoria-C1-EEA1,Right,Gait,1.0.5,40.3882544,-3.6292402,CB:AA:BC:3F:36:A5,SCKS,0.078125,0.968751,0.125,1.12,34.720001,123.199997,-0.018688,0.691456,-0.270976,485,730,347,0.9799015336379467
2024-04-25 14:16:29.050000+00:00,2024-04-25 14:15:30+00:00,2024-04-25 14:17:30+00:00,TABUENCA01-45,Sensoria-C1-EEA1,Right,Gait,1.0.5,40.3882544,-3.6292402,CB:AA:BC:3F:36:A5,SCKS,-0.140625,1.000001,-0.136719,-5.6,34.720001,96.32,0.0,0.710144,-0.270976,466,722,331,1.0190532251001416
2024-04-25 14:16:29.057000+00:00,2024-04-25 14:15:30+00:00,2024-04-25 14:17:30+00:00,TABUENCA01-45,Sensoria-C1-E90A,Left,Gait,1.0.5,40.3882544,-3.6292402,F0:75:B1:51:59:F6,SCKS,0.4375,1.343749,-0.46875,14.56,63.84,-287.839996,0.028032,0.803584,-0.270976,646,497,705,1.4888902536792294
2024-04-25 14:16:29.066000+00:00,2024-04-25 14:15:30+00:00,2024-04-25 14:17:30+00:00,TABUENCA01-45,Sensoria-C1-EEA1,Right,Gait,1.0.5,40.3882544,-3.6292402,CB:AA:BC:3F:36:A5,SCKS,-0.070313,0.968751,0.015625,-14.56,25.76,73.919998,0.009344,0.719488,-0.261632,453,711,325,0.9714250143963764
2024-04-25 14:16:29.073000+00:00,2024-04-25 14:15:30+00:00,2024-04-25 14:17:30+00:00,TABUENCA01-45,Sensoria-C1-E90A,Left,Gait,1.0.5,40.3882544,-3.6292402,F0:75:B1:51:59:F6,SCKS,0.1875,0.375,-0.40625,20.16,-22.4,-152.320007,-0.009344,0.79424,-0.270976,683,534,703,0.5837981778834189
2024-04-25 14:16:29.098000+00:00,2024-04-25 14:15:30+00:00,2024-04-25 14:17:30+00:00,TABUENCA01-45,Sensoria-C1-EEA1,Right,Gait,1.0.5,40.3882544,-3.6292402,CB:AA:BC:3F:36:A5,SCKS,-0.085938,1.003907,0.160156,-8.96,19.040001,50.400002,0.009344,0.719488,-0.242944,442,700,323,1.020227694600083
2024-04-25 14:16:29.106000+00:00,2024-04-25 14:15:30+00:00,2024-04-25 14:17:30+00:00,TABUENCA01-45,Sensoria-C1-E90A,Left,Gait,1.0.5,40.3882544,-3.6292402,F0:75:B1:51:59:F6,SCKS,0.46875,0.03125,-0.21875,17.92,-147.839996,13.440001,-0.037376,0.79424,-0.242944,699,545,704,0.5182226234930313
2024-04-25 14:16:29.115000+00:00,2024-04-25 14:15:30+00:00,2024-04-25 14:17:30+00:00,TABUENCA01-45,Sensoria-C1-EEA1,Right,Gait,1.0.5,40.3882544,-3.6292402,CB:AA:BC:3F:36:A5,SCKS,-0.09375,1.039063,-0.035156,0.0,12.32,38.080002,0.018688,0.719488,-0.261632,433,690,328,1.043875914467328
2024-04-25 14:16:29.122000+00:00,2024-04-25 14:15:30+00:00,2024-04-25 14:17:30+00:00,TABUENCA01-45,Sensoria-C1-E90A,Left,Gait,1.0.5,40.3882544,-3.6292402,F0:75:B1:51:59:F6,SCKS,0.999999,0.03125,-0.09375,-6.72,-52.639999,141.119995,0.0,0.803584,-0.270976,708,548,701,1.0048699542731885
2024-04-25 14:16:29.131000+00:00,2024-04-25 14:15:30+00:00,2024-04-25 14:17:30+00:00,TABUENCA01-45,Sensoria-C1-EEA1,Right,Gait,1.0.5,40.3882544,-3.6292402,CB:AA:BC:3F:36:A5,SCKS,-0.15625,0.980469,0.054688,-4.48,14.56,33.599998,0.018688,0.719488,-0.261632,427,682,339,0.9943461669886399
2024-04-25 14:16:29.147000+00:00,2024-04-25 14:15:30+00:00,2024-04-25 14:17:30+00:00,TABUENCA01-45,Sensoria-C1-EEA1,Right,Gait,1.0.5,40.3882544,-3.6292402,CB:AA:BC:3F:36:A5,SCKS,-0.160156,1.027344,-0.132813,-2.24,13.440001,36.959999,0.028032,0.728832,-0.261632,421,676,357,1.0482008069263256
2024-04-25 14:16:29.155000+00:00,2024-04-25 14:15:30+00:00,2024-04-25 14:17:30+00:00,TABUENCA01-45,Sensoria-C1-E90A,Left,Gait,1.0.5,40.3882544,-3.6292402,F0:75:B1:51:59:F6,SCKS,0.34375,0.0,0.03125,-5.6,40.32,176.960007,0.028032,0.803584,-0.270976,708,546,698,0.3451675317871019
2024-04-25 14:16:29.180000+00:00,2024-04-25 14:15:30+00:00,2024-04-25 14:17:30+00:00,TABUENCA01-45,Sensoria-C1-EEA1,Right,Gait,1.0.5,40.3882544,-3.6292402,CB:AA:BC:3F:36:A5,SCKS,-0.113281,0.933594,-0.085938,-8.96,15.68,44.799999,0.037376,0.728832,-0.261632,413,669,377,0.9443599322509401
2024-04-25 14:16:29.187000+00:00,2024-04-25 14:15:30+00:00,2024-04-25 14:17:30+00:00,TABUENCA01-45,Sensoria-C1-E90A,Left,Gait,1.0.5,40.3882544,-3.6292402,F0:75:B1:51:59:F6,SCKS,0.3125,0.1875,-0.125,24.639999,41.439999,238.559998,0.065408,0.803584,-0.270976,709,546,698,0.385275875185561
2024-04-25 14:16:29.196000+00:00,2024-04-25 14:15:30+00:00,2024-04-25 14:17:30+00:00,TABUENCA01-45,Sensoria-C1-EEA1,Right,Gait,1.0.5,40.3882544,-3.6292402,CB:AA:BC:3F:36:A5,SCKS,-0.070313,0.960938,-0.089844,-10.08,19.040001,49.279999,0.037376,0.728832,-0.252288,403,661,400,0.9676867789470929
2024-04-25 14:16:29.212000+00:00,2024-04-25 14:15:30+00:00,2024-04-25 14:17:30+00:00,TABUENCA01-45,Sensoria-C1-EEA1,Right,Gait,1.0.5,40.3882544,-3.6292402,CB:AA:BC:3F:36:A5,SCKS,-0.046875,0.949219,0.074219,-7.84,33.599998,49.279999,0.04672,0.728832,-0.252288,391,649,418,0.9532693405050852
2024-04-25 14:16:29.220000+00:00,2024-04-25 14:15:30+00:00,2024-04-25 14:17:30+00:00,TABUENCA01-45,Sensoria-C1-E90A,Left,Gait,1.0.5,40.3882544,-3.6292402,F0:75:B1:51:59:F6,SCKS,0.3125,0.5,-0.09375,12.32,45.920002,292.320007,0.112128,0.803584,-0.261632,710,545,696,0.5970304117044625
2024-04-25 14:16:29.228000+00:00,2024-04-25 14:15:30+00:00,2024-04-25 14:17:30+00:00,TABUENCA01-45,Sensoria-C1-EEA1,Right,Gait,1.0.5,40.3882544,-3.6292402,CB:AA:BC:3F:36:A5,SCKS,-0.058594,0.992188,0.011719,0.0,30.24,51.52,0.04672,0.728832,-0.252288,375,632,437,0.993985723811464
2024-04-25 14:16:29.244000+00:00,2024-04-25 14:15:30+00:00,2024-04-25 14:17:30+00:00,TABUENCA01-45,Sensoria-C1-EEA1,Right,Gait,1.0.5,40.3882544,-3.6292402,CB:AA:BC:3F:36:A5,SCKS,-0.027344,0.988282,-0.050781,1.12,24.639999,53.760002,0.065408,0.738176,-0.242944,356,616,456,0.9899634921657464
2024-04-25 14:16:29.252000+00:00,2024-04-25 14:15:30+00:00,2024-04-25 14:17:30+00:00,TABUENCA01-45,Sensoria-C1-E90A,Left,Gait,1.0.5,40.3882544,-3.6292402,F0:75:B1:51:59:F6,SCKS,0.34375,1.031249,-0.03125,-3.36,49.279999,365.119995,0.2336,0.775552,-0.252288,708,544,695,1.0874810917901057
2024-04-25 14:16:29.278000+00:00,2024-04-25 14:15:30+00:00,2024-04-25 14:17:30+00:00,TABUENCA01-45,Sensoria-C1-EEA1,Right,Gait,1.0.5,40.3882544,-3.6292402,CB:AA:BC:3F:36:A5,SCKS,-0.042969,0.980469,-0.027344,0.0,19.040001,58.240002,0.065408,0.74752,-0.242944,339,596,475,0.9817909600612545
2024-04-25 14:16:29.284000+00:00,2024-04-25 14:15:30+00:00,2024-04-25 14:17:30+00:00,TABUENCA01-45,Sensoria-C1-E90A,Left,Gait,1.0.5,40.3882544,-3.6292402,F0:75:B1:51:59:F6,SCKS,0.40625,1.656249,-0.0625,-12.32,35.84,406.559998,0.308352,0.74752,-0.261632,707,542,695,1.7064893971252797
2024-04-25 14:16:29.317000+00:00,2024-04-25 14:15:30+00:00,2024-04-25 14:17:30+00:00,TABUENCA01-45,Sensoria-C1-E90A,Left,Gait,1.0.5,40.3882544,-3.6292402,F0:75:B1:51:59:F6,SCKS,0.34375,2.499999,0.03125,-17.92,47.040001,431.200012,0.364416,0.691456,-0.270976,708,542,693,2.5237146480933617
2024-04-25 14:16:29.325000+00:00,2024-04-25 14:15:30+00:00,2024-04-25 14:17:30+00:00,TABUENCA01-45,Sensoria-C1-EEA1,Right,Gait,1.0.5,40.3882544,-3.6292402,CB:AA:BC:3F:36:A5,SCKS,-0.007813,1.007813,0.027344,3.36,5.6,69.440002,0.09344,0.756864,-0.242944,292,552,528,1.0082141539742437
2024-04-25 14:16:29.342000+00:00,2024-04-25 14:15:30+00:00,2024-04-25 14:17:30+00:00,TABUENCA01-45,Sensoria-C1-EEA1,Right,Gait,1.0.5,40.3882544,-3.6292402,CB:AA:BC:3F:36:A5,SCKS,0.0,1.046876,0.035156,6.72,-2.24,75.040001,0.09344,0.766208,-0.2336,273,530,561,1.0474661348759682
2024-04-25 14:16:29.349000+00:00,2024-04-25 14:15:30+00:00,2024-04-25 14:17:30+00:00,TABUENCA01-45,Sensoria-C1-E90A,Left,Gait,1.0.5,40.3882544,-3.6292402,F0:75:B1:51:59:F6,SCKS,-0.28125,3.249998,0.15625,-20.16,90.720001,449.119995,0.4672,0.569984,-0.289664,707,542,692,3.2658846619260764
2024-04-25 14:16:29.358000+00:00,2024-04-25 14:15:30+00:00,2024-04-25 14:17:30+00:00,TABUENCA01-45,Sensoria-C1-EEA1,Right,Gait,1.0.5,40.3882544,-3.6292402,CB:AA:BC:3F:36:A5,SCKS,0.003906,1.085938,-0.003906,12.32,-6.72,79.519997,0.09344,0.766208,-0.242944,256,511,597,1.0859520493631383
2024-04-25 14:16:29.374000+00:00,2024-04-25 14:15:30+00:00,2024-04-25 14:17:30+00:00,TABUENCA01-45,Sensoria-C1-EEA1,Right,Gait,1.0.5,40.3882544,-3.6292402,CB:AA:BC:3F:36:A5,SCKS,-0.054688,1.148438,0.085938,2.24,-8.96,87.360001,0.09344,0.766208,-0.242944,242,491,631,1.152946641016834
2024-04-25 14:16:29.382000+00:00,2024-04-25 14:15:30+00:00,2024-04-25 14:17:30+00:00,TABUENCA01-45,Sensoria-C1-E90A,Left,Gait,1.0.5,40.3882544,-3.6292402,F0:75:B1:51:59:F6,SCKS,-1.124999,2.937498,-1.531249,-41.439999,107.520004,388.640015,0.504576,0.504576,-0.308352,705,542,696,3.4984626266413086
2024-04-25 14:16:29.391000+00:00,2024-04-25 14:15:30+00:00,2024-04-25 14:17:30+00:00,TABUENCA01-45,Sensoria-C1-EEA1,Right,Gait,1.0.5,40.3882544,-3.6292402,CB:AA:BC:3F:36:A5,SCKS,-0.097656,1.226563,0.132813,-6.72,-13.440001,101.919998,0.112128,0.775552,-0.2336,227,476,659,1.2375915239989324
2024-04-25 14:16:29.407000+00:00,2024-04-25 14:15:30+00:00,2024-04-25 14:17:30+00:00,TABUENCA01-45,Sensoria-C1-EEA1,Right,Gait,1.0.5,40.3882544,-3.6292402,CB:AA:BC:3F:36:A5,SCKS,-0.132813,1.285157,0.191406,-14.56,-24.639999,118.720001,0.130816,0.775552,-0.242944,215,466,680,1.3061026240131364
2024-04-25 14:16:29.414000+00:00,2024-04-25 14:15:30+00:00,2024-04-25 14:17:30+00:00,TABUENCA01-45,Sensoria-C1-E90A,Left,Gait,1.0.5,40.3882544,-3.6292402,F0:75:B1:51:59:F6,SCKS,-4.562498,1.031249,-0.5,-13.440001,-10.08,181.440002,0.51392,0.4672,-0.336384,704,541,699,4.704238780079621
2024-04-25 14:16:29.439000+00:00,2024-04-25 14:15:30+00:00,2024-04-25 14:17:30+00:00,TABUENCA01-45,Sensoria-C1-EEA1,Right,Gait,1.0.5,40.3882544,-3.6292402,CB:AA:BC:3F:36:A5,SCKS,-0.183594,1.351563,0.078125,-20.16,-36.959999,135.520004,0.149504,0.784896,-0.2336,207,459,695,1.3662111167129334
2024-04-25 14:16:29.447000+00:00,2024-04-25 14:15:30+00:00,2024-04-25 14:17:30+00:00,TABUENCA01-45,Sensoria-C1-E90A,Left,Gait,1.0.5,40.3882544,-3.6292402,F0:75:B1:51:59:F6,SCKS,-3.062498,1.999999,-0.375,23.52,-85.120003,-53.760002,0.523264,0.4672,-0.299008,700,541,704,3.6768893102736993
2024-04-25 14:16:29.456000+00:00,2024-04-25 14:15:30+00:00,2024-04-25 14:17:30+00:00,TABUENCA01-45,Sensoria-C1-EEA1,Right,Gait,1.0.5,40.3882544,-3.6292402,CB:AA:BC:3F:36:A5,SCKS,-0.125,1.484376,-0.222656,-28.0,-30.24,153.440002,0.168192,0.803584,-0.242944,201,464,704,1.5061782111397044
2024-04-25 14:16:29.463000+00:00,2024-04-25 14:15:30+00:00,2024-04-25 14:17:30+00:00,TABUENCA01-45,Sensoria-C1-E90A,Left,Gait,1.0.5,40.3882544,-3.6292402,F0:75:B1:51:59:F6,SCKS,2.062499,0.1875,0.59375,69.440002,123.199997,-116.480003,0.51392,0.485888,-0.308352,705,542,682,2.154436686816533
2024-04-25 14:16:29.472000+00:00,2024-04-25 14:15:30+00:00,2024-04-25 14:17:30+00:00,TABUENCA01-45,Sensoria-C1-EEA1,Right,Gait,1.0.5,40.3882544,-3.6292402,CB:AA:BC:3F:36:A5,SCKS,-0.324219,1.804689,-0.101563,-34.720001,1.12,178.080002,0.168192,0.803584,-0.242944,198,477,707,1.8363919488091316
2024-04-25 14:16:29.488000+00:00,2024-04-25 14:15:30+00:00,2024-04-25 14:17:30+00:00,TABUENCA01-45,Sensoria-C1-EEA1,Right,Gait,1.0.5,40.3882544,-3.6292402,CB:AA:BC:3F:36:A5,SCKS,-0.699219,1.996095,0.320313,-44.799999,45.920002,204.960007,0.205568,0.803584,-0.242944,203,494,707,2.1391360117942475
2024-04-25 14:16:29.496000+00:00,2024-04-25 14:15:30+00:00,2024-04-25 14:17:30+00:00,TABUENCA01-45,Sensoria-C1-E90A,Left,Gait,1.0.5,40.3882544,-3.6292402,F0:75:B1:51:59:F6,SCKS,-0.40625,1.593749,0.25,89.599998,103.040001,-221.759995,0.4672,0.569984,-0.336384,709,547,615,1.6636029987653305
2024-04-25 14:16:29.504000+00:00,2024-04-25 14:15:30+00:00,2024-04-25 14:17:30+00:00,TABUENCA01-45,Sensoria-C1-EEA1,Right,Gait,1.0.5,40.3882544,-3.6292402,CB:AA:BC:3F:36:A5,SCKS,-1.179688,1.996095,0.460938,-56.0,79.519997,236.320007,0.252288,0.79424,-0.252288,220,512,708,2.3640056823563262
2024-04-25 14:16:29.528000+00:00,2024-04-25 14:15:30+00:00,2024-04-25 14:17:30+00:00,TABUENCA01-45,Sensoria-C1-E90A,Left,Gait,1.0.5,40.3882544,-3.6292402,F0:75:B1:51:59:F6,SCKS,-0.78125,1.874999,-1.781249,136.639999,26.880001,-187.039993,0.448512,0.598016,-0.336384,707,551,460,2.701632989971436
2024-04-25 14:16:29.537000+00:00,2024-04-25 14:15:30+00:00,2024-04-25 14:17:30+00:00,TABUENCA01-45,Sensoria-C1-EEA1,Right,Gait,1.0.5,40.3882544,-3.6292402,CB:AA:BC:3F:36:A5,SCKS,-0.351563,1.996095,0.039063,-19.040001,0.0,281.119995,0.299008,0.803584,-0.261632,257,547,705,2.0271945417159647
2024-04-25 14:16:29.553000+00:00,2024-04-25 14:15:30+00:00,2024-04-25 14:17:30+00:00,TABUENCA01-45,Sensoria-C1-EEA1,Right,Gait,1.0.5,40.3882544,-3.6292402,CB:AA:BC:3F:36:A5,SCKS,-0.878907,1.996095,-0.589844,-13.440001,-45.920002,319.200012,0.355072,0.79424,-0.261632,313,600,704,2.2593779471372204
2024-04-25 14:16:29.561000+00:00,2024-04-25 14:15:30+00:00,2024-04-25 14:17:30+00:00,TABUENCA01-45,Sensoria-C1-E90A,Left,Gait,1.0.5,40.3882544,-3.6292402,F0:75:B1:51:59:F6,SCKS,-0.28125,0.9375,0.0625,63.84,-78.400002,-196.0,0.42048,0.644736,-0.317696,686,551,357,0.980772176654701
2024-04-25 14:16:29.569000+00:00,2024-04-25 14:15:30+00:00,2024-04-25 14:17:30+00:00,TABUENCA01-45,Sensoria-C1-EEA1,Right,Gait,1.0.5,40.3882544,-3.6292402,CB:AA:BC:3F:36:A5,SCKS,-0.890626,1.960939,-0.648438,-4.48,-98.559998,340.480011,0.355072,0.79424,-0.261632,380,650,704,2.249215034949082
2024-04-25 14:16:29.586000+00:00,2024-04-25 14:15:30+00:00,2024-04-25 14:17:30+00:00,TABUENCA01-45,Sensoria-C1-EEA1,Right,Gait,1.0.5,40.3882544,-3.6292402,CB:AA:BC:3F:36:A5,SCKS,-0.460938,0.578125,-0.664063,19.040001,-54.880001,265.440002,0.411136,0.79424,-0.242944,437,684,706,0.9938168963335248
2024-04-25 14:16:29.594000+00:00,2024-04-25 14:15:30+00:00,2024-04-25 14:17:30+00:00,TABUENCA01-45,Sensoria-C1-E90A,Left,Gait,1.0.5,40.3882544,-3.6292402,F0:75:B1:51:59:F6,SCKS,0.0,0.875,-0.34375,33.599998,-58.240002,-89.599998,0.392448,0.672768,-0.289664,649,526,321,0.9401005597807077
2024-04-25 14:16:29.619000+00:00,2024-04-25 14:15:30+00:00,2024-04-25 14:17:30+00:00,TABUENCA01-45,Sensoria-C1-EEA1,Right,Gait,1.0.5,40.3882544,-3.6292402,CB:AA:BC:3F:36:A5,SCKS,1.039063,0.144531,-0.906251,6.72,62.720001,166.880005,0.439168,0.784896,-0.242944,468,700,706,1.3863015555538414
2024-04-25 14:16:29.626000+00:00,2024-04-25 14:15:30+00:00,2024-04-25 14:17:30+00:00,TABUENCA01-45,Sensoria-C1-E90A,Left,Gait,1.0.5,40.3882544,-3.6292402,F0:75:B1:51:59:F6,SCKS,0.15625,0.968749,-0.21875,14.56,-50.400002,-29.120001,0.392448,0.682112,-0.28032,629,509,329,1.005355782795822
2024-04-25 14:16:29.635000+00:00,2024-04-25 14:15:30+00:00,2024-04-25 14:17:30+00:00,TABUENCA01-45,Sensoria-C1-EEA1,Right,Gait,1.0.5,40.3882544,-3.6292402,CB:AA:BC:3F:36:A5,SCKS,-1.10547,0.492188,-0.53125,-20.16,179.199997,-30.24,0.457856,0.784896,-0.261632,482,710,703,1.321567066305755
2024-04-25 14:16:29.651000+00:00,2024-04-25 14:15:30+00:00,2024-04-25 14:17:30+00:00,TABUENCA01-45,Sensoria-C1-EEA1,Right,Gait,1.0.5,40.3882544,-3.6292402,CB:AA:BC:3F:36:A5,SCKS,-0.921876,0.007813,-0.058594,-38.080002,117.599998,-71.68,0.448512,0.79424,-0.270976,489,715,701,0.9237692672853974
2024-04-25 14:16:29.658000+00:00,2024-04-25 14:15:30+00:00,2024-04-25 14:17:30+00:00,TABUENCA01-45,Sensoria-C1-E90A,Left,Gait,1.0.5,40.3882544,-3.6292402,F0:75:B1:51:59:F6,SCKS,0.15625,0.999999,-0.1875,19.040001,-19.040001,-30.24,0.37376,0.691456,-0.289664,614,492,354,1.0293533467672797
2024-04-25 14:16:29.667000+00:00,2024-04-25 14:15:30+00:00,2024-04-25 14:17:30+00:00,TABUENCA01-45,Sensoria-C1-EEA1,Right,Gait,1.0.5,40.3882544,-3.6292402,CB:AA:BC:3F:36:A5,SCKS,-0.441407,-0.128906,0.066406,0.0,53.760002,-108.639999,0.448512,0.79424,-0.270976,491,717,699,0.46461452121193975
2024-04-25 14:16:29.690000+00:00,2024-04-25 14:15:30+00:00,2024-04-25 14:17:30+00:00,TABUENCA01-45,Sensoria-C1-E90A,Left,Gait,1.0.5,40.3882544,-3.6292402,F0:75:B1:51:59:F6,SCKS,0.09375,0.968749,-0.25,13.440001,-30.24,-39.200001,0.37376,0.7008,-0.28032,600,476,400,1.0048699853717395
2024-04-25 14:16:29.699000+00:00,2024-04-25 14:15:30+00:00,2024-04-25 14:17:30+00:00,TABUENCA01-45,Sensoria-C1-EEA1,Right,Gait,1.0.5,40.3882544,-3.6292402,CB:AA:BC:3F:36:A5,SCKS,-0.4375,-0.050781,-0.046875,35.84,24.639999,-159.039993,0.429824,0.79424,-0.28032,491,716,698,0.44292462743225286
2024-04-25 14:16:29.716000+00:00,2024-04-25 14:15:30+00:00,2024-04-25 14:17:30+00:00,TABUENCA01-45,Sensoria-C1-EEA1,Right,Gait,1.0.5,40.3882544,-3.6292402,CB:AA:BC:3F:36:A5,SCKS,-0.535157,0.171875,-0.09375,41.439999,7.84,-204.960007,0.392448,0.803584,-0.270976,491,716,697,0.569844797093033
2024-04-25 14:16:29.723000+00:00,2024-04-25 14:15:30+00:00,2024-04-25 14:17:30+00:00,TABUENCA01-45,Sensoria-C1-E90A,Left,Gait,1.0.5,40.3882544,-3.6292402,F0:75:B1:51:59:F6,SCKS,0.03125,0.9375,-0.1875,11.2,-48.16,-33.599998,0.364416,0.710144,-0.270976,586,458,451,0.9565767415633729
2024-04-25 14:16:29.756000+00:00,2024-04-25 14:15:30+00:00,2024-04-25 14:17:30+00:00,TABUENCA01-45,Sensoria-C1-E90A,Left,Gait,1.0.5,40.3882544,-3.6292402,F0:75:B1:51:59:F6,SCKS,0.03125,0.9375,-0.25,8.96,-51.52,-23.52,0.364416,0.710144,-0.261632,573,437,496,0.9707640354380667
2024-04-25 14:16:29.764000+00:00,2024-04-25 14:15:30+00:00,2024-04-25 14:17:30+00:00,TABUENCA01-45,Sensoria-C1-EEA1,Right,Gait,1.0.5,40.3882544,-3.6292402,CB:AA:BC:3F:36:A5,SCKS,-0.515625,0.414063,0.0,47.040001,-45.920002,-288.959991,0.299008,0.812928,-0.270976,493,715,696,0.6612997116240109
2024-04-25 14:16:29.766000+00:00,2024-04-25 14:15:30+00:00,2024-04-25 14:17:30+00:00,TABUENCA01-45,Sensoria-C1-EEA1,Right,Gait,1.0.5,40.3882544,-3.6292402,CB:AA:BC:3F:36:A5,SCKS,-0.519532,0.671875,-0.007813,53.760002,-60.48,-324.799988,0.242944,0.812928,-0.261632,492,715,696,0.8493471361098476
2024-04-25 14:16:29.789000+00:00,2024-04-25 14:15:30+00:00,2024-04-25 14:17:30+00:00,TABUENCA01-45,Sensoria-C1-E90A,Left,Gait,1.0.5,40.3882544,-3.6292402,F0:75:B1:51:59:F6,SCKS,0.0625,0.9375,-0.28125,-2.24,-52.639999,-21.280001,0.345728,0.719488,-0.252288,557,419,536,0.980772176654701
2024-04-25 14:16:29.797000+00:00,2024-04-25 14:15:30+00:00,2024-04-25 14:17:30+00:00,TABUENCA01-45,Sensoria-C1-EEA1,Right,Gait,1.0.5,40.3882544,-3.6292402,CB:AA:BC:3F:36:A5,SCKS,-0.507813,1.000001,-0.011719,49.279999,-61.599998,-351.679993,0.242944,0.812928,-0.261632,491,711,693,1.1216119551480361
2024-04-25 14:16:29.805000+00:00,2024-04-25 14:15:30+00:00,2024-04-25 14:17:30+00:00,TABUENCA01-45,Sensoria-C1-E90A,Left,Gait,1.0.5,40.3882544,-3.6292402,F0:75:B1:51:59:F6,SCKS,0.03125,0.968749,-0.25,-4.48,-49.279999,-23.52,0.345728,0.719488,-0.242944,540,397,567,1.0009751183226285
2024-04-25 14:16:29.813000+00:00,2024-04-25 14:15:30+00:00,2024-04-25 14:17:30+00:00,TABUENCA01-45,Sensoria-C1-EEA1,Right,Gait,1.0.5,40.3882544,-3.6292402,CB:AA:BC:3F:36:A5,SCKS,-0.457032,1.320313,0.023438,36.959999,-50.400002,-378.559998,0.177536,0.79424,-0.261632,492,712,693,1.3973739681405977
2024-04-25 14:16:29.831000+00:00,2024-04-25 14:15:30+00:00,2024-04-25 14:17:30+00:00,TABUENCA01-45,Sensoria-C1-EEA1,Right,Gait,1.0.5,40.3882544,-3.6292402,CB:AA:BC:3F:36:A5,SCKS,-0.460938,1.867189,0.097656,16.799999,-15.68,-396.480011,0.112128,0.766208,-0.252288,491,711,694,1.9257194229432801
2024-04-25 14:16:29.837000+00:00,2024-04-25 14:15:30+00:00,2024-04-25 14:17:30+00:00,TABUENCA01-45,Sensoria-C1-E90A,Left,Gait,1.0.5,40.3882544,-3.6292402,F0:75:B1:51:59:F6,SCKS,0.0,0.968749,-0.1875,-1.12,-44.799999,-31.360001,0.345728,0.719488,-0.242944,521,371,597,0.9867273559606017
2024-04-25 14:16:29.846000+00:00,2024-04-25 14:15:30+00:00,2024-04-25 14:17:30+00:00,TABUENCA01-45,Sensoria-C1-EEA1,Right,Gait,1.0.5,40.3882544,-3.6292402,CB:AA:BC:3F:36:A5,SCKS,-0.398438,1.996095,0.199219,12.32,4.48,-400.959991,0.04672,0.728832,-0.261632,493,709,694,2.04519835195269
2024-04-25 14:16:29.870000+00:00,2024-04-25 14:15:30+00:00,2024-04-25 14:17:30+00:00,TABUENCA01-45,Sensoria-C1-E90A,Left,Gait,1.0.5,40.3882544,-3.6292402,F0:75:B1:51:59:F6,SCKS,0.0,0.968749,-0.1875,-3.36,-41.439999,-40.32,0.32704,0.728832,-0.2336,497,346,625,0.9867273559606017
2024-04-25 14:16:29.879000+00:00,2024-04-25 14:15:30+00:00,2024-04-25 14:17:30+00:00,TABUENCA01-45,Sensoria-C1-EEA1,Right,Gait,1.0.5,40.3882544,-3.6292402,CB:AA:BC:3F:36:A5,SCKS,0.039063,1.996095,-0.035156,54.880001,-51.52,-414.399994,0.0,0.682112,-0.252288,492,709,693,1.9967866965026584
2024-04-25 14:16:29.895000+00:00,2024-04-25 14:15:30+00:00,2024-04-25 14:17:30+00:00,TABUENCA01-45,Sensoria-C1-EEA1,Right,Gait,1.0.5,40.3882544,-3.6292402,CB:AA:BC:3F:36:A5,SCKS,0.628907,1.996095,0.042969,36.959999,-61.599998,-433.440002,0.0,0.682112,-0.252288,491,710,694,2.0932667289753115
2024-04-25 14:16:29.902000+00:00,2024-04-25 14:15:30+00:00,2024-04-25 14:17:30+00:00,TABUENCA01-45,Sensoria-C1-E90A,Left,Gait,1.0.5,40.3882544,-3.6292402,F0:75:B1:51:59:F6,SCKS,0.0,1.031249,-0.21875,-7.84,-44.799999,-47.040001,0.317696,0.738176,-0.242944,472,317,652,1.0541945088554578
2024-04-25 14:16:29.911000+00:00,2024-04-25 14:15:30+00:00,2024-04-25 14:17:30+00:00,TABUENCA01-45,Sensoria-C1-EEA1,Right,Gait,1.0.5,40.3882544,-3.6292402,CB:AA:BC:3F:36:A5,SCKS,1.796876,1.996095,-0.933594,30.24,-57.119999,-409.920013,-0.056064,0.626048,-0.261632,492,711,694,2.8433705993480696
2024-04-25 14:16:29.927000+00:00,2024-04-25 14:15:30+00:00,2024-04-25 14:17:30+00:00,TABUENCA01-45,Sensoria-C1-EEA1,Right,Gait,1.0.5,40.3882544,-3.6292402,CB:AA:BC:3F:36:A5,SCKS,1.996095,1.925783,-0.296875,45.920002,12.32,-210.559998,-0.084096,0.569984,-0.252288,491,711,694,2.7894748928318034
2024-04-25 14:16:29.935000+00:00,2024-04-25 14:15:30+00:00,2024-04-25 14:17:30+00:00,TABUENCA01-45,Sensoria-C1-E90A,Left,Gait,1.0.5,40.3882544,-3.6292402,F0:75:B1:51:59:F6,SCKS,0.09375,1.218749,-0.0625,-10.08,-34.720001,-84.0,0.299008,0.74752,-0.242944,436,284,684,1.223946255969191
2024-04-25 14:16:29.960000+00:00,2024-04-25 14:15:30+00:00,2024-04-25 14:17:30+00:00,TABUENCA01-45,Sensoria-C1-EEA1,Right,Gait,1.0.5,40.3882544,-3.6292402,CB:AA:BC:3F:36:A5,SCKS,1.996095,1.972658,0.652344,58.240002,88.480003,-87.360001,-0.084096,0.541952,-0.2336,491,713,700,2.8812024448700235
2024-04-25 14:16:29.967000+00:00,2024-04-25 14:15:30+00:00,2024-04-25 14:17:30+00:00,TABUENCA01-45,Sensoria-C1-E90A,Left,Gait,1.0.5,40.3882544,-3.6292402,F0:75:B1:51:59:F6,SCKS,0.09375,1.249999,-0.03125,-2.24,-11.2,-115.360001,0.270976,0.756864,-0.242944,417,271,695,1.2538991685941099
2024-04-25 14:16:29.976000+00:00,2024-04-25 14:15:30+00:00,2024-04-25 14:17:30+00:00,TABUENCA01-45,Sensoria-C1-EEA1,Right,Gait,1.0.5,40.3882544,-3.6292402,CB:AA:BC:3F:36:A5,SCKS,1.996095,1.996095,0.949219,-8.96,4.48,96.32,-0.084096,0.541952,-0.224256,489,712,703,2.9782221555839317
2024-04-25 14:16:29.992000+00:00,2024-04-25 14:15:30+00:00,2024-04-25 14:17:30+00:00,TABUENCA01-45,Sensoria-C1-EEA1,Right,Gait,1.0.5,40.3882544,-3.6292402,CB:AA:BC:3F:36:A5,SCKS,-1.937501,0.667969,-0.253906,16.799999,-135.520004,153.440002,-0.084096,0.541952,-0.224256,489,711,699,2.065081346290746
2024-04-25 14:16:30+00:00,2024-04-25 14:15:30+00:00,2024-04-25 14:17:30+00:00,TABUENCA01-45,Sensoria-C1-E90A,Left,Gait,1.0.5,40.3882544,-3.6292402,F0:75:B1:51:59:F6,SCKS,0.15625,1.437499,-0.3125,3.36,-5.6,-148.960007,0.242944,0.766208,-0.242944,414,275,703,1.4793490756075796
2024-04-25 14:16:30.008000+00:00,2024-04-25 14:15:30+00:00,2024-04-25 14:17:30+00:00,TABUENCA01-45,Sensoria-C1-EEA1,Right,Gait,1.0.5,40.3882544,-3.6292402,CB:AA:BC:3F:36:A5,SCKS,-2.000001,0.65625,1.76172,47.040001,-183.680008,89.599998,-0.084096,0.569984,-0.252288,496,712,676,2.7448725691552607
2024-04-25 14:16:30.032000+00:00,2024-04-25 14:15:30+00:00,2024-04-25 14:17:30+00:00,TABUENCA01-45,Sensoria-C1-E90A,Left,Gait,1.0.5,40.3882544,-3.6292402,F0:75:B1:51:59:F6,SCKS,0.28125,1.687499,-0.15625,4.48,-11.2,-169.119995,0.224256,0.784896,-0.2336,432,301,704,1.717896533555208
2024-04-25 14:16:30.041000+00:00,2024-04-25 14:15:30+00:00,2024-04-25 14:17:30+00:00,TABUENCA01-45,Sensoria-C1-EEA1,Right,Gait,1.0.5,40.3882544,-3.6292402,CB:AA:BC:3F:36:A5,SCKS,0.796876,1.753908,0.667969,92.959999,-260.959991,276.640015,-0.084096,0.598016,-0.289664,506,717,629,2.038967193654915
2024-04-25 14:16:30.057000+00:00,2024-04-25 14:15:30+00:00,2024-04-25 14:17:30+00:00,TABUENCA01-45,Sensoria-C1-EEA1,Right,Gait,1.0.5,40.3882544,-3.6292402,CB:AA:BC:3F:36:A5,SCKS,0.925782,1.816408,0.316406,61.599998,-43.68,238.559998,-0.065408,0.635392,-0.299008,512,722,550,2.0631342881218373
2024-04-25 14:16:30.064000+00:00,2024-04-25 14:15:30+00:00,2024-04-25 14:17:30+00:00,TABUENCA01-45,Sensoria-C1-E90A,Left,Gait,1.0.5,40.3882544,-3.6292402,F0:75:B1:51:59:F6,SCKS,0.84375,2.281249,0.03125,-6.72,-30.24,-185.919998,0.177536,0.79424,-0.2336,486,352,702,2.432485894101135
2024-04-25 14:16:30.073000+00:00,2024-04-25 14:15:30+00:00,2024-04-25 14:17:30+00:00,TABUENCA01-45,Sensoria-C1-EEA1,Right,Gait,1.0.5,40.3882544,-3.6292402,CB:AA:BC:3F:36:A5,SCKS,-0.011719,1.304688,-0.621094,78.400002,48.16,212.800003,-0.04672,0.663424,-0.289664,513,723,467,1.445027982130796
2024-04-25 14:16:30.089000+00:00,2024-04-25 14:15:30+00:00,2024-04-25 14:17:30+00:00,TABUENCA01-45,Sensoria-C1-EEA1,Right,Gait,1.0.5,40.3882544,-3.6292402,CB:AA:BC:3F:36:A5,SCKS,0.425782,1.414063,-0.472657,43.68,-25.76,188.160004,-0.04672,0.663424,-0.289664,508,724,404,1.5505705785748678
2024-04-25 14:16:30.105000+00:00,2024-04-25 14:15:30+00:00,2024-04-25 14:17:30+00:00,TABUENCA01-45,Sensoria-C1-EEA1,Right,Gait,1.0.5,40.3882544,-3.6292402,CB:AA:BC:3F:36:A5,SCKS,0.171875,0.902344,0.332031,-13.440001,28.0,156.800003,-0.018688,0.682112,-0.28032,493,727,363,0.9767345058520253
2024-04-25 14:16:30.113000+00:00,2024-04-25 14:15:30+00:00,2024-04-25 14:17:30+00:00,TABUENCA01-45,Sensoria-C1-E90A,Left,Gait,1.0.5,40.3882544,-3.6292402,F0:75:B1:51:59:F6,SCKS,0.6875,2.468749,-0.78125,-16.799999,-125.440002,-252.0,0.09344,0.812928,-0.252288,555,426,702,2.679128484694416
2024-04-25 14:16:30.129000+00:00,2024-04-25 14:15:30+00:00,2024-04-25 14:17:30+00:00,TABUENCA01-45,Sensoria-C1-E90A,Left,Gait,1.0.5,40.3882544,-3.6292402,F0:75:B1:51:59:F6,SCKS,1.093749,1.562499,-0.59375,12.32,6.72,-275.519989,0.037376,0.812928,-0.252288,621,499,705,1.9975557720629482
2024-04-25 14:16:30.138000+00:00,2024-04-25 14:15:30+00:00,2024-04-25 14:17:30+00:00,TABUENCA01-45,Sensoria-C1-EEA1,Right,Gait,1.0.5,40.3882544,-3.6292402,CB:AA:BC:3F:36:A5,SCKS,0.121094,1.035157,0.074219,-1.12,29.120001,118.720001,-0.009344,0.7008,-0.28032,474,722,339,1.044855124620634
2024-04-25 14:16:30.146000+00:00,2024-04-25 14:15:30+00:00,2024-04-25 14:17:30+00:00,TABUENCA01-45,Sensoria-C1-E90A,Left,Gait,1.0.5,40.3882544,-3.6292402,F0:75:B1:51:59:F6,SCKS,0.15625,0.625,-0.53125,17.92,-26.880001,-156.800003,0.0,0.79424,-0.252288,670,534,706,0.8350243259929617
2024-04-25 14:16:30.155000+00:00,2024-04-25 14:15:30+00:00,2024-04-25 14:17:30+00:00,TABUENCA01-45,Sensoria-C1-EEA1,Right,Gait,1.0.5,40.3882544,-3.6292402,CB:AA:BC:3F:36:A5,SCKS,-0.089844,0.957032,-0.089844,-8.96,40.32,89.599998,0.0,0.710144,-0.289664,459,710,327,0.9654295094391926
2024-04-25 14:16:30.171000+00:00,2024-04-25 14:15:30+00:00,2024-04-25 14:17:30+00:00,TABUENCA01-45,Sensoria-C1-EEA1,Right,Gait,1.0.5,40.3882544,-3.6292402,CB:AA:BC:3F:36:A5,SCKS,0.011719,1.007813,0.140625,-7.84,21.280001,63.84,0.009344,0.719488,-0.270976,448,691,322,1.0176442249406226
2024-04-25 14:16:30.179000+00:00,2024-04-25 14:15:30+00:00,2024-04-25 14:17:30+00:00,TABUENCA01-45,Sensoria-C1-E90A,Left,Gait,1.0.5,40.3882544,-3.6292402,F0:75:B1:51:59:F6,SCKS,0.875,0.21875,-0.21875,22.4,-166.880005,16.799999,-0.028032,0.79424,-0.2336,693,544,705,0.9280776503073436
2024-04-25 14:16:30.188000+00:00,2024-04-25 14:15:30+00:00,2024-04-25 14:17:30+00:00,TABUENCA01-45,Sensoria-C1-EEA1,Right,Gait,1.0.5,40.3882544,-3.6292402,CB:AA:BC:3F:36:A5,SCKS,-0.082031,1.027344,0.007813,3.36,12.32,42.560001,0.018688,0.728832,-0.261632,437,678,326,1.0306434020872592
2024-04-25 14:16:30.211000+00:00,2024-04-25 14:15:30+00:00,2024-04-25 14:17:30+00:00,TABUENCA01-45,Sensoria-C1-E90A,Left,Gait,1.0.5,40.3882544,-3.6292402,F0:75:B1:51:59:F6,SCKS,1.031249,0.0,0.0,-4.48,-53.760002,140.0,0.0,0.79424,-0.252288,705,547,702,1.031249
2024-04-25 14:16:30.220000+00:00,2024-04-25 14:15:30+00:00,2024-04-25 14:17:30+00:00,TABUENCA01-45,Sensoria-C1-EEA1,Right,Gait,1.0.5,40.3882544,-3.6292402,CB:AA:BC:3F:36:A5,SCKS,-0.132813,0.972657,0.101563,-2.24,14.56,35.84,0.018688,0.728832,-0.261632,429,666,335,0.9869224769894543
2024-04-25 14:16:30.236000+00:00,2024-04-25 14:15:30+00:00,2024-04-25 14:17:30+00:00,TABUENCA01-45,Sensoria-C1-EEA1,Right,Gait,1.0.5,40.3882544,-3.6292402,CB:AA:BC:3F:36:A5,SCKS,-0.15625,1.054688,-0.164063,4.48,6.72,34.720001,0.018688,0.728832,-0.270976,419,658,349,1.0787481206532878
2024-04-25 14:16:30.244000+00:00,2024-04-25 14:15:30+00:00,2024-04-25 14:17:30+00:00,TABUENCA01-45,Sensoria-C1-E90A,Left,Gait,1.0.5,40.3882544,-3.6292402,F0:75:B1:51:59:F6,SCKS,0.34375,0.0,0.09375,-6.72,26.880001,183.680008,0.028032,0.803584,-0.252288,707,547,700,0.3563048203434806
2024-04-25 14:16:30.252000+00:00,2024-04-25 14:15:30+00:00,2024-04-25 14:17:30+00:00,TABUENCA01-45,Sensoria-C1-EEA1,Right,Gait,1.0.5,40.3882544,-3.6292402,CB:AA:BC:3F:36:A5,SCKS,-0.097656,0.945313,-0.109375,-10.08,21.280001,42.560001,0.028032,0.728832,-0.270976,410,649,372,0.9566170879353975
2024-04-25 14:16:30.268000+00:00,2024-04-25 14:15:30+00:00,2024-04-25 14:17:30+00:00,TABUENCA01-45,Sensoria-C1-EEA1,Right,Gait,1.0.5,40.3882544,-3.6292402,CB:AA:BC:3F:36:A5,SCKS,-0.070313,0.945313,0.019531,-8.96,23.52,43.68,0.037376,0.728832,-0.270976,402,640,396,0.9481255433216637
2024-04-25 14:16:30.276000+00:00,2024-04-25 14:15:30+00:00,2024-04-25 14:17:30+00:00,TABUENCA01-45,Sensoria-C1-E90A,Left,Gait,1.0.5,40.3882544,-3.6292402,F0:75:B1:51:59:F6,SCKS,0.375,0.21875,-0.15625,17.92,26.880001,260.959991,0.065408,0.803584,-0.252288,707,545,699,0.46140072063229376
2024-04-25 14:16:30.309000+00:00,2024-04-25 14:15:30+00:00,2024-04-25 14:17:30+00:00,TABUENCA01-45,Sensoria-C1-E90A,Left,Gait,1.0.5,40.3882544,-3.6292402,F0:75:B1:51:59:F6,SCKS,0.4375,0.59375,-0.125,5.6,29.120001,303.519989,0.121472,0.803584,-0.242944,706,547,698,0.748044325224114
2024-04-25 14:16:30.317000+00:00,2024-04-25 14:15:30+00:00,2024-04-25 14:17:30+00:00,TABUENCA01-45,Sensoria-C1-EEA1,Right,Gait,1.0.5,40.3882544,-3.6292402,CB:AA:BC:3F:36:A5,SCKS,-0.046875,0.960938,-0.019531,0.0,29.120001,47.040001,0.04672,0.738176,-0.261632,370,605,448,0.962278839749685
2024-04-25 14:16:30.333000+00:00,2024-04-25 14:15:30+00:00,2024-04-25 14:17:30+00:00,TABUENCA01-45,Sensoria-C1-EEA1,Right,Gait,1.0.5,40.3882544,-3.6292402,CB:AA:BC:3F:36:A5,SCKS,-0.03125,0.972657,-0.0625,5.6,26.880001,49.279999,0.04672,0.738176,-0.261632,353,591,469,0.9751638078543522
2024-04-25 14:16:30.341000+00:00,2024-04-25 14:15:30+00:00,2024-04-25 14:17:30+00:00,TABUENCA01-45,Sensoria-C1-E90A,Left,Gait,1.0.5,40.3882544,-3.6292402,F0:75:B1:51:59:F6,SCKS,0.3125,0.84375,0.0,0.0,48.16,355.040009,0.18688,0.79424,-0.242944,706,544,697,0.899761253055498
2024-04-25 14:16:30.350000+00:00,2024-04-25 14:15:30+00:00,2024-04-25 14:17:30+00:00,TABUENCA01-45,Sensoria-C1-EEA1,Right,Gait,1.0.5,40.3882544,-3.6292402,CB:AA:BC:3F:36:A5,SCKS,-0.035156,0.960938,-0.066406,3.36,25.76,52.639999,0.056064,0.74752,-0.252288,336,575,487,0.9638711226175416
2024-04-25 14:16:30.366000+00:00,2024-04-25 14:15:30+00:00,2024-04-25 14:17:30+00:00,TABUENCA01-45,Sensoria-C1-EEA1,Right,Gait,1.0.5,40.3882544,-3.6292402,CB:AA:BC:3F:36:A5,SCKS,-0.03125,1.011719,-0.023438,-2.24,19.040001,60.48,0.065408,0.74752,-0.252288,317,558,506,1.0124728328725665
2024-04-25 14:16:30.373000+00:00,2024-04-25 14:15:30+00:00,2024-04-25 14:17:30+00:00,TABUENCA01-45,Sensoria-C1-E90A,Left,Gait,1.0.5,40.3882544,-3.6292402,F0:75:B1:51:59:F6,SCKS,0.46875,1.468749,-0.09375,-4.48,35.84,400.959991,0.317696,0.728832,-0.252288,706,542,696,1.5445838436294095
2024-04-25 14:16:30.399000+00:00,2024-04-25 14:15:30+00:00,2024-04-25 14:17:30+00:00,TABUENCA01-45,Sensoria-C1-EEA1,Right,Gait,1.0.5,40.3882544,-3.6292402,CB:AA:BC:3F:36:A5,SCKS,-0.027344,1.015626,0.003906,-3.36,14.56,66.080002,0.074752,0.756864,-0.252288,298,540,526,1.0160015369319082
2024-04-25 14:16:30.406000+00:00,2024-04-25 14:15:30+00:00,2024-04-25 14:17:30+00:00,TABUENCA01-45,Sensoria-C1-E90A,Left,Gait,1.0.5,40.3882544,-3.6292402,F0:75:B1:51:59:F6,SCKS,0.4375,2.343749,-0.0625,-11.2,44.799999,426.720001,0.383104,0.682112,-0.261632,705,542,694,2.385051755203857
2024-04-25 14:16:30.415000+00:00,2024-04-25 14:15:30+00:00,2024-04-25 14:17:30+00:00,TABUENCA01-45,Sensoria-C1-EEA1,Right,Gait,1.0.5,40.3882544,-3.6292402,CB:AA:BC:3F:36:A5,SCKS,-0.011719,1.050782,0.003906,1.12,4.48,71.68,0.084096,0.756864,-0.242944,281,521,549,1.0508546061758497
2024-04-25 14:16:30.431000+00:00,2024-04-25 14:15:30+00:00,2024-04-25 14:17:30+00:00,TABUENCA01-45,Sensoria-C1-EEA1,Right,Gait,1.0.5,40.3882544,-3.6292402,CB:AA:BC:3F:36:A5,SCKS,-0.003906,1.078126,-0.042969,2.24,-1.12,78.400002,0.084096,0.756864,-0.242944,263,503,579,1.0789890007191916
2024-04-25 14:16:30.439000+00:00,2024-04-25 14:15:30+00:00,2024-04-25 14:17:30+00:00,TABUENCA01-45,Sensoria-C1-E90A,Left,Gait,1.0.5,40.3882544,-3.6292402,F0:75:B1:51:59:F6,SCKS,-0.34375,3.468748,-0.21875,-35.84,87.360001,445.76001,0.485888,0.551296,-0.289664,704,540,695,3.4925962137790854
2024-04-25 14:16:30.447000+00:00,2024-04-25 14:15:30+00:00,2024-04-25 14:17:30+00:00,TABUENCA01-45,Sensoria-C1-EEA1,Right,Gait,1.0.5,40.3882544,-3.6292402,CB:AA:BC:3F:36:A5,SCKS,-0.023438,1.074219,0.070313,-1.12,-1.12,88.480003,0.09344,0.766208,-0.242944,248,483,613,1.076772825517992
2024-04-25 14:16:30.471000+00:00,2024-04-25 14:15:30+00:00,2024-04-25 14:17:30+00:00,TABUENCA01-45,Sensoria-C1-E90A,Left,Gait,1.0.5,40.3882544,-3.6292402,F0:75:B1:51:59:F6,SCKS,-2.343749,2.343749,-1.187499,3.36,113.120003,320.320007,0.504576,0.485888,-0.299008,704,541,696,3.5208624831144713
2024-04-25 14:16:30.480000+00:00,2024-04-25 14:15:30+00:00,2024-04-25 14:17:30+00:00,TABUENCA01-45,Sensoria-C1-EEA1,Right,Gait,1.0.5,40.3882544,-3.6292402,CB:AA:BC:3F:36:A5,SCKS,-0.105469,1.191407,0.117188,-1.12,-11.2,99.68,0.112128,0.766208,-0.242944,233,467,644,1.2017934002789332
2024-04-25 14:16:30.487000+00:00,2024-04-25 14:15:30+00:00,2024-04-25 14:17:30+00:00,TABUENCA01-45,Sensoria-C1-E90A,Left,Gait,1.0.5,40.3882544,-3.6292402,F0:75:B1:51:59:F6,SCKS,-3.843748,1.499999,-0.6875,30.24,-63.84,140.0,0.523264,0.457856,-0.308352,702,542,703,4.182947756965774
2024-04-25 14:16:30.496000+00:00,2024-04-25 14:15:30+00:00,2024-04-25 14:17:30+00:00,TABUENCA01-45,Sensoria-C1-EEA1,Right,Gait,1.0.5,40.3882544,-3.6292402,CB:AA:BC:3F:36:A5,SCKS,-0.160156,1.285157,0.152344,-1.12,-25.76,117.599998,0.121472,0.775552,-0.242944,222,456,669,1.3040272824297046
2024-04-25 14:16:30.512000+00:00,2024-04-25 14:15:30+00:00,2024-04-25 14:17:30+00:00,TABUENCA01-45,Sensoria-C1-EEA1,Right,Gait,1.0.5,40.3882544,-3.6292402,CB:AA:BC:3F:36:A5,SCKS,-0.101563,1.339845,0.078125,-5.6,-40.32,135.520004,0.14016,0.775552,-0.252288,213,443,688,1.345958090959373
2024-04-25 14:16:30.520000+00:00,2024-04-25 14:15:30+00:00,2024-04-25 14:17:30+00:00,TABUENCA01-45,Sensoria-C1-E90A,Left,Gait,1.0.5,40.3882544,-3.6292402,F0:75:B1:51:59:F6,SCKS,-1.718749,3.062498,-0.3125,28.0,-6.72,-133.279999,0.51392,0.4672,-0.299008,699,541,705,3.525712463461109
2024-04-25 14:16:30.529000+00:00,2024-04-25 14:15:30+00:00,2024-04-25 14:17:30+00:00,TABUENCA01-45,Sensoria-C1-EEA1,Right,Gait,1.0.5,40.3882544,-3.6292402,CB:AA:BC:3F:36:A5,SCKS,-0.136719,1.51172,-0.292969,-14.56,-38.080002,152.320007,0.168192,0.784896,-0.252288,205,442,700,1.5459043561365626
2024-04-25 14:16:30.545000+00:00,2024-04-25 14:15:30+00:00,2024-04-25 14:17:30+00:00,TABUENCA01-45,Sensoria-C1-EEA1,Right,Gait,1.0.5,40.3882544,-3.6292402,CB:AA:BC:3F:36:A5,SCKS,-0.246094,1.703126,-0.109375,-23.52,-8.96,171.360001,0.168192,0.784896,-0.252288,201,452,706,1.724286321739229
2024-04-25 14:16:30.552000+00:00,2024-04-25 14:15:30+00:00,2024-04-25 14:17:30+00:00,TABUENCA01-45,Sensoria-C1-E90A,Left,Gait,1.0.5,40.3882544,-3.6292402,F0:75:B1:51:59:F6,SCKS,2.874999,-0.125,0.999999,51.52,97.440002,-98.559998,0.51392,0.485888,-0.308352,705,540,680,3.0465131297931407
2024-04-25 14:16:30.577000+00:00,2024-04-25 14:15:30+00:00,2024-04-25 14:17:30+00:00,TABUENCA01-45,Sensoria-C1-EEA1,Right,Gait,1.0.5,40.3882544,-3.6292402,CB:AA:BC:3F:36:A5,SCKS,-0.476563,1.976564,0.164063,-32.48,28.0,192.639999,0.196224,0.79424,-0.261632,202,469,708,2.039812297010193
2024-04-25 14:16:30.585000+00:00,2024-04-25 14:15:30+00:00,2024-04-25 14:17:30+00:00,TABUENCA01-45,Sensoria-C1-E90A,Left,Gait,1.0.5,40.3882544,-3.6292402,F0:75:B1:51:59:F6,SCKS,-0.28125,1.843749,0.25,84.0,118.720001,-244.160004,0.476544,0.56064,-0.345728,707,547,607,1.8817576723640588
2024-04-25 14:16:30.594000+00:00,2024-04-25 14:15:30+00:00,2024-04-25 14:17:30+00:00,TABUENCA01-45,Sensoria-C1-EEA1,Right,Gait,1.0.5,40.3882544,-3.6292402,CB:AA:BC:3F:36:A5,SCKS,-1.042969,1.996095,0.625,-59.360001,79.519997,216.160004,0.242944,0.79424,-0.270976,211,488,709,2.3372643376362032
2024-04-25 14:16:30.610000+00:00,2024-04-25 14:15:30+00:00,2024-04-25 14:17:30+00:00,TABUENCA01-45,Sensoria-C1-EEA1,Right,Gait,1.0.5,40.3882544,-3.6292402,CB:AA:BC:3F:36:A5,SCKS,-0.640625,1.996095,0.277344,-51.52,60.48,252.0,0.289664,0.803584,-0.270976,236,517,708,2.1146430748440737
2024-04-25 14:16:30.617000+00:00,2024-04-25 14:15:30+00:00,2024-04-25 14:17:30+00:00,TABUENCA01-45,Sensoria-C1-E90A,Left,Gait,1.0.5,40.3882544,-3.6292402,F0:75:B1:51:59:F6,SCKS,-0.15625,1.531249,-0.84375,117.599998,-13.440001,-226.240005,0.448512,0.616704,-0.32704,705,548,469,1.7552924613867058
2024-04-25 14:16:30.626000+00:00,2024-04-25 14:15:30+00:00,2024-04-25 14:17:30+00:00,TABUENCA01-45,Sensoria-C1-EEA1,Right,Gait,1.0.5,40.3882544,-3.6292402,CB:AA:BC:3F:36:A5,SCKS,-0.621094,1.996095,-0.398438,-11.2,-11.2,292.320007,0.336384,0.803584,-0.270976,283,569,705,2.128122610590142
2024-04-25 14:16:30.650000+00:00,2024-04-25 14:15:30+00:00,2024-04-25 14:17:30+00:00,TABUENCA01-45,Sensoria-C1-E90A,Left,Gait,1.0.5,40.3882544,-3.6292402,F0:75:B1:51:59:F6,SCKS,-0.09375,1.124999,0.125,89.599998,-47.040001,-202.720001,0.42048,0.644736,-0.317696,693,554,374,1.1357978748443758
2024-04-25 14:16:30.659000+00:00,2024-04-25 14:15:30+00:00,2024-04-25 14:17:30+00:00,TABUENCA01-45,Sensoria-C1-EEA1,Right,Gait,1.0.5,40.3882544,-3.6292402,CB:AA:BC:3F:36:A5,SCKS,-0.703125,1.996095,-0.843751,3.36,-99.68,330.399994,0.336384,0.803584,-0.270976,347,626,705,2.278309848253964
2024-04-25 14:16:30.675000+00:00,2024-04-25 14:15:30+00:00,2024-04-25 14:17:30+00:00,TABUENCA01-45,Sensoria-C1-EEA1,Right,Gait,1.0.5,40.3882544,-3.6292402,CB:AA:BC:3F:36:A5,SCKS,-0.21875,0.863282,-0.812501,28.0,-20.16,256.480011,0.392448,0.79424,-0.270976,414,672,707,1.205514516306212
2024-04-25 14:16:30.682000+00:00,2024-04-25 14:15:30+00:00,2024-04-25 14:17:30+00:00,TABUENCA01-45,Sensoria-C1-E90A,Left,Gait,1.0.5,40.3882544,-3.6292402,F0:75:B1:51:59:F6,SCKS,0.0625,0.968749,-0.3125,60.48,-64.959999,-100.800003,0.401792,0.663424,-0.299008,665,542,333,1.0198221045854028
2024-04-25 14:16:30.691000+00:00,2024-04-25 14:15:30+00:00,2024-04-25 14:17:30+00:00,TABUENCA01-45,Sensoria-C1-EEA1,Right,Gait,1.0.5,40.3882544,-3.6292402,CB:AA:BC:3F:36:A5,SCKS,1.058594,0.191406,-1.156251,24.639999,104.160004,150.080002,0.429824,0.784896,-0.252288,455,691,705,1.5792953772720921
2024-04-25 14:16:30.707000+00:00,2024-04-25 14:15:30+00:00,2024-04-25 14:17:30+00:00,TABUENCA01-45,Sensoria-C1-EEA1,Right,Gait,1.0.5,40.3882544,-3.6292402,CB:AA:BC:3F:36:A5,SCKS,-1.347657,0.324219,-0.671875,8.96,260.959991,16.799999,0.457856,0.784896,-0.261632,476,704,703,1.5403614398039833
2024-04-25 14:16:30.715000+00:00,2024-04-25 14:15:30+00:00,2024-04-25 14:17:30+00:00,TABUENCA01-45,Sensoria-C1-E90A,Left,Gait,1.0.5,40.3882544,-3.6292402,F0:75:B1:51:59:F6,SCKS,0.125,0.968749,-0.125,31.360001,-48.16,-40.32,0.392448,0.672768,-0.289664,641,520,323,0.9847459697815473
2024-04-25 14:16:30.739000+00:00,2024-04-25 14:15:30+00:00,2024-04-25 14:17:30+00:00,TABUENCA01-45,Sensoria-C1-EEA1,Right,Gait,1.0.5,40.3882544,-3.6292402,CB:AA:BC:3F:36:A5,SCKS,-1.367188,0.171875,-0.203125,-22.4,211.680008,-63.84,0.448512,0.784896,-0.289664,486,711,701,1.3928401949233085
2024-04-25 14:16:30.748000+00:00,2024-04-25 14:15:30+00:00,2024-04-25 14:17:30+00:00,TABUENCA01-45,Sensoria-C1-E90A,Left,Gait,1.0.5,40.3882544,-3.6292402,F0:75:B1:51:59:F6,SCKS,0.09375,0.968749,-0.15625,29.120001,-13.440001,-25.76,0.383104,0.691456,-0.270976,620,500,335,0.9857371607081676
2024-04-25 14:16:30.759000+00:00,2024-04-25 14:15:30+00:00,2024-04-25 14:17:30+00:00,TABUENCA01-45,Sensoria-C1-EEA1,Right,Gait,1.0.5,40.3882544,-3.6292402,CB:AA:BC:3F:36:A5,SCKS,-0.757813,-0.160156,0.136719,2.24,125.440002,-92.959999,0.448512,0.784896,-0.289664,490,716,701,0.7865256335721043
2024-04-25 14:16:30.773000+00:00,2024-04-25 14:15:30+00:00,2024-04-25 14:17:30+00:00,TABUENCA01-45,Sensoria-C1-EEA1,Right,Gait,1.0.5,40.3882544,-3.6292402,CB:AA:BC:3F:36:A5,SCKS,-0.578125,-0.089844,0.105469,56.0,52.639999,-145.600006,0.429824,0.79424,-0.28032,493,714,700,0.5944948863716155
2024-04-25 14:16:30.780000+00:00,2024-04-25 14:15:30+00:00,2024-04-25 14:17:30+00:00,TABUENCA01-45,Sensoria-C1-E90A,Left,Gait,1.0.5,40.3882544,-3.6292402,F0:75:B1:51:59:F6,SCKS,0.125,0.968749,-0.21875,11.2,-25.76,-29.120001,0.37376,0.7008,-0.270976,599,473,388,1.0009751183226285
2024-04-25 14:16:30.788000+00:00,2024-04-25 14:15:30+00:00,2024-04-25 14:17:30+00:00,TABUENCA01-45,Sensoria-C1-EEA1,Right,Gait,1.0.5,40.3882544,-3.6292402,CB:AA:BC:3F:36:A5,SCKS,-0.707032,0.199219,0.070313,71.68,7.84,-202.720001,0.401792,0.803584,-0.28032,494,715,697,0.7379203052864177
2024-04-25 14:16:30.796000+00:00,2024-04-25 14:15:30+00:00,2024-04-25 14:17:30+00:00,TABUENCA01-45,Sensoria-C1-E90A,Left,Gait,1.0.5,40.3882544,-3.6292402,F0:75:B1:51:59:F6,SCKS,0.09375,0.9375,-0.25,7.84,-40.32,-31.360001,0.364416,0.710144,-0.261632,589,458,441,0.9747796225301388
2024-04-25 14:16:30.805000+00:00,2024-04-25 14:15:30+00:00,2024-04-25 14:17:30+00:00,TABUENCA01-45,Sensoria-C1-EEA1,Right,Gait,1.0.5,40.3882544,-3.6292402,CB:AA:BC:3F:36:A5,SCKS,-0.628907,0.339844,0.105469,70.559998,-38.080002,-248.639999,0.355072,0.803584,-0.270976,493,714,699,0.7225937094564275
2024-04-25 14:16:30.828000+00:00,2024-04-25 14:15:30+00:00,2024-04-25 14:17:30+00:00,TABUENCA01-45,Sensoria-C1-E90A,Left,Gait,1.0.5,40.3882544,-3.6292402,F0:75:B1:51:59:F6,SCKS,0.03125,0.90625,-0.25,2.24,-50.400002,-22.4,0.364416,0.710144,-0.252288,579,441,492,0.9406198089557757
2024-04-25 14:16:30.837000+00:00,2024-04-25 14:15:30+00:00,2024-04-25 14:17:30+00:00,TABUENCA01-45,Sensoria-C1-EEA1,Right,Gait,1.0.5,40.3882544,-3.6292402,CB:AA:BC:3F:36:A5,SCKS,-0.578125,0.496094,0.148438,68.32,-77.279999,-292.320007,0.308352,0.812928,-0.252288,495,713,697,0.776126028622285
2024-04-25 14:16:30.853000+00:00,2024-04-25 14:15:30+00:00,2024-04-25 14:17:30+00:00,TABUENCA01-45,Sensoria-C1-EEA1,Right,Gait,1.0.5,40.3882544,-3.6292402,CB:AA:BC:3F:36:A5,SCKS,-0.535157,0.738282,0.125,68.32,-101.919998,-330.399994,0.308352,0.812928,-0.252288,491,712,696,0.920368581695942
2024-04-25 14:16:30.861000+00:00,2024-04-25 14:15:30+00:00,2024-04-25 14:17:30+00:00,TABUENCA01-45,Sensoria-C1-E90A,Left,Gait,1.0.5,40.3882544,-3.6292402,F0:75:B1:51:59:F6,SCKS,0.09375,0.9375,-0.28125,-1.12,-52.639999,-16.799999,0.355072,0.719488,-0.252288,567,424,530,0.9832582951595171
2024-04-25 14:16:30.870000+00:00,2024-04-25 14:15:30+00:00,2024-04-25 14:17:30+00:00,TABUENCA01-45,Sensoria-C1-EEA1,Right,Gait,1.0.5,40.3882544,-3.6292402,CB:AA:BC:3F:36:A5,SCKS,-0.5,1.066407,0.070313,59.360001,-103.040001,-360.640015,0.242944,0.79424,-0.252288,493,711,696,1.179901609295453
2024-04-25 14:16:30.886000+00:00,2024-04-25 14:15:30+00:00,2024-04-25 14:17:30+00:00,TABUENCA01-45,Sensoria-C1-EEA1,Right,Gait,1.0.5,40.3882544,-3.6292402,CB:AA:BC:3F:36:A5,SCKS,-0.390625,1.375001,0.070313,35.84,-82.879997,-383.040009,0.168192,0.784896,-0.2336,492,711,694,1.4311392519929707
2024-04-25 14:16:30.894000+00:00,2024-04-25 14:15:30+00:00,2024-04-25 14:17:30+00:00,TABUENCA01-45,Sensoria-C1-E90A,Left,Gait,1.0.5,40.3882544,-3.6292402,F0:75:B1:51:59:F6,SCKS,0.0625,0.9375,-0.21875,-4.48,-50.400002,-23.52,0.355072,0.710144,-0.242944,554,403,560,0.9647093150270707
2024-04-25 14:16:30.919000+00:00,2024-04-25 14:15:30+00:00,2024-04-25 14:17:30+00:00,TABUENCA01-45,Sensoria-C1-EEA1,Right,Gait,1.0.5,40.3882544,-3.6292402,CB:AA:BC:3F:36:A5,SCKS,-0.371094,1.85547,0.144531,5.6,-34.720001,-390.880005,0.112128,0.756864,-0.242944,493,711,695,1.8977272953975763
2024-04-25 14:16:30.926000+00:00,2024-04-25 14:15:30+00:00,2024-04-25 14:17:30+00:00,TABUENCA01-45,Sensoria-C1-E90A,Left,Gait,1.0.5,40.3882544,-3.6292402,F0:75:B1:51:59:F6,SCKS,0.0625,0.9375,-0.1875,0.0,-47.040001,-34.720001,0.345728,0.719488,-0.242944,535,377,582,0.9581068572972432
2024-04-25 14:16:30.935000+00:00,2024-04-25 14:15:30+00:00,2024-04-25 14:17:30+00:00,TABUENCA01-45,Sensoria-C1-EEA1,Right,Gait,1.0.5,40.3882544,-3.6292402,CB:AA:BC:3F:36:A5,SCKS,-0.457032,1.996095,0.304688,-6.72,11.2,-388.640015,0.04672,0.719488,-0.242944,493,710,694,2.0702918333879885
2024-04-25 14:16:30.952000+00:00,2024-04-25 14:15:30+00:00,2024-04-25 14:17:30+00:00,TABUENCA01-45,Sensoria-C1-EEA1,Right,Gait,1.0.5,40.3882544,-3.6292402,CB:AA:BC:3F:36:A5,SCKS,0.066406,1.996095,0.199219,25.76,-21.280001,-387.519989,0.0,0.682112,-0.242944,493,710,694,2.0071106635713933
2024-04-25 14:16:30.959000+00:00,2024-04-25 14:15:30+00:00,2024-04-25 14:17:30+00:00,TABUENCA01-45,Sensoria-C1-E90A,Left,Gait,1.0.5,40.3882544,-3.6292402,F0:75:B1:51:59:F6,SCKS,0.0,0.999999,-0.15625,-1.12,-43.68,-48.16,0.32704,0.728832,-0.2336,511,347,600,1.012132433281831
2024-04-25 14:16:30.968000+00:00,2024-04-25 14:15:30+00:00,2024-04-25 14:17:30+00:00,TABUENCA01-45,Sensoria-C1-EEA1,Right,Gait,1.0.5,40.3882544,-3.6292402,CB:AA:BC:3F:36:A5,SCKS,0.65625,1.996095,0.179688,19.040001,-13.440001,-405.440002,0.0,0.682112,-0.242944,493,712,694,2.1088734169857135
2024-04-25 14:16:30.984000+00:00,2024-04-25 14:15:30+00:00,2024-04-25 14:17:30+00:00,TABUENCA01-45,Sensoria-C1-EEA1,Right,Gait,1.0.5,40.3882544,-3.6292402,CB:AA:BC:3F:36:A5,SCKS,1.98047,1.996095,-0.812501,33.599998,-32.48,-357.279999,-0.04672,0.626048,-0.242944,491,711,697,2.926912117731928
2024-04-25 14:16:30.991000+00:00,2024-04-25 14:15:30+00:00,2024-04-25 14:17:30+00:00,TABUENCA01-45,Sensoria-C1-E90A,Left,Gait,1.0.5,40.3882544,-3.6292402,F0:75:B1:51:59:F6,SCKS,0.03125,1.062499,-0.21875,-10.08,-48.16,-57.119999,0.317696,0.728832,-0.2336,482,317,622,1.0852337305857205
2024-04-25 14:16:31.016000+00:00,2024-04-25 14:15:30+00:00,2024-04-25 14:17:30+00:00,TABUENCA01-45,Sensoria-C1-EEA1,Right,Gait,1.0.5,40.3882544,-3.6292402,CB:AA:BC:3F:36:A5,SCKS,1.996095,1.433595,0.257813,57.119999,35.84,-218.399994,-0.074752,0.579328,-0.252288,490,712,698,2.4710437907934777
2024-04-25 14:16:31.023000+00:00,2024-04-25 14:15:30+00:00,2024-04-25 14:17:30+00:00,TABUENCA01-45,Sensoria-C1-E90A,Left,Gait,1.0.5,40.3882544,-3.6292402,F0:75:B1:51:59:F6,SCKS,0.09375,1.187499,-0.15625,-13.440001,-45.920002,-78.400002,0.299008,0.74752,-0.2336,447,282,658,1.2013979357402775
2024-04-25 14:16:31.032000+00:00,2024-04-25 14:15:30+00:00,2024-04-25 14:17:30+00:00,TABUENCA01-45,Sensoria-C1-EEA1,Right,Gait,1.0.5,40.3882544,-3.6292402,CB:AA:BC:3F:36:A5,SCKS,1.996095,1.996095,0.296875,71.68,42.560001,-134.399994,-0.084096,0.541952,-0.224256,490,712,699,2.8384723468223183
2024-04-25 14:16:31.048000+00:00,2024-04-25 14:15:30+00:00,2024-04-25 14:17:30+00:00,TABUENCA01-45,Sensoria-C1-EEA1,Right,Gait,1.0.5,40.3882544,-3.6292402,CB:AA:BC:3F:36:A5,SCKS,1.996095,1.957033,0.914063,-4.48,-5.6,42.560001,-0.084096,0.541952,-0.2336,489,714,703,2.9410686119305343
2024-04-25 14:16:31.056000+00:00,2024-04-25 14:15:30+00:00,2024-04-25 14:17:30+00:00,TABUENCA01-45,Sensoria-C1-E90A,Left,Gait,1.0.5,40.3882544,-3.6292402,F0:75:B1:51:59:F6,SCKS,0.03125,1.218749,0.0,-8.96,-32.48,-106.400002,0.289664,0.756864,-0.224256,426,262,678,1.219149575524267
2024-04-25 14:16:31.064000+00:00,2024-04-25 14:15:30+00:00,2024-04-25 14:17:30+00:00,TABUENCA01-45,Sensoria-C1-EEA1,Right,Gait,1.0.5,40.3882544,-3.6292402,CB:AA:BC:3F:36:A5,SCKS,-0.597657,0.449219,0.015625,16.799999,-127.68,140.0,-0.084096,0.541952,-0.2336,489,713,699,0.7478206604761599
2024-04-25 14:16:31.088000+00:00,2024-04-25 14:15:30+00:00,2024-04-25 14:17:30+00:00,TABUENCA01-45,Sensoria-C1-E90A,Left,Gait,1.0.5,40.3882544,-3.6292402,F0:75:B1:51:59:F6,SCKS,0.21875,1.437499,-0.3125,-14.56,-25.76,-145.600006,0.242944,0.784896,-0.224256,422,257,688,1.4872495377376993
2024-04-25 14:16:31.097000+00:00,2024-04-25 14:15:30+00:00,2024-04-25 14:17:30+00:00,TABUENCA01-45,Sensoria-C1-EEA1,Right,Gait,1.0.5,40.3882544,-3.6292402,CB:AA:BC:3F:36:A5,SCKS,-2.000001,0.902344,1.066407,26.880001,-136.639999,95.199997,-0.084096,0.56064,-0.261632,496,713,671,2.4395599160475645
2024-04-25 14:16:31.114000+00:00,2024-04-25 14:15:30+00:00,2024-04-25 14:17:30+00:00,TABUENCA01-45,Sensoria-C1-EEA1,Right,Gait,1.0.5,40.3882544,-3.6292402,CB:AA:BC:3F:36:A5,SCKS,1.179688,1.703126,0.472657,71.68,-199.360001,273.279999,-0.074752,0.598016,-0.299008,505,715,618,2.1250191972942267
2024-04-25 14:16:31.121000+00:00,2024-04-25 14:15:30+00:00,2024-04-25 14:17:30+00:00,TABUENCA01-45,Sensoria-C1-E90A,Left,Gait,1.0.5,40.3882544,-3.6292402,F0:75:B1:51:59:F6,SCKS,0.40625,1.843749,-0.21875,-14.56,-14.56,-182.559998,0.205568,0.79424,-0.2336,454,287,694,1.9006054298567603
2024-04-25 14:16:31.130000+00:00,2024-04-25 14:15:30+00:00,2024-04-25 14:17:30+00:00,TABUENCA01-45,Sensoria-C1-EEA1,Right,Gait,1.0.5,40.3882544,-3.6292402,CB:AA:BC:3F:36:A5,SCKS,0.644532,1.847658,0.207031,59.360001,-19.040001,227.360001,-0.065408,0.626048,-0.28032,511,721,537,1.9677711805362432
2024-04-25 14:16:31.137000+00:00,2024-04-25 14:15:30+00:00,2024-04-25 14:17:30+00:00,TABUENCA01-45,Sensoria-C1-E90A,Left,Gait,1.0.5,40.3882544,-3.6292402,F0:75:B1:51:59:F6,SCKS,1.093749,2.437499,-0.125,-38.080002,-41.439999,-202.720001,0.168192,0.803584,-0.224256,521,345,693,2.674567862291402
2024-04-25 14:16:31.146000+00:00,2024-04-25 14:15:30+00:00,2024-04-25 14:17:30+00:00,TABUENCA01-45,Sensoria-C1-EEA1,Right,Gait,1.0.5,40.3882544,-3.6292402,CB:AA:BC:3F:36:A5,SCKS,0.242188,1.527345,-0.53125,62.720001,50.400002,218.399994,-0.037376,0.663424,-0.252288,513,723,455,1.6351343488744279
2024-04-25 14:16:31.170000+00:00,2024-04-25 14:15:30+00:00,2024-04-25 14:17:30+00:00,TABUENCA01-45,Sensoria-C1-E90A,Left,Gait,1.0.5,40.3882544,-3.6292402,F0:75:B1:51:59:F6,SCKS,0.375,2.218749,-0.28125,-72.800003,-122.080002,-218.399994,0.130816,0.812928,-0.261632,566,391,694,2.267724341162523
2024-04-25 14:16:31.179000+00:00,2024-04-25 14:15:30+00:00,2024-04-25 14:17:30+00:00,TABUENCA01-45,Sensoria-C1-EEA1,Right,Gait,1.0.5,40.3882544,-3.6292402,CB:AA:BC:3F:36:A5,SCKS,0.457032,1.421876,-0.140625,16.799999,23.52,197.119995,-0.037376,0.663424,-0.252288,510,723,404,1.5001283275190158
2024-04-25 14:16:31.195000+00:00,2024-04-25 14:15:30+00:00,2024-04-25 14:17:30+00:00,TABUENCA01-45,Sensoria-C1-EEA1,Right,Gait,1.0.5,40.3882544,-3.6292402,CB:AA:BC:3F:36:A5,SCKS,-0.082031,0.722657,-0.214844,2.24,44.799999,154.559998,-0.018688,0.682112,-0.252288,497,726,373,0.7583667773221608
2024-04-25 14:16:31.202000+00:00,2024-04-25 14:15:30+00:00,2024-04-25 14:17:30+00:00,TABUENCA01-45,Sensoria-C1-E90A,Left,Gait,1.0.5,40.3882544,-3.6292402,F0:75:B1:51:59:F6,SCKS,0.90625,2.093749,-0.8125,2.24,-14.56,-283.360016,0.084096,0.803584,-0.252288,621,464,700,2.4218237317156257
2024-04-25 14:16:31.211000+00:00,2024-04-25 14:15:30+00:00,2024-04-25 14:17:30+00:00,TABUENCA01-45,Sensoria-C1-EEA1,Right,Gait,1.0.5,40.3882544,-3.6292402,CB:AA:BC:3F:36:A5,SCKS,0.097656,1.007813,0.074219,-6.72,30.24,135.520004,0.0,0.7008,-0.261632,481,726,354,1.0152498201260616
2024-04-25 14:16:31.227000+00:00,2024-04-25 14:15:30+00:00,2024-04-25 14:17:30+00:00,TABUENCA01-45,Sensoria-C1-EEA1,Right,Gait,1.0.5,40.3882544,-3.6292402,CB:AA:BC:3F:36:A5,SCKS,-0.089844,0.933594,-0.125,-10.08,21.280001,101.919998,0.009344,0.719488,-0.252288,465,715,343,0.9462001380109814
2024-04-25 14:16:31.235000+00:00,2024-04-25 14:15:30+00:00,2024-04-25 14:17:30+00:00,TABUENCA01-45,Sensoria-C1-E90A,Left,Gait,1.0.5,40.3882544,-3.6292402,F0:75:B1:51:59:F6,SCKS,0.625,0.46875,-0.3125,20.16,25.76,-197.119995,0.0,0.803584,-0.252288,673,522,705,0.8414320011147662
2024-04-25 14:16:31.243000+00:00,2024-04-25 14:15:30+00:00,2024-04-25 14:17:30+00:00,TABUENCA01-45,Sensoria-C1-EEA1,Right,Gait,1.0.5,40.3882544,-3.6292402,CB:AA:BC:3F:36:A5,SCKS,0.007813,1.015626,0.109375,-15.68,7.84,76.160004,0.018688,0.719488,-0.261632,452,700,338,1.0215283184865702
2024-04-25 14:16:31.267000+00:00,2024-04-25 14:15:30+00:00,2024-04-25 14:17:30+00:00,TABUENCA01-45,Sensoria-C1-E90A,Left,Gait,1.0.5,40.3882544,-3.6292402,F0:75:B1:51:59:F6,SCKS,0.8125,0.21875,-0.28125,25.76,-165.759995,12.32,-0.018688,0.79424,-0.252288,701,543,703,0.8871918479111494
2024-04-25 14:16:31.276000+00:00,2024-04-25 14:15:30+00:00,2024-04-25 14:17:30+00:00,TABUENCA01-45,Sensoria-C1-EEA1,Right,Gait,1.0.5,40.3882544,-3.6292402,CB:AA:BC:3F:36:A5,SCKS,-0.011719,1.031251,0.128906,-2.24,7.84,53.760002,0.018688,0.719488,-0.261632,441,681,337,1.0393424444320554
2024-04-25 14:16:31.300000+00:00,2024-04-25 14:15:30+00:00,2024-04-25 14:17:30+00:00,TABUENCA01-45,Sensoria-C1-E90A,Left,Gait,1.0.5,40.3882544,-3.6292402,F0:75:B1:51:59:F6,SCKS,1.031249,0.0625,-0.0625,-10.08,10.08,131.039993,0.009344,0.79424,-0.261632,708,545,701,1.0350299512579335
2024-04-25 14:16:31.309000+00:00,2024-04-25 14:15:30+00:00,2024-04-25 14:17:30+00:00,TABUENCA01-45,Sensoria-C1-EEA1,Right,Gait,1.0.5,40.3882544,-3.6292402,CB:AA:BC:3F:36:A5,SCKS,-0.128906,1.011719,-0.152344,2.24,10.08,36.959999,0.028032,0.728832,-0.261632,418,653,359,1.0312132592887855
2024-04-25 14:16:31.325000+00:00,2024-04-25 14:15:30+00:00,2024-04-25 14:17:30+00:00,TABUENCA01-45,Sensoria-C1-EEA1,Right,Gait,1.0.5,40.3882544,-3.6292402,CB:AA:BC:3F:36:A5,SCKS,-0.097656,0.964844,-0.125,-5.6,14.56,41.439999,0.037376,0.728832,-0.252288,408,645,378,0.9777963175794845
2024-04-25 14:16:31.332000+00:00,2024-04-25 14:15:30+00:00,2024-04-25 14:17:30+00:00,TABUENCA01-45,Sensoria-C1-E90A,Left,Gait,1.0.5,40.3882544,-3.6292402,F0:75:B1:51:59:F6,SCKS,0.28125,0.0625,-0.0625,4.48,38.080002,192.639999,0.037376,0.803584,-0.261632,708,546,700,0.29481191037676885
2024-04-25 14:16:31.357000+00:00,2024-04-25 14:15:30+00:00,2024-04-25 14:17:30+00:00,TABUENCA01-45,Sensoria-C1-EEA1,Right,Gait,1.0.5,40.3882544,-3.6292402,CB:AA:BC:3F:36:A5,SCKS,-0.058594,0.957032,-0.109375,-10.08,21.280001,44.799999,0.037376,0.738176,-0.261632,397,636,400,0.9650421734230065
2024-04-25 14:16:31.373000+00:00,2024-04-25 14:15:30+00:00,2024-04-25 14:17:30+00:00,TABUENCA01-45,Sensoria-C1-EEA1,Right,Gait,1.0.5,40.3882544,-3.6292402,CB:AA:BC:3F:36:A5,SCKS,-0.027344,0.953126,-0.015625,-11.2,29.120001,44.799999,0.056064,0.738176,-0.242944,385,623,420,0.9536461643801647
2024-04-25 14:16:31.390000+00:00,2024-04-25 14:15:30+00:00,2024-04-25 14:17:30+00:00,TABUENCA01-45,Sensoria-C1-EEA1,Right,Gait,1.0.5,40.3882544,-3.6292402,CB:AA:BC:3F:36:A5,SCKS,-0.035156,0.968751,-0.007813,-6.72,31.360001,42.560001,0.065408,0.738176,-0.242944,373,613,440,0.969420180987584
2024-04-25 14:16:31.396000+00:00,2024-04-25 14:15:30+00:00,2024-04-25 14:17:30+00:00,TABUENCA01-45,Sensoria-C1-E90A,Left,Gait,1.0.5,40.3882544,-3.6292402,F0:75:B1:51:59:F6,SCKS,0.46875,0.40625,-0.21875,16.799999,43.68,258.720001,0.084096,0.803584,-0.261632,709,545,698,0.6577364118702871
2024-04-25 14:16:31.398000+00:00,2024-04-25 14:15:30+00:00,2024-04-25 14:17:30+00:00,TABUENCA01-45,Sensoria-C1-E90A,Left,Gait,1.0.5,40.3882544,-3.6292402,F0:75:B1:51:59:F6,SCKS,0.34375,0.65625,-0.125,4.48,57.119999,300.160004,0.130816,0.803584,-0.252288,708,544,698,0.7513009550107067
2024-04-25 14:16:31.406000+00:00,2024-04-25 14:15:30+00:00,2024-04-25 14:17:30+00:00,TABUENCA01-45,Sensoria-C1-EEA1,Right,Gait,1.0.5,40.3882544,-3.6292402,CB:AA:BC:3F:36:A5,SCKS,-0.023438,0.964844,-0.039063,-3.36,26.880001,42.560001,0.065408,0.738176,-0.242944,360,601,459,0.9659188382824926
2024-04-25 14:16:31.430000+00:00,2024-04-25 14:15:30+00:00,2024-04-25 14:17:30+00:00,TABUENCA01-45,Sensoria-C1-E90A,Left,Gait,1.0.5,40.3882544,-3.6292402,F0:75:B1:51:59:F6,SCKS,0.34375,0.999999,-0.125,1.12,57.119999,350.559998,0.177536,0.784896,-0.261632,708,544,696,1.0647943756899731
2024-04-25 14:16:31.438000+00:00,2024-04-25 14:15:30+00:00,2024-04-25 14:17:30+00:00,TABUENCA01-45,Sensoria-C1-EEA1,Right,Gait,1.0.5,40.3882544,-3.6292402,CB:AA:BC:3F:36:A5,SCKS,-0.035156,0.984376,-0.023438,-3.36,22.4,43.68,0.065408,0.74752,-0.242944,346,589,480,0.9852823927971107
2024-04-25 14:16:31.455000+00:00,2024-04-25 14:15:30+00:00,2024-04-25 14:17:30+00:00,TABUENCA01-45,Sensoria-C1-EEA1,Right,Gait,1.0.5,40.3882544,-3.6292402,CB:AA:BC:3F:36:A5,SCKS,-0.03125,0.988282,-0.027344,-3.36,16.799999,48.16,0.074752,0.74752,-0.2336,331,576,498,0.9891539659527226
2024-04-25 14:16:31.471000+00:00,2024-04-25 14:15:30+00:00,2024-04-25 14:17:30+00:00,TABUENCA01-45,Sensoria-C1-EEA1,Right,Gait,1.0.5,40.3882544,-3.6292402,CB:AA:BC:3F:36:A5,SCKS,-0.019531,1.000001,-0.011719,-4.48,13.440001,53.760002,0.084096,0.74752,-0.242944,315,562,517,1.0002603635669065
2024-04-25 14:16:31.477000+00:00,2024-04-25 14:15:30+00:00,2024-04-25 14:17:30+00:00,TABUENCA01-45,Sensoria-C1-E90A,Left,Gait,1.0.5,40.3882544,-3.6292402,F0:75:B1:51:59:F6,SCKS,0.4375,1.593749,-0.15625,-11.2,47.040001,395.360016,0.317696,0.728832,-0.270976,707,541,696,1.660077163116522
2024-04-25 14:16:31.479000+00:00,2024-04-25 14:15:30+00:00,2024-04-25 14:17:30+00:00,TABUENCA01-45,Sensoria-C1-E90A,Left,Gait,1.0.5,40.3882544,-3.6292402,F0:75:B1:51:59:F6,SCKS,0.4375,2.312499,-0.09375,-16.799999,48.16,418.880005,0.37376,0.691456,-0.270976,707,541,696,2.355386791484787
2024-04-25 14:16:31.487000+00:00,2024-04-25 14:15:30+00:00,2024-04-25 14:17:30+00:00,TABUENCA01-45,Sensoria-C1-EEA1,Right,Gait,1.0.5,40.3882544,-3.6292402,CB:AA:BC:3F:36:A5,SCKS,-0.011719,1.000001,0.007813,-3.36,8.96,60.48,0.084096,0.756864,-0.2336,297,545,538,1.0001001839470884
2024-04-25 14:16:31.503000+00:00,2024-04-25 14:15:30+00:00,2024-04-25 14:17:30+00:00,TABUENCA01-45,Sensoria-C1-EEA1,Right,Gait,1.0.5,40.3882544,-3.6292402,CB:AA:BC:3F:36:A5,SCKS,-0.007813,1.031251,0.015625,-2.24,4.48,67.199997,0.084096,0.756864,-0.2336,278,527,565,1.0313989570457205
2024-04-25 14:16:31.511000+00:00,2024-04-25 14:15:30+00:00,2024-04-25 14:17:30+00:00,TABUENCA01-45,Sensoria-C1-E90A,Left,Gait,1.0.5,40.3882544,-3.6292402,F0:75:B1:51:59:F6,SCKS,0.15625,2.999998,-0.46875,-1.12,101.919998,440.160004,0.429824,0.626048,-0.28032,707,542,692,3.040415863825868
2024-04-25 14:16:31.535000+00:00,2024-04-25 14:15:30+00:00,2024-04-25 14:17:30+00:00,TABUENCA01-45,Sensoria-C1-EEA1,Right,Gait,1.0.5,40.3882544,-3.6292402,CB:AA:BC:3F:36:A5,SCKS,0.015625,1.082032,-0.039063,3.36,-4.48,73.919998,0.09344,0.756864,-0.2336,262,508,598,1.082849623732677
2024-04-25 14:16:31.543000+00:00,2024-04-25 14:15:30+00:00,2024-04-25 14:17:30+00:00,TABUENCA01-45,Sensoria-C1-E90A,Left,Gait,1.0.5,40.3882544,-3.6292402,F0:75:B1:51:59:F6,SCKS,-0.75,3.156248,-0.968749,-29.120001,77.279999,416.640015,0.485888,0.56064,-0.299008,705,540,693,3.3856869410069503
2024-04-25 14:16:31.552000+00:00,2024-04-25 14:15:30+00:00,2024-04-25 14:17:30+00:00,TABUENCA01-45,Sensoria-C1-EEA1,Right,Gait,1.0.5,40.3882544,-3.6292402,CB:AA:BC:3F:36:A5,SCKS,-0.050781,1.101563,0.054688,4.48,-5.6,84.0,0.102784,0.766208,-0.2336,245,490,631,1.1040880989640276
2024-04-25 14:16:31.568000+00:00,2024-04-25 14:15:30+00:00,2024-04-25 14:17:30+00:00,TABUENCA01-45,Sensoria-C1-EEA1,Right,Gait,1.0.5,40.3882544,-3.6292402,CB:AA:BC:3F:36:A5,SCKS,-0.089844,1.191407,0.109375,1.12,-13.440001,98.559998,0.121472,0.775552,-0.2336,231,471,657,1.1997855952669212
2024-04-25 14:16:31.575000+00:00,2024-04-25 14:15:30+00:00,2024-04-25 14:17:30+00:00,TABUENCA01-45,Sensoria-C1-E90A,Left,Gait,1.0.5,40.3882544,-3.6292402,F0:75:B1:51:59:F6,SCKS,-3.656248,1.562499,-0.6875,28.0,-68.32,137.759995,0.523264,0.4672,-0.317696,703,541,697,4.03512190801034
2024-04-25 14:16:31.584000+00:00,2024-04-25 14:15:30+00:00,2024-04-25 14:17:30+00:00,TABUENCA01-45,Sensoria-C1-EEA1,Right,Gait,1.0.5,40.3882544,-3.6292402,CB:AA:BC:3F:36:A5,SCKS,-0.132813,1.29297,0.148438,-3.36,-23.52,116.480003,0.14016,0.784896,-0.2336,219,459,680,1.3082219053788238
2024-04-25 14:16:31.608000+00:00,2024-04-25 14:15:30+00:00,2024-04-25 14:17:30+00:00,TABUENCA01-45,Sensoria-C1-E90A,Left,Gait,1.0.5,40.3882544,-3.6292402,F0:75:B1:51:59:F6,SCKS,-0.4375,4.312498,-0.40625,23.52,-28.0,-123.199997,0.523264,0.4672,-0.299008,700,541,703,4.353628867106612
2024-04-25 14:16:31.617000+00:00,2024-04-25 14:15:30+00:00,2024-04-25 14:17:30+00:00,TABUENCA01-45,Sensoria-C1-EEA1,Right,Gait,1.0.5,40.3882544,-3.6292402,CB:AA:BC:3F:36:A5,SCKS,-0.191406,1.390626,0.039063,-10.08,-34.720001,135.520004,0.14016,0.784896,-0.2336,208,450,696,1.4042801880967344
2024-04-25 14:16:31.633000+00:00,2024-04-25 14:15:30+00:00,2024-04-25 14:17:30+00:00,TABUENCA01-45,Sensoria-C1-EEA1,Right,Gait,1.0.5,40.3882544,-3.6292402,CB:AA:BC:3F:36:A5,SCKS,-0.15625,1.535157,-0.203125,-21.280001,-28.0,156.800003,0.158848,0.784896,-0.2336,203,449,704,1.5563999623406575
2024-04-25 14:16:31.640000+00:00,2024-04-25 14:15:30+00:00,2024-04-25 14:17:30+00:00,TABUENCA01-45,Sensoria-C1-E90A,Left,Gait,1.0.5,40.3882544,-3.6292402,F0:75:B1:51:59:F6,SCKS,3.031248,0.34375,1.218749,51.52,99.68,-113.120003,0.51392,0.485888,-0.299008,703,541,682,3.2851145527979693
2024-04-25 14:16:31.649000+00:00,2024-04-25 14:15:30+00:00,2024-04-25 14:17:30+00:00,TABUENCA01-45,Sensoria-C1-EEA1,Right,Gait,1.0.5,40.3882544,-3.6292402,CB:AA:BC:3F:36:A5,SCKS,-0.316406,1.753908,0.007813,-30.24,-2.24,175.839996,0.18688,0.79424,-0.252288,197,459,708,1.782236536565503
2024-04-25 14:16:31.666000+00:00,2024-04-25 14:15:30+00:00,2024-04-25 14:17:30+00:00,TABUENCA01-45,Sensoria-C1-EEA1,Right,Gait,1.0.5,40.3882544,-3.6292402,CB:AA:BC:3F:36:A5,SCKS,-0.636719,1.996095,0.289063,-39.200001,31.360001,199.360001,0.224256,0.79424,-0.252288,201,480,709,2.1150328016262536
2024-04-25 14:16:31.673000+00:00,2024-04-25 14:15:30+00:00,2024-04-25 14:17:30+00:00,TABUENCA01-45,Sensoria-C1-E90A,Left,Gait,1.0.5,40.3882544,-3.6292402,F0:75:B1:51:59:F6,SCKS,-0.5625,1.843749,0.125,95.199997,115.360001,-249.759995,0.476544,0.569984,-0.345728,706,545,610,1.9316939780930624
2024-04-25 14:16:31.698000+00:00,2024-04-25 14:15:30+00:00,2024-04-25 14:17:30+00:00,TABUENCA01-45,Sensoria-C1-EEA1,Right,Gait,1.0.5,40.3882544,-3.6292402,CB:AA:BC:3F:36:A5,SCKS,-1.148438,1.996095,0.523438,-58.240002,69.440002,228.479996,0.261632,0.803584,-0.252288,219,498,708,2.3616291895030854
2024-04-25 14:16:31.705000+00:00,2024-04-25 14:15:30+00:00,2024-04-25 14:17:30+00:00,TABUENCA01-45,Sensoria-C1-E90A,Left,Gait,1.0.5,40.3882544,-3.6292402,F0:75:B1:51:59:F6,SCKS,0.03125,1.437499,-0.8125,114.239998,-13.440001,-215.040009,0.448512,0.60736,-0.336384,705,548,470,1.6515254123085725
2024-04-25 14:16:31.714000+00:00,2024-04-25 14:15:30+00:00,2024-04-25 14:17:30+00:00,TABUENCA01-45,Sensoria-C1-EEA1,Right,Gait,1.0.5,40.3882544,-3.6292402,CB:AA:BC:3F:36:A5,SCKS,-0.296875,1.996095,-0.203125,-16.799999,-14.56,296.799988,0.317696,0.812928,-0.252288,253,536,708,2.028247958281975
2024-04-25 14:16:31.731000+00:00,2024-04-25 14:15:30+00:00,2024-04-25 14:17:30+00:00,TABUENCA01-45,Sensoria-C1-EEA1,Right,Gait,1.0.5,40.3882544,-3.6292402,CB:AA:BC:3F:36:A5,SCKS,-0.976563,1.996095,-0.671875,-14.56,-47.040001,324.799988,0.317696,0.812928,-0.252288,309,590,706,2.3215267729705378
2024-04-25 14:16:31.738000+00:00,2024-04-25 14:15:30+00:00,2024-04-25 14:17:30+00:00,TABUENCA01-45,Sensoria-C1-E90A,Left,Gait,1.0.5,40.3882544,-3.6292402,F0:75:B1:51:59:F6,SCKS,-0.15625,1.031249,-0.09375,85.120003,-44.799999,-194.880005,0.42048,0.635392,-0.32704,693,555,380,1.047223770261638
2024-04-25 14:16:31.764000+00:00,2024-04-25 14:15:30+00:00,2024-04-25 14:17:30+00:00,TABUENCA01-45,Sensoria-C1-EEA1,Right,Gait,1.0.5,40.3882544,-3.6292402,CB:AA:BC:3F:36:A5,SCKS,-0.363282,0.449219,-0.613282,19.040001,-24.639999,235.199997,0.42048,0.784896,-0.242944,433,680,706,0.8425475256678403
2024-04-25 14:16:31.773000+00:00,2024-04-25 14:15:30+00:00,2024-04-25 14:17:30+00:00,TABUENCA01-45,Sensoria-C1-E90A,Left,Gait,1.0.5,40.3882544,-3.6292402,F0:75:B1:51:59:F6,SCKS,0.03125,0.999999,-0.3125,49.279999,-68.32,-100.800003,0.401792,0.663424,-0.299008,663,541,338,1.0481559103973987
2024-04-25 14:16:31.796000+00:00,2024-04-25 14:15:30+00:00,2024-04-25 14:17:30+00:00,TABUENCA01-45,Sensoria-C1-EEA1,Right,Gait,1.0.5,40.3882544,-3.6292402,CB:AA:BC:3F:36:A5,SCKS,0.613282,0.535157,-0.742188,23.52,129.919998,144.479996,0.448512,0.775552,-0.252288,465,696,704,1.101522062201661
2024-04-25 14:16:31.803000+00:00,2024-04-25 14:15:30+00:00,2024-04-25 14:17:30+00:00,TABUENCA01-45,Sensoria-C1-E90A,Left,Gait,1.0.5,40.3882544,-3.6292402,F0:75:B1:51:59:F6,SCKS,0.09375,0.999999,-0.09375,19.040001,-60.48,-35.84,0.392448,0.672768,-0.289664,638,520,326,1.008749783147932
2024-04-25 14:16:31.812000+00:00,2024-04-25 14:15:30+00:00,2024-04-25 14:17:30+00:00,TABUENCA01-45,Sensoria-C1-EEA1,Right,Gait,1.0.5,40.3882544,-3.6292402,CB:AA:BC:3F:36:A5,SCKS,-1.437501,0.4375,-0.476563,-10.08,196.0,-15.68,0.448512,0.784896,-0.252288,482,707,704,1.576365334549704
2024-04-25 14:16:31.823000+00:00,2024-04-25 14:15:30+00:00,2024-04-25 14:17:30+00:00,TABUENCA01-45,Sensoria-C1-E90A,Left,Gait,1.0.5,40.3882544,-3.6292402,F0:75:B1:51:59:F6,SCKS,0.15625,0.968749,-0.25,14.56,-39.200001,-23.52,0.383104,0.682112,-0.28032,620,503,332,1.0126147774455003
2024-04-25 14:16:31.829000+00:00,2024-04-25 14:15:30+00:00,2024-04-25 14:17:30+00:00,TABUENCA01-45,Sensoria-C1-EEA1,Right,Gait,1.0.5,40.3882544,-3.6292402,CB:AA:BC:3F:36:A5,SCKS,-1.156251,0.089844,-0.121094,-42.560001,135.520004,-76.160004,0.448512,0.784896,-0.252288,490,710,700,1.1660411983171948
2024-04-25 14:16:31.845000+00:00,2024-04-25 14:15:30+00:00,2024-04-25 14:17:30+00:00,TABUENCA01-45,Sensoria-C1-EEA1,Right,Gait,1.0.5,40.3882544,-3.6292402,CB:AA:BC:3F:36:A5,SCKS,-0.578125,-0.175781,0.066406,-16.799999,66.080002,-104.160004,0.448512,0.784896,-0.270976,492,715,700,0.6078957414080148
2024-04-25 14:16:31.852000+00:00,2024-04-25 14:15:30+00:00,2024-04-25 14:17:30+00:00,TABUENCA01-45,Sensoria-C1-E90A,Left,Gait,1.0.5,40.3882544,-3.6292402,F0:75:B1:51:59:F6,SCKS,0.15625,0.999999,-0.1875,8.96,-34.720001,-23.52,0.37376,0.691456,-0.270976,604,486,358,1.0293533467672797
2024-04-25 14:16:31.877000+00:00,2024-04-25 14:15:30+00:00,2024-04-25 14:17:30+00:00,TABUENCA01-45,Sensoria-C1-EEA1,Right,Gait,1.0.5,40.3882544,-3.6292402,CB:AA:BC:3F:36:A5,SCKS,-0.417969,-0.105469,-0.035156,31.360001,23.52,-155.680008,0.42048,0.79424,-0.289664,493,717,700,0.4325017216821223
2024-04-25 14:16:31.885000+00:00,2024-04-25 14:15:30+00:00,2024-04-25 14:17:30+00:00,TABUENCA01-45,Sensoria-C1-E90A,Left,Gait,1.0.5,40.3882544,-3.6292402,F0:75:B1:51:59:F6,SCKS,0.125,0.9375,-0.25,8.96,-48.16,-28.0,0.37376,0.691456,-0.270976,590,472,404,0.978279740156158
2024-04-25 14:16:31.893000+00:00,2024-04-25 14:15:30+00:00,2024-04-25 14:17:30+00:00,TABUENCA01-45,Sensoria-C1-EEA1,Right,Gait,1.0.5,40.3882544,-3.6292402,CB:AA:BC:3F:36:A5,SCKS,-0.53125,0.167969,-0.113281,43.68,10.08,-206.080002,0.383104,0.803584,-0.261632,494,713,697,0.5685707804855962
2024-04-25 14:16:31.910000+00:00,2024-04-25 14:15:30+00:00,2024-04-25 14:17:30+00:00,TABUENCA01-45,Sensoria-C1-EEA1,Right,Gait,1.0.5,40.3882544,-3.6292402,CB:AA:BC:3F:36:A5,SCKS,-0.5625,0.332031,-0.089844,38.080002,-8.96,-248.639999,0.336384,0.812928,-0.270976,493,715,697,0.6593351039471507
2024-04-25 14:16:31.917000+00:00,2024-04-25 14:15:30+00:00,2024-04-25 14:17:30+00:00,TABUENCA01-45,Sensoria-C1-E90A,Left,Gait,1.0.5,40.3882544,-3.6292402,F0:75:B1:51:59:F6,SCKS,0.0625,0.9375,-0.1875,-2.24,-47.040001,-17.92,0.364416,0.7008,-0.261632,566,446,480,0.9581068572972432
2024-04-25 14:16:31.926000+00:00,2024-04-25 14:15:30+00:00,2024-04-25 14:17:30+00:00,TABUENCA01-45,Sensoria-C1-EEA1,Right,Gait,1.0.5,40.3882544,-3.6292402,CB:AA:BC:3F:36:A5,SCKS,-0.539063,0.46875,-0.0625,42.560001,-39.200001,-287.839996,0.336384,0.812928,-0.270976,493,713,698,0.717092553628191
2024-04-25 14:16:31.950000+00:00,2024-04-25 14:15:30+00:00,2024-04-25 14:17:30+00:00,TABUENCA01-45,Sensoria-C1-E90A,Left,Gait,1.0.5,40.3882544,-3.6292402,F0:75:B1:51:59:F6,SCKS,0.0625,0.9375,-0.28125,-6.72,-41.439999,-14.56,0.355072,0.7008,-0.252288,553,428,521,0.980772176654701
2024-04-25 14:16:31.958000+00:00,2024-04-25 14:15:30+00:00,2024-04-25 14:17:30+00:00,TABUENCA01-45,Sensoria-C1-EEA1,Right,Gait,1.0.5,40.3882544,-3.6292402,CB:AA:BC:3F:36:A5,SCKS,-0.503907,0.695313,-0.058594,49.279999,-60.48,-319.200012,0.289664,0.812928,-0.270976,493,713,695,0.8607065059902823
2024-04-25 14:16:31.975000+00:00,2024-04-25 14:15:30+00:00,2024-04-25 14:17:30+00:00,TABUENCA01-45,Sensoria-C1-EEA1,Right,Gait,1.0.5,40.3882544,-3.6292402,CB:AA:BC:3F:36:A5,SCKS,-0.496094,0.992188,-0.089844,48.16,-64.959999,-349.440002,0.224256,0.803584,-0.252288,494,711,694,1.1129322659155856
2024-04-25 14:16:31.982000+00:00,2024-04-25 14:15:30+00:00,2024-04-25 14:17:30+00:00,TABUENCA01-45,Sensoria-C1-E90A,Left,Gait,1.0.5,40.3882544,-3.6292402,F0:75:B1:51:59:F6,SCKS,0.09375,0.9375,-0.21875,-10.08,-50.400002,-15.68,0.355072,0.710144,-0.252288,536,409,555,0.967236721283885
2024-04-25 14:16:31.991000+00:00,2024-04-25 14:15:30+00:00,2024-04-25 14:17:30+00:00,TABUENCA01-45,Sensoria-C1-EEA1,Right,Gait,1.0.5,40.3882544,-3.6292402,CB:AA:BC:3F:36:A5,SCKS,-0.414063,1.316407,-0.09375,39.200001,-58.240002,-380.799988,0.158848,0.784896,-0.252288,493,710,695,1.3831719416319868
2024-04-25 14:16:32.007000+00:00,2024-04-25 14:15:30+00:00,2024-04-25 14:17:30+00:00,TABUENCA01-45,Sensoria-C1-EEA1,Right,Gait,1.0.5,40.3882544,-3.6292402,CB:AA:BC:3F:36:A5,SCKS,-0.441407,1.996095,0.011719,14.56,-2.24,-402.079987,0.09344,0.756864,-0.261632,492,708,695,2.0443514188208933
2024-04-25 14:16:32.024000+00:00,2024-04-25 14:15:30+00:00,2024-04-25 14:17:30+00:00,TABUENCA01-45,Sensoria-C1-EEA1,Right,Gait,1.0.5,40.3882544,-3.6292402,CB:AA:BC:3F:36:A5,SCKS,-0.238281,1.996095,0.054688,40.32,-14.56,-407.679993,0.037376,0.719488,-0.242944,492,709,694,2.011010656692301
2024-04-25 14:16:32.047000+00:00,2024-04-25 14:15:30+00:00,2024-04-25 14:17:30+00:00,TABUENCA01-45,Sensoria-C1-E90A,Left,Gait,1.0.5,40.3882544,-3.6292402,F0:75:B1:51:59:F6,SCKS,0.03125,0.9375,-0.125,-1.12,-44.799999,-33.599998,0.345728,0.710144,-0.242944,501,366,602,0.94631274560792
2024-04-25 14:16:32.056000+00:00,2024-04-25 14:15:30+00:00,2024-04-25 14:17:30+00:00,TABUENCA01-45,Sensoria-C1-EEA1,Right,Gait,1.0.5,40.3882544,-3.6292402,CB:AA:BC:3F:36:A5,SCKS,0.394532,1.996095,-0.171875,71.68,-48.16,-416.640015,0.037376,0.719488,-0.242944,491,709,694,2.041957826125212
2024-04-25 14:16:32.072000+00:00,2024-04-25 14:15:30+00:00,2024-04-25 14:17:30+00:00,TABUENCA01-45,Sensoria-C1-EEA1,Right,Gait,1.0.5,40.3882544,-3.6292402,CB:AA:BC:3F:36:A5,SCKS,1.074219,1.996095,0.015625,39.200001,-34.720001,-427.839996,-0.018688,0.663424,-0.242944,492,710,694,2.2668449107980457
2024-04-25 14:16:32.080000+00:00,2024-04-25 14:15:30+00:00,2024-04-25 14:17:30+00:00,TABUENCA01-45,Sensoria-C1-E90A,Left,Gait,1.0.5,40.3882544,-3.6292402,F0:75:B1:51:59:F6,SCKS,0.0625,1.031249,-0.1875,2.24,-38.080002,-45.920002,0.336384,0.719488,-0.242944,473,335,625,1.0500176189002737
2024-04-25 14:16:32.089000+00:00,2024-04-25 14:15:30+00:00,2024-04-25 14:17:30+00:00,TABUENCA01-45,Sensoria-C1-EEA1,Right,Gait,1.0.5,40.3882544,-3.6292402,CB:AA:BC:3F:36:A5,SCKS,1.996095,1.996095,-0.582032,42.560001,-7.84,-371.839996,-0.065408,0.598016,-0.2336,491,710,697,2.8822823850334305
2024-04-25 14:16:32.105000+00:00,2024-04-25 14:15:30+00:00,2024-04-25 14:17:30+00:00,TABUENCA01-45,Sensoria-C1-EEA1,Right,Gait,1.0.5,40.3882544,-3.6292402,CB:AA:BC:3F:36:A5,SCKS,1.996095,1.691407,0.070313,67.199997,35.84,-217.279999,-0.084096,0.551296,-0.252288,490,712,697,2.617288063366927
2024-04-25 14:16:32.112000+00:00,2024-04-25 14:15:30+00:00,2024-04-25 14:17:30+00:00,TABUENCA01-45,Sensoria-C1-E90A,Left,Gait,1.0.5,40.3882544,-3.6292402,F0:75:B1:51:59:F6,SCKS,0.125,1.187499,-0.125,-2.24,-38.080002,-77.279999,0.317696,0.738176,-0.2336,430,292,668,1.2005848054181762
2024-04-25 14:16:32.137000+00:00,2024-04-25 14:15:30+00:00,2024-04-25 14:17:30+00:00,TABUENCA01-45,Sensoria-C1-EEA1,Right,Gait,1.0.5,40.3882544,-3.6292402,CB:AA:BC:3F:36:A5,SCKS,1.996095,1.910158,0.691407,60.48,85.120003,-91.840004,-0.084096,0.541952,-0.224256,489,712,702,2.848006754493044
2024-04-25 14:16:32.145000+00:00,2024-04-25 14:15:30+00:00,2024-04-25 14:17:30+00:00,TABUENCA01-45,Sensoria-C1-E90A,Left,Gait,1.0.5,40.3882544,-3.6292402,F0:75:B1:51:59:F6,SCKS,0.09375,1.249999,0.0,0.0,-25.76,-107.520004,0.299008,0.74752,-0.224256,406,272,685,1.2535096978089162
2024-04-25 14:16:32.153000+00:00,2024-04-25 14:15:30+00:00,2024-04-25 14:17:30+00:00,TABUENCA01-45,Sensoria-C1-EEA1,Right,Gait,1.0.5,40.3882544,-3.6292402,CB:AA:BC:3F:36:A5,SCKS,1.996095,1.996095,1.156251,2.24,7.84,94.080002,-0.084096,0.541952,-0.224256,490,714,704,3.0505256715935043
2024-04-25 14:16:32.161000+00:00,2024-04-25 14:15:30+00:00,2024-04-25 14:17:30+00:00,TABUENCA01-45,Sensoria-C1-E90A,Left,Gait,1.0.5,40.3882544,-3.6292402,F0:75:B1:51:59:F6,SCKS,0.25,1.437499,-0.34375,8.96,-11.2,-140.0,0.252288,0.766208,-0.242944,394,264,695,1.4990221604436007
2024-04-25 14:16:32.170000+00:00,2024-04-25 14:15:30+00:00,2024-04-25 14:17:30+00:00,TABUENCA01-45,Sensoria-C1-EEA1,Right,Gait,1.0.5,40.3882544,-3.6292402,CB:AA:BC:3F:36:A5,SCKS,-0.960938,1.894533,-0.210938,19.040001,-150.080002,187.039993,-0.084096,0.551296,-0.224256,490,711,701,2.1347486896065777
2024-04-25 14:16:32.186000+00:00,2024-04-25 14:15:30+00:00,2024-04-25 14:17:30+00:00,TABUENCA01-45,Sensoria-C1-EEA1,Right,Gait,1.0.5,40.3882544,-3.6292402,CB:AA:BC:3F:36:A5,SCKS,-2.000001,0.265625,1.351563,50.400002,-145.600006,42.560001,-0.084096,0.56064,-0.242944,497,714,677,2.4284322480964957
2024-04-25 14:16:32.193000+00:00,2024-04-25 14:15:30+00:00,2024-04-25 14:17:30+00:00,TABUENCA01-45,Sensoria-C1-E90A,Left,Gait,1.0.5,40.3882544,-3.6292402,F0:75:B1:51:59:F6,SCKS,0.3125,1.718749,-0.125,13.440001,-11.2,-175.839996,0.214912,0.775552,-0.214912,414,294,697,1.7513935522894335
2024-04-25 14:16:32.218000+00:00,2024-04-25 14:15:30+00:00,2024-04-25 14:17:30+00:00,TABUENCA01-45,Sensoria-C1-EEA1,Right,Gait,1.0.5,40.3882544,-3.6292402,CB:AA:BC:3F:36:A5,SCKS,1.675782,1.695314,0.722657,75.040001,-271.040009,273.279999,-0.074752,0.598016,-0.289664,508,718,636,2.4908970291380976
2024-04-25 14:16:32.226000+00:00,2024-04-25 14:15:30+00:00,2024-04-25 14:17:30+00:00,TABUENCA01-45,Sensoria-C1-E90A,Left,Gait,1.0.5,40.3882544,-3.6292402,F0:75:B1:51:59:F6,SCKS,0.84375,2.312499,0.0625,-5.6,-30.24,-199.360001,0.177536,0.79424,-0.214912,475,350,697,2.462411813141945
2024-04-25 14:16:32.234000+00:00,2024-04-25 14:15:30+00:00,2024-04-25 14:17:30+00:00,TABUENCA01-45,Sensoria-C1-EEA1,Right,Gait,1.0.5,40.3882544,-3.6292402,CB:AA:BC:3F:36:A5,SCKS,0.753907,1.984376,0.335938,62.720001,-72.800003,232.960007,-0.056064,0.644736,-0.289664,514,720,564,2.1491808239115198
2024-04-25 14:16:32.251000+00:00,2024-04-25 14:15:30+00:00,2024-04-25 14:17:30+00:00,TABUENCA01-45,Sensoria-C1-EEA1,Right,Gait,1.0.5,40.3882544,-3.6292402,CB:AA:BC:3F:36:A5,SCKS,0.0625,1.390626,-0.449219,53.760002,64.959999,226.240005,-0.056064,0.644736,-0.289664,515,721,484,1.4627182339182756
2024-04-25 14:16:32.258000+00:00,2024-04-25 14:15:30+00:00,2024-04-25 14:17:30+00:00,TABUENCA01-45,Sensoria-C1-E90A,Left,Gait,1.0.5,40.3882544,-3.6292402,F0:75:B1:51:59:F6,SCKS,0.71875,1.843749,-0.1875,-72.800003,-131.039993,-201.600006,0.14016,0.803584,-0.2336,521,397,699,1.9877545591699697
2024-04-25 14:16:32.267000+00:00,2024-04-25 14:15:30+00:00,2024-04-25 14:17:30+00:00,TABUENCA01-45,Sensoria-C1-EEA1,Right,Gait,1.0.5,40.3882544,-3.6292402,CB:AA:BC:3F:36:A5,SCKS,0.394532,1.457032,-0.710938,64.959999,-26.880001,187.039993,-0.037376,0.672768,-0.270976,511,722,421,1.6685414552512623
2024-04-25 14:16:32.291000+00:00,2024-04-25 14:15:30+00:00,2024-04-25 14:17:30+00:00,TABUENCA01-45,Sensoria-C1-E90A,Left,Gait,1.0.5,40.3882544,-3.6292402,F0:75:B1:51:59:F6,SCKS,0.71875,2.468749,-1.093749,3.36,-73.919998,-273.279999,0.09344,0.803584,-0.2336,582,468,702,2.794210096342435
2024-04-25 14:16:32.316000+00:00,2024-04-25 14:15:30+00:00,2024-04-25 14:17:30+00:00,TABUENCA01-45,Sensoria-C1-EEA1,Right,Gait,1.0.5,40.3882544,-3.6292402,CB:AA:BC:3F:36:A5,SCKS,-0.03125,0.949219,-0.042969,-2.24,25.76,114.239998,0.0,0.710144,-0.261632,480,722,342,0.9507047950978263
2024-04-25 14:16:32.323000+00:00,2024-04-25 14:15:30+00:00,2024-04-25 14:17:30+00:00,TABUENCA01-45,Sensoria-C1-E90A,Left,Gait,1.0.5,40.3882544,-3.6292402,F0:75:B1:51:59:F6,SCKS,0.6875,1.093749,-0.5,17.92,42.560001,-246.399994,0.0,0.79424,-0.242944,649,526,703,1.385259226643519
2024-04-25 14:16:32.332000+00:00,2024-04-25 14:15:30+00:00,2024-04-25 14:17:30+00:00,TABUENCA01-45,Sensoria-C1-EEA1,Right,Gait,1.0.5,40.3882544,-3.6292402,CB:AA:BC:3F:36:A5,SCKS,-0.058594,0.972657,0.015625,-12.32,33.599998,92.959999,0.018688,0.719488,-0.261632,467,711,331,0.9745455541481887
2024-04-25 14:16:32.348000+00:00,2024-04-25 14:15:30+00:00,2024-04-25 14:17:30+00:00,TABUENCA01-45,Sensoria-C1-EEA1,Right,Gait,1.0.5,40.3882544,-3.6292402,CB:AA:BC:3F:36:A5,SCKS,-0.066406,1.015626,0.101563,-5.6,17.92,62.720001,0.018688,0.728832,-0.270976,457,696,326,1.0228494374447297
2024-04-25 14:16:32.356000+00:00,2024-04-25 14:15:30+00:00,2024-04-25 14:17:30+00:00,TABUENCA01-45,Sensoria-C1-E90A,Left,Gait,1.0.5,40.3882544,-3.6292402,F0:75:B1:51:59:F6,SCKS,-0.65625,0.46875,-0.5625,5.6,-159.039993,-73.919998,-0.018688,0.79424,-0.2336,683,544,704,0.9832582951595171
2024-04-25 14:16:32.364000+00:00,2024-04-25 14:15:30+00:00,2024-04-25 14:17:30+00:00,TABUENCA01-45,Sensoria-C1-EEA1,Right,Gait,1.0.5,40.3882544,-3.6292402,CB:AA:BC:3F:36:A5,SCKS,-0.058594,1.015626,-0.003906,4.48,7.84,48.16,0.028032,0.728832,-0.270976,449,683,327,1.0173223115355328
2024-04-25 14:16:32.388000+00:00,2024-04-25 14:15:30+00:00,2024-04-25 14:17:30+00:00,TABUENCA01-45,Sensoria-C1-E90A,Left,Gait,1.0.5,40.3882544,-3.6292402,F0:75:B1:51:59:F6,SCKS,1.124999,0.0625,-0.125,-2.24,-133.279999,108.639999,-0.018688,0.79424,-0.242944,697,549,701,1.1336463293289492
2024-04-25 14:16:32.397000+00:00,2024-04-25 14:15:30+00:00,2024-04-25 14:17:30+00:00,TABUENCA01-45,Sensoria-C1-EEA1,Right,Gait,1.0.5,40.3882544,-3.6292402,CB:AA:BC:3F:36:A5,SCKS,-0.0625,0.968751,-0.023438,1.12,11.2,40.32,0.028032,0.728832,-0.270976,439,673,336,0.9710479338554817
2024-04-25 14:16:32.413000+00:00,2024-04-25 14:15:30+00:00,2024-04-25 14:17:30+00:00,TABUENCA01-45,Sensoria-C1-EEA1,Right,Gait,1.0.5,40.3882544,-3.6292402,CB:AA:BC:3F:36:A5,SCKS,-0.117188,1.007813,-0.023438,1.12,8.96,34.720001,0.037376,0.728832,-0.270976,433,668,347,1.0148740858633647
2024-04-25 14:16:32.420000+00:00,2024-04-25 14:15:30+00:00,2024-04-25 14:17:30+00:00,TABUENCA01-45,Sensoria-C1-E90A,Left,Gait,1.0.5,40.3882544,-3.6292402,F0:75:B1:51:59:F6,SCKS,0.34375,0.0,0.0625,-22.4,34.720001,172.479996,0.037376,0.803584,-0.261632,703,550,698,0.34938562148434216
2024-04-25 14:16:32.430000+00:00,2024-04-25 14:15:30+00:00,2024-04-25 14:17:30+00:00,TABUENCA01-45,Sensoria-C1-EEA1,Right,Gait,1.0.5,40.3882544,-3.6292402,CB:AA:BC:3F:36:A5,SCKS,-0.101563,1.003907,-0.179688,-4.48,16.799999,40.32,0.037376,0.738176,-0.261632,424,662,365,1.024905890783149
2024-04-25 14:16:32.446000+00:00,2024-04-25 14:15:30+00:00,2024-04-25 14:17:30+00:00,TABUENCA01-45,Sensoria-C1-EEA1,Right,Gait,1.0.5,40.3882544,-3.6292402,CB:AA:BC:3F:36:A5,SCKS,-0.046875,0.949219,-0.085938,-7.84,22.4,41.439999,0.04672,0.738176,-0.261632,416,656,385,0.9542532763527721
2024-04-25 14:16:32.453000+00:00,2024-04-25 14:15:30+00:00,2024-04-25 14:17:30+00:00,TABUENCA01-45,Sensoria-C1-E90A,Left,Gait,1.0.5,40.3882544,-3.6292402,F0:75:B1:51:59:F6,SCKS,0.40625,0.21875,-0.21875,-4.48,48.16,248.639999,0.074752,0.803584,-0.261632,706,550,699,0.510629207449006
2024-04-25 14:16:32.478000+00:00,2024-04-25 14:15:30+00:00,2024-04-25 14:17:30+00:00,TABUENCA01-45,Sensoria-C1-EEA1,Right,Gait,1.0.5,40.3882544,-3.6292402,CB:AA:BC:3F:36:A5,SCKS,-0.027344,0.968751,-0.058594,-7.84,28.0,39.200001,0.056064,0.738176,-0.261632,404,648,404,0.9709065100064991
2024-04-25 14:16:32.486000+00:00,2024-04-25 14:15:30+00:00,2024-04-25 14:17:30+00:00,TABUENCA01-45,Sensoria-C1-E90A,Left,Gait,1.0.5,40.3882544,-3.6292402,F0:75:B1:51:59:F6,SCKS,0.4375,0.5625,-0.3125,-6.72,66.080002,294.559998,0.121472,0.803584,-0.252288,706,547,696,0.7781187248742958
2024-04-25 14:16:32.494000+00:00,2024-04-25 14:15:30+00:00,2024-04-25 14:17:30+00:00,TABUENCA01-45,Sensoria-C1-EEA1,Right,Gait,1.0.5,40.3882544,-3.6292402,CB:AA:BC:3F:36:A5,SCKS,-0.035156,0.964844,-0.027344,-4.48,31.360001,36.959999,0.056064,0.738176,-0.261632,392,638,420,0.9658714112178702
2024-04-25 14:16:32.502000+00:00,2024-04-25 14:15:30+00:00,2024-04-25 14:17:30+00:00,TABUENCA01-45,Sensoria-C1-E90A,Left,Gait,1.0.5,40.3882544,-3.6292402,F0:75:B1:51:59:F6,SCKS,0.25,0.8125,-0.3125,-15.68,80.639999,337.119995,0.177536,0.79424,-0.252288,705,546,696,0.9057110466368399
2024-04-25 14:16:32.511000+00:00,2024-04-25 14:15:30+00:00,2024-04-25 14:17:30+00:00,TABUENCA01-45,Sensoria-C1-EEA1,Right,Gait,1.0.5,40.3882544,-3.6292402,CB:AA:BC:3F:36:A5,SCKS,-0.03125,0.984376,-0.085938,1.12,29.120001,35.84,0.056064,0.738176,-0.261632,379,628,436,0.9886141874968213
2024-04-25 14:16:32.527000+00:00,2024-04-25 14:15:30+00:00,2024-04-25 14:17:30+00:00,TABUENCA01-45,Sensoria-C1-EEA1,Right,Gait,1.0.5,40.3882544,-3.6292402,CB:AA:BC:3F:36:A5,SCKS,-0.03125,0.976563,-0.046875,0.0,28.0,35.84,0.056064,0.74752,-0.242944,362,618,451,0.9781866494151308
2024-04-25 14:16:32.534000+00:00,2024-04-25 14:15:30+00:00,2024-04-25 14:17:30+00:00,TABUENCA01-45,Sensoria-C1-E90A,Left,Gait,1.0.5,40.3882544,-3.6292402,F0:75:B1:51:59:F6,SCKS,0.34375,1.312499,-0.34375,-14.56,68.32,383.040009,0.308352,0.738176,-0.261632,705,546,694,1.399636292041972
2024-04-25 14:16:32.543000+00:00,2024-04-25 14:15:30+00:00,2024-04-25 14:17:30+00:00,TABUENCA01-45,Sensoria-C1-EEA1,Right,Gait,1.0.5,40.3882544,-3.6292402,CB:AA:BC:3F:36:A5,SCKS,-0.042969,0.976563,-0.011719,0.0,24.639999,40.32,0.065408,0.74752,-0.242944,343,605,469,0.9775781108898663
2024-04-25 14:16:32.567000+00:00,2024-04-25 14:15:30+00:00,2024-04-25 14:17:30+00:00,TABUENCA01-45,Sensoria-C1-E90A,Left,Gait,1.0.5,40.3882544,-3.6292402,F0:75:B1:51:59:F6,SCKS,0.375,2.031249,-0.3125,-8.96,70.559998,414.399994,0.37376,0.691456,-0.270976,704,544,695,2.0890796418521242
2024-04-25 14:16:32.575000+00:00,2024-04-25 14:15:30+00:00,2024-04-25 14:17:30+00:00,TABUENCA01-45,Sensoria-C1-EEA1,Right,Gait,1.0.5,40.3882544,-3.6292402,CB:AA:BC:3F:36:A5,SCKS,-0.050781,0.972657,-0.011719,1.12,17.92,49.279999,0.074752,0.74752,-0.242944,324,593,486,0.9740521980730806
2024-04-25 14:16:32.592000+00:00,2024-04-25 14:15:30+00:00,2024-04-25 14:17:30+00:00,TABUENCA01-45,Sensoria-C1-EEA1,Right,Gait,1.0.5,40.3882544,-3.6292402,CB:AA:BC:3F:36:A5,SCKS,-0.019531,0.992188,-0.015625,3.36,8.96,59.360001,0.074752,0.74752,-0.242944,303,576,508,0.9925032130577714
2024-04-25 14:16:32.600000+00:00,2024-04-25 14:15:30+00:00,2024-04-25 14:17:30+00:00,TABUENCA01-45,Sensoria-C1-E90A,Left,Gait,1.0.5,40.3882544,-3.6292402,F0:75:B1:51:59:F6,SCKS,-0.21875,3.218748,0.03125,21.280001,124.32,455.839996,0.429824,0.626048,-0.289664,703,544,694,3.226324040220387
2024-04-25 14:16:32.608000+00:00,2024-04-25 14:15:30+00:00,2024-04-25 14:17:30+00:00,TABUENCA01-45,Sensoria-C1-EEA1,Right,Gait,1.0.5,40.3882544,-3.6292402,CB:AA:BC:3F:36:A5,SCKS,-0.050781,1.093751,-0.011719,2.24,6.72,68.32,0.084096,0.756864,-0.2336,282,559,532,1.0949919154601098
2024-04-25 14:16:32.625000+00:00,2024-04-25 14:15:30+00:00,2024-04-25 14:17:30+00:00,TABUENCA01-45,Sensoria-C1-EEA1,Right,Gait,1.0.5,40.3882544,-3.6292402,CB:AA:BC:3F:36:A5,SCKS,-0.046875,1.054688,0.003906,4.48,5.6,77.279999,0.102784,0.756864,-0.242944,261,543,566,1.0557363779869482
2024-04-25 14:16:32.632000+00:00,2024-04-25 14:15:30+00:00,2024-04-25 14:17:30+00:00,TABUENCA01-45,Sensoria-C1-E90A,Left,Gait,1.0.5,40.3882544,-3.6292402,F0:75:B1:51:59:F6,SCKS,-0.968749,3.249998,-0.9375,-30.24,75.040001,424.480011,0.476544,0.569984,-0.308352,703,543,695,3.5185036414653603
2024-04-25 14:16:32.657000+00:00,2024-04-25 14:15:30+00:00,2024-04-25 14:17:30+00:00,TABUENCA01-45,Sensoria-C1-EEA1,Right,Gait,1.0.5,40.3882544,-3.6292402,CB:AA:BC:3F:36:A5,SCKS,-0.148438,1.191407,-0.015625,19.040001,-11.2,92.959999,0.102784,0.766208,-0.242944,242,521,606,1.2007200423570852
2024-04-25 14:16:32.664000+00:00,2024-04-25 14:15:30+00:00,2024-04-25 14:17:30+00:00,TABUENCA01-45,Sensoria-C1-E90A,Left,Gait,1.0.5,40.3882544,-3.6292402,F0:75:B1:51:59:F6,SCKS,-3.874998,1.562499,-0.78125,12.32,57.119999,226.240005,0.504576,0.504576,-0.317696,702,542,700,4.250572218831836
2024-04-25 14:16:32.673000+00:00,2024-04-25 14:15:30+00:00,2024-04-25 14:17:30+00:00,TABUENCA01-45,Sensoria-C1-EEA1,Right,Gait,1.0.5,40.3882544,-3.6292402,CB:AA:BC:3F:36:A5,SCKS,-0.097656,1.277345,0.03125,17.92,-19.040001,115.360001,0.121472,0.766208,-0.242944,226,501,641,1.2814536690263132
2024-04-25 14:16:32.690000+00:00,2024-04-25 14:15:30+00:00,2024-04-25 14:17:30+00:00,TABUENCA01-45,Sensoria-C1-EEA1,Right,Gait,1.0.5,40.3882544,-3.6292402,CB:AA:BC:3F:36:A5,SCKS,-0.179688,1.343751,0.132813,7.84,-23.52,135.520004,0.121472,0.766208,-0.242944,213,487,668,1.3622018280394428
2024-04-25 14:16:32.697000+00:00,2024-04-25 14:15:30+00:00,2024-04-25 14:17:30+00:00,TABUENCA01-45,Sensoria-C1-E90A,Left,Gait,1.0.5,40.3882544,-3.6292402,F0:75:B1:51:59:F6,SCKS,-3.593748,1.749999,-0.1875,25.76,-98.559998,-19.040001,0.51392,0.476544,-0.308352,699,543,705,4.001584365911207
2024-04-25 14:16:32.706000+00:00,2024-04-25 14:15:30+00:00,2024-04-25 14:17:30+00:00,TABUENCA01-45,Sensoria-C1-EEA1,Right,Gait,1.0.5,40.3882544,-3.6292402,CB:AA:BC:3F:36:A5,SCKS,-0.148438,1.515626,-0.1875,-3.36,-26.880001,154.559998,0.14016,0.775552,-0.214912,200,477,687,1.5343768317202915
2024-04-25 14:16:32.730000+00:00,2024-04-25 14:15:30+00:00,2024-04-25 14:17:30+00:00,TABUENCA01-45,Sensoria-C1-E90A,Left,Gait,1.0.5,40.3882544,-3.6292402,F0:75:B1:51:59:F6,SCKS,4.781248,0.8125,0.40625,24.639999,52.639999,-115.360001,0.504576,0.504576,-0.308352,698,541,694,4.8667779639104145
2024-04-25 14:16:32.738000+00:00,2024-04-25 14:15:30+00:00,2024-04-25 14:17:30+00:00,TABUENCA01-45,Sensoria-C1-EEA1,Right,Gait,1.0.5,40.3882544,-3.6292402,CB:AA:BC:3F:36:A5,SCKS,-0.25,1.683595,-0.113281,-16.799999,5.6,185.919998,0.177536,0.784896,-0.242944,193,479,698,1.705820831443326
2024-04-25 14:16:32.761000+00:00,2024-04-25 14:15:30+00:00,2024-04-25 14:17:30+00:00,TABUENCA01-45,Sensoria-C1-EEA1,Right,Gait,1.0.5,40.3882544,-3.6292402,CB:AA:BC:3F:36:A5,SCKS,-0.679688,1.996095,0.359375,-29.120001,39.200001,206.080002,0.205568,0.79424,-0.242944,191,492,702,2.139046847779169
2024-04-25 14:16:32.763000+00:00,2024-04-25 14:15:30+00:00,2024-04-25 14:17:30+00:00,TABUENCA01-45,Sensoria-C1-E90A,Left,Gait,1.0.5,40.3882544,-3.6292402,F0:75:B1:51:59:F6,SCKS,-0.75,1.968749,0.25,96.32,120.959999,-246.399994,0.4672,0.579328,-0.345728,703,547,588,2.121549581084779
2024-04-25 14:16:32.771000+00:00,2024-04-25 14:15:30+00:00,2024-04-25 14:17:30+00:00,TABUENCA01-45,Sensoria-C1-EEA1,Right,Gait,1.0.5,40.3882544,-3.6292402,CB:AA:BC:3F:36:A5,SCKS,-1.222657,1.996095,0.503907,-51.52,80.639999,230.720001,0.252288,0.79424,-0.242944,199,510,704,2.3944117551755797
2024-04-25 14:16:32.788000+00:00,2024-04-25 14:15:30+00:00,2024-04-25 14:17:30+00:00,TABUENCA01-45,Sensoria-C1-EEA1,Right,Gait,1.0.5,40.3882544,-3.6292402,CB:AA:BC:3F:36:A5,SCKS,-0.234375,1.996095,-0.109375,-36.959999,35.84,267.679993,0.299008,0.79424,-0.2336,228,541,706,2.012781602726684
2024-04-25 14:16:32.795000+00:00,2024-04-25 14:15:30+00:00,2024-04-25 14:17:30+00:00,TABUENCA01-45,Sensoria-C1-E90A,Left,Gait,1.0.5,40.3882544,-3.6292402,F0:75:B1:51:59:F6,SCKS,-0.3125,1.562499,-1.406249,131.039993,30.24,-207.199997,0.439168,0.616704,-0.355072,703,550,444,2.1252283700821426
2024-04-25 14:16:32.803000+00:00,2024-04-25 14:15:30+00:00,2024-04-25 14:17:30+00:00,TABUENCA01-45,Sensoria-C1-EEA1,Right,Gait,1.0.5,40.3882544,-3.6292402,CB:AA:BC:3F:36:A5,SCKS,-0.871094,1.996095,-0.597657,1.12,-24.639999,308.0,0.299008,0.79424,-0.2336,278,591,702,2.258405166375157
2024-04-25 14:16:32.827000+00:00,2024-04-25 14:15:30+00:00,2024-04-25 14:17:30+00:00,TABUENCA01-45,Sensoria-C1-E90A,Left,Gait,1.0.5,40.3882544,-3.6292402,F0:75:B1:51:59:F6,SCKS,0.03125,1.062499,-0.21875,101.919998,-13.440001,-159.039993,0.411136,0.65408,-0.336384,686,555,372,1.0852337305857205
2024-04-25 14:16:32.836000+00:00,2024-04-25 14:15:30+00:00,2024-04-25 14:17:30+00:00,TABUENCA01-45,Sensoria-C1-EEA1,Right,Gait,1.0.5,40.3882544,-3.6292402,CB:AA:BC:3F:36:A5,SCKS,-0.671875,1.996095,-0.65625,17.92,-96.32,348.320007,0.355072,0.79424,-0.252288,349,645,703,2.2060089136605954
2024-04-25 14:16:32.843000+00:00,2024-04-25 14:15:30+00:00,2024-04-25 14:17:30+00:00,TABUENCA01-45,Sensoria-C1-E90A,Left,Gait,1.0.5,40.3882544,-3.6292402,F0:75:B1:51:59:F6,SCKS,-0.09375,0.90625,-0.21875,39.200001,-54.880001,-80.639999,0.392448,0.672768,-0.308352,658,543,343,0.9369790219103094
2024-04-25 14:16:32.852000+00:00,2024-04-25 14:15:30+00:00,2024-04-25 14:17:30+00:00,TABUENCA01-45,Sensoria-C1-EEA1,Right,Gait,1.0.5,40.3882544,-3.6292402,CB:AA:BC:3F:36:A5,SCKS,-0.574219,0.546875,-0.5625,19.040001,-29.120001,278.880005,0.401792,0.784896,-0.2336,415,682,705,0.9722170413986787
2024-04-25 14:16:32.868000+00:00,2024-04-25 14:15:30+00:00,2024-04-25 14:17:30+00:00,TABUENCA01-45,Sensoria-C1-EEA1,Right,Gait,1.0.5,40.3882544,-3.6292402,CB:AA:BC:3F:36:A5,SCKS,1.074219,0.160156,-0.964844,20.16,52.639999,179.199997,0.429824,0.775552,-0.242944,455,699,706,1.4527630049781004
2024-04-25 14:16:32.876000+00:00,2024-04-25 14:15:30+00:00,2024-04-25 14:17:30+00:00,TABUENCA01-45,Sensoria-C1-E90A,Left,Gait,1.0.5,40.3882544,-3.6292402,F0:75:B1:51:59:F6,SCKS,0.1875,0.999999,-0.1875,21.280001,-42.560001,-29.120001,0.392448,0.682112,-0.308352,633,523,335,1.0345581182326105
2024-04-25 14:16:32.885000+00:00,2024-04-25 14:15:30+00:00,2024-04-25 14:17:30+00:00,TABUENCA01-45,Sensoria-C1-EEA1,Right,Gait,1.0.5,40.3882544,-3.6292402,CB:AA:BC:3F:36:A5,SCKS,-1.132813,0.523438,-0.570313,15.68,229.600006,34.720001,0.448512,0.784896,-0.242944,474,708,701,1.3720457538952555
2024-04-25 14:16:32.909000+00:00,2024-04-25 14:15:30+00:00,2024-04-25 14:17:30+00:00,TABUENCA01-45,Sensoria-C1-E90A,Left,Gait,1.0.5,40.3882544,-3.6292402,F0:75:B1:51:59:F6,SCKS,0.15625,1.031249,-0.1875,10.08,-24.639999,-29.120001,0.37376,0.691456,-0.289664,613,499,348,1.0597380867464377
2024-04-25 14:16:32.917000+00:00,2024-04-25 14:15:30+00:00,2024-04-25 14:17:30+00:00,TABUENCA01-45,Sensoria-C1-EEA1,Right,Gait,1.0.5,40.3882544,-3.6292402,CB:AA:BC:3F:36:A5,SCKS,-1.484376,0.210938,-0.167969,-24.639999,184.800003,-69.440002,0.448512,0.784896,-0.242944,484,715,702,1.508668463971127
2024-04-25 14:16:32.933000+00:00,2024-04-25 14:15:30+00:00,2024-04-25 14:17:30+00:00,TABUENCA01-45,Sensoria-C1-EEA1,Right,Gait,1.0.5,40.3882544,-3.6292402,CB:AA:BC:3F:36:A5,SCKS,-0.757813,-0.160156,0.082031,-26.880001,114.239998,-90.720001,0.439168,0.784896,-0.261632,489,718,700,0.778883542171742
2024-04-25 14:16:32.941000+00:00,2024-04-25 14:15:30+00:00,2024-04-25 14:17:30+00:00,TABUENCA01-45,Sensoria-C1-E90A,Left,Gait,1.0.5,40.3882544,-3.6292402,F0:75:B1:51:59:F6,SCKS,0.125,0.968749,-0.28125,4.48,-30.24,-32.48,0.364416,0.691456,-0.28032,595,479,387,1.0164650448987413
2024-04-25 14:16:32.949000+00:00,2024-04-25 14:15:30+00:00,2024-04-25 14:17:30+00:00,TABUENCA01-45,Sensoria-C1-EEA1,Right,Gait,1.0.5,40.3882544,-3.6292402,CB:AA:BC:3F:36:A5,SCKS,-0.417969,-0.191406,0.042969,25.76,52.639999,-140.0,0.42048,0.79424,-0.261632,491,718,698,0.461714930187448
2024-04-25 14:16:32.966000+00:00,2024-04-25 14:15:30+00:00,2024-04-25 14:17:30+00:00,TABUENCA01-45,Sensoria-C1-EEA1,Right,Gait,1.0.5,40.3882544,-3.6292402,CB:AA:BC:3F:36:A5,SCKS,-0.558594,0.109375,-0.078125,48.16,40.32,-197.119995,0.392448,0.803584,-0.261632,493,718,698,0.57453778212229
2024-04-25 14:16:32.973000+00:00,2024-04-25 14:15:30+00:00,2024-04-25 14:17:30+00:00,TABUENCA01-45,Sensoria-C1-E90A,Left,Gait,1.0.5,40.3882544,-3.6292402,F0:75:B1:51:59:F6,SCKS,0.0625,0.968749,-0.15625,-2.24,-41.439999,-32.48,0.364416,0.7008,-0.28032,578,460,445,0.9832573099148564
2024-04-25 14:16:32.998000+00:00,2024-04-25 14:15:30+00:00,2024-04-25 14:17:30+00:00,TABUENCA01-45,Sensoria-C1-EEA1,Right,Gait,1.0.5,40.3882544,-3.6292402,CB:AA:BC:3F:36:A5,SCKS,-0.628907,0.328125,-0.066406,44.799999,22.4,-238.559998,0.345728,0.812928,-0.261632,493,718,696,0.7124603758174907
2024-04-25 14:16:33.014000+00:00,2024-04-25 14:15:30+00:00,2024-04-25 14:17:30+00:00,TABUENCA01-45,Sensoria-C1-EEA1,Right,Gait,1.0.5,40.3882544,-3.6292402,CB:AA:BC:3F:36:A5,SCKS,-0.515625,0.394532,0.023438,47.040001,-7.84,-274.399994,0.345728,0.812928,-0.261632,492,718,696,0.6496722092663346
2024-04-25 14:16:33.031000+00:00,2024-04-25 14:15:30+00:00,2024-04-25 14:17:30+00:00,TABUENCA01-45,Sensoria-C1-EEA1,Right,Gait,1.0.5,40.3882544,-3.6292402,CB:AA:BC:3F:36:A5,SCKS,-0.496094,0.59375,0.066406,54.880001,-29.120001,-308.0,0.289664,0.812928,-0.242944,492,715,695,0.7765681400701422
2024-04-25 14:16:33.038000+00:00,2024-04-25 14:15:30+00:00,2024-04-25 14:17:30+00:00,TABUENCA01-45,Sensoria-C1-E90A,Left,Gait,1.0.5,40.3882544,-3.6292402,F0:75:B1:51:59:F6,SCKS,0.0625,0.9375,-0.25,4.48,-49.279999,-25.76,0.355072,0.710144,-0.270976,549,418,562,0.9722718241315028
2024-04-25 14:16:33.047000+00:00,2024-04-25 14:15:30+00:00,2024-04-25 14:17:30+00:00,TABUENCA01-45,Sensoria-C1-EEA1,Right,Gait,1.0.5,40.3882544,-3.6292402,CB:AA:BC:3F:36:A5,SCKS,-0.5,1.046876,0.089844,53.760002,-43.68,-355.040009,0.2336,0.79424,-0.242944,491,716,695,1.1636242106934696
2024-04-25 14:16:33.063000+00:00,2024-04-25 14:15:30+00:00,2024-04-25 14:17:30+00:00,TABUENCA01-45,Sensoria-C1-EEA1,Right,Gait,1.0.5,40.3882544,-3.6292402,CB:AA:BC:3F:36:A5,SCKS,-0.492188,1.402345,0.097656,43.68,-40.32,-383.040009,0.168192,0.784896,-0.242944,492,714,695,1.4894150599161402
2024-04-25 14:16:33.070000+00:00,2024-04-25 14:15:30+00:00,2024-04-25 14:17:30+00:00,TABUENCA01-45,Sensoria-C1-E90A,Left,Gait,1.0.5,40.3882544,-3.6292402,F0:75:B1:51:59:F6,SCKS,0.0625,0.9375,-0.1875,3.36,-47.040001,-31.360001,0.345728,0.719488,-0.261632,535,396,596,0.9581068572972432
2024-04-25 14:16:33.095000+00:00,2024-04-25 14:15:30+00:00,2024-04-25 14:17:30+00:00,TABUENCA01-45,Sensoria-C1-EEA1,Right,Gait,1.0.5,40.3882544,-3.6292402,CB:AA:BC:3F:36:A5,SCKS,-0.542969,1.964845,0.234375,25.76,-24.639999,-402.079987,0.102784,0.756864,-0.2336,491,713,693,2.0519168720031034
2024-04-25 14:16:33.104000+00:00,2024-04-25 14:15:30+00:00,2024-04-25 14:17:30+00:00,TABUENCA01-45,Sensoria-C1-E90A,Left,Gait,1.0.5,40.3882544,-3.6292402,F0:75:B1:51:59:F6,SCKS,0.03125,0.968749,-0.15625,4.48,-43.68,-42.560001,0.336384,0.719488,-0.252288,517,369,622,0.9817663927844545
2024-04-25 14:16:33.112000+00:00,2024-04-25 14:15:30+00:00,2024-04-25 14:17:30+00:00,TABUENCA01-45,Sensoria-C1-EEA1,Right,Gait,1.0.5,40.3882544,-3.6292402,CB:AA:BC:3F:36:A5,SCKS,-0.578125,1.996095,0.3125,17.92,-16.799999,-407.679993,0.102784,0.756864,-0.2336,491,713,693,2.1014947096412113
2024-04-25 14:16:33.128000+00:00,2024-04-25 14:15:30+00:00,2024-04-25 14:17:30+00:00,TABUENCA01-45,Sensoria-C1-EEA1,Right,Gait,1.0.5,40.3882544,-3.6292402,CB:AA:BC:3F:36:A5,SCKS,0.320313,1.996095,0.253906,52.639999,-100.800003,-421.119995,0.04672,0.719488,-0.224256,492,713,694,2.0375141530379612
2024-04-25 14:16:33.136000+00:00,2024-04-25 14:15:30+00:00,2024-04-25 14:17:30+00:00,TABUENCA01-45,Sensoria-C1-E90A,Left,Gait,1.0.5,40.3882544,-3.6292402,F0:75:B1:51:59:F6,SCKS,-0.03125,0.999999,-0.15625,3.36,-41.439999,-49.279999,0.32704,0.728832,-0.261632,498,341,645,1.0126147465848006
2024-04-25 14:16:33.144000+00:00,2024-04-25 14:15:30+00:00,2024-04-25 14:17:30+00:00,TABUENCA01-45,Sensoria-C1-EEA1,Right,Gait,1.0.5,40.3882544,-3.6292402,CB:AA:BC:3F:36:A5,SCKS,0.785157,1.996095,0.074219,25.76,-103.040001,-430.080017,-0.009344,0.663424,-0.252288,490,713,695,2.146246776033688
2024-04-25 14:16:33.168000+00:00,2024-04-25 14:15:30+00:00,2024-04-25 14:17:30+00:00,TABUENCA01-45,Sensoria-C1-E90A,Left,Gait,1.0.5,40.3882544,-3.6292402,F0:75:B1:51:59:F6,SCKS,0.0,1.062499,-0.1875,-4.48,-42.560001,-57.119999,0.317696,0.728832,-0.252288,473,312,667,1.0789162965684596
2024-04-25 14:16:33.177000+00:00,2024-04-25 14:15:30+00:00,2024-04-25 14:17:30+00:00,TABUENCA01-45,Sensoria-C1-EEA1,Right,Gait,1.0.5,40.3882544,-3.6292402,CB:AA:BC:3F:36:A5,SCKS,1.964845,1.996095,-1.464845,21.280001,-101.919998,-387.519989,-0.056064,0.60736,-0.252288,489,714,695,3.160819829897775
2024-04-25 14:16:33.184000+00:00,2024-04-25 14:15:30+00:00,2024-04-25 14:17:30+00:00,TABUENCA01-45,Sensoria-C1-E90A,Left,Gait,1.0.5,40.3882544,-3.6292402,F0:75:B1:51:59:F6,SCKS,0.0625,1.124999,-0.1875,-10.08,-39.200001,-75.040001,0.289664,0.756864,-0.242944,451,286,682,1.1422281952399005
2024-04-25 14:16:33.193000+00:00,2024-04-25 14:15:30+00:00,2024-04-25 14:17:30+00:00,TABUENCA01-45,Sensoria-C1-EEA1,Right,Gait,1.0.5,40.3882544,-3.6292402,CB:AA:BC:3F:36:A5,SCKS,1.996095,1.507814,-0.355469,58.240002,-29.120001,-220.639999,-0.084096,0.56064,-0.261632,490,715,695,2.526708633297872
2024-04-25 14:16:33.210000+00:00,2024-04-25 14:15:30+00:00,2024-04-25 14:17:30+00:00,TABUENCA01-45,Sensoria-C1-EEA1,Right,Gait,1.0.5,40.3882544,-3.6292402,CB:AA:BC:3F:36:A5,SCKS,1.996095,1.976564,0.140625,63.84,88.480003,-131.039993,-0.09344,0.541952,-0.242944,489,714,699,2.8126457092470782
2024-04-25 14:16:33.217000+00:00,2024-04-25 14:15:30+00:00,2024-04-25 14:17:30+00:00,TABUENCA01-45,Sensoria-C1-E90A,Left,Gait,1.0.5,40.3882544,-3.6292402,F0:75:B1:51:59:F6,SCKS,0.125,1.249999,0.0,-7.84,-29.120001,-103.040001,0.28032,0.766208,-0.242944,432,269,692,1.256233457602925
2024-04-25 14:16:33.226000+00:00,2024-04-25 14:15:30+00:00,2024-04-25 14:17:30+00:00,TABUENCA01-45,Sensoria-C1-EEA1,Right,Gait,1.0.5,40.3882544,-3.6292402,CB:AA:BC:3F:36:A5,SCKS,1.996095,1.996095,0.804688,6.72,35.84,38.080002,-0.09344,0.541952,-0.242944,489,716,706,2.9353557323421633
2024-04-25 14:16:33.242000+00:00,2024-04-25 14:15:30+00:00,2024-04-25 14:17:30+00:00,TABUENCA01-45,Sensoria-C1-EEA1,Right,Gait,1.0.5,40.3882544,-3.6292402,CB:AA:BC:3F:36:A5,SCKS,-0.609375,1.23047,-0.328125,5.6,-118.720001,151.199997,-0.074752,0.551296,-0.242944,489,713,697,1.4117578854569928
2024-04-25 14:16:33.250000+00:00,2024-04-25 14:15:30+00:00,2024-04-25 14:17:30+00:00,TABUENCA01-45,Sensoria-C1-E90A,Left,Gait,1.0.5,40.3882544,-3.6292402,F0:75:B1:51:59:F6,SCKS,0.1875,1.499999,-0.28125,-4.48,-4.48,-157.919998,0.224256,0.784896,-0.242944,434,277,700,1.5376133494806163
2024-04-25 14:16:33.274000+00:00,2024-04-25 14:15:30+00:00,2024-04-25 14:17:30+00:00,TABUENCA01-45,Sensoria-C1-EEA1,Right,Gait,1.0.5,40.3882544,-3.6292402,CB:AA:BC:3F:36:A5,SCKS,-2.000001,0.640625,1.13672,41.439999,-126.559998,78.400002,-0.074752,0.56064,-0.261632,497,716,670,2.387998481788881
2024-04-25 14:16:33.282000+00:00,2024-04-25 14:15:30+00:00,2024-04-25 14:17:30+00:00,TABUENCA01-45,Sensoria-C1-E90A,Left,Gait,1.0.5,40.3882544,-3.6292402,F0:75:B1:51:59:F6,SCKS,0.53125,1.937499,-0.28125,-4.48,-13.440001,-192.639999,0.18688,0.79424,-0.261632,483,325,700,2.02860309079943
2024-04-25 14:16:33.291000+00:00,2024-04-25 14:15:30+00:00,2024-04-25 14:17:30+00:00,TABUENCA01-45,Sensoria-C1-EEA1,Right,Gait,1.0.5,40.3882544,-3.6292402,CB:AA:BC:3F:36:A5,SCKS,1.066407,1.625001,0.515625,82.879997,-234.080002,291.200012,-0.074752,0.60736,-0.289664,507,718,617,2.0109006142211503
2024-04-25 14:16:33.307000+00:00,2024-04-25 14:15:30+00:00,2024-04-25 14:17:30+00:00,TABUENCA01-45,Sensoria-C1-EEA1,Right,Gait,1.0.5,40.3882544,-3.6292402,CB:AA:BC:3F:36:A5,SCKS,0.796876,1.88672,0.363282,61.599998,-59.360001,243.040009,-0.074752,0.60736,-0.289664,511,722,556,2.080071520236744
2024-04-25 14:16:33.315000+00:00,2024-04-25 14:15:30+00:00,2024-04-25 14:17:30+00:00,TABUENCA01-45,Sensoria-C1-E90A,Left,Gait,1.0.5,40.3882544,-3.6292402,F0:75:B1:51:59:F6,SCKS,0.999999,2.406249,-0.0625,-36.959999,-70.559998,-192.639999,0.149504,0.803584,-0.252288,534,369,697,2.6065184633917324
2024-04-25 14:16:33.323000+00:00,2024-04-25 14:15:30+00:00,2024-04-25 14:17:30+00:00,TABUENCA01-45,Sensoria-C1-EEA1,Right,Gait,1.0.5,40.3882544,-3.6292402,CB:AA:BC:3F:36:A5,SCKS,0.125,1.406251,-0.382813,54.880001,60.48,236.320007,-0.056064,0.644736,-0.28032,514,723,469,1.4627756724699792
2024-04-25 14:16:33.348000+00:00,2024-04-25 14:15:30+00:00,2024-04-25 14:17:30+00:00,TABUENCA01-45,Sensoria-C1-E90A,Left,Gait,1.0.5,40.3882544,-3.6292402,F0:75:B1:51:59:F6,SCKS,0.6875,2.374999,-0.5,-35.84,-147.839996,-245.279999,0.112128,0.803584,-0.261632,574,418,700,2.5225535673204247
2024-04-25 14:16:33.356000+00:00,2024-04-25 14:15:30+00:00,2024-04-25 14:17:30+00:00,TABUENCA01-45,Sensoria-C1-EEA1,Right,Gait,1.0.5,40.3882544,-3.6292402,CB:AA:BC:3F:36:A5,SCKS,0.574219,1.394532,-0.023438,13.440001,-19.040001,184.800003,-0.028032,0.663424,-0.28032,503,728,376,1.5083090859730972
2024-04-25 14:16:33.372000+00:00,2024-04-25 14:15:30+00:00,2024-04-25 14:17:30+00:00,TABUENCA01-45,Sensoria-C1-EEA1,Right,Gait,1.0.5,40.3882544,-3.6292402,CB:AA:BC:3F:36:A5,SCKS,0.183594,0.910157,0.226563,-4.48,48.16,134.399994,-0.009344,0.691456,-0.270976,484,725,339,0.955731821409123
2024-04-25 14:16:33.380000+00:00,2024-04-25 14:15:30+00:00,2024-04-25 14:17:30+00:00,TABUENCA01-45,Sensoria-C1-E90A,Left,Gait,1.0.5,40.3882544,-3.6292402,F0:75:B1:51:59:F6,SCKS,1.062499,1.562499,-0.71875,12.32,-4.48,-285.600006,0.056064,0.803584,-0.261632,634,492,703,2.0216104502356536
2024-04-25 14:16:33.388000+00:00,2024-04-25 14:15:30+00:00,2024-04-25 14:17:30+00:00,TABUENCA01-45,Sensoria-C1-EEA1,Right,Gait,1.0.5,40.3882544,-3.6292402,CB:AA:BC:3F:36:A5,SCKS,-0.070313,0.953126,-0.027344,0.0,50.400002,106.400002,0.0,0.7008,-0.270976,468,713,324,0.9561070986981531
2024-04-25 14:16:33.405000+00:00,2024-04-25 14:15:30+00:00,2024-04-25 14:17:30+00:00,TABUENCA01-45,Sensoria-C1-EEA1,Right,Gait,1.0.5,40.3882544,-3.6292402,CB:AA:BC:3F:36:A5,SCKS,-0.128906,0.921876,-0.011719,-2.24,34.720001,82.879997,0.018688,0.710144,-0.261632,453,699,318,0.9309186060945394
2024-04-25 14:16:33.412000+00:00,2024-04-25 14:15:30+00:00,2024-04-25 14:17:30+00:00,TABUENCA01-45,Sensoria-C1-E90A,Left,Gait,1.0.5,40.3882544,-3.6292402,F0:75:B1:51:59:F6,SCKS,0.1875,0.625,-0.53125,24.639999,-33.599998,-161.279999,-0.028032,0.79424,-0.261632,677,534,705,0.8414320011147662
2024-04-25 14:16:33.437000+00:00,2024-04-25 14:15:30+00:00,2024-04-25 14:17:30+00:00,TABUENCA01-45,Sensoria-C1-EEA1,Right,Gait,1.0.5,40.3882544,-3.6292402,CB:AA:BC:3F:36:A5,SCKS,-0.089844,1.000001,0.089844,-3.36,14.56,60.48,0.018688,0.728832,-0.270976,441,685,317,1.0080406185630617
2024-04-25 14:16:33.453000+00:00,2024-04-25 14:15:30+00:00,2024-04-25 14:17:30+00:00,TABUENCA01-45,Sensoria-C1-EEA1,Right,Gait,1.0.5,40.3882544,-3.6292402,CB:AA:BC:3F:36:A5,SCKS,-0.066406,1.027344,-0.058594,1.12,11.2,48.16,0.018688,0.728832,-0.270976,434,673,322,1.0311540660871197
2024-04-25 14:16:33.461000+00:00,2024-04-25 14:15:30+00:00,2024-04-25 14:17:30+00:00,TABUENCA01-45,Sensoria-C1-E90A,Left,Gait,1.0.5,40.3882544,-3.6292402,F0:75:B1:51:59:F6,SCKS,0.84375,0.375,-0.25,31.360001,-190.399994,2.24,-0.037376,0.79424,-0.270976,697,545,704,0.9565767415633729
2024-04-25 14:16:33.470000+00:00,2024-04-25 14:15:30+00:00,2024-04-25 14:17:30+00:00,TABUENCA01-45,Sensoria-C1-EEA1,Right,Gait,1.0.5,40.3882544,-3.6292402,CB:AA:BC:3F:36:A5,SCKS,-0.132813,1.042969,-0.066406,1.12,7.84,38.080002,0.028032,0.728832,-0.261632,425,664,336,1.053486300227013
2024-04-25 14:16:33.477000+00:00,2024-04-25 14:15:30+00:00,2024-04-25 14:17:30+00:00,TABUENCA01-45,Sensoria-C1-E90A,Left,Gait,1.0.5,40.3882544,-3.6292402,F0:75:B1:51:59:F6,SCKS,0.968749,0.03125,-0.03125,-2.24,-50.400002,123.199997,-0.009344,0.79424,-0.270976,704,546,702,0.9697565416128937
2024-04-25 14:16:33.486000+00:00,2024-04-25 14:15:30+00:00,2024-04-25 14:17:30+00:00,TABUENCA01-45,Sensoria-C1-EEA1,Right,Gait,1.0.5,40.3882544,-3.6292402,CB:AA:BC:3F:36:A5,SCKS,-0.113281,0.968751,-0.117188,-4.48,16.799999,42.560001,0.037376,0.728832,-0.270976,416,657,353,0.9823665875354272
2024-04-25 14:16:33.518000+00:00,2024-04-25 14:15:30+00:00,2024-04-25 14:17:30+00:00,TABUENCA01-45,Sensoria-C1-EEA1,Right,Gait,1.0.5,40.3882544,-3.6292402,CB:AA:BC:3F:36:A5,SCKS,-0.085938,0.964844,-0.085938,-7.84,16.799999,43.68,0.037376,0.728832,-0.252288,407,653,374,0.972468315177415
2024-04-25 14:16:33.525000+00:00,2024-04-25 14:15:30+00:00,2024-04-25 14:17:30+00:00,TABUENCA01-45,Sensoria-C1-E90A,Left,Gait,1.0.5,40.3882544,-3.6292402,F0:75:B1:51:59:F6,SCKS,0.28125,0.0,0.0625,0.0,43.68,165.759995,0.009344,0.803584,-0.270976,707,548,700,0.2881107642904027
2024-04-25 14:16:33.526000+00:00,2024-04-25 14:15:30+00:00,2024-04-25 14:17:30+00:00,TABUENCA01-45,Sensoria-C1-E90A,Left,Gait,1.0.5,40.3882544,-3.6292402,F0:75:B1:51:59:F6,SCKS,0.40625,0.25,-0.1875,31.360001,48.16,239.680008,0.04672,0.803584,-0.270976,707,548,698,0.5125381083392727
2024-04-25 14:16:33.534000+00:00,2024-04-25 14:15:30+00:00,2024-04-25 14:17:30+00:00,TABUENCA01-45,Sensoria-C1-EEA1,Right,Gait,1.0.5,40.3882544,-3.6292402,CB:AA:BC:3F:36:A5,SCKS,-0.03125,0.949219,-0.046875,-7.84,22.4,44.799999,0.056064,0.738176,-0.2336,400,646,395,0.950889340610147
2024-04-25 14:16:33.551000+00:00,2024-04-25 14:15:30+00:00,2024-04-25 14:17:30+00:00,TABUENCA01-45,Sensoria-C1-EEA1,Right,Gait,1.0.5,40.3882544,-3.6292402,CB:AA:BC:3F:36:A5,SCKS,-0.035156,0.945313,-0.019531,-6.72,28.0,41.439999,0.04672,0.738176,-0.252288,388,635,415,0.9461680993702969
2024-04-25 14:16:33.558000+00:00,2024-04-25 14:15:30+00:00,2024-04-25 14:17:30+00:00,TABUENCA01-45,Sensoria-C1-E90A,Left,Gait,1.0.5,40.3882544,-3.6292402,F0:75:B1:51:59:F6,SCKS,0.34375,0.53125,-0.125,15.68,58.240002,280.0,0.14016,0.803584,-0.2336,707,546,698,0.6449927325171967
2024-04-25 14:16:33.567000+00:00,2024-04-25 14:15:30+00:00,2024-04-25 14:17:30+00:00,TABUENCA01-45,Sensoria-C1-EEA1,Right,Gait,1.0.5,40.3882544,-3.6292402,CB:AA:BC:3F:36:A5,SCKS,-0.039063,0.960938,-0.019531,-2.24,25.76,38.080002,0.04672,0.738176,-0.252288,377,626,433,0.9619299443171524
2024-04-25 14:16:33.583000+00:00,2024-04-25 14:15:30+00:00,2024-04-25 14:17:30+00:00,TABUENCA01-45,Sensoria-C1-EEA1,Right,Gait,1.0.5,40.3882544,-3.6292402,CB:AA:BC:3F:36:A5,SCKS,-0.019531,0.976563,-0.066406,1.12,22.4,38.080002,0.065408,0.738176,-0.242944,364,614,447,0.9790130283944131
2024-04-25 14:16:33.591000+00:00,2024-04-25 14:15:30+00:00,2024-04-25 14:17:30+00:00,TABUENCA01-45,Sensoria-C1-E90A,Left,Gait,1.0.5,40.3882544,-3.6292402,F0:75:B1:51:59:F6,SCKS,0.3125,1.062499,-0.09375,2.24,51.52,368.480011,0.205568,0.784896,-0.252288,707,546,697,1.111462746789563
2024-04-25 14:16:33.616000+00:00,2024-04-25 14:15:30+00:00,2024-04-25 14:17:30+00:00,TABUENCA01-45,Sensoria-C1-EEA1,Right,Gait,1.0.5,40.3882544,-3.6292402,CB:AA:BC:3F:36:A5,SCKS,-0.035156,0.937501,-0.046875,-1.12,22.4,40.32,0.065408,0.738176,-0.224256,348,604,462,0.9393302587279939
2024-04-25 14:16:33.624000+00:00,2024-04-25 14:15:30+00:00,2024-04-25 14:17:30+00:00,TABUENCA01-45,Sensoria-C1-E90A,Left,Gait,1.0.5,40.3882544,-3.6292402,F0:75:B1:51:59:F6,SCKS,0.40625,1.656249,-0.09375,-3.36,38.080002,404.320007,0.336384,0.719488,-0.252288,707,544,696,1.7079194579958976
2024-04-25 14:16:33.632000+00:00,2024-04-25 14:15:30+00:00,2024-04-25 14:17:30+00:00,TABUENCA01-45,Sensoria-C1-EEA1,Right,Gait,1.0.5,40.3882544,-3.6292402,CB:AA:BC:3F:36:A5,SCKS,-0.101563,0.988282,-0.03125,-1.12,19.040001,47.040001,0.084096,0.74752,-0.2336,331,592,476,0.9939783282310535
2024-04-25 14:16:33.648000+00:00,2024-04-25 14:15:30+00:00,2024-04-25 14:17:30+00:00,TABUENCA01-45,Sensoria-C1-EEA1,Right,Gait,1.0.5,40.3882544,-3.6292402,CB:AA:BC:3F:36:A5,SCKS,-0.058594,1.000001,0.015625,-2.24,11.2,59.360001,0.084096,0.74752,-0.2336,314,577,491,1.001838009591371
2024-04-25 14:16:33.656000+00:00,2024-04-25 14:15:30+00:00,2024-04-25 14:17:30+00:00,TABUENCA01-45,Sensoria-C1-E90A,Left,Gait,1.0.5,40.3882544,-3.6292402,F0:75:B1:51:59:F6,SCKS,0.34375,2.468749,-0.03125,-6.72,43.68,432.320007,0.401792,0.672768,-0.270976,705,543,693,2.4927619721908867
2024-04-25 14:16:33.664000+00:00,2024-04-25 14:15:30+00:00,2024-04-25 14:17:30+00:00,TABUENCA01-45,Sensoria-C1-EEA1,Right,Gait,1.0.5,40.3882544,-3.6292402,CB:AA:BC:3F:36:A5,SCKS,-0.011719,1.023438,0.019531,0.0,4.48,68.32,0.084096,0.74752,-0.2336,296,559,510,1.0236914255604568
2024-04-25 14:16:33.688000+00:00,2024-04-25 14:15:30+00:00,2024-04-25 14:17:30+00:00,TABUENCA01-45,Sensoria-C1-E90A,Left,Gait,1.0.5,40.3882544,-3.6292402,F0:75:B1:51:59:F6,SCKS,-0.40625,3.312498,0.21875,-1.12,103.040001,446.880005,0.457856,0.60736,-0.289664,705,542,692,3.344478079611825
2024-04-25 14:16:33.697000+00:00,2024-04-25 14:15:30+00:00,2024-04-25 14:17:30+00:00,TABUENCA01-45,Sensoria-C1-EEA1,Right,Gait,1.0.5,40.3882544,-3.6292402,CB:AA:BC:3F:36:A5,SCKS,0.007813,1.078126,0.003906,2.24,2.24,72.800003,0.09344,0.756864,-0.2336,278,538,537,1.078161384803314
2024-04-25 14:16:33.713000+00:00,2024-04-25 14:15:30+00:00,2024-04-25 14:17:30+00:00,TABUENCA01-45,Sensoria-C1-EEA1,Right,Gait,1.0.5,40.3882544,-3.6292402,CB:AA:BC:3F:36:A5,SCKS,-0.023438,1.074219,0.023438,2.24,2.24,79.519997,0.102784,0.756864,-0.2336,258,516,571,1.074730263670378
2024-04-25 14:16:33.721000+00:00,2024-04-25 14:15:30+00:00,2024-04-25 14:17:30+00:00,TABUENCA01-45,Sensoria-C1-E90A,Left,Gait,1.0.5,40.3882544,-3.6292402,F0:75:B1:51:59:F6,SCKS,-1.093749,3.031248,-1.249999,-13.440001,123.199997,389.76001,0.495232,0.532608,-0.308352,705,542,696,3.4564792509873397
2024-04-25 14:16:33.729000+00:00,2024-04-25 14:15:30+00:00,2024-04-25 14:17:30+00:00,TABUENCA01-45,Sensoria-C1-EEA1,Right,Gait,1.0.5,40.3882544,-3.6292402,CB:AA:BC:3F:36:A5,SCKS,-0.054688,1.128907,0.023438,6.72,-6.72,92.959999,0.121472,0.766208,-0.224256,241,496,611,1.1304738527878477
2024-04-25 14:16:33.745000+00:00,2024-04-25 14:15:30+00:00,2024-04-25 14:17:30+00:00,TABUENCA01-45,Sensoria-C1-EEA1,Right,Gait,1.0.5,40.3882544,-3.6292402,CB:AA:BC:3F:36:A5,SCKS,-0.097656,1.257813,0.101563,10.08,-16.799999,108.639999,0.14016,0.775552,-0.224256,225,478,646,1.265679770034269
2024-04-25 14:16:33.754000+00:00,2024-04-25 14:15:30+00:00,2024-04-25 14:17:30+00:00,TABUENCA01-45,Sensoria-C1-E90A,Left,Gait,1.0.5,40.3882544,-3.6292402,F0:75:B1:51:59:F6,SCKS,-4.062498,1.187499,-0.46875,-1.12,14.56,200.479996,0.51392,0.485888,-0.317696,701,542,700,4.258376502554113
2024-04-25 14:16:33.762000+00:00,2024-04-25 14:15:30+00:00,2024-04-25 14:17:30+00:00,TABUENCA01-45,Sensoria-C1-EEA1,Right,Gait,1.0.5,40.3882544,-3.6292402,CB:AA:BC:3F:36:A5,SCKS,-0.121094,1.343751,0.15625,5.6,-31.360001,135.520004,0.14016,0.775552,-0.224256,213,463,672,1.358213742139653
2024-04-25 14:16:33.785000+00:00,2024-04-25 14:15:30+00:00,2024-04-25 14:17:30+00:00,TABUENCA01-45,Sensoria-C1-E90A,Left,Gait,1.0.5,40.3882544,-3.6292402,F0:75:B1:51:59:F6,SCKS,-3.156248,1.843749,-0.21875,24.639999,-64.959999,-26.880001,0.51392,0.476544,-0.317696,700,543,705,3.6618524512881456
2024-04-25 14:16:33.794000+00:00,2024-04-25 14:15:30+00:00,2024-04-25 14:17:30+00:00,TABUENCA01-45,Sensoria-C1-EEA1,Right,Gait,1.0.5,40.3882544,-3.6292402,CB:AA:BC:3F:36:A5,SCKS,-0.167969,1.519532,-0.222656,-12.32,-24.639999,151.199997,0.149504,0.775552,-0.224256,202,458,690,1.5449164308534622
2024-04-25 14:16:33.810000+00:00,2024-04-25 14:15:30+00:00,2024-04-25 14:17:30+00:00,TABUENCA01-45,Sensoria-C1-EEA1,Right,Gait,1.0.5,40.3882544,-3.6292402,CB:AA:BC:3F:36:A5,SCKS,-0.253906,1.703126,-0.082031,-20.16,-4.48,170.240005,0.177536,0.784896,-0.2336,194,462,699,1.7239012482369749
2024-04-25 14:16:33.818000+00:00,2024-04-25 14:15:30+00:00,2024-04-25 14:17:30+00:00,TABUENCA01-45,Sensoria-C1-E90A,Left,Gait,1.0.5,40.3882544,-3.6292402,F0:75:B1:51:59:F6,SCKS,4.749998,0.9375,0.125,40.32,53.760002,-124.32,0.504576,0.495232,-0.317696,700,541,687,4.843243980020416
2024-04-25 14:16:33.827000+00:00,2024-04-25 14:15:30+00:00,2024-04-25 14:17:30+00:00,TABUENCA01-45,Sensoria-C1-EEA1,Right,Gait,1.0.5,40.3882544,-3.6292402,CB:AA:BC:3F:36:A5,SCKS,-0.523438,1.976564,0.183594,-29.120001,26.880001,191.520004,0.214912,0.79424,-0.2336,193,477,702,2.052924582827143
2024-04-25 14:16:33.834000+00:00,2024-04-25 14:15:30+00:00,2024-04-25 14:17:30+00:00,TABUENCA01-45,Sensoria-C1-E90A,Left,Gait,1.0.5,40.3882544,-3.6292402,F0:75:B1:51:59:F6,SCKS,-1.562499,1.562499,0.75,73.919998,220.639999,-281.119995,0.485888,0.551296,-0.345728,706,546,633,2.333517998645393
2024-04-25 14:16:33.843000+00:00,2024-04-25 14:15:30+00:00,2024-04-25 14:17:30+00:00,TABUENCA01-45,Sensoria-C1-EEA1,Right,Gait,1.0.5,40.3882544,-3.6292402,CB:AA:BC:3F:36:A5,SCKS,-1.109376,1.996095,0.558594,-47.040001,67.199997,216.160004,0.242944,0.79424,-0.242944,201,494,703,2.3509865195778983
2024-04-25 14:16:33.867000+00:00,2024-04-25 14:15:30+00:00,2024-04-25 14:17:30+00:00,TABUENCA01-45,Sensoria-C1-E90A,Left,Gait,1.0.5,40.3882544,-3.6292402,F0:75:B1:51:59:F6,SCKS,0.0625,1.531249,-0.78125,108.639999,-14.56,-203.839996,0.4672,0.588672,-0.336384,703,550,501,1.720168977891707
2024-04-25 14:16:33.875000+00:00,2024-04-25 14:15:30+00:00,2024-04-25 14:17:30+00:00,TABUENCA01-45,Sensoria-C1-EEA1,Right,Gait,1.0.5,40.3882544,-3.6292402,CB:AA:BC:3F:36:A5,SCKS,-0.675782,1.996095,0.210938,-47.040001,51.52,253.119995,0.242944,0.79424,-0.242944,225,520,704,2.1179167595524144
2024-04-25 14:16:33.892000+00:00,2024-04-25 14:15:30+00:00,2024-04-25 14:17:30+00:00,TABUENCA01-45,Sensoria-C1-EEA1,Right,Gait,1.0.5,40.3882544,-3.6292402,CB:AA:BC:3F:36:A5,SCKS,-0.832032,1.996095,-0.476563,-15.68,2.24,293.440002,0.299008,0.803584,-0.242944,270,566,702,2.2144490942485
2024-04-25 14:16:33.899000+00:00,2024-04-25 14:15:30+00:00,2024-04-25 14:17:30+00:00,TABUENCA01-45,Sensoria-C1-E90A,Left,Gait,1.0.5,40.3882544,-3.6292402,F0:75:B1:51:59:F6,SCKS,0.0,0.875,-0.125,91.840004,-40.32,-196.0,0.439168,0.616704,-0.336384,698,556,401,0.8838834764831844
2024-04-25 14:16:33.908000+00:00,2024-04-25 14:15:30+00:00,2024-04-25 14:17:30+00:00,TABUENCA01-45,Sensoria-C1-EEA1,Right,Gait,1.0.5,40.3882544,-3.6292402,CB:AA:BC:3F:36:A5,SCKS,-0.605469,1.996095,-0.675782,-7.84,-79.519997,327.040009,0.345728,0.803584,-0.242944,332,620,702,2.1926397949754537
2024-04-25 14:16:33.924000+00:00,2024-04-25 14:15:30+00:00,2024-04-25 14:17:30+00:00,TABUENCA01-45,Sensoria-C1-EEA1,Right,Gait,1.0.5,40.3882544,-3.6292402,CB:AA:BC:3F:36:A5,SCKS,-0.519532,0.828126,-0.714844,17.92,-67.199997,304.640015,0.392448,0.784896,-0.2336,400,666,704,1.211077254032954
2024-04-25 14:16:33.932000+00:00,2024-04-25 14:15:30+00:00,2024-04-25 14:17:30+00:00,TABUENCA01-45,Sensoria-C1-E90A,Left,Gait,1.0.5,40.3882544,-3.6292402,F0:75:B1:51:59:F6,SCKS,0.125,0.9375,-0.3125,44.799999,-62.720001,-86.239998,0.401792,0.663424,-0.299008,665,546,345,0.9960860906568267
2024-04-25 14:16:33.957000+00:00,2024-04-25 14:15:30+00:00,2024-04-25 14:17:30+00:00,TABUENCA01-45,Sensoria-C1-EEA1,Right,Gait,1.0.5,40.3882544,-3.6292402,CB:AA:BC:3F:36:A5,SCKS,-0.496094,0.113281,-0.558594,14.56,28.0,204.960007,0.429824,0.784896,-0.242944,448,693,702,0.7556249722137299
2024-04-25 14:16:33.964000+00:00,2024-04-25 14:15:30+00:00,2024-04-25 14:17:30+00:00,TABUENCA01-45,Sensoria-C1-E90A,Left,Gait,1.0.5,40.3882544,-3.6292402,F0:75:B1:51:59:F6,SCKS,0.125,0.999999,-0.09375,19.040001,-44.799999,-38.080002,0.392448,0.672768,-0.299008,644,528,336,1.012132433281831
2024-04-25 14:16:33.973000+00:00,2024-04-25 14:15:30+00:00,2024-04-25 14:17:30+00:00,TABUENCA01-45,Sensoria-C1-EEA1,Right,Gait,1.0.5,40.3882544,-3.6292402,CB:AA:BC:3F:36:A5,SCKS,-0.398438,0.808594,-0.753907,34.720001,213.919998,101.919998,0.457856,0.775552,-0.2336,472,704,700,1.1751395071773394
2024-04-25 14:16:33.990000+00:00,2024-04-25 14:15:30+00:00,2024-04-25 14:17:30+00:00,TABUENCA01-45,Sensoria-C1-EEA1,Right,Gait,1.0.5,40.3882544,-3.6292402,CB:AA:BC:3F:36:A5,SCKS,-1.546876,0.335938,-0.417969,-11.2,213.919998,-42.560001,0.457856,0.775552,-0.2336,485,712,698,1.6371859345172128
2024-04-25 14:16:33.997000+00:00,2024-04-25 14:15:30+00:00,2024-04-25 14:17:30+00:00,TABUENCA01-45,Sensoria-C1-E90A,Left,Gait,1.0.5,40.3882544,-3.6292402,F0:75:B1:51:59:F6,SCKS,0.125,0.968749,-0.1875,8.96,-36.959999,-25.76,0.383104,0.691456,-0.28032,627,510,344,0.994613429931951
2024-04-25 14:16:34.006000+00:00,2024-04-25 14:15:30+00:00,2024-04-25 14:17:30+00:00,TABUENCA01-45,Sensoria-C1-EEA1,Right,Gait,1.0.5,40.3882544,-3.6292402,CB:AA:BC:3F:36:A5,SCKS,-0.953126,0.019531,0.0,-33.599998,144.479996,-76.160004,0.448512,0.775552,-0.261632,489,716,696,0.9533260889312744
2024-04-25 14:16:34.022000+00:00,2024-04-25 14:15:30+00:00,2024-04-25 14:17:30+00:00,TABUENCA01-45,Sensoria-C1-EEA1,Right,Gait,1.0.5,40.3882544,-3.6292402,CB:AA:BC:3F:36:A5,SCKS,-0.496094,-0.164063,0.082031,12.32,66.080002,-113.120003,0.439168,0.784896,-0.270976,491,716,695,0.528918717541741
2024-04-25 14:16:34.030000+00:00,2024-04-25 14:15:30+00:00,2024-04-25 14:17:30+00:00,TABUENCA01-45,Sensoria-C1-E90A,Left,Gait,1.0.5,40.3882544,-3.6292402,F0:75:B1:51:59:F6,SCKS,0.15625,0.999999,-0.21875,2.24,-30.24,-23.52,0.383104,0.691456,-0.28032,616,498,364,1.0355016296467137
2024-04-25 14:16:34.055000+00:00,2024-04-25 14:15:30+00:00,2024-04-25 14:17:30+00:00,TABUENCA01-45,Sensoria-C1-EEA1,Right,Gait,1.0.5,40.3882544,-3.6292402,CB:AA:BC:3F:36:A5,SCKS,-0.507813,-0.023438,-0.007813,43.68,31.360001,-168.0,0.401792,0.79424,-0.270976,492,717,695,0.5084136365027988
2024-04-25 14:16:34.063000+00:00,2024-04-25 14:15:30+00:00,2024-04-25 14:17:30+00:00,TABUENCA01-45,Sensoria-C1-E90A,Left,Gait,1.0.5,40.3882544,-3.6292402,F0:75:B1:51:59:F6,SCKS,0.125,0.9375,-0.28125,-2.24,-43.68,-23.52,0.37376,0.691456,-0.289664,599,483,406,0.986728337740434
2024-04-25 14:16:34.071000+00:00,2024-04-25 14:15:30+00:00,2024-04-25 14:17:30+00:00,TABUENCA01-45,Sensoria-C1-EEA1,Right,Gait,1.0.5,40.3882544,-3.6292402,CB:AA:BC:3F:36:A5,SCKS,-0.6875,0.289063,-0.054688,48.16,4.48,-216.160004,0.364416,0.803584,-0.252288,493,718,693,0.7477997361011837
2024-04-25 14:16:34.087000+00:00,2024-04-25 14:15:30+00:00,2024-04-25 14:17:30+00:00,TABUENCA01-45,Sensoria-C1-EEA1,Right,Gait,1.0.5,40.3882544,-3.6292402,CB:AA:BC:3F:36:A5,SCKS,-0.582032,0.460938,0.019531,45.920002,-53.760002,-278.880005,0.364416,0.803584,-0.252288,492,717,693,0.7427021939034515
2024-04-25 14:16:34.095000+00:00,2024-04-25 14:15:30+00:00,2024-04-25 14:17:30+00:00,TABUENCA01-45,Sensoria-C1-E90A,Left,Gait,1.0.5,40.3882544,-3.6292402,F0:75:B1:51:59:F6,SCKS,0.09375,0.9375,-0.25,1.12,-47.040001,-16.799999,0.364416,0.691456,-0.289664,578,461,476,0.9747796225301388
2024-04-25 14:16:34.103000+00:00,2024-04-25 14:15:30+00:00,2024-04-25 14:17:30+00:00,TABUENCA01-45,Sensoria-C1-EEA1,Right,Gait,1.0.5,40.3882544,-3.6292402,CB:AA:BC:3F:36:A5,SCKS,-0.507813,0.664063,-0.003906,48.16,-81.760002,-315.839996,0.317696,0.803584,-0.242944,493,714,693,0.8359838322443802
2024-04-25 14:16:34.127000+00:00,2024-04-25 14:15:30+00:00,2024-04-25 14:17:30+00:00,TABUENCA01-45,Sensoria-C1-E90A,Left,Gait,1.0.5,40.3882544,-3.6292402,F0:75:B1:51:59:F6,SCKS,0.09375,0.9375,-0.25,-2.24,-48.16,-15.68,0.355072,0.7008,-0.252288,562,446,516,0.9747796225301388
2024-04-25 14:16:34.136000+00:00,2024-04-25 14:15:30+00:00,2024-04-25 14:17:30+00:00,TABUENCA01-45,Sensoria-C1-EEA1,Right,Gait,1.0.5,40.3882544,-3.6292402,CB:AA:BC:3F:36:A5,SCKS,-0.527344,0.976563,-0.070313,43.68,-92.959999,-349.440002,0.242944,0.812928,-0.252288,492,714,692,1.1120750448031824
2024-04-25 14:16:34.152000+00:00,2024-04-25 14:15:30+00:00,2024-04-25 14:17:30+00:00,TABUENCA01-45,Sensoria-C1-EEA1,Right,Gait,1.0.5,40.3882544,-3.6292402,CB:AA:BC:3F:36:A5,SCKS,-0.472657,1.316407,-0.097656,30.24,-86.239998,-378.559998,0.18688,0.79424,-0.242944,492,713,692,1.4020944061060938
2024-04-25 14:16:34.160000+00:00,2024-04-25 14:15:30+00:00,2024-04-25 14:17:30+00:00,TABUENCA01-45,Sensoria-C1-E90A,Left,Gait,1.0.5,40.3882544,-3.6292402,F0:75:B1:51:59:F6,SCKS,0.0625,0.9375,-0.21875,-2.24,-49.279999,-21.280001,0.355072,0.710144,-0.252288,547,428,550,0.9647093150270707
2024-04-25 14:16:34.168000+00:00,2024-04-25 14:15:30+00:00,2024-04-25 14:17:30+00:00,TABUENCA01-45,Sensoria-C1-EEA1,Right,Gait,1.0.5,40.3882544,-3.6292402,CB:AA:BC:3F:36:A5,SCKS,-0.347656,1.785158,-0.085938,12.32,-56.0,-392.0,0.121472,0.766208,-0.252288,492,711,692,1.8207248883738585
2024-04-25 14:16:34.176000+00:00,2024-04-25 14:15:30+00:00,2024-04-25 14:17:30+00:00,TABUENCA01-45,Sensoria-C1-E90A,Left,Gait,1.0.5,40.3882544,-3.6292402,F0:75:B1:51:59:F6,SCKS,0.0625,0.9375,-0.1875,3.36,-49.279999,-29.120001,0.355072,0.710144,-0.252288,528,406,579,0.9581068572972432
2024-04-25 14:16:34.185000+00:00,2024-04-25 14:15:30+00:00,2024-04-25 14:17:30+00:00,TABUENCA01-45,Sensoria-C1-EEA1,Right,Gait,1.0.5,40.3882544,-3.6292402,CB:AA:BC:3F:36:A5,SCKS,-0.324219,1.996095,0.03125,2.24,-12.32,-395.360016,0.121472,0.766208,-0.252288,492,712,691,2.0224959261976276
2024-04-25 14:16:34.209000+00:00,2024-04-25 14:15:30+00:00,2024-04-25 14:17:30+00:00,TABUENCA01-45,Sensoria-C1-E90A,Left,Gait,1.0.5,40.3882544,-3.6292402,F0:75:B1:51:59:F6,SCKS,0.03125,0.968749,-0.1875,6.72,-42.560001,-44.799999,0.336384,0.719488,-0.242944,502,380,601,0.9872220811453722
2024-04-25 14:16:34.217000+00:00,2024-04-25 14:15:30+00:00,2024-04-25 14:17:30+00:00,TABUENCA01-45,Sensoria-C1-EEA1,Right,Gait,1.0.5,40.3882544,-3.6292402,CB:AA:BC:3F:36:A5,SCKS,0.039063,1.996095,-0.101563,45.920002,-49.279999,-407.679993,0.056064,0.728832,-0.242944,490,711,691,1.9990588310409976
2024-04-25 14:16:34.233000+00:00,2024-04-25 14:15:30+00:00,2024-04-25 14:17:30+00:00,TABUENCA01-45,Sensoria-C1-EEA1,Right,Gait,1.0.5,40.3882544,-3.6292402,CB:AA:BC:3F:36:A5,SCKS,0.609375,1.996095,-0.015625,51.52,-61.599998,-424.480011,-0.009344,0.682112,-0.242944,489,710,691,2.0870978128192745
2024-04-25 14:16:34.241000+00:00,2024-04-25 14:15:30+00:00,2024-04-25 14:17:30+00:00,TABUENCA01-45,Sensoria-C1-E90A,Left,Gait,1.0.5,40.3882544,-3.6292402,F0:75:B1:51:59:F6,SCKS,0.0625,1.062499,-0.1875,5.6,-42.560001,-56.0,0.336384,0.719488,-0.252288,474,349,628,1.0807250459765425
2024-04-25 14:16:34.250000+00:00,2024-04-25 14:15:30+00:00,2024-04-25 14:17:30+00:00,TABUENCA01-45,Sensoria-C1-EEA1,Right,Gait,1.0.5,40.3882544,-3.6292402,CB:AA:BC:3F:36:A5,SCKS,1.488282,1.996095,-0.539063,33.599998,-54.880001,-415.519989,-0.04672,0.616704,-0.252288,490,710,692,2.547541457664232
2024-04-25 14:16:34.267000+00:00,2024-04-25 14:15:30+00:00,2024-04-25 14:17:30+00:00,TABUENCA01-45,Sensoria-C1-EEA1,Right,Gait,1.0.5,40.3882544,-3.6292402,CB:AA:BC:3F:36:A5,SCKS,1.996095,1.996095,-0.277344,42.560001,0.0,-308.0,-0.074752,0.569984,-0.242944,489,712,693,2.8364961118228242
2024-04-25 14:16:34.273000+00:00,2024-04-25 14:15:30+00:00,2024-04-25 14:17:30+00:00,TABUENCA01-45,Sensoria-C1-E90A,Left,Gait,1.0.5,40.3882544,-3.6292402,F0:75:B1:51:59:F6,SCKS,0.125,1.187499,-0.15625,3.36,-42.560001,-75.040001,0.308352,0.738176,-0.2336,443,318,658,1.2042395681512048
2024-04-25 14:16:34.282000+00:00,2024-04-25 14:15:30+00:00,2024-04-25 14:17:30+00:00,TABUENCA01-45,Sensoria-C1-EEA1,Right,Gait,1.0.5,40.3882544,-3.6292402,CB:AA:BC:3F:36:A5,SCKS,1.996095,1.781251,0.0625,66.080002,42.560001,-193.759995,-0.074752,0.569984,-0.242944,489,713,695,2.676033748670969
2024-04-25 14:16:34.306000+00:00,2024-04-25 14:15:30+00:00,2024-04-25 14:17:30+00:00,TABUENCA01-45,Sensoria-C1-E90A,Left,Gait,1.0.5,40.3882544,-3.6292402,F0:75:B1:51:59:F6,SCKS,0.09375,1.218749,-0.09375,1.12,-34.720001,-103.040001,0.289664,0.756864,-0.2336,415,293,678,1.2259393337359725
2024-04-25 14:16:34.315000+00:00,2024-04-25 14:15:30+00:00,2024-04-25 14:17:30+00:00,TABUENCA01-45,Sensoria-C1-EEA1,Right,Gait,1.0.5,40.3882544,-3.6292402,CB:AA:BC:3F:36:A5,SCKS,1.996095,1.871095,0.738282,41.439999,50.400002,-42.560001,-0.084096,0.541952,-0.242944,486,713,699,2.833805226118055
2024-04-25 14:16:34.331000+00:00,2024-04-25 14:15:30+00:00,2024-04-25 14:17:30+00:00,TABUENCA01-45,Sensoria-C1-EEA1,Right,Gait,1.0.5,40.3882544,-3.6292402,CB:AA:BC:3F:36:A5,SCKS,1.996095,1.859376,0.871094,-1.12,-26.880001,119.840004,-0.074752,0.541952,-0.2336,486,713,701,2.8636478685824835
2024-04-25 14:16:34.347000+00:00,2024-04-25 14:15:30+00:00,2024-04-25 14:17:30+00:00,TABUENCA01-45,Sensoria-C1-EEA1,Right,Gait,1.0.5,40.3882544,-3.6292402,CB:AA:BC:3F:36:A5,SCKS,-2.000001,1.54297,-0.246094,11.2,-107.520004,97.440002,-0.084096,0.56064,-0.242944,489,712,691,2.5379760987324134
2024-04-25 14:16:34.354000+00:00,2024-04-25 14:15:30+00:00,2024-04-25 14:17:30+00:00,TABUENCA01-45,Sensoria-C1-E90A,Left,Gait,1.0.5,40.3882544,-3.6292402,F0:75:B1:51:59:F6,SCKS,0.28125,1.437499,-0.34375,7.84,-25.76,-131.039993,0.270976,0.766208,-0.214912,401,280,691,1.504549434216437
2024-04-25 14:16:34.363000+00:00,2024-04-25 14:15:30+00:00,2024-04-25 14:17:30+00:00,TABUENCA01-45,Sensoria-C1-EEA1,Right,Gait,1.0.5,40.3882544,-3.6292402,CB:AA:BC:3F:36:A5,SCKS,-0.925782,0.476563,1.60547,45.920002,-184.800003,165.759995,-0.084096,0.598016,-0.28032,499,713,659,1.9135617380667391
2024-04-25 14:16:34.371000+00:00,2024-04-25 14:15:30+00:00,2024-04-25 14:17:30+00:00,TABUENCA01-45,Sensoria-C1-E90A,Left,Gait,1.0.5,40.3882544,-3.6292402,F0:75:B1:51:59:F6,SCKS,0.28125,1.593749,-0.15625,6.72,-29.120001,-160.160004,0.242944,0.775552,-0.2336,405,295,694,1.6259002121904653
2024-04-25 14:16:34.395000+00:00,2024-04-25 14:15:30+00:00,2024-04-25 14:17:30+00:00,TABUENCA01-45,Sensoria-C1-EEA1,Right,Gait,1.0.5,40.3882544,-3.6292402,CB:AA:BC:3F:36:A5,SCKS,0.621094,1.875001,0.269531,70.559998,-187.039993,265.440002,-0.084096,0.598016,-0.28032,506,718,598,1.9934977970386623
2024-04-25 14:16:34.403000+00:00,2024-04-25 14:15:30+00:00,2024-04-25 14:17:30+00:00,TABUENCA01-45,Sensoria-C1-E90A,Left,Gait,1.0.5,40.3882544,-3.6292402,F0:75:B1:51:59:F6,SCKS,0.71875,2.187499,-0.09375,-5.6,-31.360001,-204.960007,0.214912,0.784896,-0.224256,462,348,696,2.304461433828086
2024-04-25 14:16:34.412000+00:00,2024-04-25 14:15:30+00:00,2024-04-25 14:17:30+00:00,TABUENCA01-45,Sensoria-C1-EEA1,Right,Gait,1.0.5,40.3882544,-3.6292402,CB:AA:BC:3F:36:A5,SCKS,0.472657,1.609376,0.054688,49.279999,20.16,237.440002,-0.065408,0.626048,-0.28032,512,722,514,1.6782391147774502
2024-04-25 14:16:34.436000+00:00,2024-04-25 14:15:30+00:00,2024-04-25 14:17:30+00:00,TABUENCA01-45,Sensoria-C1-E90A,Left,Gait,1.0.5,40.3882544,-3.6292402,F0:75:B1:51:59:F6,SCKS,0.59375,2.312499,-0.1875,-47.040001,-123.199997,-239.680008,0.121472,0.803584,-0.224256,543,422,699,2.3948584378833333
2024-04-25 14:16:34.444000+00:00,2024-04-25 14:15:30+00:00,2024-04-25 14:17:30+00:00,TABUENCA01-45,Sensoria-C1-EEA1,Right,Gait,1.0.5,40.3882544,-3.6292402,CB:AA:BC:3F:36:A5,SCKS,0.445313,1.406251,-0.585938,52.639999,12.32,192.639999,-0.037376,0.663424,-0.270976,511,724,411,1.5871889877434255
2024-04-25 14:16:34.445000+00:00,2024-04-25 14:15:30+00:00,2024-04-25 14:17:30+00:00,TABUENCA01-45,Sensoria-C1-EEA1,Right,Gait,1.0.5,40.3882544,-3.6292402,CB:AA:BC:3F:36:A5,SCKS,0.136719,0.894532,-0.003906,-2.24,11.2,170.240005,-0.028032,0.682112,-0.270976,502,725,371,0.9049280859941303
2024-04-25 14:16:34.477000+00:00,2024-04-25 14:15:30+00:00,2024-04-25 14:17:30+00:00,TABUENCA01-45,Sensoria-C1-EEA1,Right,Gait,1.0.5,40.3882544,-3.6292402,CB:AA:BC:3F:36:A5,SCKS,0.113281,1.007813,0.15625,-6.72,19.040001,135.520004,-0.009344,0.710144,-0.261632,488,725,347,1.0261255724471543
2024-04-25 14:16:34.484000+00:00,2024-04-25 14:15:30+00:00,2024-04-25 14:17:30+00:00,TABUENCA01-45,Sensoria-C1-E90A,Left,Gait,1.0.5,40.3882544,-3.6292402,F0:75:B1:51:59:F6,SCKS,0.875,1.437499,-0.53125,-2.24,3.36,-281.119995,0.084096,0.803584,-0.242944,606,492,699,1.76472517336298
2024-04-25 14:16:34.493000+00:00,2024-04-25 14:15:30+00:00,2024-04-25 14:17:30+00:00,TABUENCA01-45,Sensoria-C1-EEA1,Right,Gait,1.0.5,40.3882544,-3.6292402,CB:AA:BC:3F:36:A5,SCKS,-0.074219,1.011719,-0.09375,-5.6,20.16,109.760002,0.009344,0.719488,-0.270976,474,716,333,1.0187604514418491
2024-04-25 14:16:34.500000+00:00,2024-04-25 14:15:30+00:00,2024-04-25 14:17:30+00:00,TABUENCA01-45,Sensoria-C1-E90A,Left,Gait,1.0.5,40.3882544,-3.6292402,F0:75:B1:51:59:F6,SCKS,0.34375,0.53125,-0.59375,19.040001,-11.2,-166.880005,-0.009344,0.79424,-0.2336,661,535,702,0.8677152110571763
2024-04-25 14:16:34.509000+00:00,2024-04-25 14:15:30+00:00,2024-04-25 14:17:30+00:00,TABUENCA01-45,Sensoria-C1-EEA1,Right,Gait,1.0.5,40.3882544,-3.6292402,CB:AA:BC:3F:36:A5,SCKS,0.027344,0.996094,0.09375,-7.84,13.440001,73.919998,0.018688,0.719488,-0.270976,462,701,328,1.0008696287089542
2024-04-25 14:16:34.517000+00:00,2024-04-25 14:15:30+00:00,2024-04-25 14:17:30+00:00,TABUENCA01-45,Sensoria-C1-E90A,Left,Gait,1.0.5,40.3882544,-3.6292402,F0:75:B1:51:59:F6,SCKS,0.6875,0.46875,-0.125,11.2,-188.160004,-14.56,-0.018688,0.79424,-0.2336,689,546,703,0.8414320011147662
2024-04-25 14:16:34.525000+00:00,2024-04-25 14:15:30+00:00,2024-04-25 14:17:30+00:00,TABUENCA01-45,Sensoria-C1-EEA1,Right,Gait,1.0.5,40.3882544,-3.6292402,CB:AA:BC:3F:36:A5,SCKS,-0.082031,1.011719,0.082031,1.12,6.72,52.639999,0.018688,0.719488,-0.270976,450,684,327,1.01834842017995
2024-04-25 14:16:34.542000+00:00,2024-04-25 14:15:30+00:00,2024-04-25 14:17:30+00:00,TABUENCA01-45,Sensoria-C1-EEA1,Right,Gait,1.0.5,40.3882544,-3.6292402,CB:AA:BC:3F:36:A5,SCKS,-0.078125,0.992188,-0.0625,2.24,7.84,43.68,0.037376,0.719488,-0.261632,439,668,330,0.9972195309805159
2024-04-25 14:16:34.549000+00:00,2024-04-25 14:15:30+00:00,2024-04-25 14:17:30+00:00,TABUENCA01-45,Sensoria-C1-E90A,Left,Gait,1.0.5,40.3882544,-3.6292402,F0:75:B1:51:59:F6,SCKS,1.093749,0.03125,-0.03125,-8.96,-94.080002,127.68,-0.009344,0.784896,-0.2336,699,550,702,1.0946414938238913
2024-04-25 14:16:34.574000+00:00,2024-04-25 14:15:30+00:00,2024-04-25 14:17:30+00:00,TABUENCA01-45,Sensoria-C1-EEA1,Right,Gait,1.0.5,40.3882544,-3.6292402,CB:AA:BC:3F:36:A5,SCKS,-0.09375,0.984376,0.035156,-1.12,7.84,36.959999,0.028032,0.728832,-0.252288,429,657,340,0.9894549591628716
2024-04-25 14:16:34.582000+00:00,2024-04-25 14:15:30+00:00,2024-04-25 14:17:30+00:00,TABUENCA01-45,Sensoria-C1-E90A,Left,Gait,1.0.5,40.3882544,-3.6292402,F0:75:B1:51:59:F6,SCKS,0.375,0.0,0.09375,-14.56,14.56,172.479996,0.009344,0.803584,-0.261632,705,550,699,0.38654115240165565
2024-04-25 14:16:34.591000+00:00,2024-04-25 14:15:30+00:00,2024-04-25 14:17:30+00:00,TABUENCA01-45,Sensoria-C1-EEA1,Right,Gait,1.0.5,40.3882544,-3.6292402,CB:AA:BC:3F:36:A5,SCKS,-0.101563,1.015626,-0.117188,1.12,5.6,36.959999,0.037376,0.728832,-0.261632,419,646,350,1.0273968280022086
2024-04-25 14:16:34.607000+00:00,2024-04-25 14:15:30+00:00,2024-04-25 14:17:30+00:00,TABUENCA01-45,Sensoria-C1-EEA1,Right,Gait,1.0.5,40.3882544,-3.6292402,CB:AA:BC:3F:36:A5,SCKS,-0.058594,0.953126,-0.117188,-6.72,17.92,40.32,0.04672,0.728832,-0.261632,409,639,369,0.9620891102470707
2024-04-25 14:16:34.614000+00:00,2024-04-25 14:15:30+00:00,2024-04-25 14:17:30+00:00,TABUENCA01-45,Sensoria-C1-E90A,Left,Gait,1.0.5,40.3882544,-3.6292402,F0:75:B1:51:59:F6,SCKS,0.34375,0.21875,-0.15625,11.2,31.360001,249.759995,0.04672,0.803584,-0.252288,704,549,699,0.4363825013677794
2024-04-25 14:16:34.623000+00:00,2024-04-25 14:15:30+00:00,2024-04-25 14:17:30+00:00,TABUENCA01-45,Sensoria-C1-EEA1,Right,Gait,1.0.5,40.3882544,-3.6292402,CB:AA:BC:3F:36:A5,SCKS,-0.042969,0.960938,-0.058594,-10.08,22.4,40.32,0.04672,0.728832,-0.261632,400,628,386,0.9636811877592091
2024-04-25 14:16:34.647000+00:00,2024-04-25 14:15:30+00:00,2024-04-25 14:17:30+00:00,TABUENCA01-45,Sensoria-C1-E90A,Left,Gait,1.0.5,40.3882544,-3.6292402,F0:75:B1:51:59:F6,SCKS,0.40625,0.59375,-0.21875,2.24,34.720001,299.040009,0.149504,0.803584,-0.252288,704,547,697,0.7519505884697478
2024-04-25 14:16:34.656000+00:00,2024-04-25 14:15:30+00:00,2024-04-25 14:17:30+00:00,TABUENCA01-45,Sensoria-C1-EEA1,Right,Gait,1.0.5,40.3882544,-3.6292402,CB:AA:BC:3F:36:A5,SCKS,-0.015625,0.984376,-0.050781,-10.08,29.120001,39.200001,0.056064,0.738176,-0.252288,389,619,405,0.9858087846849408
2024-04-25 14:16:34.672000+00:00,2024-04-25 14:15:30+00:00,2024-04-25 14:17:30+00:00,TABUENCA01-45,Sensoria-C1-EEA1,Right,Gait,1.0.5,40.3882544,-3.6292402,CB:AA:BC:3F:36:A5,SCKS,-0.039063,0.964844,-0.015625,-7.84,33.599998,35.84,0.056064,0.738176,-0.261632,379,609,421,0.9657608414768121
2024-04-25 14:16:34.680000+00:00,2024-04-25 14:15:30+00:00,2024-04-25 14:17:30+00:00,TABUENCA01-45,Sensoria-C1-E90A,Left,Gait,1.0.5,40.3882544,-3.6292402,F0:75:B1:51:59:F6,SCKS,0.3125,0.84375,-0.15625,-2.24,40.32,346.079987,0.205568,0.784896,-0.242944,705,544,695,0.9132274497626536
2024-04-25 14:16:34.688000+00:00,2024-04-25 14:15:30+00:00,2024-04-25 14:17:30+00:00,TABUENCA01-45,Sensoria-C1-EEA1,Right,Gait,1.0.5,40.3882544,-3.6292402,CB:AA:BC:3F:36:A5,SCKS,-0.035156,0.976563,-0.03125,-3.36,28.0,35.84,0.065408,0.738176,-0.242944,367,599,437,0.9776951466612688
2024-04-25 14:16:34.704000+00:00,2024-04-25 14:15:30+00:00,2024-04-25 14:17:30+00:00,TABUENCA01-45,Sensoria-C1-EEA1,Right,Gait,1.0.5,40.3882544,-3.6292402,CB:AA:BC:3F:36:A5,SCKS,-0.027344,0.980469,-0.042969,-2.24,24.639999,36.959999,0.065408,0.74752,-0.242944,354,589,455,0.9817909600612545
2024-04-25 14:16:34.712000+00:00,2024-04-25 14:15:30+00:00,2024-04-25 14:17:30+00:00,TABUENCA01-45,Sensoria-C1-E90A,Left,Gait,1.0.5,40.3882544,-3.6292402,F0:75:B1:51:59:F6,SCKS,0.28125,1.312499,-0.15625,-4.48,25.76,389.76001,0.28032,0.756864,-0.252288,704,543,693,1.3513582981581902
2024-04-25 14:16:34.737000+00:00,2024-04-25 14:15:30+00:00,2024-04-25 14:17:30+00:00,TABUENCA01-45,Sensoria-C1-EEA1,Right,Gait,1.0.5,40.3882544,-3.6292402,CB:AA:BC:3F:36:A5,SCKS,-0.058594,0.960938,-0.027344,-3.36,21.280001,42.560001,0.074752,0.74752,-0.242944,338,576,474,0.9631109962076022
2024-04-25 14:16:34.745000+00:00,2024-04-25 14:15:30+00:00,2024-04-25 14:17:30+00:00,TABUENCA01-45,Sensoria-C1-E90A,Left,Gait,1.0.5,40.3882544,-3.6292402,F0:75:B1:51:59:F6,SCKS,0.40625,2.031249,-0.125,-1.12,22.4,411.040009,0.345728,0.719488,-0.252288,703,543,693,2.0752437356852806
2024-04-25 14:16:34.754000+00:00,2024-04-25 14:15:30+00:00,2024-04-25 14:17:30+00:00,TABUENCA01-45,Sensoria-C1-EEA1,Right,Gait,1.0.5,40.3882544,-3.6292402,CB:AA:BC:3F:36:A5,SCKS,-0.046875,0.972657,-0.011719,-2.24,14.56,52.639999,0.074752,0.74752,-0.242944,320,559,489,0.9738563755682867
2024-04-25 14:16:34.770000+00:00,2024-04-25 14:15:30+00:00,2024-04-25 14:17:30+00:00,TABUENCA01-45,Sensoria-C1-EEA1,Right,Gait,1.0.5,40.3882544,-3.6292402,CB:AA:BC:3F:36:A5,SCKS,-0.027344,0.988282,0.019531,-1.12,6.72,61.599998,0.084096,0.74752,-0.2336,299,542,510,0.9888531062908181
2024-04-25 14:16:34.777000+00:00,2024-04-25 14:15:30+00:00,2024-04-25 14:17:30+00:00,TABUENCA01-45,Sensoria-C1-E90A,Left,Gait,1.0.5,40.3882544,-3.6292402,F0:75:B1:51:59:F6,SCKS,-0.5625,3.156248,0.25,1.12,99.68,437.920013,0.457856,0.588672,-0.28032,702,543,692,3.215712625142987
2024-04-25 14:16:34.786000+00:00,2024-04-25 14:15:30+00:00,2024-04-25 14:17:30+00:00,TABUENCA01-45,Sensoria-C1-EEA1,Right,Gait,1.0.5,40.3882544,-3.6292402,CB:AA:BC:3F:36:A5,SCKS,-0.015625,1.050782,0.007813,1.12,1.12,69.440002,0.09344,0.756864,-0.242944,277,522,534,1.0509272073355034
2024-04-25 14:16:34.802000+00:00,2024-04-25 14:15:30+00:00,2024-04-25 14:17:30+00:00,TABUENCA01-45,Sensoria-C1-EEA1,Right,Gait,1.0.5,40.3882544,-3.6292402,CB:AA:BC:3F:36:A5,SCKS,-0.042969,1.089845,0.050781,11.2,-13.440001,84.0,0.102784,0.766208,-0.2336,260,500,569,1.0918732384974914
2024-04-25 14:16:34.809000+00:00,2024-04-25 14:15:30+00:00,2024-04-25 14:17:30+00:00,TABUENCA01-45,Sensoria-C1-E90A,Left,Gait,1.0.5,40.3882544,-3.6292402,F0:75:B1:51:59:F6,SCKS,-1.249999,2.781249,-1.156249,-3.36,128.800003,366.23999,0.495232,0.532608,-0.28032,703,541,694,3.2610972463272234
2024-04-25 14:16:34.834000+00:00,2024-04-25 14:15:30+00:00,2024-04-25 14:17:30+00:00,TABUENCA01-45,Sensoria-C1-EEA1,Right,Gait,1.0.5,40.3882544,-3.6292402,CB:AA:BC:3F:36:A5,SCKS,-0.066406,1.171876,0.050781,8.96,-17.92,104.160004,0.121472,0.766208,-0.2336,242,479,609,1.174853959508585
2024-04-25 14:16:34.842000+00:00,2024-04-25 14:15:30+00:00,2024-04-25 14:17:30+00:00,TABUENCA01-45,Sensoria-C1-E90A,Left,Gait,1.0.5,40.3882544,-3.6292402,F0:75:B1:51:59:F6,SCKS,-4.062498,1.187499,-0.46875,6.72,8.96,174.720001,0.523264,0.476544,-0.308352,700,541,698,4.258376502554113
2024-04-25 14:16:34.851000+00:00,2024-04-25 14:15:30+00:00,2024-04-25 14:17:30+00:00,TABUENCA01-45,Sensoria-C1-EEA1,Right,Gait,1.0.5,40.3882544,-3.6292402,CB:AA:BC:3F:36:A5,SCKS,-0.09375,1.285157,0.074219,-1.12,-22.4,119.840004,0.121472,0.766208,-0.2336,227,459,643,1.2907075722680177
2024-04-25 14:16:34.858000+00:00,2024-04-25 14:15:30+00:00,2024-04-25 14:17:30+00:00,TABUENCA01-45,Sensoria-C1-E90A,Left,Gait,1.0.5,40.3882544,-3.6292402,F0:75:B1:51:59:F6,SCKS,-2.968748,1.843749,-0.25,25.76,-64.959999,-52.639999,0.523264,0.4672,-0.289664,697,542,704,3.503623133629672
2024-04-25 14:16:34.867000+00:00,2024-04-25 14:15:30+00:00,2024-04-25 14:17:30+00:00,TABUENCA01-45,Sensoria-C1-EEA1,Right,Gait,1.0.5,40.3882544,-3.6292402,CB:AA:BC:3F:36:A5,SCKS,-0.105469,1.425782,-0.035156,-6.72,-30.24,135.520004,0.130816,0.775552,-0.2336,213,447,670,1.4301097740456852
2024-04-25 14:16:34.883000+00:00,2024-04-25 14:15:30+00:00,2024-04-25 14:17:30+00:00,TABUENCA01-45,Sensoria-C1-EEA1,Right,Gait,1.0.5,40.3882544,-3.6292402,CB:AA:BC:3F:36:A5,SCKS,-0.167969,1.546876,-0.121094,-15.68,-22.4,152.320007,0.158848,0.784896,-0.242944,205,442,686,1.5606737971699916
2024-04-25 14:16:34.891000+00:00,2024-04-25 14:15:30+00:00,2024-04-25 14:17:30+00:00,TABUENCA01-45,Sensoria-C1-E90A,Left,Gait,1.0.5,40.3882544,-3.6292402,F0:75:B1:51:59:F6,SCKS,5.749997,0.90625,0.25,22.4,16.799999,-94.080002,0.51392,0.485888,-0.299008,699,540,694,5.8263414388884724
2024-04-25 14:16:34.923000+00:00,2024-04-25 14:15:30+00:00,2024-04-25 14:17:30+00:00,TABUENCA01-45,Sensoria-C1-E90A,Left,Gait,1.0.5,40.3882544,-3.6292402,F0:75:B1:51:59:F6,SCKS,-1.093749,1.531249,0.71875,66.080002,201.600006,-267.679993,0.504576,0.532608,-0.32704,706,545,651,2.0143514930374
2024-04-25 14:16:34.931000+00:00,2024-04-25 14:15:30+00:00,2024-04-25 14:17:30+00:00,TABUENCA01-45,Sensoria-C1-EEA1,Right,Gait,1.0.5,40.3882544,-3.6292402,CB:AA:BC:3F:36:A5,SCKS,-0.296875,1.742189,0.070313,-24.639999,-5.6,168.0,0.18688,0.79424,-0.261632,199,448,693,1.7687004255427203
2024-04-25 14:16:34.933000+00:00,2024-04-25 14:15:30+00:00,2024-04-25 14:17:30+00:00,TABUENCA01-45,Sensoria-C1-EEA1,Right,Gait,1.0.5,40.3882544,-3.6292402,CB:AA:BC:3F:36:A5,SCKS,-0.582032,1.98047,0.253906,-33.599998,23.52,189.279999,0.214912,0.79424,-0.261632,200,464,700,2.079781461298278
2024-04-25 14:16:34.956000+00:00,2024-04-25 14:15:30+00:00,2024-04-25 14:17:30+00:00,TABUENCA01-45,Sensoria-C1-E90A,Left,Gait,1.0.5,40.3882544,-3.6292402,F0:75:B1:51:59:F6,SCKS,-0.1875,1.562499,-0.03125,112.0,-3.36,-211.680008,0.4672,0.569984,-0.336384,705,549,538,1.5740190397517435
2024-04-25 14:16:34.964000+00:00,2024-04-25 14:15:30+00:00,2024-04-25 14:17:30+00:00,TABUENCA01-45,Sensoria-C1-EEA1,Right,Gait,1.0.5,40.3882544,-3.6292402,CB:AA:BC:3F:36:A5,SCKS,-1.093751,1.996095,0.53125,-56.0,60.48,215.040009,0.214912,0.79424,-0.261632,211,483,702,2.337287543612467
2024-04-25 14:16:34.965000+00:00,2024-04-25 14:15:30+00:00,2024-04-25 14:17:30+00:00,TABUENCA01-45,Sensoria-C1-EEA1,Right,Gait,1.0.5,40.3882544,-3.6292402,CB:AA:BC:3F:36:A5,SCKS,-0.554688,1.996095,0.238281,-53.760002,47.040001,257.600006,0.261632,0.79424,-0.261632,235,512,701,2.085390098118335
2024-04-25 14:16:34.988000+00:00,2024-04-25 14:15:30+00:00,2024-04-25 14:17:30+00:00,TABUENCA01-45,Sensoria-C1-E90A,Left,Gait,1.0.5,40.3882544,-3.6292402,F0:75:B1:51:59:F6,SCKS,-0.9375,1.843749,-0.21875,103.040001,47.040001,-183.680008,0.448512,0.60736,-0.317696,701,557,421,2.0799442750951287
2024-04-25 14:16:34.997000+00:00,2024-04-25 14:15:30+00:00,2024-04-25 14:17:30+00:00,TABUENCA01-45,Sensoria-C1-EEA1,Right,Gait,1.0.5,40.3882544,-3.6292402,CB:AA:BC:3F:36:A5,SCKS,-0.863282,1.996095,-0.507813,-17.92,-1.12,295.679993,0.308352,0.803584,-0.261632,281,561,702,2.2332767637527597
2024-04-25 14:16:35.013000+00:00,2024-04-25 14:15:30+00:00,2024-04-25 14:17:30+00:00,TABUENCA01-45,Sensoria-C1-EEA1,Right,Gait,1.0.5,40.3882544,-3.6292402,CB:AA:BC:3F:36:A5,SCKS,-0.710938,1.996095,-0.683594,-5.6,-82.879997,329.279999,0.364416,0.79424,-0.261632,345,620,702,2.2264610586545186
2024-04-25 14:16:35.021000+00:00,2024-04-25 14:15:30+00:00,2024-04-25 14:17:30+00:00,TABUENCA01-45,Sensoria-C1-E90A,Left,Gait,1.0.5,40.3882544,-3.6292402,F0:75:B1:51:59:F6,SCKS,0.0,0.968749,-0.21875,59.360001,-51.52,-119.840004,0.401792,0.663424,-0.289664,677,550,350,0.9931395609384414
2024-04-25 14:16:35.030000+00:00,2024-04-25 14:15:30+00:00,2024-04-25 14:17:30+00:00,TABUENCA01-45,Sensoria-C1-EEA1,Right,Gait,1.0.5,40.3882544,-3.6292402,CB:AA:BC:3F:36:A5,SCKS,-0.445313,0.613282,-0.6875,17.92,-68.32,295.679993,0.401792,0.79424,-0.270976,409,666,701,1.0232666951938776
2024-04-25 14:16:35.053000+00:00,2024-04-25 14:15:30+00:00,2024-04-25 14:17:30+00:00,TABUENCA01-45,Sensoria-C1-E90A,Left,Gait,1.0.5,40.3882544,-3.6292402,F0:75:B1:51:59:F6,SCKS,0.0625,0.968749,-0.21875,22.4,-57.119999,-59.360001,0.392448,0.672768,-0.289664,654,533,331,0.9951042344905382
2024-04-25 14:16:35.078000+00:00,2024-04-25 14:15:30+00:00,2024-04-25 14:17:30+00:00,TABUENCA01-45,Sensoria-C1-EEA1,Right,Gait,1.0.5,40.3882544,-3.6292402,CB:AA:BC:3F:36:A5,SCKS,-0.121094,0.074219,-0.792969,21.280001,25.76,193.759995,0.401792,0.79424,-0.270976,453,690,700,0.8055880161459702
2024-04-25 14:16:35.086000+00:00,2024-04-25 14:15:30+00:00,2024-04-25 14:17:30+00:00,TABUENCA01-45,Sensoria-C1-E90A,Left,Gait,1.0.5,40.3882544,-3.6292402,F0:75:B1:51:59:F6,SCKS,0.125,0.999999,-0.15625,13.440001,-40.32,-28.0,0.392448,0.682112,-0.28032,638,514,327,1.019822073942803
2024-04-25 14:16:35.094000+00:00,2024-04-25 14:15:30+00:00,2024-04-25 14:17:30+00:00,TABUENCA01-45,Sensoria-C1-EEA1,Right,Gait,1.0.5,40.3882544,-3.6292402,CB:AA:BC:3F:36:A5,SCKS,-0.734376,0.796876,-0.773438,28.0,231.839996,88.480003,0.439168,0.784896,-0.252288,474,702,699,1.3313623881558319
2024-04-25 14:16:35.095000+00:00,2024-04-25 14:15:30+00:00,2024-04-25 14:17:30+00:00,TABUENCA01-45,Sensoria-C1-EEA1,Right,Gait,1.0.5,40.3882544,-3.6292402,CB:AA:BC:3F:36:A5,SCKS,-1.539064,0.246094,-0.429688,-12.32,215.040009,-35.84,0.448512,0.784896,-0.270976,484,711,698,1.616759731770927
2024-04-25 14:16:35.111000+00:00,2024-04-25 14:15:30+00:00,2024-04-25 14:17:30+00:00,TABUENCA01-45,Sensoria-C1-EEA1,Right,Gait,1.0.5,40.3882544,-3.6292402,CB:AA:BC:3F:36:A5,SCKS,-0.890626,-0.0625,0.0,-24.639999,150.080002,-66.080002,0.448512,0.784896,-0.270976,490,714,696,0.8928162867443672
2024-04-25 14:16:35.118000+00:00,2024-04-25 14:15:30+00:00,2024-04-25 14:17:30+00:00,TABUENCA01-45,Sensoria-C1-E90A,Left,Gait,1.0.5,40.3882544,-3.6292402,F0:75:B1:51:59:F6,SCKS,0.09375,0.999999,-0.125,2.24,-31.360001,-25.76,0.383104,0.682112,-0.28032,621,497,342,1.012132433281831
2024-04-25 14:16:35.127000+00:00,2024-04-25 14:15:30+00:00,2024-04-25 14:17:30+00:00,TABUENCA01-45,Sensoria-C1-EEA1,Right,Gait,1.0.5,40.3882544,-3.6292402,CB:AA:BC:3F:36:A5,SCKS,-0.542969,-0.089844,0.023438,47.040001,59.360001,-142.240005,0.42048,0.79424,-0.270976,491,715,694,0.550850813869781
2024-04-25 14:16:35.143000+00:00,2024-04-25 14:15:30+00:00,2024-04-25 14:17:30+00:00,TABUENCA01-45,Sensoria-C1-EEA1,Right,Gait,1.0.5,40.3882544,-3.6292402,CB:AA:BC:3F:36:A5,SCKS,-0.695313,0.21875,-0.046875,62.720001,25.76,-196.0,0.392448,0.803584,-0.261632,491,715,694,0.7304170015094117
2024-04-25 14:16:35.151000+00:00,2024-04-25 14:15:30+00:00,2024-04-25 14:17:30+00:00,TABUENCA01-45,Sensoria-C1-E90A,Left,Gait,1.0.5,40.3882544,-3.6292402,F0:75:B1:51:59:F6,SCKS,0.15625,0.968749,-0.1875,1.12,-35.84,-26.880001,0.37376,0.691456,-0.270976,607,478,375,0.9990219904992081
2024-04-25 14:16:35.176000+00:00,2024-04-25 14:15:30+00:00,2024-04-25 14:17:30+00:00,TABUENCA01-45,Sensoria-C1-EEA1,Right,Gait,1.0.5,40.3882544,-3.6292402,CB:AA:BC:3F:36:A5,SCKS,-0.585938,0.332031,0.019531,63.84,-12.32,-238.559998,0.392448,0.803584,-0.261632,493,715,693,0.6737576602651727
2024-04-25 14:16:35.183000+00:00,2024-04-25 14:15:30+00:00,2024-04-25 14:17:30+00:00,TABUENCA01-45,Sensoria-C1-E90A,Left,Gait,1.0.5,40.3882544,-3.6292402,F0:75:B1:51:59:F6,SCKS,0.09375,0.9375,-0.21875,2.24,-48.16,-26.880001,0.383104,0.691456,-0.261632,594,462,421,0.967236721283885
2024-04-25 14:16:35.192000+00:00,2024-04-25 14:15:30+00:00,2024-04-25 14:17:30+00:00,TABUENCA01-45,Sensoria-C1-EEA1,Right,Gait,1.0.5,40.3882544,-3.6292402,CB:AA:BC:3F:36:A5,SCKS,-0.507813,0.457032,0.035156,67.199997,-48.16,-278.880005,0.345728,0.812928,-0.270976,491,715,692,0.6840966571537972
2024-04-25 14:16:35.199000+00:00,2024-04-25 14:15:30+00:00,2024-04-25 14:17:30+00:00,TABUENCA01-45,Sensoria-C1-E90A,Left,Gait,1.0.5,40.3882544,-3.6292402,F0:75:B1:51:59:F6,SCKS,0.0625,0.9375,-0.1875,4.48,-51.52,-21.280001,0.37376,0.7008,-0.252288,579,445,466,0.9581068572972432
2024-04-25 14:16:35.208000+00:00,2024-04-25 14:15:30+00:00,2024-04-25 14:17:30+00:00,TABUENCA01-45,Sensoria-C1-EEA1,Right,Gait,1.0.5,40.3882544,-3.6292402,CB:AA:BC:3F:36:A5,SCKS,-0.535157,0.707032,0.019531,70.559998,-70.559998,-318.079987,0.289664,0.803584,-0.252288,490,713,692,0.8869434726260744
2024-04-25 14:16:35.224000+00:00,2024-04-25 14:15:30+00:00,2024-04-25 14:17:30+00:00,TABUENCA01-45,Sensoria-C1-EEA1,Right,Gait,1.0.5,40.3882544,-3.6292402,CB:AA:BC:3F:36:A5,SCKS,-0.507813,1.003907,-0.019531,67.199997,-79.519997,-350.559998,0.224256,0.803584,-0.242944,492,712,691,1.1252043225916795
2024-04-25 14:16:35.232000+00:00,2024-04-25 14:15:30+00:00,2024-04-25 14:17:30+00:00,TABUENCA01-45,Sensoria-C1-E90A,Left,Gait,1.0.5,40.3882544,-3.6292402,F0:75:B1:51:59:F6,SCKS,0.0625,0.9375,-0.25,2.24,-44.799999,-20.16,0.364416,0.7008,-0.242944,566,425,503,0.9722718241315028
2024-04-25 14:16:35.241000+00:00,2024-04-25 14:15:30+00:00,2024-04-25 14:17:30+00:00,TABUENCA01-45,Sensoria-C1-EEA1,Right,Gait,1.0.5,40.3882544,-3.6292402,CB:AA:BC:3F:36:A5,SCKS,-0.453125,1.343751,-0.007813,52.639999,-69.440002,-377.440002,0.158848,0.775552,-0.242944,491,712,691,1.4181149666352864
2024-04-25 14:16:35.264000+00:00,2024-04-25 14:15:30+00:00,2024-04-25 14:17:30+00:00,TABUENCA01-45,Sensoria-C1-E90A,Left,Gait,1.0.5,40.3882544,-3.6292402,F0:75:B1:51:59:F6,SCKS,0.03125,0.9375,-0.1875,-2.24,-45.920002,-26.880001,0.355072,0.710144,-0.252288,542,393,550,0.9565767415633729
2024-04-25 14:16:35.273000+00:00,2024-04-25 14:15:30+00:00,2024-04-25 14:17:30+00:00,TABUENCA01-45,Sensoria-C1-EEA1,Right,Gait,1.0.5,40.3882544,-3.6292402,CB:AA:BC:3F:36:A5,SCKS,-0.421875,1.816408,0.054688,30.24,-33.599998,-390.880005,0.158848,0.775552,-0.242944,491,711,690,1.8655581779813246
2024-04-25 14:16:35.289000+00:00,2024-04-25 14:15:30+00:00,2024-04-25 14:17:30+00:00,TABUENCA01-45,Sensoria-C1-EEA1,Right,Gait,1.0.5,40.3882544,-3.6292402,CB:AA:BC:3F:36:A5,SCKS,-0.441407,1.996095,0.242188,11.2,16.799999,-387.519989,0.09344,0.74752,-0.242944,490,712,689,2.0586137121903176
2024-04-25 14:16:35.297000+00:00,2024-04-25 14:15:30+00:00,2024-04-25 14:17:30+00:00,TABUENCA01-45,Sensoria-C1-E90A,Left,Gait,1.0.5,40.3882544,-3.6292402,F0:75:B1:51:59:F6,SCKS,0.03125,0.9375,-0.15625,-1.12,-42.560001,-34.720001,0.345728,0.710144,-0.242944,521,366,574,0.9509452534189337
2024-04-25 14:16:35.305000+00:00,2024-04-25 14:15:30+00:00,2024-04-25 14:17:30+00:00,TABUENCA01-45,Sensoria-C1-EEA1,Right,Gait,1.0.5,40.3882544,-3.6292402,CB:AA:BC:3F:36:A5,SCKS,0.101563,1.996095,0.171875,51.52,-29.120001,-393.119995,0.037376,0.710144,-0.242944,489,711,690,2.0060536651891945
2024-04-25 14:16:35.322000+00:00,2024-04-25 14:15:30+00:00,2024-04-25 14:17:30+00:00,TABUENCA01-45,Sensoria-C1-EEA1,Right,Gait,1.0.5,40.3882544,-3.6292402,CB:AA:BC:3F:36:A5,SCKS,0.542969,1.996095,0.316406,44.799999,-30.24,-408.799988,-0.009344,0.663424,-0.2336,489,710,690,2.0926832872706753
2024-04-25 14:16:35.329000+00:00,2024-04-25 14:15:30+00:00,2024-04-25 14:17:30+00:00,TABUENCA01-45,Sensoria-C1-E90A,Left,Gait,1.0.5,40.3882544,-3.6292402,F0:75:B1:51:59:F6,SCKS,0.03125,0.999999,-0.15625,1.12,-35.84,-44.799999,0.336384,0.719488,-0.2336,493,334,595,1.0126147465848006
2024-04-25 14:16:35.354000+00:00,2024-04-25 14:15:30+00:00,2024-04-25 14:17:30+00:00,TABUENCA01-45,Sensoria-C1-EEA1,Right,Gait,1.0.5,40.3882544,-3.6292402,CB:AA:BC:3F:36:A5,SCKS,1.476564,1.996095,-0.207031,28.0,-50.400002,-397.600006,-0.009344,0.663424,-0.2336,488,712,689,2.4914851655352073
2024-04-25 14:16:35.363000+00:00,2024-04-25 14:15:30+00:00,2024-04-25 14:17:30+00:00,TABUENCA01-45,Sensoria-C1-E90A,Left,Gait,1.0.5,40.3878707,-3.629144,F0:75:B1:51:59:F6,SCKS,0.09375,1.093749,-0.21875,0.0,-35.84,-61.599998,0.317696,0.738176,-0.224256,463,301,624,1.1193424409004602
2024-04-25 14:16:35.371000+00:00,2024-04-25 14:15:30+00:00,2024-04-25 14:17:30+00:00,TABUENCA01-45,Sensoria-C1-EEA1,Right,Gait,1.0.5,40.3878707,-3.629144,CB:AA:BC:3F:36:A5,SCKS,1.996095,1.996095,-0.347656,53.760002,-28.0,-300.160004,-0.056064,0.598016,-0.2336,488,713,691,2.8442319160690817
2024-04-25 14:16:35.388000+00:00,2024-04-25 14:15:30+00:00,2024-04-25 14:17:30+00:00,TABUENCA01-45,Sensoria-C1-EEA1,Right,Gait,1.0.5,40.3878707,-3.629144,CB:AA:BC:3F:36:A5,SCKS,1.996095,1.51172,0.363282,66.080002,26.880001,-174.720001,-0.084096,0.56064,-0.242944,488,711,692,2.5301514616617324
2024-04-25 14:16:35.394000+00:00,2024-04-25 14:15:30+00:00,2024-04-25 14:17:30+00:00,TABUENCA01-45,Sensoria-C1-E90A,Left,Gait,1.0.5,40.3878707,-3.629144,F0:75:B1:51:59:F6,SCKS,0.125,1.218749,-0.09375,-1.12,-34.720001,-87.360001,0.308352,0.738176,-0.2336,433,271,657,1.2287242113269357
2024-04-25 14:16:35.404000+00:00,2024-04-25 14:15:30+00:00,2024-04-25 14:17:30+00:00,TABUENCA01-45,Sensoria-C1-EEA1,Right,Gait,1.0.5,40.3878707,-3.629144,CB:AA:BC:3F:36:A5,SCKS,1.996095,1.972658,0.863282,51.52,8.96,-44.799999,-0.084096,0.541952,-0.224256,486,713,697,2.936159165561874
2024-04-25 14:16:35.427000+00:00,2024-04-25 14:15:30+00:00,2024-04-25 14:17:30+00:00,TABUENCA01-45,Sensoria-C1-E90A,Left,Gait,1.0.5,40.3878707,-3.629144,F0:75:B1:51:59:F6,SCKS,0.125,1.343749,-0.03125,4.48,-20.16,-116.480003,0.28032,0.74752,-0.2336,412,254,678,1.3499121962190728
2024-04-25 14:16:35.436000+00:00,2024-04-25 14:15:30+00:00,2024-04-25 14:17:30+00:00,TABUENCA01-45,Sensoria-C1-EEA1,Right,Gait,1.0.5,40.3878707,-3.629144,CB:AA:BC:3F:36:A5,SCKS,1.718751,1.996095,0.773438,3.36,-85.120003,116.480003,-0.074752,0.551296,-0.242944,486,713,698,2.7453062832532913
2024-04-25 14:16:35.460000+00:00,2024-04-25 14:15:30+00:00,2024-04-25 14:17:30+00:00,TABUENCA01-45,Sensoria-C1-E90A,Left,Gait,1.0.5,40.3878707,-3.629144,F0:75:B1:51:59:F6,SCKS,0.1875,1.531249,-0.28125,4.48,-13.440001,-148.960007,0.261632,0.766208,-0.2336,407,253,687,1.5681139347958746
2024-04-25 14:16:35.467000+00:00,2024-04-25 14:15:30+00:00,2024-04-25 14:17:30+00:00,TABUENCA01-45,Sensoria-C1-EEA1,Right,Gait,1.0.5,40.3878707,-3.629144,CB:AA:BC:3F:36:A5,SCKS,-2.000001,1.687501,-0.367188,29.120001,-134.399994,97.440002,-0.084096,0.569984,-0.261632,488,712,684,2.642440283591287
2024-04-25 14:16:35.469000+00:00,2024-04-25 14:15:30+00:00,2024-04-25 14:17:30+00:00,TABUENCA01-45,Sensoria-C1-EEA1,Right,Gait,1.0.5,40.3878707,-3.629144,CB:AA:BC:3F:36:A5,SCKS,-0.214844,0.675782,1.527345,52.639999,-204.960007,187.039993,-0.084096,0.569984,-0.261632,500,714,653,1.6839305225825083
2024-04-25 14:16:35.485000+00:00,2024-04-25 14:15:30+00:00,2024-04-25 14:17:30+00:00,TABUENCA01-45,Sensoria-C1-EEA1,Right,Gait,1.0.5,40.3878707,-3.629144,CB:AA:BC:3F:36:A5,SCKS,0.292969,1.691407,0.472657,66.080002,-181.440002,238.559998,-0.074752,0.60736,-0.299008,508,719,597,1.7804755303735573
2024-04-25 14:16:35.492000+00:00,2024-04-25 14:15:30+00:00,2024-04-25 14:17:30+00:00,TABUENCA01-45,Sensoria-C1-E90A,Left,Gait,1.0.5,40.3878707,-3.629144,F0:75:B1:51:59:F6,SCKS,0.6875,2.093749,-0.125,-6.72,-24.639999,-200.479996,0.224256,0.784896,-0.224256,448,294,690,2.207275724734225
2024-04-25 14:16:35.501000+00:00,2024-04-25 14:15:30+00:00,2024-04-25 14:17:30+00:00,TABUENCA01-45,Sensoria-C1-EEA1,Right,Gait,1.0.5,40.3878707,-3.629144,CB:AA:BC:3F:36:A5,SCKS,0.472657,1.562501,0.15625,48.16,17.92,225.119995,-0.056064,0.626048,-0.28032,512,722,524,1.639886604966941
2024-04-25 14:16:35.533000+00:00,2024-04-25 14:15:30+00:00,2024-04-25 14:17:30+00:00,TABUENCA01-45,Sensoria-C1-EEA1,Right,Gait,1.0.5,40.3878707,-3.629144,CB:AA:BC:3F:36:A5,SCKS,0.140625,1.351563,-0.894532,60.48,22.4,188.160004,-0.037376,0.663424,-0.261632,511,723,423,1.6268636797894285
2024-04-25 14:16:35.541000+00:00,2024-04-25 14:15:30+00:00,2024-04-25 14:17:30+00:00,TABUENCA01-45,Sensoria-C1-E90A,Left,Gait,1.0.5,40.3878707,-3.629144,F0:75:B1:51:59:F6,SCKS,0.5,2.187499,-0.625,-45.920002,-165.759995,-247.520004,0.102784,0.803584,-0.2336,563,409,695,2.3293297050870665
2024-04-25 14:16:35.550000+00:00,2024-04-25 14:15:30+00:00,2024-04-25 14:17:30+00:00,TABUENCA01-45,Sensoria-C1-EEA1,Right,Gait,1.0.5,40.3878707,-3.629144,CB:AA:BC:3F:36:A5,SCKS,0.402344,0.886719,0.277344,-26.880001,16.799999,147.839996,-0.018688,0.691456,-0.270976,500,727,378,1.0124578873380365
2024-04-25 14:16:35.566000+00:00,2024-04-25 14:15:30+00:00,2024-04-25 14:17:30+00:00,TABUENCA01-45,Sensoria-C1-EEA1,Right,Gait,1.0.5,40.3878707,-3.629144,CB:AA:BC:3F:36:A5,SCKS,-0.007813,0.980469,0.035156,1.12,4.48,107.520004,-0.009344,0.7008,-0.270976,484,728,349,0.9811301887445927
2024-04-25 14:16:35.573000+00:00,2024-04-25 14:15:30+00:00,2024-04-25 14:17:30+00:00,TABUENCA01-45,Sensoria-C1-E90A,Left,Gait,1.0.5,40.3878707,-3.629144,F0:75:B1:51:59:F6,SCKS,0.9375,1.374999,-0.5625,14.56,29.120001,-278.880005,0.04672,0.803584,-0.242944,626,487,701,1.7566828825946361
2024-04-25 14:16:35.582000+00:00,2024-04-25 14:15:30+00:00,2024-04-25 14:17:30+00:00,TABUENCA01-45,Sensoria-C1-EEA1,Right,Gait,1.0.5,40.3878707,-3.629144,CB:AA:BC:3F:36:A5,SCKS,-0.015625,1.042969,0.023438,-11.2,17.92,91.840004,0.0,0.710144,-0.270976,469,720,334,1.0433493256958573
2024-04-25 14:16:35.606000+00:00,2024-04-25 14:15:30+00:00,2024-04-25 14:17:30+00:00,TABUENCA01-45,Sensoria-C1-E90A,Left,Gait,1.0.5,40.3878707,-3.629144,F0:75:B1:51:59:F6,SCKS,-0.6875,0.28125,-0.375,26.880001,-60.48,-119.840004,-0.018688,0.79424,-0.242944,686,537,703,0.8320954347308968
2024-04-25 14:16:35.615000+00:00,2024-04-25 14:15:30+00:00,2024-04-25 14:17:30+00:00,TABUENCA01-45,Sensoria-C1-EEA1,Right,Gait,1.0.5,40.3878707,-3.629144,CB:AA:BC:3F:36:A5,SCKS,-0.070313,0.992188,0.011719,-15.68,29.120001,67.199997,0.0,0.710144,-0.270976,458,709,324,0.9947453343816195
2024-04-25 14:16:35.631000+00:00,2024-04-25 14:15:30+00:00,2024-04-25 14:17:30+00:00,TABUENCA01-45,Sensoria-C1-EEA1,Right,Gait,1.0.5,40.3878707,-3.629144,CB:AA:BC:3F:36:A5,SCKS,-0.070313,0.984376,0.0625,-8.96,20.16,43.68,0.018688,0.719488,-0.270976,453,699,321,0.9888611011385775
2024-04-25 14:16:35.638000+00:00,2024-04-25 14:15:30+00:00,2024-04-25 14:17:30+00:00,TABUENCA01-45,Sensoria-C1-E90A,Left,Gait,1.0.5,40.3878707,-3.629144,F0:75:B1:51:59:F6,SCKS,1.093749,0.15625,-0.15625,10.08,-123.199997,86.239998,-0.018688,0.79424,-0.242944,702,545,701,1.1158472117637792
2024-04-25 14:16:35.647000+00:00,2024-04-25 14:15:30+00:00,2024-04-25 14:17:30+00:00,TABUENCA01-45,Sensoria-C1-EEA1,Right,Gait,1.0.5,40.3878707,-3.629144,CB:AA:BC:3F:36:A5,SCKS,-0.144531,0.964844,0.058594,-2.24,13.440001,32.48,0.018688,0.719488,-0.261632,449,693,322,0.9773670810565497
2024-04-25 14:16:35.663000+00:00,2024-04-25 14:15:30+00:00,2024-04-25 14:17:30+00:00,TABUENCA01-45,Sensoria-C1-EEA1,Right,Gait,1.0.5,40.3878707,-3.629144,CB:AA:BC:3F:36:A5,SCKS,-0.140625,0.992188,-0.078125,0.0,6.72,31.360001,0.018688,0.728832,-0.261632,446,687,327,1.005144732659929
2024-04-25 14:16:35.671000+00:00,2024-04-25 14:15:30+00:00,2024-04-25 14:17:30+00:00,TABUENCA01-45,Sensoria-C1-E90A,Left,Gait,1.0.5,40.3878707,-3.629144,F0:75:B1:51:59:F6,SCKS,0.71875,-0.03125,0.0,-8.96,12.32,152.320007,0.009344,0.803584,-0.252288,707,546,701,0.7194290270763336
2024-04-25 14:16:35.696000+00:00,2024-04-25 14:15:30+00:00,2024-04-25 14:17:30+00:00,TABUENCA01-45,Sensoria-C1-EEA1,Right,Gait,1.0.5,40.3878707,-3.629144,CB:AA:BC:3F:36:A5,SCKS,-0.152344,0.960938,-0.035156,-5.6,11.2,33.599998,0.028032,0.728832,-0.261632,444,684,340,0.9735740744884285
2024-04-25 14:16:35.703000+00:00,2024-04-25 14:15:30+00:00,2024-04-25 14:17:30+00:00,TABUENCA01-45,Sensoria-C1-E90A,Left,Gait,1.0.5,40.3878707,-3.629144,F0:75:B1:51:59:F6,SCKS,0.34375,0.125,-0.09375,5.6,47.040001,227.360001,0.037376,0.803584,-0.242944,708,546,698,0.3775951866748304
2024-04-25 14:16:35.712000+00:00,2024-04-25 14:15:30+00:00,2024-04-25 14:17:30+00:00,TABUENCA01-45,Sensoria-C1-EEA1,Right,Gait,1.0.5,40.3878707,-3.629144,CB:AA:BC:3F:36:A5,SCKS,-0.128906,0.960938,-0.046875,-5.6,8.96,36.959999,0.028032,0.728832,-0.261632,442,682,349,0.9706780425583963
2024-04-25 14:16:35.728000+00:00,2024-04-25 14:15:30+00:00,2024-04-25 14:17:30+00:00,TABUENCA01-45,Sensoria-C1-EEA1,Right,Gait,1.0.5,40.3878707,-3.629144,CB:AA:BC:3F:36:A5,SCKS,-0.097656,0.984376,-0.144531,-5.6,14.56,40.32,0.028032,0.738176,-0.270976,437,677,361,0.9997109650659034
2024-04-25 14:16:35.738000+00:00,2024-04-25 14:15:30+00:00,2024-04-25 14:17:30+00:00,TABUENCA01-45,Sensoria-C1-E90A,Left,Gait,1.0.5,40.3878707,-3.629144,F0:75:B1:51:59:F6,SCKS,0.375,0.5,-0.21875,10.08,38.080002,278.880005,0.130816,0.803584,-0.2336,709,545,698,0.6621756281380341
2024-04-25 14:16:35.745000+00:00,2024-04-25 14:15:30+00:00,2024-04-25 14:17:30+00:00,TABUENCA01-45,Sensoria-C1-EEA1,Right,Gait,1.0.5,40.3878707,-3.629144,CB:AA:BC:3F:36:A5,SCKS,-0.078125,0.949219,-0.058594,-11.2,23.52,42.560001,0.037376,0.738176,-0.261632,429,671,373,0.9542292609336606
2024-04-25 14:16:35.761000+00:00,2024-04-25 14:15:30+00:00,2024-04-25 14:17:30+00:00,TABUENCA01-45,Sensoria-C1-EEA1,Right,Gait,1.0.5,40.3878707,-3.629144,CB:AA:BC:3F:36:A5,SCKS,-0.039063,0.992188,0.007813,-7.84,25.76,41.439999,0.04672,0.728832,-0.252288,420,664,381,0.9929874059030155
2024-04-25 14:16:35.768000+00:00,2024-04-25 14:15:30+00:00,2024-04-25 14:17:30+00:00,TABUENCA01-45,Sensoria-C1-E90A,Left,Gait,1.0.5,40.3878707,-3.629144,F0:75:B1:51:59:F6,SCKS,0.3125,0.75,-0.125,-2.24,44.799999,322.559998,0.18688,0.79424,-0.2336,709,544,696,0.8220591523728691
2024-04-25 14:16:35.793000+00:00,2024-04-25 14:15:30+00:00,2024-04-25 14:17:30+00:00,TABUENCA01-45,Sensoria-C1-EEA1,Right,Gait,1.0.5,40.3878707,-3.629144,CB:AA:BC:3F:36:A5,SCKS,-0.035156,1.000001,0.011719,-1.12,31.360001,40.32,0.056064,0.738176,-0.261632,405,652,388,1.0006874033872915
2024-04-25 14:16:35.801000+00:00,2024-04-25 14:15:30+00:00,2024-04-25 14:17:30+00:00,TABUENCA01-45,Sensoria-C1-E90A,Left,Gait,1.0.5,40.3878707,-3.629144,F0:75:B1:51:59:F6,SCKS,0.28125,1.124999,-0.09375,-1.12,52.639999,371.839996,0.252288,0.766208,-0.2336,708,542,694,1.163405937324114
2024-04-25 14:16:35.810000+00:00,2024-04-25 14:15:30+00:00,2024-04-25 14:17:30+00:00,TABUENCA01-45,Sensoria-C1-EEA1,Right,Gait,1.0.5,40.3878707,-3.629144,CB:AA:BC:3F:36:A5,SCKS,-0.054688,0.984376,-0.035156,3.36,32.48,41.439999,0.065408,0.738176,-0.242944,385,642,400,0.9865205679842667
2024-04-25 14:16:35.826000+00:00,2024-04-25 14:15:30+00:00,2024-04-25 14:17:30+00:00,TABUENCA01-45,Sensoria-C1-EEA1,Right,Gait,1.0.5,40.3878707,-3.629144,CB:AA:BC:3F:36:A5,SCKS,-0.082031,0.972657,-0.039063,1.12,29.120001,49.279999,0.065408,0.738176,-0.242944,365,626,409,0.9768913156431477
2024-04-25 14:16:35.833000+00:00,2024-04-25 14:15:30+00:00,2024-04-25 14:17:30+00:00,TABUENCA01-45,Sensoria-C1-E90A,Left,Gait,1.0.5,40.3878707,-3.629144,F0:75:B1:51:59:F6,SCKS,0.4375,1.874999,-0.125,-4.48,43.68,411.040009,0.308352,0.738176,-0.242944,707,542,693,1.9294176582588334
2024-04-25 14:16:35.842000+00:00,2024-04-25 14:15:30+00:00,2024-04-25 14:17:30+00:00,TABUENCA01-45,Sensoria-C1-EEA1,Right,Gait,1.0.5,40.3878707,-3.629144,CB:AA:BC:3F:36:A5,SCKS,-0.089844,0.980469,0.023438,0.0,10.08,68.32,0.065408,0.74752,-0.242944,343,610,421,0.9848556971155724
2024-04-25 14:16:35.866000+00:00,2024-04-25 14:15:30+00:00,2024-04-25 14:17:30+00:00,TABUENCA01-45,Sensoria-C1-E90A,Left,Gait,1.0.5,40.3878707,-3.629144,F0:75:B1:51:59:F6,SCKS,0.28125,2.749999,-0.09375,-4.48,60.48,437.920013,0.37376,0.691456,-0.252288,708,539,692,2.7659329574306386
2024-04-25 14:16:35.875000+00:00,2024-04-25 14:15:30+00:00,2024-04-25 14:17:30+00:00,TABUENCA01-45,Sensoria-C1-EEA1,Right,Gait,1.0.5,40.3878707,-3.629144,CB:AA:BC:3F:36:A5,SCKS,-0.039063,1.066407,0.015625,1.12,1.12,78.400002,0.084096,0.74752,-0.261632,318,588,439,1.0672365943140256
2024-04-25 14:16:35.883000+00:00,2024-04-25 14:15:30+00:00,2024-04-25 14:17:30+00:00,TABUENCA01-45,Sensoria-C1-E90A,Left,Gait,1.0.5,40.3878707,-3.629144,F0:75:B1:51:59:F6,SCKS,-0.46875,3.374998,0.125,-24.639999,76.160004,440.160004,0.485888,0.56064,-0.270976,707,540,691,3.4096866516593574
2024-04-25 14:16:35.892000+00:00,2024-04-25 14:15:30+00:00,2024-04-25 14:17:30+00:00,TABUENCA01-45,Sensoria-C1-EEA1,Right,Gait,1.0.5,40.3878707,-3.629144,CB:AA:BC:3F:36:A5,SCKS,-0.03125,1.058594,0.03125,5.6,-3.36,84.0,0.09344,0.756864,-0.242944,295,563,462,1.0595161073980897
2024-04-25 14:16:35.907000+00:00,2024-04-25 14:15:30+00:00,2024-04-25 14:17:30+00:00,TABUENCA01-45,Sensoria-C1-EEA1,Right,Gait,1.0.5,40.3878707,-3.629144,CB:AA:BC:3F:36:A5,SCKS,-0.042969,1.144532,-0.054688,14.56,-8.96,95.199997,0.102784,0.766208,-0.242944,272,535,499,1.1466431926841936
2024-04-25 14:16:35.915000+00:00,2024-04-25 14:15:30+00:00,2024-04-25 14:17:30+00:00,TABUENCA01-45,Sensoria-C1-E90A,Left,Gait,1.0.5,40.3878707,-3.629144,F0:75:B1:51:59:F6,SCKS,-1.374999,2.562499,-1.562499,-5.6,136.639999,334.880005,0.51392,0.504576,-0.299008,705,539,694,3.301276495539718
2024-04-25 14:16:35.924000+00:00,2024-04-25 14:15:30+00:00,2024-04-25 14:17:30+00:00,TABUENCA01-45,Sensoria-C1-EEA1,Right,Gait,1.0.5,40.3878707,-3.629144,CB:AA:BC:3F:36:A5,SCKS,-0.074219,1.210938,0.03125,11.2,-11.2,115.360001,0.102784,0.766208,-0.242944,251,510,552,1.2136127316013952
2024-04-25 14:16:35.947000+00:00,2024-04-25 14:15:30+00:00,2024-04-25 14:17:30+00:00,TABUENCA01-45,Sensoria-C1-E90A,Left,Gait,1.0.5,40.3878707,-3.629144,F0:75:B1:51:59:F6,SCKS,-3.031248,1.812499,-0.25,20.16,-90.720001,-6.72,0.51392,0.4672,-0.289664,701,541,701,3.5406379456963686
2024-04-25 14:16:35.956000+00:00,2024-04-25 14:15:30+00:00,2024-04-25 14:17:30+00:00,TABUENCA01-45,Sensoria-C1-EEA1,Right,Gait,1.0.5,40.3878707,-3.629144,CB:AA:BC:3F:36:A5,SCKS,-0.164063,1.304688,0.183594,1.12,-13.440001,134.399994,0.121472,0.775552,-0.242944,232,483,604,1.3277176665801358
2024-04-25 14:16:35.972000+00:00,2024-04-25 14:15:30+00:00,2024-04-25 14:17:30+00:00,TABUENCA01-45,Sensoria-C1-EEA1,Right,Gait,1.0.5,40.3878707,-3.629144,CB:AA:BC:3F:36:A5,SCKS,-0.121094,1.460939,0.011719,-7.84,-24.639999,147.839996,0.14016,0.775552,-0.242944,217,462,645,1.4659958572649514
2024-04-25 14:16:35.979000+00:00,2024-04-25 14:15:30+00:00,2024-04-25 14:17:30+00:00,TABUENCA01-45,Sensoria-C1-E90A,Left,Gait,1.0.5,40.3878707,-3.629144,F0:75:B1:51:59:F6,SCKS,3.468748,1.249999,0.09375,24.639999,36.959999,-138.880005,0.51392,0.495232,-0.289664,699,540,699,3.688292186094399
2024-04-25 14:16:35.988000+00:00,2024-04-25 14:15:30+00:00,2024-04-25 14:17:30+00:00,TABUENCA01-45,Sensoria-C1-EEA1,Right,Gait,1.0.5,40.3878707,-3.629144,CB:AA:BC:3F:36:A5,SCKS,-0.15625,1.558595,-0.105469,-16.799999,-16.799999,162.399994,0.158848,0.784896,-0.252288,206,453,670,1.5699541861105375
2024-04-25 14:16:36.004000+00:00,2024-04-25 14:15:30+00:00,2024-04-25 14:17:30+00:00,TABUENCA01-45,Sensoria-C1-EEA1,Right,Gait,1.0.5,40.3878707,-3.629144,CB:AA:BC:3F:36:A5,SCKS,-0.328125,1.812501,-0.019531,-24.639999,2.24,179.199997,0.196224,0.803584,-0.252288,200,458,683,1.8420660548924406
2024-04-25 14:16:36.020000+00:00,2024-04-25 14:15:30+00:00,2024-04-25 14:17:30+00:00,TABUENCA01-45,Sensoria-C1-EEA1,Right,Gait,1.0.5,40.3878707,-3.629144,CB:AA:BC:3F:36:A5,SCKS,-0.648438,1.996095,0.25,-32.48,31.360001,203.839996,0.196224,0.803584,-0.252288,204,476,692,2.1136146973535643
2024-04-25 14:16:36.044000+00:00,2024-04-25 14:15:30+00:00,2024-04-25 14:17:30+00:00,TABUENCA01-45,Sensoria-C1-E90A,Left,Gait,1.0.5,40.3878707,-3.629144,F0:75:B1:51:59:F6,SCKS,-0.21875,1.687499,0.09375,88.480003,85.120003,-216.160004,0.476544,0.569984,-0.317696,707,547,604,1.7041987853536924
2024-04-25 14:16:36.053000+00:00,2024-04-25 14:15:30+00:00,2024-04-25 14:17:30+00:00,TABUENCA01-45,Sensoria-C1-EEA1,Right,Gait,1.0.5,40.3878707,-3.629144,CB:AA:BC:3F:36:A5,SCKS,-1.242188,1.996095,0.496094,-53.760002,70.559998,231.839996,0.2336,0.803584,-0.252288,217,494,695,2.402818248058933
2024-04-25 14:16:36.069000+00:00,2024-04-25 14:15:30+00:00,2024-04-25 14:17:30+00:00,TABUENCA01-45,Sensoria-C1-EEA1,Right,Gait,1.0.5,40.3878707,-3.629144,CB:AA:BC:3F:36:A5,SCKS,-0.4375,1.996095,-0.003906,-48.16,40.32,271.040009,0.28032,0.803584,-0.261632,249,527,695,2.043481528142841
2024-04-25 14:16:36.077000+00:00,2024-04-25 14:15:30+00:00,2024-04-25 14:17:30+00:00,TABUENCA01-45,Sensoria-C1-E90A,Left,Gait,1.0.5,40.3878707,-3.629144,F0:75:B1:51:59:F6,SCKS,-0.40625,1.593749,-0.9375,104.160004,4.48,-190.399994,0.457856,0.60736,-0.308352,707,551,466,1.8931405620029909
2024-04-25 14:16:36.086000+00:00,2024-04-25 14:15:30+00:00,2024-04-25 14:17:30+00:00,TABUENCA01-45,Sensoria-C1-EEA1,Right,Gait,1.0.5,40.3878707,-3.629144,CB:AA:BC:3F:36:A5,SCKS,-0.906251,1.996095,-0.644532,-22.4,0.0,301.279999,0.336384,0.803584,-0.270976,301,579,698,2.2849743156215125
2024-04-25 14:16:36.103000+00:00,2024-04-25 14:15:30+00:00,2024-04-25 14:17:30+00:00,TABUENCA01-45,Sensoria-C1-EEA1,Right,Gait,1.0.5,40.3878707,-3.629144,CB:AA:BC:3F:36:A5,SCKS,-0.671875,1.996095,-0.714844,-2.24,-85.120003,331.519989,0.392448,0.803584,-0.252288,369,633,695,2.224143252802301
2024-04-25 14:16:36.109000+00:00,2024-04-25 14:15:30+00:00,2024-04-25 14:17:30+00:00,TABUENCA01-45,Sensoria-C1-E90A,Left,Gait,1.0.5,40.3878707,-3.629144,F0:75:B1:51:59:F6,SCKS,0.0,0.968749,-0.125,58.240002,-67.199997,-115.360001,0.411136,0.663424,-0.299008,685,554,352,0.9767802337276282
2024-04-25 14:16:36.134000+00:00,2024-04-25 14:15:30+00:00,2024-04-25 14:17:30+00:00,TABUENCA01-45,Sensoria-C1-EEA1,Right,Gait,1.0.5,40.3878707,-3.629144,CB:AA:BC:3F:36:A5,SCKS,-0.464844,0.59375,-0.718751,20.16,-51.52,278.880005,0.392448,0.803584,-0.252288,431,677,697,1.0417398940412141
2024-04-25 14:16:36.142000+00:00,2024-04-25 14:15:30+00:00,2024-04-25 14:17:30+00:00,TABUENCA01-45,Sensoria-C1-E90A,Left,Gait,1.0.5,40.3878707,-3.629144,F0:75:B1:51:59:F6,SCKS,0.03125,0.9375,-0.28125,32.48,-47.040001,-70.559998,0.392448,0.672768,-0.28032,662,535,332,0.9792774759995249
2024-04-25 14:16:36.151000+00:00,2024-04-25 14:15:30+00:00,2024-04-25 14:17:30+00:00,TABUENCA01-45,Sensoria-C1-EEA1,Right,Gait,1.0.5,40.3878707,-3.629144,CB:AA:BC:3F:36:A5,SCKS,0.707032,0.726563,-0.742188,32.48,146.720001,135.520004,0.429824,0.784896,-0.261632,464,695,697,1.2564358596191847
2024-04-25 14:16:36.167000+00:00,2024-04-25 14:15:30+00:00,2024-04-25 14:17:30+00:00,TABUENCA01-45,Sensoria-C1-EEA1,Right,Gait,1.0.5,40.3878707,-3.629144,CB:AA:BC:3F:36:A5,SCKS,-1.484376,0.339844,-0.5,-5.6,200.479996,-20.16,0.439168,0.784896,-0.270976,480,705,694,1.6027682470376057
2024-04-25 14:16:36.174000+00:00,2024-04-25 14:15:30+00:00,2024-04-25 14:17:30+00:00,TABUENCA01-45,Sensoria-C1-E90A,Left,Gait,1.0.5,40.3878707,-3.629144,F0:75:B1:51:59:F6,SCKS,0.125,0.999999,-0.21875,13.440001,-38.080002,-39.200001,0.392448,0.691456,-0.270976,639,512,332,1.0312490303030593
2024-04-25 14:16:36.183000+00:00,2024-04-25 14:15:30+00:00,2024-04-25 14:17:30+00:00,TABUENCA01-45,Sensoria-C1-EEA1,Right,Gait,1.0.5,40.3878707,-3.629144,CB:AA:BC:3F:36:A5,SCKS,-1.144532,0.101563,-0.117188,-32.48,135.520004,-70.559998,0.448512,0.79424,-0.28032,488,711,693,1.1549898568113055
2024-04-25 14:16:36.207000+00:00,2024-04-25 14:15:30+00:00,2024-04-25 14:17:30+00:00,TABUENCA01-45,Sensoria-C1-E90A,Left,Gait,1.0.5,40.3878707,-3.629144,F0:75:B1:51:59:F6,SCKS,0.09375,1.031249,-0.15625,1.12,-32.48,-32.48,0.383104,0.691456,-0.261632,617,489,349,1.047223770261638
2024-04-25 14:16:36.216000+00:00,2024-04-25 14:15:30+00:00,2024-04-25 14:17:30+00:00,TABUENCA01-45,Sensoria-C1-EEA1,Right,Gait,1.0.5,40.3878707,-3.629144,CB:AA:BC:3F:36:A5,SCKS,-0.546875,-0.164063,0.050781,0.0,61.599998,-100.800003,0.429824,0.79424,-0.28032,492,716,691,0.5732082026236192
2024-04-25 14:16:36.223000+00:00,2024-04-25 14:15:30+00:00,2024-04-25 14:17:30+00:00,TABUENCA01-45,Sensoria-C1-E90A,Left,Gait,1.0.5,40.3878707,-3.629144,F0:75:B1:51:59:F6,SCKS,0.09375,0.968749,-0.15625,-4.48,-39.200001,-32.48,0.37376,0.7008,-0.261632,598,465,387,0.9857371607081676
2024-04-25 14:16:36.232000+00:00,2024-04-25 14:15:30+00:00,2024-04-25 14:17:30+00:00,TABUENCA01-45,Sensoria-C1-EEA1,Right,Gait,1.0.5,40.3878707,-3.629144,CB:AA:BC:3F:36:A5,SCKS,-0.425782,-0.082031,-0.050781,41.439999,21.280001,-155.680008,0.411136,0.803584,-0.28032,493,717,689,0.4365754304195324
2024-04-25 14:16:36.248000+00:00,2024-04-25 14:15:30+00:00,2024-04-25 14:17:30+00:00,TABUENCA01-45,Sensoria-C1-EEA1,Right,Gait,1.0.5,40.3878707,-3.629144,CB:AA:BC:3F:36:A5,SCKS,-0.632813,0.234375,-0.109375,50.400002,3.36,-208.320007,0.411136,0.803584,-0.28032,493,716,687,0.6836276941574265
2024-04-25 14:16:36.256000+00:00,2024-04-25 14:15:30+00:00,2024-04-25 14:17:30+00:00,TABUENCA01-45,Sensoria-C1-E90A,Left,Gait,1.0.5,40.3878707,-3.629144,F0:75:B1:51:59:F6,SCKS,0.0625,0.9375,-0.21875,0.0,-49.279999,-36.959999,0.364416,0.7008,-0.261632,579,445,442,0.9647093150270707
2024-04-25 14:16:36.265000+00:00,2024-04-25 14:15:30+00:00,2024-04-25 14:17:30+00:00,TABUENCA01-45,Sensoria-C1-EEA1,Right,Gait,1.0.5,40.3878707,-3.629144,CB:AA:BC:3F:36:A5,SCKS,-0.578125,0.355469,-0.015625,44.799999,-24.639999,-252.0,0.364416,0.812928,-0.270976,493,715,688,0.6788452446699469
2024-04-25 14:16:36.281000+00:00,2024-04-25 14:15:30+00:00,2024-04-25 14:17:30+00:00,TABUENCA01-45,Sensoria-C1-EEA1,Right,Gait,1.0.5,40.3878707,-3.629144,CB:AA:BC:3F:36:A5,SCKS,-0.492188,0.480469,0.0,51.52,-52.639999,-292.320007,0.308352,0.803584,-0.270976,493,714,689,0.6878222788664234
2024-04-25 14:16:36.288000+00:00,2024-04-25 14:15:30+00:00,2024-04-25 14:17:30+00:00,TABUENCA01-45,Sensoria-C1-E90A,Left,Gait,1.0.5,40.3878707,-3.629144,F0:75:B1:51:59:F6,SCKS,0.03125,0.9375,-0.1875,6.72,-59.360001,-31.360001,0.355072,0.710144,-0.242944,562,424,499,0.9565767415633729
2024-04-25 14:16:36.313000+00:00,2024-04-25 14:15:30+00:00,2024-04-25 14:17:30+00:00,TABUENCA01-45,Sensoria-C1-EEA1,Right,Gait,1.0.5,40.3878707,-3.629144,CB:AA:BC:3F:36:A5,SCKS,-0.515625,0.738282,-0.019531,56.0,-66.080002,-328.160004,0.252288,0.803584,-0.242944,493,714,686,0.9007279900780257
2024-04-25 14:16:36.321000+00:00,2024-04-25 14:15:30+00:00,2024-04-25 14:17:30+00:00,TABUENCA01-45,Sensoria-C1-E90A,Left,Gait,1.0.5,40.3878707,-3.629144,F0:75:B1:51:59:F6,SCKS,0.03125,0.9375,-0.25,5.6,-52.639999,-29.120001,0.355072,0.710144,-0.242944,543,402,547,0.9707640354380667
2024-04-25 14:16:36.330000+00:00,2024-04-25 14:15:30+00:00,2024-04-25 14:17:30+00:00,TABUENCA01-45,Sensoria-C1-EEA1,Right,Gait,1.0.5,40.3878707,-3.629144,CB:AA:BC:3F:36:A5,SCKS,-0.511719,1.058594,-0.054688,51.52,-67.199997,-358.399994,0.252288,0.803584,-0.242944,493,713,687,1.177059203753575
2024-04-25 14:16:36.346000+00:00,2024-04-25 14:15:30+00:00,2024-04-25 14:17:30+00:00,TABUENCA01-45,Sensoria-C1-EEA1,Right,Gait,1.0.5,40.3878707,-3.629144,CB:AA:BC:3F:36:A5,SCKS,-0.445313,1.390626,-0.023438,40.32,-56.0,-385.279999,0.18688,0.79424,-0.252288,492,710,685,1.4603744998078403
2024-04-25 14:16:36.353000+00:00,2024-04-25 14:15:30+00:00,2024-04-25 14:17:30+00:00,TABUENCA01-45,Sensoria-C1-E90A,Left,Gait,1.0.5,40.3878707,-3.629144,F0:75:B1:51:59:F6,SCKS,0.03125,0.968749,-0.25,-2.24,-50.400002,-29.120001,0.345728,0.719488,-0.252288,531,382,586,1.0009751183226285
2024-04-25 14:16:36.362000+00:00,2024-04-25 14:15:30+00:00,2024-04-25 14:17:30+00:00,TABUENCA01-45,Sensoria-C1-EEA1,Right,Gait,1.0.5,40.3878707,-3.629144,CB:AA:BC:3F:36:A5,SCKS,-0.449219,1.945314,0.023438,22.4,-22.4,-400.959991,0.121472,0.766208,-0.242944,491,710,684,1.9966455890820984
2024-04-25 14:16:36.386000+00:00,2024-04-25 14:15:30+00:00,2024-04-25 14:17:30+00:00,TABUENCA01-45,Sensoria-C1-E90A,Left,Gait,1.0.5,40.3878707,-3.629144,F0:75:B1:51:59:F6,SCKS,0.0,0.968749,-0.15625,-5.6,-45.920002,-33.599998,0.336384,0.719488,-0.242944,511,360,617,0.981268917015616
2024-04-25 14:16:36.395000+00:00,2024-04-25 14:15:30+00:00,2024-04-25 14:17:30+00:00,TABUENCA01-45,Sensoria-C1-EEA1,Right,Gait,1.0.5,40.3878707,-3.629144,CB:AA:BC:3F:36:A5,SCKS,-0.445313,1.996095,0.160156,12.32,16.799999,-402.079987,0.065408,0.728832,-0.242944,491,710,684,2.0514260555355146
2024-04-25 14:16:36.411000+00:00,2024-04-25 14:15:30+00:00,2024-04-25 14:17:30+00:00,TABUENCA01-45,Sensoria-C1-EEA1,Right,Gait,1.0.5,40.3878707,-3.629144,CB:AA:BC:3F:36:A5,SCKS,0.179688,1.996095,-0.023438,58.240002,-32.48,-403.200012,0.009344,0.682112,-0.252288,491,710,685,2.0043034616077975
2024-04-25 14:16:36.419000+00:00,2024-04-25 14:15:30+00:00,2024-04-25 14:17:30+00:00,TABUENCA01-45,Sensoria-C1-E90A,Left,Gait,1.0.5,40.3878707,-3.629144,F0:75:B1:51:59:F6,SCKS,-0.03125,0.968749,-0.125,-3.36,-41.439999,-41.439999,0.317696,0.728832,-0.214912,492,334,643,0.9772799944238089
2024-04-25 14:16:36.442000+00:00,2024-04-25 14:15:30+00:00,2024-04-25 14:17:30+00:00,TABUENCA01-45,Sensoria-C1-EEA1,Right,Gait,1.0.5,40.3878707,-3.629144,CB:AA:BC:3F:36:A5,SCKS,0.773438,1.996095,0.371094,44.799999,-35.84,-412.160004,0.009344,0.682112,-0.252288,491,712,685,2.1726279814328544
2024-04-25 14:16:36.444000+00:00,2024-04-25 14:15:30+00:00,2024-04-25 14:17:30+00:00,TABUENCA01-45,Sensoria-C1-EEA1,Right,Gait,1.0.5,40.3878707,-3.629144,CB:AA:BC:3F:36:A5,SCKS,1.968751,1.996095,-0.792969,40.32,-52.639999,-390.880005,-0.037376,0.626048,-0.252288,490,709,685,2.913618984010607
2024-04-25 14:16:36.451000+00:00,2024-04-25 14:15:30+00:00,2024-04-25 14:17:30+00:00,TABUENCA01-45,Sensoria-C1-E90A,Left,Gait,1.0.5,40.3878707,-3.629144,F0:75:B1:51:59:F6,SCKS,0.03125,1.124999,-0.1875,-6.72,-31.360001,-62.720001,0.299008,0.738176,-0.214912,451,294,673,1.1409450304466908
2024-04-25 14:16:36.476000+00:00,2024-04-25 14:15:30+00:00,2024-04-25 14:17:30+00:00,TABUENCA01-45,Sensoria-C1-EEA1,Right,Gait,1.0.5,40.3878707,-3.629144,CB:AA:BC:3F:36:A5,SCKS,1.996095,1.726564,-0.109375,62.720001,-11.2,-246.399994,-0.074752,0.569984,-0.252288,489,712,687,2.6414733361792617
2024-04-25 14:16:36.483000+00:00,2024-04-25 14:15:30+00:00,2024-04-25 14:17:30+00:00,TABUENCA01-45,Sensoria-C1-E90A,Left,Gait,1.0.5,40.3878707,-3.629144,F0:75:B1:51:59:F6,SCKS,0.0625,1.281249,-0.0625,-3.36,-22.4,-87.360001,0.289664,0.74752,-0.214912,432,273,690,1.2842941641232355
2024-04-25 14:16:36.492000+00:00,2024-04-25 14:15:30+00:00,2024-04-25 14:17:30+00:00,TABUENCA01-45,Sensoria-C1-EEA1,Right,Gait,1.0.5,40.3878707,-3.629144,CB:AA:BC:3F:36:A5,SCKS,1.996095,1.750001,0.355469,67.199997,48.16,-138.880005,-0.074752,0.551296,-0.2336,489,712,691,2.678293665561527
2024-04-25 14:16:36.509000+00:00,2024-04-25 14:15:30+00:00,2024-04-25 14:17:30+00:00,TABUENCA01-45,Sensoria-C1-EEA1,Right,Gait,1.0.5,40.3878707,-3.629144,CB:AA:BC:3F:36:A5,SCKS,1.996095,1.996095,1.011719,19.040001,5.6,36.959999,-0.084096,0.541952,-0.2336,488,714,695,2.9987273689035154
2024-04-25 14:16:36.516000+00:00,2024-04-25 14:15:30+00:00,2024-04-25 14:17:30+00:00,TABUENCA01-45,Sensoria-C1-E90A,Left,Gait,1.0.5,40.3878707,-3.629144,F0:75:B1:51:59:F6,SCKS,0.15625,1.374999,-0.0625,4.48,-5.6,-124.32,0.261632,0.766208,-0.224256,415,264,698,1.3852590236129128
2024-04-25 14:16:36.525000+00:00,2024-04-25 14:15:30+00:00,2024-04-25 14:17:30+00:00,TABUENCA01-45,Sensoria-C1-EEA1,Right,Gait,1.0.5,40.3878707,-3.629144,CB:AA:BC:3F:36:A5,SCKS,-0.023438,1.996095,-0.167969,13.440001,-138.880005,164.639999,-0.084096,0.541952,-0.2336,488,712,691,2.0032868426238912
2024-04-25 14:16:36.532000+00:00,2024-04-25 14:15:30+00:00,2024-04-25 14:17:30+00:00,TABUENCA01-45,Sensoria-C1-E90A,Left,Gait,1.0.5,40.3878707,-3.629144,F0:75:B1:51:59:F6,SCKS,0.25,1.656249,-0.25,5.6,-5.6,-164.639999,0.2336,0.775552,-0.224256,422,278,702,1.6935645101386012
2024-04-25 14:16:36.541000+00:00,2024-04-25 14:15:30+00:00,2024-04-25 14:17:30+00:00,TABUENCA01-45,Sensoria-C1-EEA1,Right,Gait,1.0.5,40.3878707,-3.629144,CB:AA:BC:3F:36:A5,SCKS,-2.000001,0.222656,0.59375,47.040001,-135.520004,72.800003,-0.084096,0.569984,-0.261632,497,712,664,2.0981226744013326
2024-04-25 14:16:36.565000+00:00,2024-04-25 14:15:30+00:00,2024-04-25 14:17:30+00:00,TABUENCA01-45,Sensoria-C1-E90A,Left,Gait,1.0.5,40.3878707,-3.629144,F0:75:B1:51:59:F6,SCKS,0.6875,2.187499,-0.1875,-8.96,-25.76,-201.600006,0.196224,0.784896,-0.214912,480,327,701,2.3006443390930724
2024-04-25 14:16:36.573000+00:00,2024-04-25 14:15:30+00:00,2024-04-25 14:17:30+00:00,TABUENCA01-45,Sensoria-C1-EEA1,Right,Gait,1.0.5,40.3878707,-3.629144,CB:AA:BC:3F:36:A5,SCKS,1.402345,1.683595,0.937501,62.720001,-243.040009,281.119995,-0.074752,0.598016,-0.299008,506,716,611,2.3832691304279927
2024-04-25 14:16:36.589000+00:00,2024-04-25 14:15:30+00:00,2024-04-25 14:17:30+00:00,TABUENCA01-45,Sensoria-C1-EEA1,Right,Gait,1.0.5,40.3878707,-3.629144,CB:AA:BC:3F:36:A5,SCKS,0.355469,1.554689,0.019531,52.639999,13.440001,243.040009,-0.056064,0.635392,-0.289664,512,722,528,1.5949286995483527
2024-04-25 14:16:36.597000+00:00,2024-04-25 14:15:30+00:00,2024-04-25 14:17:30+00:00,TABUENCA01-45,Sensoria-C1-E90A,Left,Gait,1.0.5,40.3878707,-3.629144,F0:75:B1:51:59:F6,SCKS,1.124999,2.218749,-0.15625,-50.400002,-97.440002,-209.440002,0.121472,0.803584,-0.2336,534,375,698,2.4925657338377256
2024-04-25 14:16:36.606000+00:00,2024-04-25 14:15:30+00:00,2024-04-25 14:17:30+00:00,TABUENCA01-45,Sensoria-C1-EEA1,Right,Gait,1.0.5,40.3878707,-3.629144,CB:AA:BC:3F:36:A5,SCKS,0.4375,1.35547,-1.121095,91.840004,20.16,207.199997,-0.037376,0.663424,-0.289664,513,721,442,1.812611146916238
2024-04-25 14:16:36.622000+00:00,2024-04-25 14:15:30+00:00,2024-04-25 14:17:30+00:00,TABUENCA01-45,Sensoria-C1-EEA1,Right,Gait,1.0.5,40.3878707,-3.629144,CB:AA:BC:3F:36:A5,SCKS,0.464844,1.226563,0.292969,-23.52,13.440001,198.240005,-0.018688,0.691456,-0.289664,500,726,379,1.3440117455833487
2024-04-25 14:16:36.629000+00:00,2024-04-25 14:15:30+00:00,2024-04-25 14:17:30+00:00,TABUENCA01-45,Sensoria-C1-E90A,Left,Gait,1.0.5,40.3878707,-3.629144,F0:75:B1:51:59:F6,SCKS,0.9375,2.499999,-1.062499,-31.360001,-144.479996,-264.320007,0.065408,0.803584,-0.252288,584,438,701,2.8736397434267924
2024-04-25 14:16:36.654000+00:00,2024-04-25 14:15:30+00:00,2024-04-25 14:17:30+00:00,TABUENCA01-45,Sensoria-C1-EEA1,Right,Gait,1.0.5,40.3878707,-3.629144,CB:AA:BC:3F:36:A5,SCKS,-0.058594,1.031251,0.015625,5.6,47.040001,115.360001,0.0,0.710144,-0.270976,475,718,329,1.0330324401789133
2024-04-25 14:16:36.662000+00:00,2024-04-25 14:15:30+00:00,2024-04-25 14:17:30+00:00,TABUENCA01-45,Sensoria-C1-E90A,Left,Gait,1.0.5,40.3878707,-3.629144,F0:75:B1:51:59:F6,SCKS,0.71875,1.187499,-0.53125,19.040001,50.400002,-276.640015,0.018688,0.79424,-0.2336,649,510,704,1.4862644448418323
2024-04-25 14:16:36.671000+00:00,2024-04-25 14:15:30+00:00,2024-04-25 14:17:30+00:00,TABUENCA01-45,Sensoria-C1-EEA1,Right,Gait,1.0.5,40.3878707,-3.629144,CB:AA:BC:3F:36:A5,SCKS,-0.074219,0.972657,-0.027344,-3.36,44.799999,92.959999,0.018688,0.719488,-0.270976,458,705,316,0.9758677133433609
2024-04-25 14:16:36.687000+00:00,2024-04-25 14:15:30+00:00,2024-04-25 14:17:30+00:00,TABUENCA01-45,Sensoria-C1-EEA1,Right,Gait,1.0.5,40.3878707,-3.629144,CB:AA:BC:3F:36:A5,SCKS,-0.070313,0.976563,-0.019531,-2.24,23.52,64.959999,0.018688,0.719488,-0.270976,447,693,312,0.9792857963327151
2024-04-25 14:16:36.703000+00:00,2024-04-25 14:15:30+00:00,2024-04-25 14:17:30+00:00,TABUENCA01-45,Sensoria-C1-EEA1,Right,Gait,1.0.5,40.3878707,-3.629144,CB:AA:BC:3F:36:A5,SCKS,-0.078125,1.011719,-0.007813,1.12,10.08,51.52,0.018688,0.728832,-0.270976,437,683,314,1.0147610031702048
2024-04-25 14:16:36.711000+00:00,2024-04-25 14:15:30+00:00,2024-04-25 14:17:30+00:00,TABUENCA01-45,Sensoria-C1-E90A,Left,Gait,1.0.5,40.3878707,-3.629144,F0:75:B1:51:59:F6,SCKS,-0.625,0.1875,-0.5,24.639999,-50.400002,-122.080002,-0.018688,0.79424,-0.2336,684,537,703,0.8220591523728691
2024-04-25 14:16:36.727000+00:00,2024-04-25 14:15:30+00:00,2024-04-25 14:17:30+00:00,TABUENCA01-45,Sensoria-C1-E90A,Left,Gait,1.0.5,40.3878707,-3.629144,F0:75:B1:51:59:F6,SCKS,1.281249,0.21875,-0.15625,6.72,-154.559998,78.400002,-0.028032,0.79424,-0.2336,697,545,702,1.3091465254130266
2024-04-25 14:16:36.735000+00:00,2024-04-25 14:15:30+00:00,2024-04-25 14:17:30+00:00,TABUENCA01-45,Sensoria-C1-EEA1,Right,Gait,1.0.5,40.3878707,-3.629144,CB:AA:BC:3F:36:A5,SCKS,-0.113281,0.980469,0.0,-3.36,14.56,41.439999,0.018688,0.728832,-0.252288,428,674,324,0.9869914107640452
2024-04-25 14:16:36.753000+00:00,2024-04-25 14:15:30+00:00,2024-04-25 14:17:30+00:00,TABUENCA01-45,Sensoria-C1-EEA1,Right,Gait,1.0.5,40.3878707,-3.629144,CB:AA:BC:3F:36:A5,SCKS,-0.128906,1.023438,-0.089844,-1.12,7.84,36.959999,0.028032,0.728832,-0.252288,420,666,337,1.0354293993392307
2024-04-25 14:16:36.768000+00:00,2024-04-25 14:15:30+00:00,2024-04-25 14:17:30+00:00,TABUENCA01-45,Sensoria-C1-EEA1,Right,Gait,1.0.5,40.3878707,-3.629144,CB:AA:BC:3F:36:A5,SCKS,-0.121094,0.976563,-0.132813,-6.72,17.92,39.200001,0.037376,0.728832,-0.261632,410,660,359,0.9929644217060347
2024-04-25 14:16:36.779000+00:00,2024-04-25 14:15:30+00:00,2024-04-25 14:17:30+00:00,TABUENCA01-45,Sensoria-C1-E90A,Left,Gait,1.0.5,40.3878707,-3.629144,F0:75:B1:51:59:F6,SCKS,0.3125,0.03125,0.0,-12.32,50.400002,174.720001,0.009344,0.803584,-0.252288,707,547,697,0.3140586131600278
2024-04-25 14:16:36.792000+00:00,2024-04-25 14:15:30+00:00,2024-04-25 14:17:30+00:00,TABUENCA01-45,Sensoria-C1-E90A,Left,Gait,1.0.5,40.3878707,-3.629144,F0:75:B1:51:59:F6,SCKS,0.40625,0.25,-0.25,13.440001,49.279999,250.880005,0.04672,0.812928,-0.242944,706,545,698,0.5385527481129402
2024-04-25 14:16:36.800000+00:00,2024-04-25 14:15:30+00:00,2024-04-25 14:17:30+00:00,TABUENCA01-45,Sensoria-C1-EEA1,Right,Gait,1.0.5,40.3878707,-3.629144,CB:AA:BC:3F:36:A5,SCKS,-0.074219,0.957032,-0.089844,-8.96,20.16,41.439999,0.037376,0.728832,-0.261632,400,651,382,0.9641009559797148
2024-04-25 14:16:36.801000+00:00,2024-04-25 14:15:30+00:00,2024-04-25 14:17:30+00:00,TABUENCA01-45,Sensoria-C1-EEA1,Right,Gait,1.0.5,40.3878707,-3.629144,CB:AA:BC:3F:36:A5,SCKS,-0.027344,0.957032,-0.070313,-8.96,25.76,42.560001,0.04672,0.738176,-0.242944,388,643,406,0.960000969441698
2024-04-25 14:16:36.824000+00:00,2024-04-25 14:15:30+00:00,2024-04-25 14:17:30+00:00,TABUENCA01-45,Sensoria-C1-E90A,Left,Gait,1.0.5,40.3878707,-3.629144,F0:75:B1:51:59:F6,SCKS,0.40625,0.5625,-0.25,-2.24,57.119999,293.440002,0.158848,0.803584,-0.252288,707,543,695,0.7375264825753717
2024-04-25 14:16:36.833000+00:00,2024-04-25 14:15:30+00:00,2024-04-25 14:17:30+00:00,TABUENCA01-45,Sensoria-C1-EEA1,Right,Gait,1.0.5,40.3878707,-3.629144,CB:AA:BC:3F:36:A5,SCKS,-0.023438,0.953126,-0.03125,-6.72,32.48,40.32,0.04672,0.738176,-0.252288,376,630,428,0.9539261366688723
2024-04-25 14:16:36.849000+00:00,2024-04-25 14:15:30+00:00,2024-04-25 14:17:30+00:00,TABUENCA01-45,Sensoria-C1-EEA1,Right,Gait,1.0.5,40.3878707,-3.629144,CB:AA:BC:3F:36:A5,SCKS,-0.027344,0.964844,-0.039063,-1.12,33.599998,39.200001,0.056064,0.738176,-0.242944,361,619,450,0.9660215094090815
2024-04-25 14:16:36.857000+00:00,2024-04-25 14:15:30+00:00,2024-04-25 14:17:30+00:00,TABUENCA01-45,Sensoria-C1-E90A,Left,Gait,1.0.5,40.3878707,-3.629144,F0:75:B1:51:59:F6,SCKS,0.28125,0.78125,-0.1875,-5.6,70.559998,340.480011,0.214912,0.775552,-0.242944,706,544,694,0.8512399044922647
2024-04-25 14:16:36.873000+00:00,2024-04-25 14:15:30+00:00,2024-04-25 14:17:30+00:00,TABUENCA01-45,Sensoria-C1-E90A,Left,Gait,1.0.5,40.3878707,-3.629144,F0:75:B1:51:59:F6,SCKS,0.34375,1.312499,-0.21875,-7.84,54.880001,390.880005,0.289664,0.756864,-0.252288,707,542,694,1.3742886341671463
2024-04-25 14:16:36.881000+00:00,2024-04-25 14:15:30+00:00,2024-04-25 14:17:30+00:00,TABUENCA01-45,Sensoria-C1-EEA1,Right,Gait,1.0.5,40.3878707,-3.629144,CB:AA:BC:3F:36:A5,SCKS,-0.050781,0.953126,-0.050781,2.24,33.599998,43.68,0.056064,0.74752,-0.252288,347,608,468,0.9558276998486704
2024-04-25 14:16:36.883000+00:00,2024-04-25 14:15:30+00:00,2024-04-25 14:17:30+00:00,TABUENCA01-45,Sensoria-C1-EEA1,Right,Gait,1.0.5,40.3878707,-3.629144,CB:AA:BC:3F:36:A5,SCKS,-0.074219,0.964844,-0.027344,0.0,22.4,51.52,0.056064,0.74752,-0.252288,329,594,485,0.9680806261014627
2024-04-25 14:16:36.906000+00:00,2024-04-25 14:15:30+00:00,2024-04-25 14:17:30+00:00,TABUENCA01-45,Sensoria-C1-E90A,Left,Gait,1.0.5,40.3878707,-3.629144,F0:75:B1:51:59:F6,SCKS,0.375,2.124999,-0.1875,-5.6,52.639999,423.360016,0.355072,0.710144,-0.261632,706,541,692,2.165964450308684
2024-04-25 14:16:36.914000+00:00,2024-04-25 14:15:30+00:00,2024-04-25 14:17:30+00:00,TABUENCA01-45,Sensoria-C1-EEA1,Right,Gait,1.0.5,40.3878707,-3.629144,CB:AA:BC:3F:36:A5,SCKS,-0.039063,0.992188,-0.003906,0.0,12.32,62.720001,0.065408,0.74752,-0.2336,309,576,502,0.9929643508953381
2024-04-25 14:16:36.931000+00:00,2024-04-25 14:15:30+00:00,2024-04-25 14:17:30+00:00,TABUENCA01-45,Sensoria-C1-EEA1,Right,Gait,1.0.5,40.3878707,-3.629144,CB:AA:BC:3F:36:A5,SCKS,-0.003906,1.027344,-0.011719,1.12,4.48,69.440002,0.074752,0.756864,-0.242944,291,558,520,1.0274182625070474
2024-04-25 14:16:36.938000+00:00,2024-04-25 14:15:30+00:00,2024-04-25 14:17:30+00:00,TABUENCA01-45,Sensoria-C1-E90A,Left,Gait,1.0.5,40.3878707,-3.629144,F0:75:B1:51:59:F6,SCKS,0.15625,2.968748,-0.28125,12.32,92.959999,453.600006,0.411136,0.65408,-0.261632,705,541,690,2.986131328743597
2024-04-25 14:16:36.947000+00:00,2024-04-25 14:15:30+00:00,2024-04-25 14:17:30+00:00,TABUENCA01-45,Sensoria-C1-EEA1,Right,Gait,1.0.5,40.3878707,-3.629144,CB:AA:BC:3F:36:A5,SCKS,-0.039063,1.097657,-0.007813,2.24,2.24,75.040001,0.084096,0.756864,-0.2336,272,537,545,1.0983796477479908
2024-04-25 14:16:36.963000+00:00,2024-04-25 14:15:30+00:00,2024-04-25 14:17:30+00:00,TABUENCA01-45,Sensoria-C1-EEA1,Right,Gait,1.0.5,40.3878707,-3.629144,CB:AA:BC:3F:36:A5,SCKS,-0.019531,1.066407,0.042969,6.72,-2.24,82.879997,0.102784,0.766208,-0.2336,255,515,578,1.067451022094691
2024-04-25 14:16:36.971000+00:00,2024-04-25 14:15:30+00:00,2024-04-25 14:17:30+00:00,TABUENCA01-45,Sensoria-C1-E90A,Left,Gait,1.0.5,40.3878707,-3.629144,F0:75:B1:51:59:F6,SCKS,-0.75,3.593748,-1.124999,-19.040001,109.760002,409.920013,0.495232,0.523264,-0.299008,704,539,693,3.839680642645297
2024-04-25 14:16:36.996000+00:00,2024-04-25 14:15:30+00:00,2024-04-25 14:17:30+00:00,TABUENCA01-45,Sensoria-C1-EEA1,Right,Gait,1.0.5,40.3878707,-3.629144,CB:AA:BC:3F:36:A5,SCKS,-0.117188,1.242188,0.011719,16.799999,-11.2,98.559998,0.112128,0.766208,-0.2336,237,494,616,1.2477585462135694
2024-04-25 14:16:37.012000+00:00,2024-04-25 14:15:30+00:00,2024-04-25 14:17:30+00:00,TABUENCA01-45,Sensoria-C1-EEA1,Right,Gait,1.0.5,40.3878707,-3.629144,CB:AA:BC:3F:36:A5,SCKS,-0.109375,1.285157,0.058594,12.32,-21.280001,118.720001,0.112128,0.766208,-0.2336,223,474,648,1.291133092330144
2024-04-25 14:16:37.029000+00:00,2024-04-25 14:15:30+00:00,2024-04-25 14:17:30+00:00,TABUENCA01-45,Sensoria-C1-EEA1,Right,Gait,1.0.5,40.3878707,-3.629144,CB:AA:BC:3F:36:A5,SCKS,-0.132813,1.343751,0.070313,2.24,-25.76,138.880005,0.130816,0.775552,-0.242944,211,462,673,1.3521279380809346
2024-04-25 14:16:37.036000+00:00,2024-04-25 14:15:30+00:00,2024-04-25 14:17:30+00:00,TABUENCA01-45,Sensoria-C1-E90A,Left,Gait,1.0.5,40.3878707,-3.629144,F0:75:B1:51:59:F6,SCKS,-3.437498,1.843749,-0.25,26.880001,-79.519997,-22.4,0.51392,0.457856,-0.308352,700,540,704,3.9087469699387043
2024-04-25 14:16:37.045000+00:00,2024-04-25 14:15:30+00:00,2024-04-25 14:17:30+00:00,TABUENCA01-45,Sensoria-C1-EEA1,Right,Gait,1.0.5,40.3878707,-3.629144,CB:AA:BC:3F:36:A5,SCKS,-0.15625,1.535157,-0.226563,-7.84,-29.120001,156.800003,0.149504,0.784896,-0.242944,202,454,689,1.5596319662401128
2024-04-25 14:16:37.061000+00:00,2024-04-25 14:15:30+00:00,2024-04-25 14:17:30+00:00,TABUENCA01-45,Sensoria-C1-EEA1,Right,Gait,1.0.5,40.3878707,-3.629144,CB:AA:BC:3F:36:A5,SCKS,-0.207031,1.687501,-0.136719,-17.92,-7.84,175.839996,0.18688,0.79424,-0.242944,194,459,699,1.7056416812809776
2024-04-25 14:16:37.069000+00:00,2024-04-25 14:15:30+00:00,2024-04-25 14:17:30+00:00,TABUENCA01-45,Sensoria-C1-E90A,Left,Gait,1.0.5,40.3878707,-3.629144,F0:75:B1:51:59:F6,SCKS,4.531248,0.75,0.125,30.24,53.760002,-114.239998,0.523264,0.495232,-0.308352,700,539,685,4.594598289024188
2024-04-25 14:16:37.094000+00:00,2024-04-25 14:15:30+00:00,2024-04-25 14:17:30+00:00,TABUENCA01-45,Sensoria-C1-EEA1,Right,Gait,1.0.5,40.3878707,-3.629144,CB:AA:BC:3F:36:A5,SCKS,-0.550782,1.996095,0.089844,-21.280001,24.639999,194.880005,0.214912,0.79424,-0.242944,195,476,701,2.0726379338623038
2024-04-25 14:16:37.102000+00:00,2024-04-25 14:15:30+00:00,2024-04-25 14:17:30+00:00,TABUENCA01-45,Sensoria-C1-E90A,Left,Gait,1.0.5,40.3878707,-3.629144,F0:75:B1:51:59:F6,SCKS,-1.124999,1.718749,0.3125,87.360001,124.32,-247.520004,0.476544,0.551296,-0.345728,703,544,622,2.077829907620448
2024-04-25 14:16:37.110000+00:00,2024-04-25 14:15:30+00:00,2024-04-25 14:17:30+00:00,TABUENCA01-45,Sensoria-C1-EEA1,Right,Gait,1.0.5,40.3878707,-3.629144,CB:AA:BC:3F:36:A5,SCKS,-1.058594,1.996095,0.519532,-40.32,69.440002,219.520004,0.214912,0.79424,-0.242944,205,494,703,2.3183895282900586
2024-04-25 14:16:37.126000+00:00,2024-04-25 14:15:30+00:00,2024-04-25 14:17:30+00:00,TABUENCA01-45,Sensoria-C1-EEA1,Right,Gait,1.0.5,40.3878707,-3.629144,CB:AA:BC:3F:36:A5,SCKS,-0.757813,1.996095,0.308594,-50.400002,70.559998,253.119995,0.261632,0.803584,-0.252288,230,522,701,2.157291368552241
2024-04-25 14:16:37.134000+00:00,2024-04-25 14:15:30+00:00,2024-04-25 14:17:30+00:00,TABUENCA01-45,Sensoria-C1-E90A,Left,Gait,1.0.5,40.3878707,-3.629144,F0:75:B1:51:59:F6,SCKS,0.09375,1.312499,-0.968749,112.0,-21.280001,-207.199997,0.457856,0.588672,-0.32704,703,549,489,1.6339881616774339
2024-04-25 14:16:37.143000+00:00,2024-04-25 14:15:30+00:00,2024-04-25 14:17:30+00:00,TABUENCA01-45,Sensoria-C1-EEA1,Right,Gait,1.0.5,40.3878707,-3.629144,CB:AA:BC:3F:36:A5,SCKS,-0.589844,1.996095,-0.425782,-14.56,19.040001,291.200012,0.308352,0.803584,-0.252288,277,572,702,2.1245238301523
2024-04-25 14:16:37.166000+00:00,2024-04-25 14:15:30+00:00,2024-04-25 14:17:30+00:00,TABUENCA01-45,Sensoria-C1-E90A,Left,Gait,1.0.5,40.3878707,-3.629144,F0:75:B1:51:59:F6,SCKS,-0.09375,1.093749,-0.0625,71.68,-52.639999,-194.880005,0.429824,0.626048,-0.32704,692,555,389,1.0995372606242138
2024-04-25 14:16:37.175000+00:00,2024-04-25 14:15:30+00:00,2024-04-25 14:17:30+00:00,TABUENCA01-45,Sensoria-C1-EEA1,Right,Gait,1.0.5,40.3878707,-3.629144,CB:AA:BC:3F:36:A5,SCKS,-0.746094,1.996095,-0.53125,-5.6,-66.080002,333.76001,0.37376,0.79424,-0.242944,344,629,701,2.1961962727317883
2024-04-25 14:16:37.191000+00:00,2024-04-25 14:15:30+00:00,2024-04-25 14:17:30+00:00,TABUENCA01-45,Sensoria-C1-EEA1,Right,Gait,1.0.5,40.3878707,-3.629144,CB:AA:BC:3F:36:A5,SCKS,-0.496094,0.585938,-0.738282,25.76,-42.560001,264.320007,0.42048,0.784896,-0.2336,411,672,702,1.065125771073069
2024-04-25 14:16:37.198000+00:00,2024-04-25 14:15:30+00:00,2024-04-25 14:17:30+00:00,TABUENCA01-45,Sensoria-C1-E90A,Left,Gait,1.0.5,40.3878707,-3.629144,F0:75:B1:51:59:F6,SCKS,0.03125,0.968749,-0.25,45.920002,-58.240002,-108.639999,0.411136,0.65408,-0.317696,666,543,342,1.0009751183226285
2024-04-25 14:16:37.207000+00:00,2024-04-25 14:15:30+00:00,2024-04-25 14:17:30+00:00,TABUENCA01-45,Sensoria-C1-EEA1,Right,Gait,1.0.5,40.3878707,-3.629144,CB:AA:BC:3F:36:A5,SCKS,1.058594,0.070313,-1.128907,25.76,76.160004,161.279999,0.42048,0.784896,-0.2336,451,693,700,1.5491921086340457
2024-04-25 14:16:37.215000+00:00,2024-04-25 14:15:30+00:00,2024-04-25 14:17:30+00:00,TABUENCA01-45,Sensoria-C1-E90A,Left,Gait,1.0.5,40.3878707,-3.629144,F0:75:B1:51:59:F6,SCKS,0.0625,0.999999,-0.09375,13.440001,-54.880001,-40.32,0.392448,0.672768,-0.299008,643,519,325,1.0063266430443942
2024-04-25 14:16:37.224000+00:00,2024-04-25 14:15:30+00:00,2024-04-25 14:17:30+00:00,TABUENCA01-45,Sensoria-C1-EEA1,Right,Gait,1.0.5,40.3878707,-3.629144,CB:AA:BC:3F:36:A5,SCKS,-1.312501,0.476563,-0.570313,12.32,229.600006,7.84,0.448512,0.775552,-0.2336,471,703,698,1.5083196232692193
2024-04-25 14:16:37.247000+00:00,2024-04-25 14:15:30+00:00,2024-04-25 14:17:30+00:00,TABUENCA01-45,Sensoria-C1-E90A,Left,Gait,1.0.5,40.3878707,-3.629144,F0:75:B1:51:59:F6,SCKS,0.125,0.968749,-0.09375,-1.12,-38.080002,-19.040001,0.383104,0.682112,-0.28032,619,494,333,0.981268917015616
2024-04-25 14:16:37.256000+00:00,2024-04-25 14:15:30+00:00,2024-04-25 14:17:30+00:00,TABUENCA01-45,Sensoria-C1-EEA1,Right,Gait,1.0.5,40.3878707,-3.629144,CB:AA:BC:3F:36:A5,SCKS,-1.496095,0.101563,-0.152344,-25.76,179.199997,-89.599998,0.448512,0.784896,-0.261632,484,711,696,1.5072571069097669
2024-04-25 14:16:37.272000+00:00,2024-04-25 14:15:30+00:00,2024-04-25 14:17:30+00:00,TABUENCA01-45,Sensoria-C1-EEA1,Right,Gait,1.0.5,40.3878707,-3.629144,CB:AA:BC:3F:36:A5,SCKS,-0.804688,-0.171875,0.09375,-16.799999,112.0,-109.760002,0.439168,0.784896,-0.28032,486,713,695,0.8281623364226364
2024-04-25 14:16:37.280000+00:00,2024-04-25 14:15:30+00:00,2024-04-25 14:17:30+00:00,TABUENCA01-45,Sensoria-C1-E90A,Left,Gait,1.0.5,40.3878707,-3.629144,F0:75:B1:51:59:F6,SCKS,0.15625,0.968749,-0.1875,-3.36,-35.84,-19.040001,0.383104,0.691456,-0.28032,610,485,365,0.9990219904992081
2024-04-25 14:16:37.289000+00:00,2024-04-25 14:15:30+00:00,2024-04-25 14:17:30+00:00,TABUENCA01-45,Sensoria-C1-EEA1,Right,Gait,1.0.5,40.3878707,-3.629144,CB:AA:BC:3F:36:A5,SCKS,-0.511719,-0.105469,0.050781,39.200001,48.16,-164.639999,0.411136,0.79424,-0.270976,489,716,693,0.524936905621047
2024-04-25 14:16:37.305000+00:00,2024-04-25 14:15:30+00:00,2024-04-25 14:17:30+00:00,TABUENCA01-45,Sensoria-C1-EEA1,Right,Gait,1.0.5,40.3878707,-3.629144,CB:AA:BC:3F:36:A5,SCKS,-0.542969,-0.007813,0.003906,53.760002,38.080002,-219.520004,0.411136,0.79424,-0.270976,489,716,693,0.5430392571131484
2024-04-25 14:16:37.312000+00:00,2024-04-25 14:15:30+00:00,2024-04-25 14:17:30+00:00,TABUENCA01-45,Sensoria-C1-E90A,Left,Gait,1.0.5,40.3878707,-3.629144,F0:75:B1:51:59:F6,SCKS,0.125,0.9375,-0.21875,-3.36,-43.68,-24.639999,0.383104,0.691456,-0.270976,601,474,412,0.9707640354380667
2024-04-25 14:16:37.320000+00:00,2024-04-25 14:15:30+00:00,2024-04-25 14:17:30+00:00,TABUENCA01-45,Sensoria-C1-EEA1,Right,Gait,1.0.5,40.3878707,-3.629144,CB:AA:BC:3F:36:A5,SCKS,-0.636719,0.40625,-0.007813,57.119999,2.24,-260.959991,0.37376,0.803584,-0.261632,490,714,691,0.7553219117899335
2024-04-25 14:16:37.344000+00:00,2024-04-25 14:15:30+00:00,2024-04-25 14:17:30+00:00,TABUENCA01-45,Sensoria-C1-E90A,Left,Gait,1.0.5,40.3878707,-3.629144,F0:75:B1:51:59:F6,SCKS,0.09375,0.9375,-0.1875,-2.24,-48.16,-19.040001,0.364416,0.7008,-0.270976,591,460,462,0.9606516343087124
2024-04-25 14:16:37.353000+00:00,2024-04-25 14:15:30+00:00,2024-04-25 14:17:30+00:00,TABUENCA01-45,Sensoria-C1-EEA1,Right,Gait,1.0.5,40.3878707,-3.629144,CB:AA:BC:3F:36:A5,SCKS,-0.566407,0.511719,0.0625,57.119999,-33.599998,-302.399994,0.317696,0.812928,-0.242944,489,712,691,0.7658847658819178
2024-04-25 14:16:37.369000+00:00,2024-04-25 14:15:30+00:00,2024-04-25 14:17:30+00:00,TABUENCA01-45,Sensoria-C1-EEA1,Right,Gait,1.0.5,40.3878707,-3.629144,CB:AA:BC:3F:36:A5,SCKS,-0.542969,0.742188,0.058594,59.360001,-56.0,-337.119995,0.261632,0.812928,-0.252288,490,712,692,0.9214616753511782
2024-04-25 14:16:37.377000+00:00,2024-04-25 14:15:30+00:00,2024-04-25 14:17:30+00:00,TABUENCA01-45,Sensoria-C1-E90A,Left,Gait,1.0.5,40.3878707,-3.629144,F0:75:B1:51:59:F6,SCKS,0.0625,0.9375,-0.21875,1.12,-47.040001,-22.4,0.364416,0.7008,-0.270976,581,442,501,0.9647093150270707
2024-04-25 14:16:37.385000+00:00,2024-04-25 14:15:30+00:00,2024-04-25 14:17:30+00:00,TABUENCA01-45,Sensoria-C1-EEA1,Right,Gait,1.0.5,40.3878707,-3.629144,CB:AA:BC:3F:36:A5,SCKS,-0.554688,1.113282,0.015625,57.119999,-61.599998,-367.360016,0.196224,0.784896,-0.224256,490,712,690,1.2439130715178615
2024-04-25 14:16:37.402000+00:00,2024-04-25 14:15:30+00:00,2024-04-25 14:17:30+00:00,TABUENCA01-45,Sensoria-C1-EEA1,Right,Gait,1.0.5,40.3878707,-3.629144,CB:AA:BC:3F:36:A5,SCKS,-0.480469,1.500001,0.011719,39.200001,-47.040001,-388.640015,0.196224,0.784896,-0.224256,489,709,691,1.5751161210917117
2024-04-25 14:16:37.409000+00:00,2024-04-25 14:15:30+00:00,2024-04-25 14:17:30+00:00,TABUENCA01-45,Sensoria-C1-E90A,Left,Gait,1.0.5,40.3878707,-3.629144,F0:75:B1:51:59:F6,SCKS,0.09375,0.9375,-0.1875,1.12,-47.040001,-32.48,0.364416,0.7008,-0.261632,567,420,531,0.9606516343087124
2024-04-25 14:16:37.434000+00:00,2024-04-25 14:15:30+00:00,2024-04-25 14:17:30+00:00,TABUENCA01-45,Sensoria-C1-EEA1,Right,Gait,1.0.5,40.3878707,-3.629144,CB:AA:BC:3F:36:A5,SCKS,-0.378907,1.992189,0.128906,13.440001,-4.48,-394.23999,0.130816,0.766208,-0.2336,489,709,687,2.0319951484208816
2024-04-25 14:16:37.442000+00:00,2024-04-25 14:15:30+00:00,2024-04-25 14:17:30+00:00,TABUENCA01-45,Sensoria-C1-E90A,Left,Gait,1.0.5,40.3878707,-3.629144,F0:75:B1:51:59:F6,SCKS,0.03125,0.9375,-0.125,3.36,-40.32,-43.68,0.355072,0.710144,-0.252288,547,391,553,0.94631274560792
2024-04-25 14:16:37.450000+00:00,2024-04-25 14:15:30+00:00,2024-04-25 14:17:30+00:00,TABUENCA01-45,Sensoria-C1-EEA1,Right,Gait,1.0.5,40.3878707,-3.629144,CB:AA:BC:3F:36:A5,SCKS,-0.339844,1.996095,0.285156,23.52,-1.12,-394.23999,0.074752,0.738176,-0.2336,488,709,687,2.044799045798144
2024-04-25 14:16:37.467000+00:00,2024-04-25 14:15:30+00:00,2024-04-25 14:17:30+00:00,TABUENCA01-45,Sensoria-C1-EEA1,Right,Gait,1.0.5,40.3878707,-3.629144,CB:AA:BC:3F:36:A5,SCKS,0.289063,1.996095,0.234375,56.0,-53.760002,-407.679993,0.018688,0.682112,-0.224256,489,708,689,2.0304886868975656
2024-04-25 14:16:37.474000+00:00,2024-04-25 14:15:30+00:00,2024-04-25 14:17:30+00:00,TABUENCA01-45,Sensoria-C1-E90A,Left,Gait,1.0.5,40.3878707,-3.629144,F0:75:B1:51:59:F6,SCKS,0.0,0.999999,-0.125,5.6,-33.599998,-51.52,0.336384,0.719488,-0.242944,522,358,574,1.0077812262594494
2024-04-25 14:16:37.483000+00:00,2024-04-25 14:15:30+00:00,2024-04-25 14:17:30+00:00,TABUENCA01-45,Sensoria-C1-EEA1,Right,Gait,1.0.5,40.3878707,-3.629144,CB:AA:BC:3F:36:A5,SCKS,0.710938,1.996095,0.191406,28.0,-54.880001,-420.0,-0.037376,0.626048,-0.2336,487,710,690,2.1275489055965315
2024-04-25 14:16:37.499000+00:00,2024-04-25 14:15:30+00:00,2024-04-25 14:17:30+00:00,TABUENCA01-45,Sensoria-C1-EEA1,Right,Gait,1.0.5,40.3878707,-3.629144,CB:AA:BC:3F:36:A5,SCKS,1.796876,1.996095,-0.855469,13.440001,-59.360001,-384.160004,-0.037376,0.626048,-0.2336,487,711,691,2.8186851222444127
2024-04-25 14:16:37.508000+00:00,2024-04-25 14:15:30+00:00,2024-04-25 14:17:30+00:00,TABUENCA01-45,Sensoria-C1-E90A,Left,Gait,1.0.5,40.3878707,-3.629144,F0:75:B1:51:59:F6,SCKS,0.0625,1.062499,-0.21875,0.0,-34.720001,-62.720001,0.32704,0.728832,-0.242944,491,321,598,1.0865826878342026
2024-04-25 14:16:37.540000+00:00,2024-04-25 14:15:30+00:00,2024-04-25 14:17:30+00:00,TABUENCA01-45,Sensoria-C1-E90A,Left,Gait,1.0.5,40.3878707,-3.629144,F0:75:B1:51:59:F6,SCKS,0.09375,1.156249,-0.15625,-7.84,-41.439999,-85.120003,0.308352,0.738176,-0.242944,459,289,635,1.170519062211718
2024-04-25 14:16:37.548000+00:00,2024-04-25 14:15:30+00:00,2024-04-25 14:17:30+00:00,TABUENCA01-45,Sensoria-C1-EEA1,Right,Gait,1.0.5,40.3878707,-3.629144,CB:AA:BC:3F:36:A5,SCKS,1.996095,1.79297,-0.410157,59.360001,-35.84,-240.800003,-0.074752,0.579328,-0.242944,487,710,692,2.7142891214043505
2024-04-25 14:16:37.549000+00:00,2024-04-25 14:15:30+00:00,2024-04-25 14:17:30+00:00,TABUENCA01-45,Sensoria-C1-EEA1,Right,Gait,1.0.5,40.3878707,-3.629144,CB:AA:BC:3F:36:A5,SCKS,1.996095,1.69922,0.242188,60.48,71.68,-137.759995,-0.084096,0.551296,-0.2336,485,709,694,2.632565077024498
2024-04-25 14:16:37.556000+00:00,2024-04-25 14:15:30+00:00,2024-04-25 14:17:30+00:00,TABUENCA01-45,Sensoria-C1-E90A,Left,Gait,1.0.5,40.3878707,-3.629144,F0:75:B1:51:59:F6,SCKS,0.0625,1.281249,0.0,-3.36,-26.880001,-109.760002,0.289664,0.74752,-0.2336,432,263,665,1.2827724856735119
2024-04-25 14:16:37.564000+00:00,2024-04-25 14:15:30+00:00,2024-04-25 14:17:30+00:00,TABUENCA01-45,Sensoria-C1-EEA1,Right,Gait,1.0.5,40.3878707,-3.629144,CB:AA:BC:3F:36:A5,SCKS,1.996095,1.996095,0.968751,16.799999,32.48,12.32,-0.084096,0.541952,-0.2336,485,712,699,2.9845048162217798
2024-04-25 14:16:37.581000+00:00,2024-04-25 14:15:30+00:00,2024-04-25 14:17:30+00:00,TABUENCA01-45,Sensoria-C1-EEA1,Right,Gait,1.0.5,40.3878707,-3.629144,CB:AA:BC:3F:36:A5,SCKS,0.300781,1.996095,-0.175781,4.48,-112.0,147.839996,-0.074752,0.56064,-0.2336,485,712,695,2.0262683482073642
2024-04-25 14:16:37.588000+00:00,2024-04-25 14:15:30+00:00,2024-04-25 14:17:30+00:00,TABUENCA01-45,Sensoria-C1-E90A,Left,Gait,1.0.5,40.3878707,-3.629144,F0:75:B1:51:59:F6,SCKS,0.21875,1.656249,-0.1875,5.6,-8.96,-165.759995,0.242944,0.775552,-0.2336,423,253,684,1.681121221834107
2024-04-25 14:16:37.613000+00:00,2024-04-25 14:15:30+00:00,2024-04-25 14:17:30+00:00,TABUENCA01-45,Sensoria-C1-EEA1,Right,Gait,1.0.5,40.3878707,-3.629144,CB:AA:BC:3F:36:A5,SCKS,-2.000001,0.382813,0.4375,35.84,-103.040001,79.519997,-0.074752,0.56064,-0.2336,490,711,670,2.082776042441914
2024-04-25 14:16:37.621000+00:00,2024-04-25 14:15:30+00:00,2024-04-25 14:17:30+00:00,TABUENCA01-45,Sensoria-C1-E90A,Left,Gait,1.0.5,40.3878707,-3.629144,F0:75:B1:51:59:F6,SCKS,0.53125,2.093749,-0.25,-7.84,-19.040001,-204.960007,0.214912,0.784896,-0.224256,474,305,689,2.1745140692809968
2024-04-25 14:16:37.629000+00:00,2024-04-25 14:15:30+00:00,2024-04-25 14:17:30+00:00,TABUENCA01-45,Sensoria-C1-EEA1,Right,Gait,1.0.5,40.3878707,-3.629144,CB:AA:BC:3F:36:A5,SCKS,1.164063,1.652345,0.542969,61.599998,-211.680008,272.160004,-0.084096,0.579328,-0.261632,500,715,626,2.0928693227134367
2024-04-25 14:16:37.646000+00:00,2024-04-25 14:15:30+00:00,2024-04-25 14:17:30+00:00,TABUENCA01-45,Sensoria-C1-EEA1,Right,Gait,1.0.5,40.3878707,-3.629144,CB:AA:BC:3F:36:A5,SCKS,0.648438,1.769533,0.398438,41.439999,-4.48,241.919998,-0.065408,0.616704,-0.28032,509,721,550,1.9262584763673332
2024-04-25 14:16:37.662000+00:00,2024-04-25 14:15:30+00:00,2024-04-25 14:17:30+00:00,TABUENCA01-45,Sensoria-C1-EEA1,Right,Gait,1.0.5,40.3878707,-3.629144,CB:AA:BC:3F:36:A5,SCKS,-0.066406,1.242188,-0.503907,47.040001,82.879997,221.759995,-0.04672,0.65408,-0.270976,512,723,474,1.3421486686760897
2024-04-25 14:16:37.670000+00:00,2024-04-25 14:15:30+00:00,2024-04-25 14:17:30+00:00,TABUENCA01-45,Sensoria-C1-E90A,Left,Gait,1.0.5,40.3878707,-3.629144,F0:75:B1:51:59:F6,SCKS,1.156249,2.187499,-0.28125,-40.32,-80.639999,-206.080002,0.158848,0.79424,-0.242944,536,367,688,2.490213883886683
2024-04-25 14:16:37.686000+00:00,2024-04-25 14:15:30+00:00,2024-04-25 14:17:30+00:00,TABUENCA01-45,Sensoria-C1-E90A,Left,Gait,1.0.5,40.3878707,-3.629144,F0:75:B1:51:59:F6,SCKS,0.71875,2.218749,-0.625,-45.920002,-154.559998,-249.759995,0.084096,0.803584,-0.252288,582,422,694,2.4145545526040615
2024-04-25 14:16:37.695000+00:00,2024-04-25 14:15:30+00:00,2024-04-25 14:17:30+00:00,TABUENCA01-45,Sensoria-C1-EEA1,Right,Gait,1.0.5,40.3878707,-3.629144,CB:AA:BC:3F:36:A5,SCKS,0.53125,1.257813,-0.007813,0.0,-15.68,173.600006,-0.028032,0.672768,-0.270976,507,723,385,1.3654234319206626
2024-04-25 14:16:37.711000+00:00,2024-04-25 14:15:30+00:00,2024-04-25 14:17:30+00:00,TABUENCA01-45,Sensoria-C1-EEA1,Right,Gait,1.0.5,40.3878707,-3.629144,CB:AA:BC:3F:36:A5,SCKS,0.039063,0.906251,0.089844,-11.2,35.84,126.559998,-0.009344,0.7008,-0.261632,494,727,349,0.9115309853789941
2024-04-25 14:16:37.718000+00:00,2024-04-25 14:15:30+00:00,2024-04-25 14:17:30+00:00,TABUENCA01-45,Sensoria-C1-E90A,Left,Gait,1.0.5,40.3878707,-3.629144,F0:75:B1:51:59:F6,SCKS,0.84375,1.156249,-0.5,11.2,12.32,-276.640015,0.028032,0.803584,-0.252288,639,495,699,1.516187921235689
2024-04-25 14:16:37.728000+00:00,2024-04-25 14:15:30+00:00,2024-04-25 14:17:30+00:00,TABUENCA01-45,Sensoria-C1-EEA1,Right,Gait,1.0.5,40.3878707,-3.629144,CB:AA:BC:3F:36:A5,SCKS,-0.003906,0.992188,0.074219,-4.48,21.280001,108.639999,0.009344,0.710144,-0.261632,478,722,331,0.9949677100996795
2024-04-25 14:16:37.743000+00:00,2024-04-25 14:15:30+00:00,2024-04-25 14:17:30+00:00,TABUENCA01-45,Sensoria-C1-EEA1,Right,Gait,1.0.5,40.3878707,-3.629144,CB:AA:BC:3F:36:A5,SCKS,-0.121094,0.968751,-0.058594,-3.36,25.76,87.360001,0.018688,0.719488,-0.261632,467,718,322,0.9780467850123531
2024-04-25 14:16:37.751000+00:00,2024-04-25 14:15:30+00:00,2024-04-25 14:17:30+00:00,TABUENCA01-45,Sensoria-C1-E90A,Left,Gait,1.0.5,40.3878707,-3.629144,F0:75:B1:51:59:F6,SCKS,0.03125,0.5,-0.40625,29.120001,-35.84,-150.080002,-0.009344,0.79424,-0.252288,681,534,702,0.6449927325171967
2024-04-25 14:16:37.776000+00:00,2024-04-25 14:15:30+00:00,2024-04-25 14:17:30+00:00,TABUENCA01-45,Sensoria-C1-EEA1,Right,Gait,1.0.5,40.3878707,-3.629144,CB:AA:BC:3F:36:A5,SCKS,-0.015625,0.980469,0.054688,-4.48,11.2,62.720001,0.018688,0.719488,-0.261632,456,706,321,0.9821172933667344
2024-04-25 14:16:37.783000+00:00,2024-04-25 14:15:30+00:00,2024-04-25 14:17:30+00:00,TABUENCA01-45,Sensoria-C1-E90A,Left,Gait,1.0.5,40.3878707,-3.629144,F0:75:B1:51:59:F6,SCKS,0.6875,0.25,-0.1875,20.16,-135.520004,25.76,-0.028032,0.784896,-0.242944,699,545,701,0.7551903733496608
2024-04-25 14:16:37.792000+00:00,2024-04-25 14:15:30+00:00,2024-04-25 14:17:30+00:00,TABUENCA01-45,Sensoria-C1-EEA1,Right,Gait,1.0.5,40.3878707,-3.629144,CB:AA:BC:3F:36:A5,SCKS,-0.089844,1.019532,0.027344,1.12,3.36,45.920002,0.028032,0.728832,-0.252288,448,695,323,1.0238482005141194
2024-04-25 14:16:37.816000+00:00,2024-04-25 14:15:30+00:00,2024-04-25 14:17:30+00:00,TABUENCA01-45,Sensoria-C1-E90A,Left,Gait,1.0.5,40.3878707,-3.629144,F0:75:B1:51:59:F6,SCKS,0.9375,0.03125,-0.09375,-4.48,-13.440001,151.199997,-0.018688,0.803584,-0.261632,707,547,699,0.9426939455623973
2024-04-25 14:16:37.824000+00:00,2024-04-25 14:15:30+00:00,2024-04-25 14:17:30+00:00,TABUENCA01-45,Sensoria-C1-EEA1,Right,Gait,1.0.5,40.3878707,-3.629144,CB:AA:BC:3F:36:A5,SCKS,-0.066406,1.000001,-0.027344,0.0,6.72,39.200001,0.037376,0.728832,-0.242944,439,686,329,1.0025764066508847
2024-04-25 14:16:37.825000+00:00,2024-04-25 14:15:30+00:00,2024-04-25 14:17:30+00:00,TABUENCA01-45,Sensoria-C1-EEA1,Right,Gait,1.0.5,40.3878707,-3.629144,CB:AA:BC:3F:36:A5,SCKS,-0.097656,0.984376,0.027344,-2.24,7.84,33.599998,0.037376,0.728832,-0.261632,432,678,340,0.9895860235714731
2024-04-25 14:16:37.841000+00:00,2024-04-25 14:15:30+00:00,2024-04-25 14:17:30+00:00,TABUENCA01-45,Sensoria-C1-EEA1,Right,Gait,1.0.5,40.3878707,-3.629144,CB:AA:BC:3F:36:A5,SCKS,-0.113281,1.000001,-0.128906,-2.24,7.84,32.48,0.037376,0.728832,-0.242944,426,673,356,1.0146188160082583
2024-04-25 14:16:37.848000+00:00,2024-04-25 14:15:30+00:00,2024-04-25 14:17:30+00:00,TABUENCA01-45,Sensoria-C1-E90A,Left,Gait,1.0.5,40.3878707,-3.629144,F0:75:B1:51:59:F6,SCKS,0.4375,0.09375,-0.0625,-5.6,53.760002,182.559998,0.04672,0.803584,-0.252288,708,546,699,0.45177600921253
2024-04-25 14:16:37.873000+00:00,2024-04-25 14:15:30+00:00,2024-04-25 14:17:30+00:00,TABUENCA01-45,Sensoria-C1-EEA1,Right,Gait,1.0.5,40.3878707,-3.629144,CB:AA:BC:3F:36:A5,SCKS,-0.085938,0.945313,-0.089844,-10.08,15.68,35.84,0.037376,0.728832,-0.242944,417,667,374,0.9534536969087697
2024-04-25 14:16:37.890000+00:00,2024-04-25 14:15:30+00:00,2024-04-25 14:17:30+00:00,TABUENCA01-45,Sensoria-C1-EEA1,Right,Gait,1.0.5,40.3878707,-3.629144,CB:AA:BC:3F:36:A5,SCKS,-0.070313,0.968751,-0.058594,-10.08,15.68,36.959999,0.04672,0.728832,-0.252288,405,662,390,0.9730650927897887
2024-04-25 14:16:37.896000+00:00,2024-04-25 14:15:30+00:00,2024-04-25 14:17:30+00:00,TABUENCA01-45,Sensoria-C1-E90A,Left,Gait,1.0.5,40.3878707,-3.629144,F0:75:B1:51:59:F6,SCKS,0.34375,0.3125,-0.25,17.92,63.84,247.520004,0.09344,0.803584,-0.242944,707,544,698,0.5275607192541917
2024-04-25 14:16:37.898000+00:00,2024-04-25 14:15:30+00:00,2024-04-25 14:17:30+00:00,TABUENCA01-45,Sensoria-C1-E90A,Left,Gait,1.0.5,40.3878707,-3.629144,F0:75:B1:51:59:F6,SCKS,0.34375,0.625,-0.21875,4.48,57.119999,288.959991,0.14016,0.79424,-0.2336,706,546,696,0.7460835241445827
2024-04-25 14:16:37.906000+00:00,2024-04-25 14:15:30+00:00,2024-04-25 14:17:30+00:00,TABUENCA01-45,Sensoria-C1-EEA1,Right,Gait,1.0.5,40.3878707,-3.629144,CB:AA:BC:3F:36:A5,SCKS,-0.042969,0.972657,-0.046875,-8.96,20.16,38.080002,0.04672,0.738176,-0.242944,396,656,405,0.9747334200872565
2024-04-25 14:16:37.922000+00:00,2024-04-25 14:15:30+00:00,2024-04-25 14:17:30+00:00,TABUENCA01-45,Sensoria-C1-EEA1,Right,Gait,1.0.5,40.3878707,-3.629144,CB:AA:BC:3F:36:A5,SCKS,-0.046875,0.968751,-0.019531,-4.48,22.4,41.439999,0.056064,0.738176,-0.242944,380,646,419,0.9700810407316495
2024-04-25 14:16:37.946000+00:00,2024-04-25 14:15:30+00:00,2024-04-25 14:17:30+00:00,TABUENCA01-45,Sensoria-C1-E90A,Left,Gait,1.0.5,40.3878707,-3.629144,F0:75:B1:51:59:F6,SCKS,0.34375,1.187499,-0.125,-1.12,63.84,374.079987,0.270976,0.766208,-0.252288,706,541,691,1.242555003813111
2024-04-25 14:16:37.955000+00:00,2024-04-25 14:15:30+00:00,2024-04-25 14:17:30+00:00,TABUENCA01-45,Sensoria-C1-EEA1,Right,Gait,1.0.5,40.3878707,-3.629144,CB:AA:BC:3F:36:A5,SCKS,-0.039063,0.972657,-0.042969,-1.12,26.880001,44.799999,0.065408,0.738176,-0.242944,364,635,434,0.974388984224986
2024-04-25 14:16:37.962000+00:00,2024-04-25 14:15:30+00:00,2024-04-25 14:17:30+00:00,TABUENCA01-45,Sensoria-C1-E90A,Left,Gait,1.0.5,40.3878707,-3.629144,F0:75:B1:51:59:F6,SCKS,0.4375,1.906249,-0.125,-3.36,63.84,406.559998,0.336384,0.728832,-0.270976,705,542,693,1.959800117359166
2024-04-25 14:16:37.971000+00:00,2024-04-25 14:15:30+00:00,2024-04-25 14:17:30+00:00,TABUENCA01-45,Sensoria-C1-EEA1,Right,Gait,1.0.5,40.3878707,-3.629144,CB:AA:BC:3F:36:A5,SCKS,-0.0625,0.941407,-0.039063,2.24,31.360001,51.52,0.065408,0.738176,-0.242944,346,621,449,0.9442877250171158
2024-04-25 14:16:37.987000+00:00,2024-04-25 14:15:30+00:00,2024-04-25 14:17:30+00:00,TABUENCA01-45,Sensoria-C1-EEA1,Right,Gait,1.0.5,40.3878707,-3.629144,CB:AA:BC:3F:36:A5,SCKS,-0.074219,0.960938,0.007813,6.72,24.639999,63.84,0.074752,0.74752,-0.2336,328,605,464,0.9638315946128763
2024-04-25 14:16:37.995000+00:00,2024-04-25 14:15:30+00:00,2024-04-25 14:17:30+00:00,TABUENCA01-45,Sensoria-C1-E90A,Left,Gait,1.0.5,40.3878707,-3.629144,F0:75:B1:51:59:F6,SCKS,0.28125,2.749999,-0.09375,-3.36,82.879997,437.920013,0.392448,0.672768,-0.270976,706,541,692,2.7659329574306386
2024-04-25 14:16:38.003000+00:00,2024-04-25 14:15:30+00:00,2024-04-25 14:17:30+00:00,TABUENCA01-45,Sensoria-C1-EEA1,Right,Gait,1.0.5,40.3878707,-3.629144,CB:AA:BC:3F:36:A5,SCKS,-0.035156,1.019532,0.046875,5.6,12.32,75.040001,0.084096,0.74752,-0.2336,307,585,483,1.0212143305814898
2024-04-25 14:16:38.020000+00:00,2024-04-25 14:15:30+00:00,2024-04-25 14:17:30+00:00,TABUENCA01-45,Sensoria-C1-EEA1,Right,Gait,1.0.5,40.3878707,-3.629144,CB:AA:BC:3F:36:A5,SCKS,0.003906,1.062501,0.015625,7.84,3.36,81.760002,0.102784,0.756864,-0.2336,286,558,504,1.0626230622671426
2024-04-25 14:16:38.043000+00:00,2024-04-25 14:15:30+00:00,2024-04-25 14:17:30+00:00,TABUENCA01-45,Sensoria-C1-E90A,Left,Gait,1.0.5,40.3878707,-3.629144,F0:75:B1:51:59:F6,SCKS,-0.375,3.187498,0.21875,0.0,110.879997,448.0,0.448512,0.616704,-0.289664,706,541,692,3.2169271148883682
2024-04-25 14:16:38.053000+00:00,2024-04-25 14:15:30+00:00,2024-04-25 14:17:30+00:00,TABUENCA01-45,Sensoria-C1-EEA1,Right,Gait,1.0.5,40.3878707,-3.629144,CB:AA:BC:3F:36:A5,SCKS,-0.046875,1.144532,0.0625,13.440001,-2.24,86.239998,0.102784,0.766208,-0.224256,268,529,536,1.147195281828251
2024-04-25 14:16:38.059000+00:00,2024-04-25 14:15:30+00:00,2024-04-25 14:17:30+00:00,TABUENCA01-45,Sensoria-C1-E90A,Left,Gait,1.0.5,40.3878707,-3.629144,F0:75:B1:51:59:F6,SCKS,-0.875,3.031248,-1.156249,-30.24,105.279999,398.720001,0.495232,0.541952,-0.299008,704,540,695,3.3602085035760805
2024-04-25 14:16:38.068000+00:00,2024-04-25 14:15:30+00:00,2024-04-25 14:17:30+00:00,TABUENCA01-45,Sensoria-C1-EEA1,Right,Gait,1.0.5,40.3878707,-3.629144,CB:AA:BC:3F:36:A5,SCKS,-0.050781,1.207032,-0.0625,22.4,-10.08,99.68,0.102784,0.766208,-0.224256,247,503,580,1.2097153421301228
2024-04-25 14:16:38.093000+00:00,2024-04-25 14:15:30+00:00,2024-04-25 14:17:30+00:00,TABUENCA01-45,Sensoria-C1-E90A,Left,Gait,1.0.5,40.3878707,-3.629144,F0:75:B1:51:59:F6,SCKS,-3.468748,1.593749,-0.59375,19.040001,-100.800003,79.519997,0.523264,0.4672,-0.308352,701,539,699,3.863261268022783
2024-04-25 14:16:38.124000+00:00,2024-04-25 14:15:30+00:00,2024-04-25 14:17:30+00:00,TABUENCA01-45,Sensoria-C1-E90A,Left,Gait,1.0.5,40.3878707,-3.629144,F0:75:B1:51:59:F6,SCKS,-0.8125,3.249998,-0.34375,15.68,-13.440001,-160.160004,0.523264,0.476544,-0.299008,698,541,702,3.3676115144867884
2024-04-25 14:16:38.133000+00:00,2024-04-25 14:15:30+00:00,2024-04-25 14:17:30+00:00,TABUENCA01-45,Sensoria-C1-EEA1,Right,Gait,1.0.5,40.3878707,-3.629144,CB:AA:BC:3F:36:A5,SCKS,-0.082031,1.363282,0.109375,-4.48,-19.040001,136.639999,0.14016,0.784896,-0.224256,216,457,656,1.3701203549725114
2024-04-25 14:16:38.134000+00:00,2024-04-25 14:15:30+00:00,2024-04-25 14:17:30+00:00,TABUENCA01-45,Sensoria-C1-EEA1,Right,Gait,1.0.5,40.3878707,-3.629144,CB:AA:BC:3F:36:A5,SCKS,-0.152344,1.550782,-0.1875,-11.2,-22.4,154.559998,0.168192,0.784896,-0.2336,204,445,677,1.5694870996156676
2024-04-25 14:16:38.149000+00:00,2024-04-25 14:15:30+00:00,2024-04-25 14:17:30+00:00,TABUENCA01-45,Sensoria-C1-EEA1,Right,Gait,1.0.5,40.3878707,-3.629144,CB:AA:BC:3F:36:A5,SCKS,-0.230469,1.73047,-0.007813,-16.799999,-6.72,174.720001,0.196224,0.79424,-0.224256,198,448,689,1.7457672879940211
2024-04-25 14:16:38.157000+00:00,2024-04-25 14:15:30+00:00,2024-04-25 14:17:30+00:00,TABUENCA01-45,Sensoria-C1-E90A,Left,Gait,1.0.5,40.3878707,-3.629144,F0:75:B1:51:59:F6,SCKS,2.031249,0.15625,0.75,43.68,80.639999,-112.0,0.51392,0.504576,-0.299008,706,541,679,2.1709183684563085
2024-04-25 14:16:38.165000+00:00,2024-04-25 14:15:30+00:00,2024-04-25 14:17:30+00:00,TABUENCA01-45,Sensoria-C1-EEA1,Right,Gait,1.0.5,40.3878707,-3.629144,CB:AA:BC:3F:36:A5,SCKS,-0.5625,1.996095,0.109375,-24.639999,19.040001,194.880005,0.224256,0.79424,-0.242944,197,462,694,2.076719622300998
2024-04-25 14:16:38.182000+00:00,2024-04-25 14:15:30+00:00,2024-04-25 14:17:30+00:00,TABUENCA01-45,Sensoria-C1-EEA1,Right,Gait,1.0.5,40.3878707,-3.629144,CB:AA:BC:3F:36:A5,SCKS,-1.027344,1.996095,0.472657,-43.68,66.080002,221.759995,0.224256,0.79424,-0.242944,206,483,697,2.2941742704097265
2024-04-25 14:16:38.189000+00:00,2024-04-25 14:15:30+00:00,2024-04-25 14:17:30+00:00,TABUENCA01-45,Sensoria-C1-E90A,Left,Gait,1.0.5,40.3878707,-3.629144,F0:75:B1:51:59:F6,SCKS,-0.46875,1.656249,0.40625,86.239998,101.919998,-227.360001,0.476544,0.569984,-0.345728,707,548,601,1.7685944631262986
2024-04-25 14:16:38.214000+00:00,2024-04-25 14:15:30+00:00,2024-04-25 14:17:30+00:00,TABUENCA01-45,Sensoria-C1-EEA1,Right,Gait,1.0.5,40.3878707,-3.629144,CB:AA:BC:3F:36:A5,SCKS,-0.890626,1.996095,0.363282,-58.240002,73.919998,254.240005,0.270976,0.803584,-0.242944,232,514,699,2.2157580491617312
2024-04-25 14:16:38.222000+00:00,2024-04-25 14:15:30+00:00,2024-04-25 14:17:30+00:00,TABUENCA01-45,Sensoria-C1-E90A,Left,Gait,1.0.5,40.3878707,-3.629144,F0:75:B1:51:59:F6,SCKS,-0.6875,1.749999,-1.156249,116.480003,30.24,-193.759995,0.448512,0.60736,-0.317696,705,553,460,2.207275356633603
2024-04-25 14:16:38.247000+00:00,2024-04-25 14:15:30+00:00,2024-04-25 14:17:30+00:00,TABUENCA01-45,Sensoria-C1-EEA1,Right,Gait,1.0.5,40.3878707,-3.629144,CB:AA:BC:3F:36:A5,SCKS,-0.773438,1.968751,-0.746094,1.12,-77.279999,333.76001,0.383104,0.79424,-0.252288,346,622,699,2.242954100440087
2024-04-25 14:16:38.254000+00:00,2024-04-25 14:15:30+00:00,2024-04-25 14:17:30+00:00,TABUENCA01-45,Sensoria-C1-E90A,Left,Gait,1.0.5,40.3878707,-3.629144,F0:75:B1:51:59:F6,SCKS,-0.4375,0.968749,-0.0625,70.559998,-45.920002,-198.240005,0.429824,0.644736,-0.317696,690,557,374,1.0647944050383624
2024-04-25 14:16:38.263000+00:00,2024-04-25 14:15:30+00:00,2024-04-25 14:17:30+00:00,TABUENCA01-45,Sensoria-C1-EEA1,Right,Gait,1.0.5,40.3878707,-3.629144,CB:AA:BC:3F:36:A5,SCKS,-0.421875,0.660157,-0.789063,23.52,-20.16,266.559998,0.42048,0.784896,-0.242944,414,668,698,1.1119380370519754
2024-04-25 14:16:38.271000+00:00,2024-04-25 14:15:30+00:00,2024-04-25 14:17:30+00:00,TABUENCA01-45,Sensoria-C1-E90A,Left,Gait,1.0.5,40.3878707,-3.629144,F0:75:B1:51:59:F6,SCKS,0.03125,0.968749,-0.25,47.040001,-63.84,-104.160004,0.401792,0.672768,-0.299008,664,548,339,1.0009751183226285
2024-04-25 14:16:38.279000+00:00,2024-04-25 14:15:30+00:00,2024-04-25 14:17:30+00:00,TABUENCA01-45,Sensoria-C1-EEA1,Right,Gait,1.0.5,40.3878707,-3.629144,CB:AA:BC:3F:36:A5,SCKS,0.843751,0.273438,-1.132813,23.52,82.879997,166.880005,0.42048,0.784896,-0.242944,454,691,697,1.438731866198146
2024-04-25 14:16:38.303000+00:00,2024-04-25 14:15:30+00:00,2024-04-25 14:17:30+00:00,TABUENCA01-45,Sensoria-C1-E90A,Left,Gait,1.0.5,40.3878707,-3.629144,F0:75:B1:51:59:F6,SCKS,0.0625,0.968749,-0.1875,21.280001,-50.400002,-52.639999,0.392448,0.682112,-0.289664,642,528,329,0.9887047714060047
2024-04-25 14:16:38.312000+00:00,2024-04-25 14:15:30+00:00,2024-04-25 14:17:30+00:00,TABUENCA01-45,Sensoria-C1-EEA1,Right,Gait,1.0.5,40.3878707,-3.629144,CB:AA:BC:3F:36:A5,SCKS,-0.5,0.863282,-0.683594,23.52,204.960007,114.239998,0.457856,0.775552,-0.252288,471,702,696,1.209362050157024
2024-04-25 14:16:38.328000+00:00,2024-04-25 14:15:30+00:00,2024-04-25 14:17:30+00:00,TABUENCA01-45,Sensoria-C1-EEA1,Right,Gait,1.0.5,40.3878707,-3.629144,CB:AA:BC:3F:36:A5,SCKS,-1.464845,0.269531,-0.4375,-13.440001,192.639999,-33.599998,0.457856,0.784896,-0.252288,484,710,695,1.552360809858971
2024-04-25 14:16:38.336000+00:00,2024-04-25 14:15:30+00:00,2024-04-25 14:17:30+00:00,TABUENCA01-45,Sensoria-C1-E90A,Left,Gait,1.0.5,40.3878707,-3.629144,F0:75:B1:51:59:F6,SCKS,0.125,0.999999,-0.25,10.08,-39.200001,-26.880001,0.383104,0.691456,-0.261632,623,511,334,1.0383270197779695
2024-04-25 14:16:38.360000+00:00,2024-04-25 14:15:30+00:00,2024-04-25 14:17:30+00:00,TABUENCA01-45,Sensoria-C1-EEA1,Right,Gait,1.0.5,40.3878707,-3.629144,CB:AA:BC:3F:36:A5,SCKS,-1.023438,-0.023438,0.054688,-19.040001,84.0,-95.199997,0.439168,0.79424,-0.28032,489,713,693,1.0251660631487955
2024-04-25 14:16:38.362000+00:00,2024-04-25 14:15:30+00:00,2024-04-25 14:17:30+00:00,TABUENCA01-45,Sensoria-C1-EEA1,Right,Gait,1.0.5,40.3878707,-3.629144,CB:AA:BC:3F:36:A5,SCKS,-0.492188,-0.125,-0.003906,30.24,24.639999,-151.199997,0.439168,0.79424,-0.28032,490,713,692,0.5078280064943248
2024-04-25 14:16:38.368000+00:00,2024-04-25 14:15:30+00:00,2024-04-25 14:17:30+00:00,TABUENCA01-45,Sensoria-C1-E90A,Left,Gait,1.0.5,40.3878707,-3.629144,F0:75:B1:51:59:F6,SCKS,0.09375,0.999999,-0.15625,-5.6,-32.48,-20.16,0.383104,0.691456,-0.270976,610,496,359,1.0164650141549387
2024-04-25 14:16:38.393000+00:00,2024-04-25 14:15:30+00:00,2024-04-25 14:17:30+00:00,TABUENCA01-45,Sensoria-C1-EEA1,Right,Gait,1.0.5,40.3878707,-3.629144,CB:AA:BC:3F:36:A5,SCKS,-0.582032,0.136719,-0.113281,48.16,2.24,-207.199997,0.42048,0.79424,-0.242944,490,715,690,0.6085112315693113
2024-04-25 14:16:38.401000+00:00,2024-04-25 14:15:30+00:00,2024-04-25 14:17:30+00:00,TABUENCA01-45,Sensoria-C1-E90A,Left,Gait,1.0.5,40.3878707,-3.629144,F0:75:B1:51:59:F6,SCKS,0.09375,0.9375,-0.21875,-5.6,-42.560001,-24.639999,0.37376,0.7008,-0.261632,597,482,399,0.967236721283885
2024-04-25 14:16:38.409000+00:00,2024-04-25 14:15:30+00:00,2024-04-25 14:17:30+00:00,TABUENCA01-45,Sensoria-C1-EEA1,Right,Gait,1.0.5,40.3878707,-3.629144,CB:AA:BC:3F:36:A5,SCKS,-0.628907,0.347656,-0.058594,43.68,-22.4,-248.639999,0.37376,0.803584,-0.261632,492,716,688,0.7209868000324278
2024-04-25 14:16:38.426000+00:00,2024-04-25 14:15:30+00:00,2024-04-25 14:17:30+00:00,TABUENCA01-45,Sensoria-C1-EEA1,Right,Gait,1.0.5,40.3878707,-3.629144,CB:AA:BC:3F:36:A5,SCKS,-0.535157,0.4375,0.0,44.799999,-54.880001,-288.959991,0.32704,0.803584,-0.261632,491,714,687,0.6912302544369712
2024-04-25 14:16:38.442000+00:00,2024-04-25 14:15:30+00:00,2024-04-25 14:17:30+00:00,TABUENCA01-45,Sensoria-C1-EEA1,Right,Gait,1.0.5,40.3878707,-3.629144,CB:AA:BC:3F:36:A5,SCKS,-0.496094,0.664063,-0.042969,49.279999,-76.160004,-324.799988,0.270976,0.803584,-0.242944,491,714,688,0.8300212405511077
2024-04-25 14:16:38.450000+00:00,2024-04-25 14:15:30+00:00,2024-04-25 14:17:30+00:00,TABUENCA01-45,Sensoria-C1-E90A,Left,Gait,1.0.5,40.3878707,-3.629144,F0:75:B1:51:59:F6,SCKS,0.0625,0.9375,-0.21875,1.12,-57.119999,-22.4,0.355072,0.7008,-0.261632,577,459,474,0.9647093150270707
2024-04-25 14:16:38.466000+00:00,2024-04-25 14:15:30+00:00,2024-04-25 14:17:30+00:00,TABUENCA01-45,Sensoria-C1-E90A,Left,Gait,1.0.5,40.3878707,-3.629144,F0:75:B1:51:59:F6,SCKS,0.03125,0.9375,-0.25,2.24,-48.16,-21.280001,0.355072,0.710144,-0.252288,564,441,515,0.9707640354380667
2024-04-25 14:16:38.475000+00:00,2024-04-25 14:15:30+00:00,2024-04-25 14:17:30+00:00,TABUENCA01-45,Sensoria-C1-EEA1,Right,Gait,1.0.5,40.3878707,-3.629144,CB:AA:BC:3F:36:A5,SCKS,-0.550782,1.007813,-0.085938,45.920002,-84.0,-357.279999,0.205568,0.79424,-0.252288,490,712,687,1.1517088149080914
2024-04-25 14:16:38.491000+00:00,2024-04-25 14:15:30+00:00,2024-04-25 14:17:30+00:00,TABUENCA01-45,Sensoria-C1-EEA1,Right,Gait,1.0.5,40.3878707,-3.629144,CB:AA:BC:3F:36:A5,SCKS,-0.464844,1.332032,-0.082031,32.48,-78.400002,-385.279999,0.205568,0.79424,-0.252288,492,711,686,1.4131943526355462
2024-04-25 14:16:38.499000+00:00,2024-04-25 14:15:30+00:00,2024-04-25 14:17:30+00:00,TABUENCA01-45,Sensoria-C1-E90A,Left,Gait,1.0.5,40.3878707,-3.629144,F0:75:B1:51:59:F6,SCKS,0.0625,0.9375,-0.25,-1.12,-52.639999,-21.280001,0.345728,0.710144,-0.252288,548,421,551,0.9722718241315028
2024-04-25 14:16:38.507000+00:00,2024-04-25 14:15:30+00:00,2024-04-25 14:17:30+00:00,TABUENCA01-45,Sensoria-C1-EEA1,Right,Gait,1.0.5,40.3878707,-3.629144,CB:AA:BC:3F:36:A5,SCKS,-0.382813,1.843751,-0.046875,12.32,-39.200001,-398.720001,0.130816,0.775552,-0.242944,491,710,685,1.8836562341879157
2024-04-25 14:16:38.524000+00:00,2024-04-25 14:15:30+00:00,2024-04-25 14:17:30+00:00,TABUENCA01-45,Sensoria-C1-EEA1,Right,Gait,1.0.5,40.3878707,-3.629144,CB:AA:BC:3F:36:A5,SCKS,-0.453125,1.996095,0.085938,11.2,-5.6,-398.720001,0.074752,0.738176,-0.252288,490,708,686,2.048683200129781
2024-04-25 14:16:38.531000+00:00,2024-04-25 14:15:30+00:00,2024-04-25 14:17:30+00:00,TABUENCA01-45,Sensoria-C1-E90A,Left,Gait,1.0.5,40.3878707,-3.629144,F0:75:B1:51:59:F6,SCKS,0.0,0.90625,-0.125,-1.12,-45.920002,-31.360001,0.345728,0.710144,-0.242944,529,397,579,0.914830073019028
2024-04-25 14:16:38.540000+00:00,2024-04-25 14:15:30+00:00,2024-04-25 14:17:30+00:00,TABUENCA01-45,Sensoria-C1-EEA1,Right,Gait,1.0.5,40.3878707,-3.629144,CB:AA:BC:3F:36:A5,SCKS,0.132813,1.996095,-0.082031,57.119999,-50.400002,-406.559998,0.018688,0.7008,-0.242944,490,709,686,2.002189708033432
2024-04-25 14:16:38.564000+00:00,2024-04-25 14:15:30+00:00,2024-04-25 14:17:30+00:00,TABUENCA01-45,Sensoria-C1-E90A,Left,Gait,1.0.5,40.3878707,-3.629144,F0:75:B1:51:59:F6,SCKS,0.03125,0.968749,-0.1875,5.6,-40.32,-41.439999,0.32704,0.728832,-0.242944,505,367,597,0.9872220811453722
2024-04-25 14:16:38.572000+00:00,2024-04-25 14:15:30+00:00,2024-04-25 14:17:30+00:00,TABUENCA01-45,Sensoria-C1-EEA1,Right,Gait,1.0.5,40.3878707,-3.629144,CB:AA:BC:3F:36:A5,SCKS,0.789063,1.996095,0.125,53.760002,-53.760002,-418.880005,-0.037376,0.635392,-0.242944,489,708,688,2.1500327130055488
2024-04-25 14:16:38.580000+00:00,2024-04-25 14:15:30+00:00,2024-04-25 14:17:30+00:00,TABUENCA01-45,Sensoria-C1-E90A,Left,Gait,1.0.5,40.3878707,-3.629144,F0:75:B1:51:59:F6,SCKS,0.03125,1.062499,-0.1875,3.36,-36.959999,-56.0,0.32704,0.728832,-0.242944,475,332,620,1.0793687680774353
2024-04-25 14:16:38.588000+00:00,2024-04-25 14:15:30+00:00,2024-04-25 14:17:30+00:00,TABUENCA01-45,Sensoria-C1-EEA1,Right,Gait,1.0.5,40.3878707,-3.629144,CB:AA:BC:3F:36:A5,SCKS,1.796876,1.996095,-0.636719,40.32,-58.240002,-406.559998,-0.037376,0.635392,-0.242944,489,709,687,2.7601756634971624
2024-04-25 14:16:38.605000+00:00,2024-04-25 14:15:30+00:00,2024-04-25 14:17:30+00:00,TABUENCA01-45,Sensoria-C1-EEA1,Right,Gait,1.0.5,40.3878707,-3.629144,CB:AA:BC:3F:36:A5,SCKS,1.996095,1.996095,-0.089844,50.400002,-8.96,-281.119995,-0.065408,0.579328,-0.252288,488,710,689,2.8243339820895828
2024-04-25 14:16:38.612000+00:00,2024-04-25 14:15:30+00:00,2024-04-25 14:17:30+00:00,TABUENCA01-45,Sensoria-C1-E90A,Left,Gait,1.0.5,40.3878707,-3.629144,F0:75:B1:51:59:F6,SCKS,0.15625,1.218749,-0.125,-2.24,-40.32,-85.120003,0.308352,0.738176,-0.224256,444,299,652,1.235066066047076
2024-04-25 14:16:38.621000+00:00,2024-04-25 14:15:30+00:00,2024-04-25 14:17:30+00:00,TABUENCA01-45,Sensoria-C1-EEA1,Right,Gait,1.0.5,40.3878707,-3.629144,CB:AA:BC:3F:36:A5,SCKS,1.996095,1.76172,0.144531,67.199997,33.599998,-175.839996,-0.084096,0.551296,-0.242944,488,711,692,2.666259893068566
2024-04-25 14:16:38.644000+00:00,2024-04-25 14:15:30+00:00,2024-04-25 14:17:30+00:00,TABUENCA01-45,Sensoria-C1-E90A,Left,Gait,1.0.5,40.3878707,-3.629144,F0:75:B1:51:59:F6,SCKS,0.0625,1.312499,-0.03125,4.48,-23.52,-116.480003,0.299008,0.74752,-0.224256,418,275,676,1.3143578042150472
2024-04-25 14:16:38.653000+00:00,2024-04-25 14:15:30+00:00,2024-04-25 14:17:30+00:00,TABUENCA01-45,Sensoria-C1-EEA1,Right,Gait,1.0.5,40.3878707,-3.629144,CB:AA:BC:3F:36:A5,SCKS,1.996095,1.914064,0.832032,32.48,32.48,-13.440001,-0.084096,0.541952,-0.2336,487,713,694,2.8879600922008946
2024-04-25 14:16:38.669000+00:00,2024-04-25 14:15:30+00:00,2024-04-25 14:17:30+00:00,TABUENCA01-45,Sensoria-C1-EEA1,Right,Gait,1.0.5,40.3878707,-3.629144,CB:AA:BC:3F:36:A5,SCKS,-0.824219,1.816408,-0.207031,21.280001,-135.520004,168.0,-0.074752,0.56064,-0.242944,487,711,694,2.0053769763777582
2024-04-25 14:16:38.677000+00:00,2024-04-25 14:15:30+00:00,2024-04-25 14:17:30+00:00,TABUENCA01-45,Sensoria-C1-E90A,Left,Gait,1.0.5,40.3878707,-3.629144,F0:75:B1:51:59:F6,SCKS,0.21875,1.531249,-0.25,5.6,-19.040001,-147.839996,0.261632,0.766208,-0.2336,403,263,690,1.5668679148227525
2024-04-25 14:16:38.685000+00:00,2024-04-25 14:15:30+00:00,2024-04-25 14:17:30+00:00,TABUENCA01-45,Sensoria-C1-EEA1,Right,Gait,1.0.5,40.3878707,-3.629144,CB:AA:BC:3F:36:A5,SCKS,-2.000001,0.566407,1.10547,47.040001,-148.960007,67.199997,-0.074752,0.56064,-0.242944,491,709,675,2.354333198710412
2024-04-25 14:16:38.703000+00:00,2024-04-25 14:15:30+00:00,2024-04-25 14:17:30+00:00,TABUENCA01-45,Sensoria-C1-EEA1,Right,Gait,1.0.5,40.3878707,-3.629144,CB:AA:BC:3F:36:A5,SCKS,1.125001,1.703126,0.769532,69.440002,-241.919998,278.880005,-0.074752,0.579328,-0.270976,501,714,637,2.1813860091467077
2024-04-25 14:16:38.710000+00:00,2024-04-25 14:15:30+00:00,2024-04-25 14:17:30+00:00,TABUENCA01-45,Sensoria-C1-E90A,Left,Gait,1.0.5,40.3878707,-3.629144,F0:75:B1:51:59:F6,SCKS,0.46875,1.968749,-0.1875,2.24,-23.52,-188.160004,0.205568,0.784896,-0.224256,427,291,696,2.0324505990308843
2024-04-25 14:16:38.734000+00:00,2024-04-25 14:15:30+00:00,2024-04-25 14:17:30+00:00,TABUENCA01-45,Sensoria-C1-EEA1,Right,Gait,1.0.5,40.3878707,-3.629144,CB:AA:BC:3F:36:A5,SCKS,0.859376,1.988283,0.4375,58.240002,-58.240002,244.160004,-0.065408,0.626048,-0.308352,508,719,565,2.2097969697383966
2024-04-25 14:16:38.742000+00:00,2024-04-25 14:15:30+00:00,2024-04-25 14:17:30+00:00,TABUENCA01-45,Sensoria-C1-E90A,Left,Gait,1.0.5,40.3878707,-3.629144,F0:75:B1:51:59:F6,SCKS,1.156249,2.468749,0.03125,-24.639999,-52.639999,-203.839996,0.168192,0.79424,-0.224256,491,350,695,2.726281338655642
2024-04-25 14:16:38.751000+00:00,2024-04-25 14:15:30+00:00,2024-04-25 14:17:30+00:00,TABUENCA01-45,Sensoria-C1-EEA1,Right,Gait,1.0.5,40.3878707,-3.629144,CB:AA:BC:3F:36:A5,SCKS,-0.035156,1.300782,-0.425782,47.040001,79.519997,234.080002,-0.04672,0.65408,-0.289664,513,721,490,1.369145743660623
2024-04-25 14:16:38.767000+00:00,2024-04-25 14:15:30+00:00,2024-04-25 14:17:30+00:00,TABUENCA01-45,Sensoria-C1-EEA1,Right,Gait,1.0.5,40.3878707,-3.629144,CB:AA:BC:3F:36:A5,SCKS,0.414063,1.250001,-0.21875,19.040001,-28.0,184.800003,-0.028032,0.682112,-0.28032,508,722,396,1.3348416499607734
2024-04-25 14:16:38.774000+00:00,2024-04-25 14:15:30+00:00,2024-04-25 14:17:30+00:00,TABUENCA01-45,Sensoria-C1-E90A,Left,Gait,1.0.5,40.3878707,-3.629144,F0:75:B1:51:59:F6,SCKS,0.75,2.593749,-0.78125,-40.32,-157.919998,-250.880005,0.074752,0.803584,-0.242944,571,441,700,2.8107624299291105
2024-04-25 14:16:38.783000+00:00,2024-04-25 14:15:30+00:00,2024-04-25 14:17:30+00:00,TABUENCA01-45,Sensoria-C1-EEA1,Right,Gait,1.0.5,40.3878707,-3.629144,CB:AA:BC:3F:36:A5,SCKS,0.1875,0.917969,0.195313,-14.56,31.360001,143.360001,-0.009344,0.710144,-0.28032,492,725,359,0.9570634790493262
2024-04-25 14:16:38.816000+00:00,2024-04-25 14:15:30+00:00,2024-04-25 14:17:30+00:00,TABUENCA01-45,Sensoria-C1-EEA1,Right,Gait,1.0.5,40.3878707,-3.629144,CB:AA:BC:3F:36:A5,SCKS,-0.023438,0.980469,0.042969,0.0,17.92,114.239998,0.009344,0.719488,-0.28032,475,725,338,0.981689938201467
2024-04-25 14:16:38.823000+00:00,2024-04-25 14:15:30+00:00,2024-04-25 14:17:30+00:00,TABUENCA01-45,Sensoria-C1-E90A,Left,Gait,1.0.5,40.3878707,-3.629144,F0:75:B1:51:59:F6,SCKS,0.90625,1.281249,-0.5625,15.68,48.16,-275.519989,0.028032,0.803584,-0.2336,639,510,704,1.6671215650038842
2024-04-25 14:16:38.832000+00:00,2024-04-25 14:15:30+00:00,2024-04-25 14:17:30+00:00,TABUENCA01-45,Sensoria-C1-EEA1,Right,Gait,1.0.5,40.3878707,-3.629144,CB:AA:BC:3F:36:A5,SCKS,-0.109375,0.980469,-0.007813,-3.36,23.52,94.080002,0.009344,0.719488,-0.28032,461,717,326,0.9865816710009365
2024-04-25 14:16:38.839000+00:00,2024-04-25 14:15:30+00:00,2024-04-25 14:17:30+00:00,TABUENCA01-45,Sensoria-C1-E90A,Left,Gait,1.0.5,40.3878707,-3.629144,F0:75:B1:51:59:F6,SCKS,-0.875,0.3125,-0.46875,20.16,-68.32,-114.239998,-0.018688,0.79424,-0.2336,680,536,703,1.0406766128341696
2024-04-25 14:16:38.848000+00:00,2024-04-25 14:15:30+00:00,2024-04-25 14:17:30+00:00,TABUENCA01-45,Sensoria-C1-EEA1,Right,Gait,1.0.5,40.3878707,-3.629144,CB:AA:BC:3F:36:A5,SCKS,-0.042969,0.996094,0.082031,-1.12,5.6,67.199997,0.018688,0.719488,-0.270976,447,702,321,1.0003892626163078
2024-04-25 14:16:38.864000+00:00,2024-04-25 14:15:30+00:00,2024-04-25 14:17:30+00:00,TABUENCA01-45,Sensoria-C1-EEA1,Right,Gait,1.0.5,40.3878707,-3.629144,CB:AA:BC:3F:36:A5,SCKS,-0.054688,1.023438,0.0,3.36,2.24,51.52,0.028032,0.728832,-0.270976,436,689,324,1.0248981008802778
2024-04-25 14:16:38.872000+00:00,2024-04-25 14:15:30+00:00,2024-04-25 14:17:30+00:00,TABUENCA01-45,Sensoria-C1-E90A,Left,Gait,1.0.5,40.3878707,-3.629144,F0:75:B1:51:59:F6,SCKS,1.312499,0.125,-0.15625,6.72,-163.520004,100.800003,-0.028032,0.79424,-0.242944,699,546,700,1.3276643730630873
2024-04-25 14:16:38.880000+00:00,2024-04-25 14:15:30+00:00,2024-04-25 14:17:30+00:00,TABUENCA01-45,Sensoria-C1-EEA1,Right,Gait,1.0.5,40.3878707,-3.629144,CB:AA:BC:3F:36:A5,SCKS,-0.050781,0.976563,0.015625,1.12,6.72,42.560001,0.037376,0.738176,-0.270976,427,678,329,0.9780072308296088
2024-04-25 14:16:38.904000+00:00,2024-04-25 14:15:30+00:00,2024-04-25 14:17:30+00:00,TABUENCA01-45,Sensoria-C1-E90A,Left,Gait,1.0.5,40.3878707,-3.629144,F0:75:B1:51:59:F6,SCKS,0.75,0.0,0.03125,-14.56,-11.2,152.320007,-0.009344,0.79424,-0.242944,705,546,699,0.7506507593415196
2024-04-25 14:16:38.913000+00:00,2024-04-25 14:15:30+00:00,2024-04-25 14:17:30+00:00,TABUENCA01-45,Sensoria-C1-EEA1,Right,Gait,1.0.5,40.3878707,-3.629144,CB:AA:BC:3F:36:A5,SCKS,-0.09375,1.011719,0.0,2.24,1.12,35.84,0.037376,0.728832,-0.270976,419,669,340,1.0160533438068102
2024-04-25 14:16:38.920000+00:00,2024-04-25 14:15:30+00:00,2024-04-25 14:17:30+00:00,TABUENCA01-45,Sensoria-C1-E90A,Left,Gait,1.0.5,40.3878707,-3.629144,F0:75:B1:51:59:F6,SCKS,0.25,0.09375,-0.03125,-2.24,35.84,208.320007,0.056064,0.812928,-0.252288,709,547,696,0.2688226645950821
2024-04-25 14:16:38.929000+00:00,2024-04-25 14:15:30+00:00,2024-04-25 14:17:30+00:00,TABUENCA01-45,Sensoria-C1-EEA1,Right,Gait,1.0.5,40.3878707,-3.629144,CB:AA:BC:3F:36:A5,SCKS,-0.085938,0.996094,-0.132813,1.12,5.6,35.84,0.037376,0.738176,-0.261632,410,662,356,1.008577160979268
2024-04-25 14:16:38.945000+00:00,2024-04-25 14:15:30+00:00,2024-04-25 14:17:30+00:00,TABUENCA01-45,Sensoria-C1-EEA1,Right,Gait,1.0.5,40.3878707,-3.629144,CB:AA:BC:3F:36:A5,SCKS,-0.054688,0.933594,-0.085938,-5.6,14.56,36.959999,0.037376,0.738176,-0.261632,403,653,372,0.9391346410520699
2024-04-25 14:16:38.953000+00:00,2024-04-25 14:15:30+00:00,2024-04-25 14:17:30+00:00,TABUENCA01-45,Sensoria-C1-E90A,Left,Gait,1.0.5,40.3878707,-3.629144,F0:75:B1:51:59:F6,SCKS,0.40625,0.4375,-0.28125,16.799999,42.560001,281.119995,0.102784,0.803584,-0.242944,707,546,695,0.6599597525607148
2024-04-25 14:16:38.962000+00:00,2024-04-25 14:15:30+00:00,2024-04-25 14:17:30+00:00,TABUENCA01-45,Sensoria-C1-EEA1,Right,Gait,1.0.5,40.3878707,-3.629144,CB:AA:BC:3F:36:A5,SCKS,-0.027344,0.968751,-0.066406,-6.72,21.280001,39.200001,0.04672,0.738176,-0.270976,393,647,389,0.9714092603907994
2024-04-25 14:16:38.985000+00:00,2024-04-25 14:15:30+00:00,2024-04-25 14:17:30+00:00,TABUENCA01-45,Sensoria-C1-E90A,Left,Gait,1.0.5,40.3878707,-3.629144,F0:75:B1:51:59:F6,SCKS,0.375,0.71875,-0.21875,0.0,51.52,323.679993,0.158848,0.79424,-0.242944,707,544,693,0.8396893026590252
2024-04-25 14:16:38.994000+00:00,2024-04-25 14:15:30+00:00,2024-04-25 14:17:30+00:00,TABUENCA01-45,Sensoria-C1-EEA1,Right,Gait,1.0.5,40.3878707,-3.629144,CB:AA:BC:3F:36:A5,SCKS,-0.015625,0.968751,-0.035156,-7.84,29.120001,38.080002,0.04672,0.738176,-0.261632,384,639,405,0.9695146130729542
2024-04-25 14:16:39.011000+00:00,2024-04-25 14:15:30+00:00,2024-04-25 14:17:30+00:00,TABUENCA01-45,Sensoria-C1-EEA1,Right,Gait,1.0.5,40.3878707,-3.629144,CB:AA:BC:3F:36:A5,SCKS,-0.019531,0.984376,-0.039063,-1.12,30.24,36.959999,0.056064,0.74752,-0.261632,373,628,419,0.9853443496088056
2024-04-25 14:16:39.019000+00:00,2024-04-25 14:15:30+00:00,2024-04-25 14:17:30+00:00,TABUENCA01-45,Sensoria-C1-E90A,Left,Gait,1.0.5,40.3878707,-3.629144,F0:75:B1:51:59:F6,SCKS,0.3125,1.312499,-0.25,2.24,57.119999,381.920013,0.224256,0.784896,-0.242944,708,541,693,1.3721551934825011
2024-04-25 14:16:39.027000+00:00,2024-04-25 14:15:30+00:00,2024-04-25 14:17:30+00:00,TABUENCA01-45,Sensoria-C1-EEA1,Right,Gait,1.0.5,40.3878707,-3.629144,CB:AA:BC:3F:36:A5,SCKS,-0.019531,0.988282,-0.046875,0.0,29.120001,36.959999,0.065408,0.738176,-0.252288,359,619,433,0.9895857906770893
2024-04-25 14:16:39.043000+00:00,2024-04-25 14:15:30+00:00,2024-04-25 14:17:30+00:00,TABUENCA01-45,Sensoria-C1-EEA1,Right,Gait,1.0.5,40.3878707,-3.629144,CB:AA:BC:3F:36:A5,SCKS,-0.050781,0.953126,-0.019531,0.0,26.880001,41.439999,0.065408,0.738176,-0.252288,344,606,446,0.954677611446922
2024-04-25 14:16:39.050000+00:00,2024-04-25 14:15:30+00:00,2024-04-25 14:17:30+00:00,TABUENCA01-45,Sensoria-C1-E90A,Left,Gait,1.0.5,40.3878707,-3.629144,F0:75:B1:51:59:F6,SCKS,0.375,1.968749,-0.21875,1.12,57.119999,412.160004,0.355072,0.7008,-0.242944,707,540,691,2.016047912997357
2024-04-25 14:16:39.060000+00:00,2024-04-25 14:15:30+00:00,2024-04-25 14:17:30+00:00,TABUENCA01-45,Sensoria-C1-EEA1,Right,Gait,1.0.5,40.3878707,-3.629144,CB:AA:BC:3F:36:A5,SCKS,-0.082031,0.960938,0.015625,-1.12,20.16,52.639999,0.074752,0.74752,-0.261632,325,592,461,0.9645595188634032
2024-04-25 14:16:39.083000+00:00,2024-04-25 14:15:30+00:00,2024-04-25 14:17:30+00:00,TABUENCA01-45,Sensoria-C1-E90A,Left,Gait,1.0.5,40.3878707,-3.629144,F0:75:B1:51:59:F6,SCKS,0.28125,2.874999,-0.21875,8.96,84.0,441.279999,0.42048,0.65408,-0.252288,706,541,689,2.896993678798937
2024-04-25 14:16:39.092000+00:00,2024-04-25 14:15:30+00:00,2024-04-25 14:17:30+00:00,TABUENCA01-45,Sensoria-C1-EEA1,Right,Gait,1.0.5,40.3878707,-3.629144,CB:AA:BC:3F:36:A5,SCKS,-0.046875,1.007813,-0.003906,1.12,6.72,66.080002,0.074752,0.756864,-0.270976,308,574,476,1.008910087881968
2024-04-25 14:16:39.108000+00:00,2024-04-25 14:15:30+00:00,2024-04-25 14:17:30+00:00,TABUENCA01-45,Sensoria-C1-EEA1,Right,Gait,1.0.5,40.3878707,-3.629144,CB:AA:BC:3F:36:A5,SCKS,0.03125,1.062501,-0.015625,2.24,0.0,75.040001,0.084096,0.756864,-0.252288,285,553,499,1.0630752927831593
2024-04-25 14:16:39.116000+00:00,2024-04-25 14:15:30+00:00,2024-04-25 14:17:30+00:00,TABUENCA01-45,Sensoria-C1-E90A,Left,Gait,1.0.5,40.3878707,-3.629144,F0:75:B1:51:59:F6,SCKS,-0.75,3.312498,-0.15625,-23.52,85.120003,444.640015,0.4672,0.579328,-0.270976,707,539,691,3.3999348615089673
2024-04-25 14:16:39.125000+00:00,2024-04-25 14:15:30+00:00,2024-04-25 14:17:30+00:00,TABUENCA01-45,Sensoria-C1-EEA1,Right,Gait,1.0.5,40.3878707,-3.629144,CB:AA:BC:3F:36:A5,SCKS,-0.019531,1.10547,0.023438,10.08,-2.24,80.639999,0.102784,0.766208,-0.242944,264,532,532,1.1058909171817082
2024-04-25 14:16:39.141000+00:00,2024-04-25 14:15:30+00:00,2024-04-25 14:17:30+00:00,TABUENCA01-45,Sensoria-C1-EEA1,Right,Gait,1.0.5,40.3878707,-3.629144,CB:AA:BC:3F:36:A5,SCKS,-0.09375,1.203126,-0.003906,17.92,-10.08,94.080002,0.102784,0.766208,-0.242944,247,507,577,1.2067793879628537
2024-04-25 14:16:39.148000+00:00,2024-04-25 14:15:30+00:00,2024-04-25 14:17:30+00:00,TABUENCA01-45,Sensoria-C1-E90A,Left,Gait,1.0.5,40.3878707,-3.629144,F0:75:B1:51:59:F6,SCKS,-2.031249,2.343749,-1.124999,13.440001,140.0,319.200012,0.51392,0.51392,-0.299008,704,539,694,3.299205150487462
2024-04-25 14:16:39.173000+00:00,2024-04-25 14:15:30+00:00,2024-04-25 14:17:30+00:00,TABUENCA01-45,Sensoria-C1-EEA1,Right,Gait,1.0.5,40.3878707,-3.629144,CB:AA:BC:3F:36:A5,SCKS,-0.121094,1.281251,0.042969,16.799999,-15.68,114.239998,0.112128,0.775552,-0.242944,228,485,620,1.2876778389014853
2024-04-25 14:16:39.181000+00:00,2024-04-25 14:15:30+00:00,2024-04-25 14:17:30+00:00,TABUENCA01-45,Sensoria-C1-E90A,Left,Gait,1.0.5,40.3878707,-3.629144,F0:75:B1:51:59:F6,SCKS,-4.062498,1.374999,-0.65625,15.68,-54.880001,124.32,0.523264,0.4672,-0.317696,700,540,697,4.3387989481543165
2024-04-25 14:16:39.190000+00:00,2024-04-25 14:15:30+00:00,2024-04-25 14:17:30+00:00,TABUENCA01-45,Sensoria-C1-EEA1,Right,Gait,1.0.5,40.3878707,-3.629144,CB:AA:BC:3F:36:A5,SCKS,-0.140625,1.425782,0.113281,5.6,-20.16,133.279999,0.130816,0.784896,-0.242944,214,469,652,1.4371716275761919
2024-04-25 14:16:39.206000+00:00,2024-04-25 14:15:30+00:00,2024-04-25 14:17:30+00:00,TABUENCA01-45,Sensoria-C1-EEA1,Right,Gait,1.0.5,40.3878707,-3.629144,CB:AA:BC:3F:36:A5,SCKS,-0.144531,1.546876,-0.203125,-2.24,-24.639999,151.199997,0.158848,0.784896,-0.252288,202,460,673,1.5668357715351025
2024-04-25 14:16:39.213000+00:00,2024-04-25 14:15:30+00:00,2024-04-25 14:17:30+00:00,TABUENCA01-45,Sensoria-C1-E90A,Left,Gait,1.0.5,40.3878707,-3.629144,F0:75:B1:51:59:F6,SCKS,-2.406249,2.062499,-0.125,22.4,-54.880001,-122.080002,0.51392,0.476544,-0.289664,700,540,704,3.171681159101904
2024-04-25 14:16:39.222000+00:00,2024-04-25 14:15:30+00:00,2024-04-25 14:17:30+00:00,TABUENCA01-45,Sensoria-C1-EEA1,Right,Gait,1.0.5,40.3878707,-3.629144,CB:AA:BC:3F:36:A5,SCKS,-0.21875,1.66797,-0.019531,-11.2,-7.84,169.119995,0.18688,0.79424,-0.242944,195,461,686,1.6823664711830773
2024-04-25 14:16:39.230000+00:00,2024-04-25 14:15:30+00:00,2024-04-25 14:17:30+00:00,TABUENCA01-45,Sensoria-C1-E90A,Left,Gait,1.0.5,40.3878707,-3.629144,F0:75:B1:51:59:F6,SCKS,4.281248,-0.4375,1.031249,52.639999,59.360001,-84.0,0.51392,0.495232,-0.299008,699,538,681,4.425377406222547
2024-04-25 14:16:39.255000+00:00,2024-04-25 14:15:30+00:00,2024-04-25 14:17:30+00:00,TABUENCA01-45,Sensoria-C1-EEA1,Right,Gait,1.0.5,40.3878707,-3.629144,CB:AA:BC:3F:36:A5,SCKS,-0.515625,1.972658,0.042969,-19.040001,16.799999,189.279999,0.18688,0.79424,-0.242944,193,474,692,2.039385951836974
2024-04-25 14:16:39.262000+00:00,2024-04-25 14:15:30+00:00,2024-04-25 14:17:30+00:00,TABUENCA01-45,Sensoria-C1-E90A,Left,Gait,1.0.5,40.3878707,-3.629144,F0:75:B1:51:59:F6,SCKS,-0.34375,1.906249,0.1875,104.160004,-10.08,-212.800003,0.4672,0.588672,-0.32704,703,549,533,1.9460487050690691
2024-04-25 14:16:39.271000+00:00,2024-04-25 14:15:30+00:00,2024-04-25 14:17:30+00:00,TABUENCA01-45,Sensoria-C1-EEA1,Right,Gait,1.0.5,40.3878707,-3.629144,CB:AA:BC:3F:36:A5,SCKS,-0.949219,1.996095,0.398438,-34.720001,60.48,227.360001,0.224256,0.79424,-0.252288,203,492,695,2.245921814941473
2024-04-25 14:16:39.287000+00:00,2024-04-25 14:15:30+00:00,2024-04-25 14:17:30+00:00,TABUENCA01-45,Sensoria-C1-EEA1,Right,Gait,1.0.5,40.3878707,-3.629144,CB:AA:BC:3F:36:A5,SCKS,-0.425782,1.996095,-0.042969,-43.68,53.760002,267.679993,0.270976,0.803584,-0.252288,225,515,695,2.041453378235712
2024-04-25 14:16:39.295000+00:00,2024-04-25 14:15:30+00:00,2024-04-25 14:17:30+00:00,TABUENCA01-45,Sensoria-C1-E90A,Left,Gait,1.0.5,40.3878707,-3.629144,F0:75:B1:51:59:F6,SCKS,-0.625,1.593749,-0.1875,99.68,34.720001,-192.639999,0.448512,0.616704,-0.308352,701,552,410,1.7221547912429358
2024-04-25 14:16:39.319000+00:00,2024-04-25 14:15:30+00:00,2024-04-25 14:17:30+00:00,TABUENCA01-45,Sensoria-C1-EEA1,Right,Gait,1.0.5,40.3878707,-3.629144,CB:AA:BC:3F:36:A5,SCKS,-0.300781,1.996095,-0.488282,-20.16,28.0,288.959991,0.317696,0.803584,-0.252288,262,553,697,2.076844666919026
2024-04-25 14:16:39.320000+00:00,2024-04-25 14:15:30+00:00,2024-04-25 14:17:30+00:00,TABUENCA01-45,Sensoria-C1-EEA1,Right,Gait,1.0.5,40.3878707,-3.629144,CB:AA:BC:3F:36:A5,SCKS,-0.664063,1.996095,-0.523438,-7.84,-32.48,319.200012,0.37376,0.803584,-0.252288,324,610,696,2.1678012493856533
2024-04-25 14:16:39.327000+00:00,2024-04-25 14:15:30+00:00,2024-04-25 14:17:30+00:00,TABUENCA01-45,Sensoria-C1-E90A,Left,Gait,1.0.5,40.3878707,-3.629144,F0:75:B1:51:59:F6,SCKS,-0.21875,0.999999,-0.09375,71.68,-23.52,-140.0,0.42048,0.644736,-0.308352,684,554,351,1.0279292898837935
2024-04-25 14:16:39.352000+00:00,2024-04-25 14:15:30+00:00,2024-04-25 14:17:30+00:00,TABUENCA01-45,Sensoria-C1-EEA1,Right,Gait,1.0.5,40.3878707,-3.629144,CB:AA:BC:3F:36:A5,SCKS,-0.777344,1.085938,-0.527344,13.440001,-48.16,318.079987,0.37376,0.803584,-0.252288,394,658,696,1.4358331130448274
2024-04-25 14:16:39.360000+00:00,2024-04-25 14:15:30+00:00,2024-04-25 14:17:30+00:00,TABUENCA01-45,Sensoria-C1-E90A,Left,Gait,1.0.5,40.3878707,-3.629144,F0:75:B1:51:59:F6,SCKS,0.09375,0.9375,-0.28125,31.360001,-52.639999,-70.559998,0.401792,0.663424,-0.308352,665,544,328,0.9832582951595171
2024-04-25 14:16:39.368000+00:00,2024-04-25 14:15:30+00:00,2024-04-25 14:17:30+00:00,TABUENCA01-45,Sensoria-C1-EEA1,Right,Gait,1.0.5,40.3878707,-3.629144,CB:AA:BC:3F:36:A5,SCKS,-0.632813,0.332031,-0.570313,22.4,10.08,232.960007,0.411136,0.79424,-0.242944,443,686,697,0.9143050890698355
2024-04-25 14:16:39.385000+00:00,2024-04-25 14:15:30+00:00,2024-04-25 14:17:30+00:00,TABUENCA01-45,Sensoria-C1-EEA1,Right,Gait,1.0.5,40.3878707,-3.629144,CB:AA:BC:3F:36:A5,SCKS,-0.863282,0.597657,-0.605469,25.76,211.680008,62.720001,0.448512,0.775552,-0.242944,467,701,695,1.2120405979726918
2024-04-25 14:16:39.392000+00:00,2024-04-25 14:15:30+00:00,2024-04-25 14:17:30+00:00,TABUENCA01-45,Sensoria-C1-E90A,Left,Gait,1.0.5,40.3878707,-3.629144,F0:75:B1:51:59:F6,SCKS,0.09375,0.999999,-0.125,12.32,-40.32,-28.0,0.392448,0.672768,-0.289664,647,527,321,1.012132433281831
2024-04-25 14:16:39.401000+00:00,2024-04-25 14:15:30+00:00,2024-04-25 14:17:30+00:00,TABUENCA01-45,Sensoria-C1-EEA1,Right,Gait,1.0.5,40.3878707,-3.629144,CB:AA:BC:3F:36:A5,SCKS,-1.394532,0.222656,-0.28125,-16.799999,184.800003,-64.959999,0.448512,0.775552,-0.270976,479,708,693,1.4399294273887175
2024-04-25 14:16:39.425000+00:00,2024-04-25 14:15:30+00:00,2024-04-25 14:17:30+00:00,TABUENCA01-45,Sensoria-C1-E90A,Left,Gait,1.0.5,40.3878707,-3.629144,F0:75:B1:51:59:F6,SCKS,0.125,0.968749,-0.125,-2.24,-35.84,-20.16,0.392448,0.682112,-0.28032,631,514,333,0.9847459697815473
2024-04-25 14:16:39.433000+00:00,2024-04-25 14:15:30+00:00,2024-04-25 14:17:30+00:00,TABUENCA01-45,Sensoria-C1-EEA1,Right,Gait,1.0.5,40.3878707,-3.629144,CB:AA:BC:3F:36:A5,SCKS,-0.847657,-0.113281,0.074219,-23.52,108.639999,-96.32,0.439168,0.784896,-0.270976,485,713,691,0.8584074991348806
2024-04-25 14:16:39.450000+00:00,2024-04-25 14:15:30+00:00,2024-04-25 14:17:30+00:00,TABUENCA01-45,Sensoria-C1-EEA1,Right,Gait,1.0.5,40.3878707,-3.629144,CB:AA:BC:3F:36:A5,SCKS,-0.464844,-0.140625,0.082031,17.92,44.799999,-136.639999,0.439168,0.784896,-0.270976,487,716,690,0.49252859807527927
2024-04-25 14:16:39.457000+00:00,2024-04-25 14:15:30+00:00,2024-04-25 14:17:30+00:00,TABUENCA01-45,Sensoria-C1-E90A,Left,Gait,1.0.5,40.3878707,-3.629144,F0:75:B1:51:59:F6,SCKS,0.15625,0.968749,-0.1875,-4.48,-31.360001,-19.040001,0.383104,0.682112,-0.261632,618,501,364,0.9990219904992081
2024-04-25 14:16:39.466000+00:00,2024-04-25 14:15:30+00:00,2024-04-25 14:17:30+00:00,TABUENCA01-45,Sensoria-C1-EEA1,Right,Gait,1.0.5,40.3878707,-3.629144,CB:AA:BC:3F:36:A5,SCKS,-0.5,0.027344,-0.039063,49.279999,12.32,-194.880005,0.411136,0.79424,-0.270976,491,716,690,0.5022684663653493
2024-04-25 14:16:39.482000+00:00,2024-04-25 14:15:30+00:00,2024-04-25 14:17:30+00:00,TABUENCA01-45,Sensoria-C1-EEA1,Right,Gait,1.0.5,40.3878707,-3.629144,CB:AA:BC:3F:36:A5,SCKS,-0.605469,0.332031,-0.082031,50.400002,-5.6,-238.559998,0.383104,0.803584,-0.261632,491,717,688,0.6953893728573942
2024-04-25 14:16:39.490000+00:00,2024-04-25 14:15:30+00:00,2024-04-25 14:17:30+00:00,TABUENCA01-45,Sensoria-C1-E90A,Left,Gait,1.0.5,40.3878707,-3.629144,F0:75:B1:51:59:F6,SCKS,0.125,0.9375,-0.28125,-5.6,-39.200001,-26.880001,0.37376,0.691456,-0.28032,602,486,409,0.986728337740434
2024-04-25 14:16:39.514000+00:00,2024-04-25 14:15:30+00:00,2024-04-25 14:17:30+00:00,TABUENCA01-45,Sensoria-C1-EEA1,Right,Gait,1.0.5,40.3878707,-3.629144,CB:AA:BC:3F:36:A5,SCKS,-0.570313,0.441407,0.007813,44.799999,-35.84,-278.880005,0.32704,0.812928,-0.252288,489,714,688,0.721219869794919
2024-04-25 14:16:39.522000+00:00,2024-04-25 14:15:30+00:00,2024-04-25 14:17:30+00:00,TABUENCA01-45,Sensoria-C1-E90A,Left,Gait,1.0.5,40.3878707,-3.629144,F0:75:B1:51:59:F6,SCKS,0.0625,0.9375,-0.15625,-3.36,-53.760002,-24.639999,0.383104,0.691456,-0.270976,587,469,458,0.9524844158830107
2024-04-25 14:16:39.531000+00:00,2024-04-25 14:15:30+00:00,2024-04-25 14:17:30+00:00,TABUENCA01-45,Sensoria-C1-EEA1,Right,Gait,1.0.5,40.3878707,-3.629144,CB:AA:BC:3F:36:A5,SCKS,-0.515625,0.621094,0.015625,49.279999,-63.84,-314.720001,0.270976,0.803584,-0.2336,489,713,687,0.807385309555481
2024-04-25 14:16:39.547000+00:00,2024-04-25 14:15:30+00:00,2024-04-25 14:17:30+00:00,TABUENCA01-45,Sensoria-C1-EEA1,Right,Gait,1.0.5,40.3878707,-3.629144,CB:AA:BC:3F:36:A5,SCKS,-0.515625,0.906251,-0.042969,50.400002,-78.400002,-346.079987,0.270976,0.803584,-0.2336,489,712,686,1.0435546706267957
2024-04-25 14:16:39.554000+00:00,2024-04-25 14:15:30+00:00,2024-04-25 14:17:30+00:00,TABUENCA01-45,Sensoria-C1-E90A,Left,Gait,1.0.5,40.3878707,-3.629144,F0:75:B1:51:59:F6,SCKS,0.0625,0.9375,-0.21875,3.36,-54.880001,-21.280001,0.37376,0.7008,-0.270976,573,452,500,0.9647093150270707
2024-04-25 14:16:39.563000+00:00,2024-04-25 14:15:30+00:00,2024-04-25 14:17:30+00:00,TABUENCA01-45,Sensoria-C1-EEA1,Right,Gait,1.0.5,40.3878707,-3.629144,CB:AA:BC:3F:36:A5,SCKS,-0.449219,1.234376,-0.058594,39.200001,-76.160004,-374.079987,0.196224,0.79424,-0.252288,490,711,685,1.3148821529601047
2024-04-25 14:16:39.571000+00:00,2024-04-25 14:15:30+00:00,2024-04-25 14:17:30+00:00,TABUENCA01-45,Sensoria-C1-E90A,Left,Gait,1.0.5,40.3878707,-3.629144,F0:75:B1:51:59:F6,SCKS,0.0625,0.9375,-0.21875,2.24,-56.0,-23.52,0.364416,0.7008,-0.252288,555,432,532,0.9647093150270707
2024-04-25 14:16:39.579000+00:00,2024-04-25 14:15:30+00:00,2024-04-25 14:17:30+00:00,TABUENCA01-45,Sensoria-C1-EEA1,Right,Gait,1.0.5,40.3878707,-3.629144,CB:AA:BC:3F:36:A5,SCKS,-0.40625,1.687501,-0.039063,20.16,-50.400002,-393.119995,0.14016,0.775552,-0.252288,488,712,685,1.7361522414437045
2024-04-25 14:16:39.603000+00:00,2024-04-25 14:15:30+00:00,2024-04-25 14:17:30+00:00,TABUENCA01-45,Sensoria-C1-E90A,Left,Gait,1.0.5,40.3878707,-3.629144,F0:75:B1:51:59:F6,SCKS,0.03125,0.9375,-0.15625,4.48,-42.560001,-39.200001,0.355072,0.710144,-0.252288,524,393,573,0.9509452534189337
2024-04-25 14:16:39.612000+00:00,2024-04-25 14:15:30+00:00,2024-04-25 14:17:30+00:00,TABUENCA01-45,Sensoria-C1-EEA1,Right,Gait,1.0.5,40.3878707,-3.629144,CB:AA:BC:3F:36:A5,SCKS,-0.480469,1.996095,0.074219,-1.12,3.36,-398.720001,0.084096,0.738176,-0.242944,488,709,684,2.0544474120665632
2024-04-25 14:16:39.628000+00:00,2024-04-25 14:15:30+00:00,2024-04-25 14:17:30+00:00,TABUENCA01-45,Sensoria-C1-EEA1,Right,Gait,1.0.5,40.3878707,-3.629144,CB:AA:BC:3F:36:A5,SCKS,-0.089844,1.996095,0.066406,39.200001,-32.48,-404.320007,0.018688,0.7008,-0.252288,487,710,685,1.9992190850922267
2024-04-25 14:16:39.635000+00:00,2024-04-25 14:15:30+00:00,2024-04-25 14:17:30+00:00,TABUENCA01-45,Sensoria-C1-E90A,Left,Gait,1.0.5,40.3878707,-3.629144,F0:75:B1:51:59:F6,SCKS,0.03125,0.999999,-0.15625,5.6,-35.84,-45.920002,0.345728,0.719488,-0.2336,497,363,594,1.0126147465848006
2024-04-25 14:16:39.644000+00:00,2024-04-25 14:15:30+00:00,2024-04-25 14:17:30+00:00,TABUENCA01-45,Sensoria-C1-EEA1,Right,Gait,1.0.5,40.3878707,-3.629144,CB:AA:BC:3F:36:A5,SCKS,0.605469,1.996095,0.105469,57.119999,-57.119999,-415.519989,-0.028032,0.644736,-0.261632,487,710,685,2.0885668935772683
2024-04-25 14:16:39.661000+00:00,2024-04-25 14:15:30+00:00,2024-04-25 14:17:30+00:00,TABUENCA01-45,Sensoria-C1-EEA1,Right,Gait,1.0.5,40.3878707,-3.629144,CB:AA:BC:3F:36:A5,SCKS,1.23047,1.996095,-0.125,28.0,-52.639999,-418.880005,-0.028032,0.644736,-0.261632,486,711,686,2.3482071181914512
2024-04-25 14:16:39.668000+00:00,2024-04-25 14:15:30+00:00,2024-04-25 14:17:30+00:00,TABUENCA01-45,Sensoria-C1-E90A,Left,Gait,1.0.5,40.3878707,-3.629144,F0:75:B1:51:59:F6,SCKS,0.0625,1.062499,-0.1875,1.12,-36.959999,-58.240002,0.32704,0.728832,-0.2336,464,332,621,1.0807250459765425
2024-04-25 14:16:39.693000+00:00,2024-04-25 14:15:30+00:00,2024-04-25 14:17:30+00:00,TABUENCA01-45,Sensoria-C1-EEA1,Right,Gait,1.0.5,40.3878707,-3.629144,CB:AA:BC:3F:36:A5,SCKS,1.996095,1.996095,-0.613282,39.200001,-19.040001,-257.600006,-0.074752,0.588672,-0.261632,485,711,688,2.888754975690046
2024-04-25 14:16:39.700000+00:00,2024-04-25 14:15:30+00:00,2024-04-25 14:17:30+00:00,TABUENCA01-45,Sensoria-C1-E90A,Left,Gait,1.0.5,40.3878707,-3.629144,F0:75:B1:51:59:F6,SCKS,0.125,1.156249,-0.125,-2.24,-40.32,-81.760002,0.317696,0.738176,-0.224256,435,301,653,1.1696844659996986
2024-04-25 14:16:39.709000+00:00,2024-04-25 14:15:30+00:00,2024-04-25 14:17:30+00:00,TABUENCA01-45,Sensoria-C1-EEA1,Right,Gait,1.0.5,40.3878707,-3.629144,CB:AA:BC:3F:36:A5,SCKS,1.996095,1.785158,0.289063,60.48,82.879997,-148.960007,-0.084096,0.551296,-0.242944,486,712,690,2.6934627808748353
2024-04-25 14:16:39.726000+00:00,2024-04-25 14:15:30+00:00,2024-04-25 14:17:30+00:00,TABUENCA01-45,Sensoria-C1-EEA1,Right,Gait,1.0.5,40.3878707,-3.629144,CB:AA:BC:3F:36:A5,SCKS,1.996095,1.996095,1.046876,5.6,59.360001,24.639999,-0.084096,0.541952,-0.224256,486,713,695,3.010770641783595
2024-04-25 14:16:39.733000+00:00,2024-04-25 14:15:30+00:00,2024-04-25 14:17:30+00:00,TABUENCA01-45,Sensoria-C1-E90A,Left,Gait,1.0.5,40.3878707,-3.629144,F0:75:B1:51:59:F6,SCKS,0.0625,1.281249,0.0,3.36,-23.52,-110.879997,0.299008,0.74752,-0.224256,410,281,677,1.2827724856735119
2024-04-25 14:16:39.758000+00:00,2024-04-25 14:15:30+00:00,2024-04-25 14:17:30+00:00,TABUENCA01-45,Sensoria-C1-EEA1,Right,Gait,1.0.5,40.3878707,-3.629144,CB:AA:BC:3F:36:A5,SCKS,0.890626,1.996095,0.417969,-6.72,-80.639999,170.240005,-0.074752,0.551296,-0.242944,483,713,698,2.2253781714266005
2024-04-25 14:16:39.759000+00:00,2024-04-25 14:15:30+00:00,2024-04-25 14:17:30+00:00,TABUENCA01-45,Sensoria-C1-EEA1,Right,Gait,1.0.5,40.3878707,-3.629144,CB:AA:BC:3F:36:A5,SCKS,-2.000001,0.820313,0.058594,21.280001,-73.919998,72.800003,-0.074752,0.551296,-0.242944,487,712,685,2.1624871502059846
2024-04-25 14:16:39.765000+00:00,2024-04-25 14:15:30+00:00,2024-04-25 14:17:30+00:00,TABUENCA01-45,Sensoria-C1-E90A,Left,Gait,1.0.5,40.3878707,-3.629144,F0:75:B1:51:59:F6,SCKS,0.1875,1.468749,-0.28125,8.96,-17.92,-136.639999,0.28032,0.766208,-0.224256,395,272,689,1.5071434694484134
2024-04-25 14:16:39.791000+00:00,2024-04-25 14:15:30+00:00,2024-04-25 14:17:30+00:00,TABUENCA01-45,Sensoria-C1-EEA1,Right,Gait,1.0.5,40.3878707,-3.629144,CB:AA:BC:3F:36:A5,SCKS,0.898438,1.152345,1.531251,53.760002,-219.520004,235.199997,-0.084096,0.569984,-0.252288,499,714,653,2.1165584007699856
2024-04-25 14:16:39.798000+00:00,2024-04-25 14:15:30+00:00,2024-04-25 14:17:30+00:00,TABUENCA01-45,Sensoria-C1-E90A,Left,Gait,1.0.5,40.3878707,-3.629144,F0:75:B1:51:59:F6,SCKS,0.34375,1.781249,-0.0625,-2.24,-23.52,-169.119995,0.205568,0.784896,-0.214912,411,295,694,1.8151909851310413
2024-04-25 14:16:39.807000+00:00,2024-04-25 14:15:30+00:00,2024-04-25 14:17:30+00:00,TABUENCA01-45,Sensoria-C1-EEA1,Right,Gait,1.0.5,40.3878707,-3.629144,CB:AA:BC:3F:36:A5,SCKS,0.625,1.996095,0.355469,69.440002,-160.160004,235.199997,-0.065408,0.60736,-0.289664,506,718,594,2.121645224580679
2024-04-25 14:16:39.831000+00:00,2024-04-25 14:15:30+00:00,2024-04-25 14:17:30+00:00,TABUENCA01-45,Sensoria-C1-E90A,Left,Gait,1.0.5,40.3878707,-3.629144,F0:75:B1:51:59:F6,SCKS,0.9375,2.406249,-0.03125,-20.16,-30.24,-196.0,0.168192,0.79424,-0.214912,474,356,693,2.582618257215146
2024-04-25 14:16:39.839000+00:00,2024-04-25 14:15:30+00:00,2024-04-25 14:17:30+00:00,TABUENCA01-45,Sensoria-C1-EEA1,Right,Gait,1.0.5,40.3878707,-3.629144,CB:AA:BC:3F:36:A5,SCKS,0.230469,1.484376,0.023438,44.799999,36.959999,227.360001,-0.04672,0.644736,-0.289664,510,722,514,1.5023439716592868
2024-04-25 14:16:39.840000+00:00,2024-04-25 14:15:30+00:00,2024-04-25 14:17:30+00:00,TABUENCA01-45,Sensoria-C1-EEA1,Right,Gait,1.0.5,40.3878707,-3.629144,CB:AA:BC:3F:36:A5,SCKS,0.078125,1.187501,-0.789063,49.279999,8.96,187.039993,-0.037376,0.672768,-0.270976,513,723,418,1.4278944493886794
2024-04-25 14:16:39.863000+00:00,2024-04-25 14:15:30+00:00,2024-04-25 14:17:30+00:00,TABUENCA01-45,Sensoria-C1-E90A,Left,Gait,1.0.5,40.3878707,-3.629144,F0:75:B1:51:59:F6,SCKS,0.6875,2.124999,-0.25,-62.720001,-119.840004,-231.839996,0.14016,0.803584,-0.2336,526,406,694,2.247393379006221
2024-04-25 14:16:39.872000+00:00,2024-04-25 14:15:30+00:00,2024-04-25 14:17:30+00:00,TABUENCA01-45,Sensoria-C1-EEA1,Right,Gait,1.0.5,40.3878707,-3.629144,CB:AA:BC:3F:36:A5,SCKS,0.257813,1.011719,0.050781,-8.96,13.440001,159.039993,-0.018688,0.691456,-0.28032,504,724,376,1.0452854097762008
2024-04-25 14:16:39.889000+00:00,2024-04-25 14:15:30+00:00,2024-04-25 14:17:30+00:00,TABUENCA01-45,Sensoria-C1-EEA1,Right,Gait,1.0.5,40.3878707,-3.629144,CB:AA:BC:3F:36:A5,SCKS,0.007813,0.957032,0.011719,-4.48,20.16,123.199997,0.0,0.7008,-0.270976,489,726,351,0.9571356366544921
2024-04-25 14:16:39.896000+00:00,2024-04-25 14:15:30+00:00,2024-04-25 14:17:30+00:00,TABUENCA01-45,Sensoria-C1-E90A,Left,Gait,1.0.5,40.3878707,-3.629144,F0:75:B1:51:59:F6,SCKS,0.8125,1.531249,-0.75,0.0,-4.48,-284.480011,0.084096,0.803584,-0.2336,591,477,698,1.8887508438121212
2024-04-25 14:16:39.904000+00:00,2024-04-25 14:15:30+00:00,2024-04-25 14:17:30+00:00,TABUENCA01-45,Sensoria-C1-EEA1,Right,Gait,1.0.5,40.3878707,-3.629144,CB:AA:BC:3F:36:A5,SCKS,0.023438,1.023438,-0.015625,-7.84,7.84,100.800003,0.0,0.7008,-0.270976,475,721,335,1.0238255810014711
2024-04-25 14:16:39.921000+00:00,2024-04-25 14:15:30+00:00,2024-04-25 14:17:30+00:00,TABUENCA01-45,Sensoria-C1-EEA1,Right,Gait,1.0.5,40.3878707,-3.629144,CB:AA:BC:3F:36:A5,SCKS,-0.070313,0.972657,0.015625,-11.2,23.52,76.160004,0.009344,0.719488,-0.261632,465,709,326,0.9753203054602113
2024-04-25 14:16:39.928000+00:00,2024-04-25 14:15:30+00:00,2024-04-25 14:17:30+00:00,TABUENCA01-45,Sensoria-C1-E90A,Left,Gait,1.0.5,40.3878707,-3.629144,F0:75:B1:51:59:F6,SCKS,0.5,0.375,-0.40625,5.6,1.12,-180.320007,0.037376,0.803584,-0.242944,654,528,700,0.7454287776172852
2024-04-25 14:16:39.944000+00:00,2024-04-25 14:15:30+00:00,2024-04-25 14:17:30+00:00,TABUENCA01-45,Sensoria-C1-E90A,Left,Gait,1.0.5,40.3878707,-3.629144,F0:75:B1:51:59:F6,SCKS,0.84375,0.25,-0.25,8.96,-162.399994,22.4,-0.018688,0.79424,-0.2336,692,546,697,0.914830073019028
2024-04-25 14:16:39.953000+00:00,2024-04-25 14:15:30+00:00,2024-04-25 14:17:30+00:00,TABUENCA01-45,Sensoria-C1-EEA1,Right,Gait,1.0.5,40.3878707,-3.629144,CB:AA:BC:3F:36:A5,SCKS,-0.035156,0.996094,0.089844,-4.48,16.799999,51.52,0.018688,0.719488,-0.261632,457,698,325,1.000755287524378
2024-04-25 14:16:39.969000+00:00,2024-04-25 14:15:30+00:00,2024-04-25 14:17:30+00:00,TABUENCA01-45,Sensoria-C1-EEA1,Right,Gait,1.0.5,40.3878707,-3.629144,CB:AA:BC:3F:36:A5,SCKS,-0.105469,1.000001,0.023438,3.36,8.96,38.080002,0.028032,0.719488,-0.261632,452,690,326,1.0058205852964035
2024-04-25 14:16:39.978000+00:00,2024-04-25 14:15:30+00:00,2024-04-25 14:17:30+00:00,TABUENCA01-45,Sensoria-C1-E90A,Left,Gait,1.0.5,40.3878707,-3.629144,F0:75:B1:51:59:F6,SCKS,0.9375,0.03125,-0.0625,-12.32,-56.0,134.399994,0.0,0.79424,-0.242944,700,547,697,0.9401005597807077
2024-04-25 14:16:39.986000+00:00,2024-04-25 14:15:30+00:00,2024-04-25 14:17:30+00:00,TABUENCA01-45,Sensoria-C1-EEA1,Right,Gait,1.0.5,40.3878707,-3.629144,CB:AA:BC:3F:36:A5,SCKS,-0.085938,0.976563,-0.066406,4.48,7.84,34.720001,0.028032,0.728832,-0.252288,445,682,331,0.9825835280773844
2024-04-25 14:16:40.002000+00:00,2024-04-25 14:15:30+00:00,2024-04-25 14:17:30+00:00,TABUENCA01-45,Sensoria-C1-EEA1,Right,Gait,1.0.5,40.3878707,-3.629144,CB:AA:BC:3F:36:A5,SCKS,-0.128906,0.976563,-0.046875,0.0,6.72,32.48,0.028032,0.728832,-0.252288,442,676,339,0.9861487288588876
2024-04-25 14:16:40.018000+00:00,2024-04-25 14:15:30+00:00,2024-04-25 14:17:30+00:00,TABUENCA01-45,Sensoria-C1-EEA1,Right,Gait,1.0.5,40.3878707,-3.629144,CB:AA:BC:3F:36:A5,SCKS,-0.105469,0.968751,-0.113281,-1.12,8.96,35.84,0.037376,0.719488,-0.252288,438,670,349,0.9810376113702268
2024-04-25 14:16:40.043000+00:00,2024-04-25 14:15:30+00:00,2024-04-25 14:17:30+00:00,TABUENCA01-45,Sensoria-C1-E90A,Left,Gait,1.0.5,40.3878707,-3.629144,F0:75:B1:51:59:F6,SCKS,0.375,0.28125,-0.21875,7.84,43.68,241.919998,0.04672,0.803584,-0.252288,704,546,693,0.517279542413964
2024-04-25 14:16:40.051000+00:00,2024-04-25 14:15:30+00:00,2024-04-25 14:17:30+00:00,TABUENCA01-45,Sensoria-C1-EEA1,Right,Gait,1.0.5,40.3878707,-3.629144,CB:AA:BC:3F:36:A5,SCKS,-0.078125,0.964844,-0.132813,-6.72,17.92,39.200001,0.037376,0.738176,-0.252288,434,667,359,0.9770704953737985
2024-04-25 14:16:40.067000+00:00,2024-04-25 14:15:30+00:00,2024-04-25 14:17:30+00:00,TABUENCA01-45,Sensoria-C1-EEA1,Right,Gait,1.0.5,40.3878707,-3.629144,CB:AA:BC:3F:36:A5,SCKS,-0.070313,0.964844,-0.050781,-10.08,25.76,39.200001,0.04672,0.728832,-0.261632,427,664,370,0.9687345210458849
2024-04-25 14:16:40.074000+00:00,2024-04-25 14:15:30+00:00,2024-04-25 14:17:30+00:00,TABUENCA01-45,Sensoria-C1-E90A,Left,Gait,1.0.5,40.3878707,-3.629144,F0:75:B1:51:59:F6,SCKS,0.3125,0.59375,-0.28125,0.0,59.360001,288.959991,0.149504,0.803584,-0.261632,704,545,693,0.727527920426426
2024-04-25 14:16:40.083000+00:00,2024-04-25 14:15:30+00:00,2024-04-25 14:17:30+00:00,TABUENCA01-45,Sensoria-C1-EEA1,Right,Gait,1.0.5,40.3878707,-3.629144,CB:AA:BC:3F:36:A5,SCKS,-0.054688,0.984376,-0.035156,-5.6,26.880001,38.080002,0.04672,0.728832,-0.252288,418,658,377,0.9865205679842667
2024-04-25 14:16:40.100000+00:00,2024-04-25 14:15:30+00:00,2024-04-25 14:17:30+00:00,TABUENCA01-45,Sensoria-C1-EEA1,Right,Gait,1.0.5,40.3878707,-3.629144,CB:AA:BC:3F:36:A5,SCKS,-0.066406,0.980469,-0.03125,-2.24,26.880001,38.080002,0.056064,0.728832,-0.242944,405,649,386,0.9832119706843484
2024-04-25 14:16:40.107000+00:00,2024-04-25 14:15:30+00:00,2024-04-25 14:17:30+00:00,TABUENCA01-45,Sensoria-C1-E90A,Left,Gait,1.0.5,40.3878707,-3.629144,F0:75:B1:51:59:F6,SCKS,0.28125,0.999999,-0.21875,-7.84,63.84,355.040009,0.205568,0.784896,-0.252288,703,542,690,1.0615795424747971
2024-04-25 14:16:40.132000+00:00,2024-04-25 14:15:30+00:00,2024-04-25 14:17:30+00:00,TABUENCA01-45,Sensoria-C1-EEA1,Right,Gait,1.0.5,40.3878707,-3.629144,CB:AA:BC:3F:36:A5,SCKS,-0.066406,0.996094,-0.050781,1.12,22.4,42.560001,0.056064,0.728832,-0.242944,392,641,394,0.9995957801196441
2024-04-25 14:16:40.140000+00:00,2024-04-25 14:15:30+00:00,2024-04-25 14:17:30+00:00,TABUENCA01-45,Sensoria-C1-E90A,Left,Gait,1.0.5,40.3878707,-3.629144,F0:75:B1:51:59:F6,SCKS,0.375,1.531249,-0.25,-5.6,53.760002,389.76001,0.336384,0.728832,-0.270976,702,542,691,1.5961981393301397
2024-04-25 14:16:40.148000+00:00,2024-04-25 14:15:30+00:00,2024-04-25 14:17:30+00:00,TABUENCA01-45,Sensoria-C1-EEA1,Right,Gait,1.0.5,40.3878707,-3.629144,CB:AA:BC:3F:36:A5,SCKS,-0.058594,0.996094,-0.046875,0.0,19.040001,49.279999,0.065408,0.738176,-0.242944,374,627,405,0.9989163024483083
2024-04-25 14:16:40.165000+00:00,2024-04-25 14:15:30+00:00,2024-04-25 14:17:30+00:00,TABUENCA01-45,Sensoria-C1-EEA1,Right,Gait,1.0.5,40.3878707,-3.629144,CB:AA:BC:3F:36:A5,SCKS,-0.0625,0.976563,-0.007813,0.0,15.68,58.240002,0.065408,0.738176,-0.2336,354,611,419,0.9785921448376744
2024-04-25 14:16:40.172000+00:00,2024-04-25 14:15:30+00:00,2024-04-25 14:17:30+00:00,TABUENCA01-45,Sensoria-C1-E90A,Left,Gait,1.0.5,40.3878707,-3.629144,F0:75:B1:51:59:F6,SCKS,0.34375,2.249999,-0.15625,-1.12,67.199997,412.160004,0.392448,0.672768,-0.270976,702,541,691,2.2814630448466615
2024-04-25 14:16:40.182000+00:00,2024-04-25 14:15:30+00:00,2024-04-25 14:17:30+00:00,TABUENCA01-45,Sensoria-C1-EEA1,Right,Gait,1.0.5,40.3878707,-3.629144,CB:AA:BC:3F:36:A5,SCKS,-0.039063,0.992188,0.007813,1.12,8.96,67.199997,0.084096,0.74752,-0.2336,332,592,435,0.9929874059030155
2024-04-25 14:16:40.205000+00:00,2024-04-25 14:15:30+00:00,2024-04-25 14:17:30+00:00,TABUENCA01-45,Sensoria-C1-E90A,Left,Gait,1.0.5,40.3878707,-3.629144,F0:75:B1:51:59:F6,SCKS,-0.03125,3.062498,-0.0625,14.56,123.199997,435.679993,0.448512,0.60736,-0.28032,702,541,688,3.0632950906669114
2024-04-25 14:16:40.213000+00:00,2024-04-25 14:15:30+00:00,2024-04-25 14:17:30+00:00,TABUENCA01-45,Sensoria-C1-EEA1,Right,Gait,1.0.5,40.3878707,-3.629144,CB:AA:BC:3F:36:A5,SCKS,-0.011719,1.062501,-0.035156,1.12,3.36,75.040001,0.09344,0.74752,-0.2336,308,570,458,1.0631470520572401
2024-04-25 14:16:40.229000+00:00,2024-04-25 14:15:30+00:00,2024-04-25 14:17:30+00:00,TABUENCA01-45,Sensoria-C1-EEA1,Right,Gait,1.0.5,40.3878707,-3.629144,CB:AA:BC:3F:36:A5,SCKS,0.003906,1.078126,0.003906,1.12,4.48,80.639999,0.09344,0.74752,-0.2336,284,546,490,1.078140151162176
2024-04-25 14:16:40.237000+00:00,2024-04-25 14:15:30+00:00,2024-04-25 14:17:30+00:00,TABUENCA01-45,Sensoria-C1-E90A,Left,Gait,1.0.5,40.3878707,-3.629144,F0:75:B1:51:59:F6,SCKS,-1.156249,2.687499,-1.281249,-12.32,113.120003,372.959991,0.485888,0.541952,-0.308352,701,540,689,3.193925738805303
2024-04-25 14:16:40.245000+00:00,2024-04-25 14:15:30+00:00,2024-04-25 14:17:30+00:00,TABUENCA01-45,Sensoria-C1-EEA1,Right,Gait,1.0.5,40.3878707,-3.629144,CB:AA:BC:3F:36:A5,SCKS,-0.058594,1.164063,-0.035156,4.48,0.0,90.720001,0.112128,0.756864,-0.242944,260,519,536,1.1660668373386665
2024-04-25 14:16:40.253000+00:00,2024-04-25 14:15:30+00:00,2024-04-25 14:17:30+00:00,TABUENCA01-45,Sensoria-C1-E90A,Left,Gait,1.0.5,40.3878707,-3.629144,F0:75:B1:51:59:F6,SCKS,-4.124998,1.187499,-0.53125,-7.84,-20.16,187.039993,0.51392,0.485888,-0.336384,701,540,694,4.325273278939147
2024-04-25 14:16:40.262000+00:00,2024-04-25 14:15:30+00:00,2024-04-25 14:17:30+00:00,TABUENCA01-45,Sensoria-C1-EEA1,Right,Gait,1.0.5,40.3878707,-3.629144,CB:AA:BC:3F:36:A5,SCKS,-0.015625,1.218751,0.046875,13.440001,-12.32,106.400002,0.121472,0.766208,-0.2336,240,496,590,1.2197521905087934
2024-04-25 14:16:40.278000+00:00,2024-04-25 14:15:30+00:00,2024-04-25 14:17:30+00:00,TABUENCA01-45,Sensoria-C1-EEA1,Right,Gait,1.0.5,40.3878707,-3.629144,CB:AA:BC:3F:36:A5,SCKS,-0.097656,1.277345,0.140625,13.440001,-17.92,119.840004,0.14016,0.775552,-0.2336,221,478,631,1.2887677579711558
2024-04-25 14:16:40.286000+00:00,2024-04-25 14:15:30+00:00,2024-04-25 14:17:30+00:00,TABUENCA01-45,Sensoria-C1-E90A,Left,Gait,1.0.5,40.3878707,-3.629144,F0:75:B1:51:59:F6,SCKS,-2.937498,1.812499,-0.15625,14.56,-105.279999,-57.119999,0.51392,0.457856,-0.299008,697,539,699,3.455207835645347
2024-04-25 14:16:40.311000+00:00,2024-04-25 14:15:30+00:00,2024-04-25 14:17:30+00:00,TABUENCA01-45,Sensoria-C1-EEA1,Right,Gait,1.0.5,40.3878707,-3.629144,CB:AA:BC:3F:36:A5,SCKS,-0.125,1.421876,-0.105469,11.2,-26.880001,136.639999,0.14016,0.775552,-0.2336,210,467,657,1.4312512250953708
2024-04-25 14:16:40.318000+00:00,2024-04-25 14:15:30+00:00,2024-04-25 14:17:30+00:00,TABUENCA01-45,Sensoria-C1-E90A,Left,Gait,1.0.5,40.3878707,-3.629144,F0:75:B1:51:59:F6,SCKS,6.406247,1.281249,0.40625,10.08,7.84,-110.879997,0.51392,0.495232,-0.317696,696,539,693,6.545734388707657
2024-04-25 14:16:40.327000+00:00,2024-04-25 14:15:30+00:00,2024-04-25 14:17:30+00:00,TABUENCA01-45,Sensoria-C1-EEA1,Right,Gait,1.0.5,40.3878707,-3.629144,CB:AA:BC:3F:36:A5,SCKS,-0.191406,1.585939,-0.109375,-2.24,-12.32,155.680008,0.158848,0.775552,-0.2336,198,466,678,1.6011875777628304
2024-04-25 14:16:40.343000+00:00,2024-04-25 14:15:30+00:00,2024-04-25 14:17:30+00:00,TABUENCA01-45,Sensoria-C1-EEA1,Right,Gait,1.0.5,40.3878707,-3.629144,CB:AA:BC:3F:36:A5,SCKS,-0.359375,1.835939,-0.003906,-14.56,10.08,174.720001,0.18688,0.784896,-0.2336,192,476,688,1.8707853054752168
2024-04-25 14:16:40.351000+00:00,2024-04-25 14:15:30+00:00,2024-04-25 14:17:30+00:00,TABUENCA01-45,Sensoria-C1-E90A,Left,Gait,1.0.5,40.3878707,-3.629144,F0:75:B1:51:59:F6,SCKS,-1.156249,1.562499,0.5,59.360001,211.680008,-268.799988,0.495232,0.51392,-0.32704,705,542,660,2.007066235828305
2024-04-25 14:16:40.359000+00:00,2024-04-25 14:15:30+00:00,2024-04-25 14:17:30+00:00,TABUENCA01-45,Sensoria-C1-EEA1,Right,Gait,1.0.5,40.3878707,-3.629144,CB:AA:BC:3F:36:A5,SCKS,-0.6875,1.996095,0.367188,-28.0,43.68,198.240005,0.214912,0.79424,-0.242944,194,491,692,2.1428668942258176
2024-04-25 14:16:40.383000+00:00,2024-04-25 14:15:30+00:00,2024-04-25 14:17:30+00:00,TABUENCA01-45,Sensoria-C1-E90A,Left,Gait,1.0.5,40.3878707,-3.629144,F0:75:B1:51:59:F6,SCKS,-0.3125,1.656249,-0.40625,101.919998,31.360001,-224.0,0.4672,0.56064,-0.336384,708,547,557,1.7337404830311256
2024-04-25 14:16:40.392000+00:00,2024-04-25 14:15:30+00:00,2024-04-25 14:17:30+00:00,TABUENCA01-45,Sensoria-C1-EEA1,Right,Gait,1.0.5,40.3878707,-3.629144,CB:AA:BC:3F:36:A5,SCKS,-1.242188,1.996095,0.5625,-50.400002,81.760002,228.479996,0.270976,0.803584,-0.242944,207,509,696,2.4174020200142547
2024-04-25 14:16:40.408000+00:00,2024-04-25 14:15:30+00:00,2024-04-25 14:17:30+00:00,TABUENCA01-45,Sensoria-C1-EEA1,Right,Gait,1.0.5,40.3878707,-3.629144,CB:AA:BC:3F:36:A5,SCKS,-0.460938,1.996095,-0.136719,-35.84,42.560001,269.920013,0.317696,0.79424,-0.252288,244,548,696,2.053180745533622
2024-04-25 14:16:40.416000+00:00,2024-04-25 14:15:30+00:00,2024-04-25 14:17:30+00:00,TABUENCA01-45,Sensoria-C1-E90A,Left,Gait,1.0.5,40.3878707,-3.629144,F0:75:B1:51:59:F6,SCKS,-0.375,1.624999,0.09375,100.800003,35.84,-191.520004,0.448512,0.598016,-0.336384,703,551,430,1.67034002900637
2024-04-25 14:16:40.424000+00:00,2024-04-25 14:15:30+00:00,2024-04-25 14:17:30+00:00,TABUENCA01-45,Sensoria-C1-EEA1,Right,Gait,1.0.5,40.3878707,-3.629144,CB:AA:BC:3F:36:A5,SCKS,-0.636719,1.996095,-0.59375,-6.72,-64.959999,325.920013,0.317696,0.79424,-0.252288,299,601,696,2.177692677235702
2024-04-25 14:16:40.440000+00:00,2024-04-25 14:15:30+00:00,2024-04-25 14:17:30+00:00,TABUENCA01-45,Sensoria-C1-EEA1,Right,Gait,1.0.5,40.3878707,-3.629144,CB:AA:BC:3F:36:A5,SCKS,-0.464844,1.023438,-0.59375,13.440001,-61.599998,313.600006,0.37376,0.79424,-0.242944,372,651,695,1.2712373290145313
2024-04-25 14:16:40.448000+00:00,2024-04-25 14:15:30+00:00,2024-04-25 14:17:30+00:00,TABUENCA01-45,Sensoria-C1-E90A,Left,Gait,1.0.5,40.3878707,-3.629144,F0:75:B1:51:59:F6,SCKS,-0.15625,1.031249,-0.25,45.920002,-48.16,-89.599998,0.401792,0.65408,-0.308352,676,552,345,1.0725616823758903
2024-04-25 14:16:40.473000+00:00,2024-04-25 14:15:30+00:00,2024-04-25 14:17:30+00:00,TABUENCA01-45,Sensoria-C1-EEA1,Right,Gait,1.0.5,40.3878707,-3.629144,CB:AA:BC:3F:36:A5,SCKS,-0.781251,0.113281,-0.675782,22.4,25.76,217.279999,0.42048,0.784896,-0.2336,433,685,696,1.039166503254411
2024-04-25 14:16:40.481000+00:00,2024-04-25 14:15:30+00:00,2024-04-25 14:17:30+00:00,TABUENCA01-45,Sensoria-C1-E90A,Left,Gait,1.0.5,40.3878707,-3.629144,F0:75:B1:51:59:F6,SCKS,0.09375,0.968749,-0.125,19.040001,-56.0,-35.84,0.392448,0.672768,-0.308352,657,538,326,0.981268917015616
2024-04-25 14:16:40.489000+00:00,2024-04-25 14:15:30+00:00,2024-04-25 14:17:30+00:00,TABUENCA01-45,Sensoria-C1-EEA1,Right,Gait,1.0.5,40.3878707,-3.629144,CB:AA:BC:3F:36:A5,SCKS,-0.136719,0.914063,-0.847657,31.360001,184.800003,112.0,0.439168,0.775552,-0.2336,463,700,696,1.2540835867592717
2024-04-25 14:16:40.506000+00:00,2024-04-25 14:15:30+00:00,2024-04-25 14:17:30+00:00,TABUENCA01-45,Sensoria-C1-EEA1,Right,Gait,1.0.5,40.3878707,-3.629144,CB:AA:BC:3F:36:A5,SCKS,-1.566407,0.25,-0.445313,-10.08,221.759995,-26.880001,0.448512,0.775552,-0.252288,479,709,694,1.6475541137146301
2024-04-25 14:16:40.514000+00:00,2024-04-25 14:15:30+00:00,2024-04-25 14:17:30+00:00,TABUENCA01-45,Sensoria-C1-E90A,Left,Gait,1.0.5,40.3878707,-3.629144,F0:75:B1:51:59:F6,SCKS,0.15625,0.968749,-0.1875,21.280001,-20.16,-20.16,0.383104,0.691456,-0.299008,646,523,324,0.9990219904992081
2024-04-25 14:16:40.522000+00:00,2024-04-25 14:15:30+00:00,2024-04-25 14:17:30+00:00,TABUENCA01-45,Sensoria-C1-EEA1,Right,Gait,1.0.5,40.3878707,-3.629144,CB:AA:BC:3F:36:A5,SCKS,-1.144532,0.015625,-0.03125,-32.48,155.680008,-70.559998,0.448512,0.775552,-0.252288,489,713,691,1.1450651519232433
2024-04-25 14:16:40.539000+00:00,2024-04-25 14:15:30+00:00,2024-04-25 14:17:30+00:00,TABUENCA01-45,Sensoria-C1-EEA1,Right,Gait,1.0.5,40.3878707,-3.629144,CB:AA:BC:3F:36:A5,SCKS,-0.605469,-0.171875,0.101563,17.92,69.440002,-113.120003,0.439168,0.784896,-0.252288,492,717,691,0.6375333470140994
2024-04-25 14:16:40.546000+00:00,2024-04-25 14:15:30+00:00,2024-04-25 14:17:30+00:00,TABUENCA01-45,Sensoria-C1-E90A,Left,Gait,1.0.5,40.3878707,-3.629144,F0:75:B1:51:59:F6,SCKS,0.125,0.968749,-0.15625,19.040001,-13.440001,-20.16,0.37376,0.691456,-0.28032,633,511,338,0.9891985076318099
2024-04-25 14:16:40.571000+00:00,2024-04-25 14:15:30+00:00,2024-04-25 14:17:30+00:00,TABUENCA01-45,Sensoria-C1-EEA1,Right,Gait,1.0.5,40.3878707,-3.629144,CB:AA:BC:3F:36:A5,SCKS,-0.585938,-0.011719,0.058594,49.279999,31.360001,-171.360001,0.42048,0.79424,-0.261632,492,717,690,0.5889770213183193
2024-04-25 14:16:40.578000+00:00,2024-04-25 14:15:30+00:00,2024-04-25 14:17:30+00:00,TABUENCA01-45,Sensoria-C1-E90A,Left,Gait,1.0.5,40.3878707,-3.629144,F0:75:B1:51:59:F6,SCKS,0.125,0.968749,-0.21875,6.72,-21.280001,-22.4,0.37376,0.691456,-0.289664,628,501,367,1.0009751183226285
2024-04-25 14:16:40.587000+00:00,2024-04-25 14:15:30+00:00,2024-04-25 14:17:30+00:00,TABUENCA01-45,Sensoria-C1-EEA1,Right,Gait,1.0.5,40.3878707,-3.629144,CB:AA:BC:3F:36:A5,SCKS,-0.714844,0.308594,0.097656,56.0,-3.36,-224.0,0.37376,0.803584,-0.252288,493,718,689,0.7847094338084639
2024-04-25 14:16:40.595000+00:00,2024-04-25 14:15:30+00:00,2024-04-25 14:17:30+00:00,TABUENCA01-45,Sensoria-C1-E90A,Left,Gait,1.0.5,40.3878707,-3.629144,F0:75:B1:51:59:F6,SCKS,0.09375,0.9375,-0.21875,4.48,-38.080002,-24.639999,0.37376,0.691456,-0.28032,622,491,407,0.967236721283885
2024-04-25 14:16:40.603000+00:00,2024-04-25 14:15:30+00:00,2024-04-25 14:17:30+00:00,TABUENCA01-45,Sensoria-C1-EEA1,Right,Gait,1.0.5,40.3878707,-3.629144,CB:AA:BC:3F:36:A5,SCKS,-0.613282,0.425782,0.222656,54.880001,-42.560001,-266.559998,0.32704,0.803584,-0.2336,493,716,688,0.77908973641295
2024-04-25 14:16:40.620000+00:00,2024-04-25 14:15:30+00:00,2024-04-25 14:17:30+00:00,TABUENCA01-45,Sensoria-C1-EEA1,Right,Gait,1.0.5,40.3878707,-3.629144,CB:AA:BC:3F:36:A5,SCKS,-0.539063,0.644532,0.238281,58.240002,-78.400002,-304.640015,0.32704,0.803584,-0.2336,492,714,689,0.8733774968213917
2024-04-25 14:16:40.627000+00:00,2024-04-25 14:15:30+00:00,2024-04-25 14:17:30+00:00,TABUENCA01-45,Sensoria-C1-E90A,Left,Gait,1.0.5,40.3878707,-3.629144,F0:75:B1:51:59:F6,SCKS,0.09375,0.9375,-0.21875,0.0,-54.880001,-16.799999,0.364416,0.7008,-0.270976,614,477,442,0.967236721283885
2024-04-25 14:16:40.652000+00:00,2024-04-25 14:15:30+00:00,2024-04-25 14:17:30+00:00,TABUENCA01-45,Sensoria-C1-EEA1,Right,Gait,1.0.5,40.3878707,-3.629144,CB:AA:BC:3F:36:A5,SCKS,-0.480469,0.941407,0.171875,56.0,-96.32,-333.76001,0.270976,0.803584,-0.2336,493,714,686,1.070812128823259
2024-04-25 14:16:40.668000+00:00,2024-04-25 14:15:30+00:00,2024-04-25 14:17:30+00:00,TABUENCA01-45,Sensoria-C1-EEA1,Right,Gait,1.0.5,40.3878707,-3.629144,CB:AA:BC:3F:36:A5,SCKS,-0.375,1.210938,0.148438,36.959999,-91.840004,-358.399994,0.196224,0.79424,-0.224256,491,712,686,1.2763344701480095
2024-04-25 14:16:40.685000+00:00,2024-04-25 14:15:30+00:00,2024-04-25 14:17:30+00:00,TABUENCA01-45,Sensoria-C1-EEA1,Right,Gait,1.0.5,40.3878707,-3.629144,CB:AA:BC:3F:36:A5,SCKS,-0.390625,1.523439,0.140625,10.08,-64.959999,-380.799988,0.14016,0.766208,-0.2336,492,711,686,1.5789964116396844
2024-04-25 14:16:40.692000+00:00,2024-04-25 14:15:30+00:00,2024-04-25 14:17:30+00:00,TABUENCA01-45,Sensoria-C1-E90A,Left,Gait,1.0.5,40.3878707,-3.629144,F0:75:B1:51:59:F6,SCKS,0.09375,0.968749,-0.21875,-6.72,-54.880001,-17.92,0.364416,0.7008,-0.270976,604,458,472,0.9975546350957425
2024-04-25 14:16:40.693000+00:00,2024-04-25 14:15:30+00:00,2024-04-25 14:17:30+00:00,TABUENCA01-45,Sensoria-C1-E90A,Left,Gait,1.0.5,40.3878707,-3.629144,F0:75:B1:51:59:F6,SCKS,0.09375,0.968749,-0.1875,-5.6,-44.799999,-29.120001,0.355072,0.710144,-0.261632,586,433,495,0.9911709930688044
2024-04-25 14:16:40.701000+00:00,2024-04-25 14:15:30+00:00,2024-04-25 14:17:30+00:00,TABUENCA01-45,Sensoria-C1-EEA1,Right,Gait,1.0.5,40.3878707,-3.629144,CB:AA:BC:3F:36:A5,SCKS,-0.386719,1.992189,0.195313,-19.040001,-16.799999,-390.880005,0.074752,0.738176,-0.224256,492,710,686,2.0387534830506113
2024-04-25 14:16:40.725000+00:00,2024-04-25 14:15:30+00:00,2024-04-25 14:17:30+00:00,TABUENCA01-45,Sensoria-C1-E90A,Left,Gait,1.0.5,40.3878707,-3.629144,F0:75:B1:51:59:F6,SCKS,0.0625,0.968749,-0.125,-4.48,-40.32,-41.439999,0.345728,0.710144,-0.261632,563,400,519,0.9787777454565464
2024-04-25 14:16:40.733000+00:00,2024-04-25 14:15:30+00:00,2024-04-25 14:17:30+00:00,TABUENCA01-45,Sensoria-C1-EEA1,Right,Gait,1.0.5,40.3878707,-3.629144,CB:AA:BC:3F:36:A5,SCKS,-0.34375,1.996095,0.34375,-32.48,8.96,-389.76001,0.074752,0.738176,-0.224256,490,710,683,2.0544399173558228
2024-04-25 14:16:40.750000+00:00,2024-04-25 14:15:30+00:00,2024-04-25 14:17:30+00:00,TABUENCA01-45,Sensoria-C1-EEA1,Right,Gait,1.0.5,40.3878707,-3.629144,CB:AA:BC:3F:36:A5,SCKS,0.53125,1.996095,0.140625,13.440001,-13.440001,-399.839996,0.028032,0.7008,-0.242944,490,711,684,2.0703616114461743
2024-04-25 14:16:40.758000+00:00,2024-04-25 14:15:30+00:00,2024-04-25 14:17:30+00:00,TABUENCA01-45,Sensoria-C1-E90A,Left,Gait,1.0.5,40.3878707,-3.629144,F0:75:B1:51:59:F6,SCKS,0.03125,0.999999,-0.125,-6.72,-41.439999,-51.52,0.336384,0.719488,-0.261632,536,365,541,1.008265621005199
2024-04-25 14:16:40.767000+00:00,2024-04-25 14:15:30+00:00,2024-04-25 14:17:30+00:00,TABUENCA01-45,Sensoria-C1-EEA1,Right,Gait,1.0.5,40.3878707,-3.629144,CB:AA:BC:3F:36:A5,SCKS,1.281251,1.996095,-0.386719,3.36,-19.040001,-396.480011,-0.028032,0.644736,-0.2336,489,712,686,2.4032375993619524
2024-04-25 14:16:40.784000+00:00,2024-04-25 14:15:30+00:00,2024-04-25 14:17:30+00:00,TABUENCA01-45,Sensoria-C1-EEA1,Right,Gait,1.0.5,40.3878707,-3.629144,CB:AA:BC:3F:36:A5,SCKS,1.996095,1.996095,-0.484375,35.84,-1.12,-329.279999,-0.065408,0.598016,-0.242944,490,711,687,2.8641594995172666
2024-04-25 14:16:40.790000+00:00,2024-04-25 14:15:30+00:00,2024-04-25 14:17:30+00:00,TABUENCA01-45,Sensoria-C1-E90A,Left,Gait,1.0.5,40.3878707,-3.629144,F0:75:B1:51:59:F6,SCKS,0.15625,1.156249,-0.15625,-19.040001,-48.16,-81.760002,0.317696,0.738176,-0.252288,486,308,591,1.1771745303908847
2024-04-25 14:16:40.815000+00:00,2024-04-25 14:15:30+00:00,2024-04-25 14:17:30+00:00,TABUENCA01-45,Sensoria-C1-EEA1,Right,Gait,1.0.5,40.3878707,-3.629144,CB:AA:BC:3F:36:A5,SCKS,1.996095,1.48047,0.214844,50.400002,57.119999,-194.880005,-0.084096,0.56064,-0.224256,489,711,688,2.4944627907148664
2024-04-25 14:16:40.822000+00:00,2024-04-25 14:15:30+00:00,2024-04-25 14:17:30+00:00,TABUENCA01-45,Sensoria-C1-E90A,Left,Gait,1.0.5,40.3878707,-3.629144,F0:75:B1:51:59:F6,SCKS,0.125,1.249999,0.0,-19.040001,-38.080002,-104.160004,0.299008,0.74752,-0.261632,458,277,633,1.256233457602925
2024-04-25 14:16:40.831000+00:00,2024-04-25 14:15:30+00:00,2024-04-25 14:17:30+00:00,TABUENCA01-45,Sensoria-C1-EEA1,Right,Gait,1.0.5,40.3878707,-3.629144,CB:AA:BC:3F:36:A5,SCKS,1.996095,1.98047,0.429688,50.400002,38.080002,-79.519997,-0.084096,0.532608,-0.224256,488,714,693,2.8445190186161526
2024-04-25 14:16:40.847000+00:00,2024-04-25 14:15:30+00:00,2024-04-25 14:17:30+00:00,TABUENCA01-45,Sensoria-C1-EEA1,Right,Gait,1.0.5,40.3878707,-3.629144,CB:AA:BC:3F:36:A5,SCKS,1.996095,1.781251,0.671875,-19.040001,-24.639999,94.080002,-0.084096,0.532608,-0.224256,488,712,695,2.7583811175490234
2024-04-25 14:16:40.854000+00:00,2024-04-25 14:15:30+00:00,2024-04-25 14:17:30+00:00,TABUENCA01-45,Sensoria-C1-E90A,Left,Gait,1.0.5,40.3878707,-3.629144,F0:75:B1:51:59:F6,SCKS,0.25,1.437499,-0.1875,-6.72,-8.96,-132.160004,0.28032,0.756864,-0.261632,439,258,660,1.471074309816129
2024-04-25 14:16:40.863000+00:00,2024-04-25 14:15:30+00:00,2024-04-25 14:17:30+00:00,TABUENCA01-45,Sensoria-C1-EEA1,Right,Gait,1.0.5,40.3878707,-3.629144,CB:AA:BC:3F:36:A5,SCKS,-1.984376,0.898438,-0.339844,15.68,-120.959999,128.800003,-0.074752,0.56064,-0.2336,487,711,687,2.2046389485709446
2024-04-25 14:16:40.880000+00:00,2024-04-25 14:15:30+00:00,2024-04-25 14:17:30+00:00,TABUENCA01-45,Sensoria-C1-EEA1,Right,Gait,1.0.5,40.3878707,-3.629144,CB:AA:BC:3F:36:A5,SCKS,-1.839845,0.59375,1.335938,42.560001,-174.720001,108.639999,-0.074752,0.569984,-0.242944,497,714,659,2.34995723926394
2024-04-25 14:16:40.904000+00:00,2024-04-25 14:15:30+00:00,2024-04-25 14:17:30+00:00,TABUENCA01-45,Sensoria-C1-E90A,Left,Gait,1.0.5,40.3878707,-3.629144,F0:75:B1:51:59:F6,SCKS,0.1875,1.593749,-0.125,-10.08,-3.36,-160.160004,0.224256,0.784896,-0.261632,445,263,672,1.60960154230822
2024-04-25 14:16:40.913000+00:00,2024-04-25 14:15:30+00:00,2024-04-25 14:17:30+00:00,TABUENCA01-45,Sensoria-C1-EEA1,Right,Gait,1.0.5,40.3878707,-3.629144,CB:AA:BC:3F:36:A5,SCKS,0.699219,1.652345,0.253906,66.080002,-196.0,265.440002,-0.065408,0.60736,-0.270976,504,717,606,1.8120760099460507
2024-04-25 14:16:40.920000+00:00,2024-04-25 14:15:30+00:00,2024-04-25 14:17:30+00:00,TABUENCA01-45,Sensoria-C1-E90A,Left,Gait,1.0.5,40.3878707,-3.629144,F0:75:B1:51:59:F6,SCKS,0.53125,2.031249,-0.15625,-19.040001,-8.96,-198.240005,0.18688,0.784896,-0.261632,502,318,678,2.1053771930466523
2024-04-25 14:16:40.928000+00:00,2024-04-25 14:15:30+00:00,2024-04-25 14:17:30+00:00,TABUENCA01-45,Sensoria-C1-EEA1,Right,Gait,1.0.5,40.3878707,-3.629144,CB:AA:BC:3F:36:A5,SCKS,0.722657,1.863283,0.03125,61.599998,-16.799999,230.720001,-0.04672,0.644736,-0.270976,512,722,520,1.9987579243715332
2024-04-25 14:16:40.936000+00:00,2024-04-25 14:15:30+00:00,2024-04-25 14:17:30+00:00,TABUENCA01-45,Sensoria-C1-E90A,Left,Gait,1.0.5,40.3878707,-3.629144,F0:75:B1:51:59:F6,SCKS,1.187499,2.281249,-0.15625,-57.119999,-77.279999,-201.600006,0.158848,0.803584,-0.270976,559,370,681,2.576560679957295
2024-04-25 14:16:40.945000+00:00,2024-04-25 14:15:30+00:00,2024-04-25 14:17:30+00:00,TABUENCA01-45,Sensoria-C1-EEA1,Right,Gait,1.0.5,40.3878707,-3.629144,CB:AA:BC:3F:36:A5,SCKS,0.566407,1.621095,-0.402344,51.52,5.6,204.960007,-0.037376,0.672768,-0.261632,513,722,402,1.763702521121405
2024-04-25 14:16:40.961000+00:00,2024-04-25 14:15:30+00:00,2024-04-25 14:17:30+00:00,TABUENCA01-45,Sensoria-C1-EEA1,Right,Gait,1.0.5,40.3878707,-3.629144,CB:AA:BC:3F:36:A5,SCKS,0.203125,0.800782,0.121094,-8.96,34.720001,173.600006,-0.009344,0.691456,-0.242944,499,725,362,0.8349702593416127
2024-04-25 14:16:40.968000+00:00,2024-04-25 14:15:30+00:00,2024-04-25 14:17:30+00:00,TABUENCA01-45,Sensoria-C1-E90A,Left,Gait,1.0.5,40.3878707,-3.629144,F0:75:B1:51:59:F6,SCKS,0.875,2.437499,-0.875,-62.720001,-131.039993,-241.919998,0.112128,0.803584,-0.28032,604,431,690,2.7336150744025756
2024-04-25 14:16:40.993000+00:00,2024-04-25 14:15:30+00:00,2024-04-25 14:17:30+00:00,TABUENCA01-45,Sensoria-C1-EEA1,Right,Gait,1.0.5,40.3878707,-3.629144,CB:AA:BC:3F:36:A5,SCKS,0.066406,0.980469,0.109375,8.96,12.32,120.959999,-0.009344,0.691456,-0.242944,485,728,335,0.9887831447906058
2024-04-25 14:16:41.009000+00:00,2024-04-25 14:15:30+00:00,2024-04-25 14:17:30+00:00,TABUENCA01-45,Sensoria-C1-EEA1,Right,Gait,1.0.5,40.3878707,-3.629144,CB:AA:BC:3F:36:A5,SCKS,-0.023438,0.988282,-0.011719,0.0,20.16,101.919998,0.0,0.710144,-0.252288,472,724,323,0.9886293472930084
2024-04-25 14:16:41.026000+00:00,2024-04-25 14:15:30+00:00,2024-04-25 14:17:30+00:00,TABUENCA01-45,Sensoria-C1-EEA1,Right,Gait,1.0.5,40.3878707,-3.629144,CB:AA:BC:3F:36:A5,SCKS,-0.144531,0.953126,-0.035156,-7.84,17.92,71.68,0.009344,0.719488,-0.242944,462,718,317,0.9646628043896998
2024-04-25 14:16:41.033000+00:00,2024-04-25 14:15:30+00:00,2024-04-25 14:17:30+00:00,TABUENCA01-45,Sensoria-C1-E90A,Left,Gait,1.0.5,40.3878707,-3.629144,F0:75:B1:51:59:F6,SCKS,-0.8125,0.4375,-0.25,19.040001,-84.0,-108.639999,-0.009344,0.79424,-0.270976,696,540,698,0.9560661587986472
2024-04-25 14:16:41.042000+00:00,2024-04-25 14:15:30+00:00,2024-04-25 14:17:30+00:00,TABUENCA01-45,Sensoria-C1-EEA1,Right,Gait,1.0.5,40.3878707,-3.629144,CB:AA:BC:3F:36:A5,SCKS,-0.058594,1.000001,0.058594,-1.12,6.72,50.400002,0.028032,0.719488,-0.242944,456,711,316,1.0034283799419867
2024-04-25 14:16:41.058000+00:00,2024-04-25 14:15:30+00:00,2024-04-25 14:17:30+00:00,TABUENCA01-45,Sensoria-C1-EEA1,Right,Gait,1.0.5,40.3878707,-3.629144,CB:AA:BC:3F:36:A5,SCKS,-0.121094,1.011719,0.007813,3.36,4.48,38.080002,0.028032,0.728832,-0.242944,451,702,319,1.0189701343837316
2024-04-25 14:16:41.066000+00:00,2024-04-25 14:15:30+00:00,2024-04-25 14:17:30+00:00,TABUENCA01-45,Sensoria-C1-E90A,Left,Gait,1.0.5,40.3878707,-3.629144,F0:75:B1:51:59:F6,SCKS,1.343749,0.15625,-0.21875,12.32,-146.720001,90.720001,-0.018688,0.79424,-0.28032,708,547,697,1.3703747662595807
2024-04-25 14:16:41.090000+00:00,2024-04-25 14:15:30+00:00,2024-04-25 14:17:30+00:00,TABUENCA01-45,Sensoria-C1-EEA1,Right,Gait,1.0.5,40.3878707,-3.629144,CB:AA:BC:3F:36:A5,SCKS,-0.113281,0.980469,-0.046875,1.12,8.96,35.84,0.028032,0.728832,-0.242944,446,697,324,0.9881038966358751
2024-04-25 14:16:41.099000+00:00,2024-04-25 14:15:30+00:00,2024-04-25 14:17:30+00:00,TABUENCA01-45,Sensoria-C1-E90A,Left,Gait,1.0.5,40.3878707,-3.629144,F0:75:B1:51:59:F6,SCKS,0.59375,0.0,0.0,-4.48,14.56,128.800003,0.009344,0.79424,-0.28032,711,547,696,0.59375
2024-04-25 14:16:41.107000+00:00,2024-04-25 14:15:30+00:00,2024-04-25 14:17:30+00:00,TABUENCA01-45,Sensoria-C1-EEA1,Right,Gait,1.0.5,40.3878707,-3.629144,CB:AA:BC:3F:36:A5,SCKS,-0.117188,0.960938,0.011719,-1.12,11.2,34.720001,0.028032,0.719488,-0.2336,442,691,333,0.9681281951007314
2024-04-25 14:16:41.123000+00:00,2024-04-25 14:15:30+00:00,2024-04-25 14:17:30+00:00,TABUENCA01-45,Sensoria-C1-EEA1,Right,Gait,1.0.5,40.3878707,-3.629144,CB:AA:BC:3F:36:A5,SCKS,-0.128906,0.992188,-0.105469,0.0,14.56,35.84,0.037376,0.728832,-0.242944,436,685,342,1.0060703226618903
2024-04-25 14:16:41.130000+00:00,2024-04-25 14:15:30+00:00,2024-04-25 14:17:30+00:00,TABUENCA01-45,Sensoria-C1-E90A,Left,Gait,1.0.5,40.3878707,-3.629144,F0:75:B1:51:59:F6,SCKS,0.25,0.09375,-0.09375,15.68,50.400002,188.160004,0.037376,0.803584,-0.289664,712,545,694,0.2829807855667943
2024-04-25 14:16:41.139000+00:00,2024-04-25 14:15:30+00:00,2024-04-25 14:17:30+00:00,TABUENCA01-45,Sensoria-C1-EEA1,Right,Gait,1.0.5,40.3878707,-3.629144,CB:AA:BC:3F:36:A5,SCKS,-0.089844,0.953126,-0.09375,-6.72,25.76,40.32,0.04672,0.738176,-0.2336,426,679,357,0.9619304438014217
2024-04-25 14:16:41.163000+00:00,2024-04-25 14:15:30+00:00,2024-04-25 14:17:30+00:00,TABUENCA01-45,Sensoria-C1-E90A,Left,Gait,1.0.5,40.3878707,-3.629144,F0:75:B1:51:59:F6,SCKS,0.3125,0.40625,-0.25,23.52,53.760002,249.759995,0.102784,0.803584,-0.270976,712,546,693,0.5702589872154581
2024-04-25 14:16:41.172000+00:00,2024-04-25 14:15:30+00:00,2024-04-25 14:17:30+00:00,TABUENCA01-45,Sensoria-C1-EEA1,Right,Gait,1.0.5,40.3878707,-3.629144,CB:AA:BC:3F:36:A5,SCKS,-0.066406,0.964844,-0.039063,-7.84,29.120001,41.439999,0.056064,0.728832,-0.224256,416,672,369,0.967915088807381
2024-04-25 14:16:41.188000+00:00,2024-04-25 14:15:30+00:00,2024-04-25 14:17:30+00:00,TABUENCA01-45,Sensoria-C1-EEA1,Right,Gait,1.0.5,40.3878707,-3.629144,CB:AA:BC:3F:36:A5,SCKS,-0.054688,0.988282,-0.007813,-5.6,34.720001,41.439999,0.056064,0.728832,-0.224256,402,661,382,0.9898247985562899
2024-04-25 14:16:41.195000+00:00,2024-04-25 14:15:30+00:00,2024-04-25 14:17:30+00:00,TABUENCA01-45,Sensoria-C1-E90A,Left,Gait,1.0.5,40.3878707,-3.629144,F0:75:B1:51:59:F6,SCKS,0.3125,0.6875,-0.15625,10.08,51.52,296.799988,0.158848,0.79424,-0.270976,712,546,693,0.7711851674533167
2024-04-25 14:16:41.204000+00:00,2024-04-25 14:15:30+00:00,2024-04-25 14:17:30+00:00,TABUENCA01-45,Sensoria-C1-EEA1,Right,Gait,1.0.5,40.3878707,-3.629144,CB:AA:BC:3F:36:A5,SCKS,-0.074219,0.988282,0.0,-1.12,32.48,40.32,0.065408,0.738176,-0.224256,387,651,394,0.9910649683471816
2024-04-25 14:16:41.221000+00:00,2024-04-25 14:15:30+00:00,2024-04-25 14:17:30+00:00,TABUENCA01-45,Sensoria-C1-EEA1,Right,Gait,1.0.5,40.3878707,-3.629144,CB:AA:BC:3F:36:A5,SCKS,-0.082031,0.992188,-0.039063,0.0,25.76,43.68,0.065408,0.738176,-0.2336,370,639,409,0.9963393148290396
2024-04-25 14:16:41.228000+00:00,2024-04-25 14:15:30+00:00,2024-04-25 14:17:30+00:00,TABUENCA01-45,Sensoria-C1-E90A,Left,Gait,1.0.5,40.3878707,-3.629144,F0:75:B1:51:59:F6,SCKS,0.3125,0.999999,-0.125,8.96,51.52,344.959991,0.224256,0.784896,-0.270976,711,543,691,1.055120490750227
2024-04-25 14:16:41.253000+00:00,2024-04-25 14:15:30+00:00,2024-04-25 14:17:30+00:00,TABUENCA01-45,Sensoria-C1-EEA1,Right,Gait,1.0.5,40.3878707,-3.629144,CB:AA:BC:3F:36:A5,SCKS,-0.0625,0.976563,-0.03125,-3.36,21.280001,50.400002,0.074752,0.74752,-0.224256,350,623,425,0.9790598068907741
2024-04-25 14:16:41.261000+00:00,2024-04-25 14:15:30+00:00,2024-04-25 14:17:30+00:00,TABUENCA01-45,Sensoria-C1-E90A,Left,Gait,1.0.5,40.3878707,-3.629144,F0:75:B1:51:59:F6,SCKS,0.34375,1.499999,-0.09375,4.48,49.279999,385.279999,0.28032,0.756864,-0.270976,712,542,691,1.5417360750144624
2024-04-25 14:16:41.269000+00:00,2024-04-25 14:15:30+00:00,2024-04-25 14:17:30+00:00,TABUENCA01-45,Sensoria-C1-EEA1,Right,Gait,1.0.5,40.3878707,-3.629144,CB:AA:BC:3F:36:A5,SCKS,-0.082031,0.992188,-0.003906,-3.36,16.799999,57.119999,0.084096,0.74752,-0.214912,330,608,442,0.9955809204384142
2024-04-25 14:16:41.277000+00:00,2024-04-25 14:15:30+00:00,2024-04-25 14:17:30+00:00,TABUENCA01-45,Sensoria-C1-E90A,Left,Gait,1.0.5,40.3878707,-3.629144,F0:75:B1:51:59:F6,SCKS,0.25,2.687499,-0.0625,-3.36,79.519997,422.23999,0.411136,0.65408,-0.28032,710,540,688,2.699825387872519
2024-04-25 14:16:41.285000+00:00,2024-04-25 14:15:30+00:00,2024-04-25 14:17:30+00:00,TABUENCA01-45,Sensoria-C1-EEA1,Right,Gait,1.0.5,40.3878707,-3.629144,CB:AA:BC:3F:36:A5,SCKS,-0.03125,0.988282,-0.019531,-3.36,10.08,66.080002,0.09344,0.756864,-0.224256,308,589,467,0.9889688235657381
2024-04-25 14:16:41.302000+00:00,2024-04-25 14:15:30+00:00,2024-04-25 14:17:30+00:00,TABUENCA01-45,Sensoria-C1-EEA1,Right,Gait,1.0.5,40.3878707,-3.629144,CB:AA:BC:3F:36:A5,SCKS,-0.019531,1.023438,0.019531,2.24,1.12,72.800003,0.09344,0.756864,-0.224256,291,570,489,1.0238106562084612
2024-04-25 14:16:41.309000+00:00,2024-04-25 14:15:30+00:00,2024-04-25 14:17:30+00:00,TABUENCA01-45,Sensoria-C1-E90A,Left,Gait,1.0.5,40.3878707,-3.629144,F0:75:B1:51:59:F6,SCKS,-0.46875,3.249998,-0.09375,-32.48,81.760002,417.76001,0.457856,0.588672,-0.308352,708,542,687,3.284966152794272
2024-04-25 14:16:41.319000+00:00,2024-04-25 14:15:30+00:00,2024-04-25 14:17:30+00:00,TABUENCA01-45,Sensoria-C1-EEA1,Right,Gait,1.0.5,40.3878707,-3.629144,CB:AA:BC:3F:36:A5,SCKS,-0.019531,1.050782,0.0,8.96,-2.24,79.519997,0.102784,0.756864,-0.214912,268,547,523,1.050963496742394
2024-04-25 14:16:41.342000+00:00,2024-04-25 14:15:30+00:00,2024-04-25 14:17:30+00:00,TABUENCA01-45,Sensoria-C1-E90A,Left,Gait,1.0.5,40.3878707,-3.629144,F0:75:B1:51:59:F6,SCKS,-1.749999,2.249999,-1.156249,2.24,107.520004,306.880005,0.495232,0.532608,-0.32704,708,540,688,3.076020765535077
2024-04-25 14:16:41.351000+00:00,2024-04-25 14:15:30+00:00,2024-04-25 14:17:30+00:00,TABUENCA01-45,Sensoria-C1-EEA1,Right,Gait,1.0.5,40.3878707,-3.629144,CB:AA:BC:3F:36:A5,SCKS,-0.019531,1.109376,0.035156,6.72,-4.48,86.239998,0.112128,0.766208,-0.224256,250,524,565,1.1101047309479406
2024-04-25 14:16:41.367000+00:00,2024-04-25 14:15:30+00:00,2024-04-25 14:17:30+00:00,TABUENCA01-45,Sensoria-C1-EEA1,Right,Gait,1.0.5,40.3878707,-3.629144,CB:AA:BC:3F:36:A5,SCKS,-0.09375,1.187501,0.136719,2.24,-6.72,99.68,0.130816,0.766208,-0.2336,232,502,610,1.1990161685573717
2024-04-25 14:16:41.375000+00:00,2024-04-25 14:15:30+00:00,2024-04-25 14:17:30+00:00,TABUENCA01-45,Sensoria-C1-E90A,Left,Gait,1.0.5,40.3878707,-3.629144,F0:75:B1:51:59:F6,SCKS,-3.624998,1.374999,-0.5625,6.72,-99.68,132.160004,0.51392,0.4672,-0.317696,704,540,694,3.917606284455471
2024-04-25 14:16:41.383000+00:00,2024-04-25 14:15:30+00:00,2024-04-25 14:17:30+00:00,TABUENCA01-45,Sensoria-C1-EEA1,Right,Gait,1.0.5,40.3878707,-3.629144,CB:AA:BC:3F:36:A5,SCKS,-0.097656,1.289063,0.132813,8.96,-23.52,114.239998,0.130816,0.766208,-0.2336,217,483,644,1.2995612356768727
2024-04-25 14:16:41.407000+00:00,2024-04-25 14:15:30+00:00,2024-04-25 14:17:30+00:00,TABUENCA01-45,Sensoria-C1-E90A,Left,Gait,1.0.5,40.3878707,-3.629144,F0:75:B1:51:59:F6,SCKS,-1.562499,2.468749,0.0,23.52,-14.56,-99.68,0.504576,0.485888,-0.308352,702,540,694,2.921664722380376
2024-04-25 14:16:41.416000+00:00,2024-04-25 14:15:30+00:00,2024-04-25 14:17:30+00:00,TABUENCA01-45,Sensoria-C1-EEA1,Right,Gait,1.0.5,40.3878707,-3.629144,CB:AA:BC:3F:36:A5,SCKS,-0.132813,1.363282,0.066406,-2.24,-30.24,131.039993,0.14016,0.775552,-0.214912,204,472,666,1.3713449096886605
2024-04-25 14:16:41.432000+00:00,2024-04-25 14:15:30+00:00,2024-04-25 14:17:30+00:00,TABUENCA01-45,Sensoria-C1-EEA1,Right,Gait,1.0.5,40.3878707,-3.629144,CB:AA:BC:3F:36:A5,SCKS,-0.191406,1.527345,-0.191406,-14.56,-28.0,147.839996,0.158848,0.775552,-0.224256,198,467,682,1.5511464349625408
2024-04-25 14:16:41.440000+00:00,2024-04-25 14:15:30+00:00,2024-04-25 14:17:30+00:00,TABUENCA01-45,Sensoria-C1-E90A,Left,Gait,1.0.5,40.3878707,-3.629144,F0:75:B1:51:59:F6,SCKS,2.187499,0.5,0.9375,48.16,107.520004,-118.720001,0.504576,0.51392,-0.32704,705,542,660,2.4318836577848457
2024-04-25 14:16:41.449000+00:00,2024-04-25 14:15:30+00:00,2024-04-25 14:17:30+00:00,TABUENCA01-45,Sensoria-C1-EEA1,Right,Gait,1.0.5,40.3878707,-3.629144,CB:AA:BC:3F:36:A5,SCKS,-0.320313,1.816408,-0.132813,-24.639999,-6.72,169.119995,0.18688,0.784896,-0.224256,191,475,690,1.849210029553701
2024-04-25 14:16:41.464000+00:00,2024-04-25 14:15:30+00:00,2024-04-25 14:17:30+00:00,TABUENCA01-45,Sensoria-C1-EEA1,Right,Gait,1.0.5,40.3878707,-3.629144,CB:AA:BC:3F:36:A5,SCKS,-0.941407,1.996095,0.414063,-41.439999,44.799999,211.680008,0.224256,0.79424,-0.224256,194,493,692,2.245459987762641
2024-04-25 14:16:41.472000+00:00,2024-04-25 14:15:30+00:00,2024-04-25 14:17:30+00:00,TABUENCA01-45,Sensoria-C1-E90A,Left,Gait,1.0.5,40.3878707,-3.629144,F0:75:B1:51:59:F6,SCKS,-0.75,1.843749,0.28125,99.68,81.760002,-210.559998,0.4672,0.56064,-0.355072,703,548,548,2.010226837324833
2024-04-25 14:16:41.481000+00:00,2024-04-25 14:15:30+00:00,2024-04-25 14:17:30+00:00,TABUENCA01-45,Sensoria-C1-EEA1,Right,Gait,1.0.5,40.3878707,-3.629144,CB:AA:BC:3F:36:A5,SCKS,-1.234376,1.996095,0.523438,-56.0,63.84,243.040009,0.224256,0.79424,-0.224256,213,509,694,2.404592834191477
2024-04-25 14:16:41.505000+00:00,2024-04-25 14:15:30+00:00,2024-04-25 14:17:30+00:00,TABUENCA01-45,Sensoria-C1-E90A,Left,Gait,1.0.5,40.3878707,-3.629144,F0:75:B1:51:59:F6,SCKS,-0.375,1.874999,0.5625,76.160004,-26.880001,-210.559998,0.457856,0.598016,-0.345728,704,553,421,1.9931513991669072
2024-04-25 14:16:41.514000+00:00,2024-04-25 14:15:30+00:00,2024-04-25 14:17:30+00:00,TABUENCA01-45,Sensoria-C1-EEA1,Right,Gait,1.0.5,40.3878707,-3.629144,CB:AA:BC:3F:36:A5,SCKS,-0.386719,1.996095,-0.257813,-24.639999,-4.48,280.0,0.270976,0.79424,-0.242944,251,542,694,2.049491248323593
2024-04-25 14:16:41.530000+00:00,2024-04-25 14:15:30+00:00,2024-04-25 14:17:30+00:00,TABUENCA01-45,Sensoria-C1-EEA1,Right,Gait,1.0.5,40.3878707,-3.629144,CB:AA:BC:3F:36:A5,SCKS,-0.875001,1.996095,-0.691407,-13.440001,-53.760002,304.640015,0.32704,0.79424,-0.242944,307,594,693,2.2864963675184353
2024-04-25 14:16:41.537000+00:00,2024-04-25 14:15:30+00:00,2024-04-25 14:17:30+00:00,TABUENCA01-45,Sensoria-C1-E90A,Left,Gait,1.0.5,40.3878707,-3.629144,F0:75:B1:51:59:F6,SCKS,-0.125,1.062499,-0.34375,97.440002,6.72,-141.119995,0.401792,0.663424,-0.299008,691,556,373,1.1236962167334195
2024-04-25 14:16:41.546000+00:00,2024-04-25 14:15:30+00:00,2024-04-25 14:17:30+00:00,TABUENCA01-45,Sensoria-C1-EEA1,Right,Gait,1.0.5,40.3878707,-3.629144,CB:AA:BC:3F:36:A5,SCKS,-0.585938,1.156251,-0.554688,19.040001,-85.120003,314.720001,0.37376,0.79424,-0.2336,375,646,692,1.4099356340588742
2024-04-25 14:16:41.562000+00:00,2024-04-25 14:15:30+00:00,2024-04-25 14:17:30+00:00,TABUENCA01-45,Sensoria-C1-EEA1,Right,Gait,1.0.5,40.3878707,-3.629144,CB:AA:BC:3F:36:A5,SCKS,-0.503907,0.335938,-0.453125,22.4,-4.48,228.479996,0.411136,0.784896,-0.224256,435,682,693,0.7563721769856424
2024-04-25 14:16:41.570000+00:00,2024-04-25 14:15:30+00:00,2024-04-25 14:17:30+00:00,TABUENCA01-45,Sensoria-C1-E90A,Left,Gait,1.0.5,40.3878707,-3.629144,F0:75:B1:51:59:F6,SCKS,-0.09375,0.9375,-0.21875,22.4,-52.639999,-72.800003,0.392448,0.672768,-0.299008,666,542,349,0.967236721283885
2024-04-25 14:16:41.579000+00:00,2024-04-25 14:15:30+00:00,2024-04-25 14:17:30+00:00,TABUENCA01-45,Sensoria-C1-EEA1,Right,Gait,1.0.5,40.3878707,-3.629144,CB:AA:BC:3F:36:A5,SCKS,0.28125,0.886719,-0.777344,32.48,117.599998,133.279999,0.439168,0.784896,-0.2336,466,697,694,1.2122853796845856
2024-04-25 14:16:41.586000+00:00,2024-04-25 14:15:30+00:00,2024-04-25 14:17:30+00:00,TABUENCA01-45,Sensoria-C1-E90A,Left,Gait,1.0.5,40.3878707,-3.629144,F0:75:B1:51:59:F6,SCKS,0.09375,1.031249,-0.125,15.68,-33.599998,-28.0,0.383104,0.682112,-0.299008,642,516,340,1.0430189655519213
2024-04-25 14:16:41.611000+00:00,2024-04-25 14:15:30+00:00,2024-04-25 14:17:30+00:00,TABUENCA01-45,Sensoria-C1-EEA1,Right,Gait,1.0.5,40.3878707,-3.629144,CB:AA:BC:3F:36:A5,SCKS,-1.523439,0.328125,-0.398438,-7.84,194.880005,-13.440001,0.439168,0.784896,-0.2336,481,708,691,1.6085040385992195
2024-04-25 14:16:41.618000+00:00,2024-04-25 14:15:30+00:00,2024-04-25 14:17:30+00:00,TABUENCA01-45,Sensoria-C1-E90A,Left,Gait,1.0.5,40.3878707,-3.629144,F0:75:B1:51:59:F6,SCKS,0.1875,0.999999,-0.15625,3.36,-30.24,-21.280001,0.37376,0.691456,-0.289664,612,487,360,1.0293533467672797
2024-04-25 14:16:41.627000+00:00,2024-04-25 14:15:30+00:00,2024-04-25 14:17:30+00:00,TABUENCA01-45,Sensoria-C1-EEA1,Right,Gait,1.0.5,40.3878707,-3.629144,CB:AA:BC:3F:36:A5,SCKS,-1.175782,0.117188,-0.035156,-32.48,128.800003,-67.199997,0.439168,0.784896,-0.252288,487,713,691,1.1821304002537114
2024-04-25 14:16:41.643000+00:00,2024-04-25 14:15:30+00:00,2024-04-25 14:17:30+00:00,TABUENCA01-45,Sensoria-C1-EEA1,Right,Gait,1.0.5,40.3878707,-3.629144,CB:AA:BC:3F:36:A5,SCKS,-0.585938,-0.128906,0.050781,6.72,54.880001,-101.919998,0.42048,0.79424,-0.270976,491,715,687,0.602095346802315
2024-04-25 14:16:41.651000+00:00,2024-04-25 14:15:30+00:00,2024-04-25 14:17:30+00:00,TABUENCA01-45,Sensoria-C1-E90A,Left,Gait,1.0.5,40.3878707,-3.629144,F0:75:B1:51:59:F6,SCKS,0.15625,0.9375,-0.28125,3.36,-34.720001,-31.360001,0.364416,0.7008,-0.28032,596,468,401,0.9911719704471066
2024-04-25 14:16:41.660000+00:00,2024-04-25 14:15:30+00:00,2024-04-25 14:17:30+00:00,TABUENCA01-45,Sensoria-C1-EEA1,Right,Gait,1.0.5,40.3878707,-3.629144,CB:AA:BC:3F:36:A5,SCKS,-0.496094,-0.007813,-0.015625,39.200001,33.599998,-152.320007,0.401792,0.79424,-0.242944,491,715,688,0.4964014911641584
2024-04-25 14:16:41.684000+00:00,2024-04-25 14:15:30+00:00,2024-04-25 14:17:30+00:00,TABUENCA01-45,Sensoria-C1-E90A,Left,Gait,1.0.5,40.3878707,-3.629144,F0:75:B1:51:59:F6,SCKS,0.09375,0.9375,-0.21875,3.36,-54.880001,-31.360001,0.37376,0.7008,-0.270976,577,448,453,0.967236721283885
2024-04-25 14:16:41.692000+00:00,2024-04-25 14:15:30+00:00,2024-04-25 14:17:30+00:00,TABUENCA01-45,Sensoria-C1-EEA1,Right,Gait,1.0.5,40.3878707,-3.629144,CB:AA:BC:3F:36:A5,SCKS,-0.613282,0.257813,-0.054688,42.560001,20.16,-202.720001,0.364416,0.803584,-0.252288,492,714,687,0.6675126454510056
2024-04-25 14:16:41.716000+00:00,2024-04-25 14:15:30+00:00,2024-04-25 14:17:30+00:00,TABUENCA01-45,Sensoria-C1-E90A,Left,Gait,1.0.5,40.3878707,-3.629144,F0:75:B1:51:59:F6,SCKS,0.09375,0.968749,-0.25,6.72,-58.240002,-31.360001,0.364416,0.710144,-0.270976,560,423,505,1.0048699853717395
2024-04-25 14:16:41.724000+00:00,2024-04-25 14:15:30+00:00,2024-04-25 14:17:30+00:00,TABUENCA01-45,Sensoria-C1-EEA1,Right,Gait,1.0.5,40.3878707,-3.629144,CB:AA:BC:3F:36:A5,SCKS,-0.570313,0.386719,0.019531,39.200001,-4.48,-246.399994,0.364416,0.803584,-0.252288,490,713,685,0.6893402373944234
2024-04-25 14:16:41.725000+00:00,2024-04-25 14:15:30+00:00,2024-04-25 14:17:30+00:00,TABUENCA01-45,Sensoria-C1-EEA1,Right,Gait,1.0.5,40.3878707,-3.629144,CB:AA:BC:3F:36:A5,SCKS,-0.507813,0.53125,0.046875,43.68,-26.880001,-285.600006,0.317696,0.803584,-0.242944,490,714,685,0.7364087663071373
2024-04-25 14:16:41.741000+00:00,2024-04-25 14:15:30+00:00,2024-04-25 14:17:30+00:00,TABUENCA01-45,Sensoria-C1-EEA1,Right,Gait,1.0.5,40.3878707,-3.629144,CB:AA:BC:3F:36:A5,SCKS,-0.515625,0.781251,0.042969,47.040001,-38.080002,-315.839996,0.261632,0.803584,-0.2336,490,711,684,0.9370531471517504
2024-04-25 14:16:41.748000+00:00,2024-04-25 14:15:30+00:00,2024-04-25 14:17:30+00:00,TABUENCA01-45,Sensoria-C1-E90A,Left,Gait,1.0.5,40.3878707,-3.629144,F0:75:B1:51:59:F6,SCKS,0.0625,0.968749,-0.21875,5.6,-39.200001,-38.080002,0.345728,0.719488,-0.270976,543,397,554,0.9951042344905382
2024-04-25 14:16:41.774000+00:00,2024-04-25 14:15:30+00:00,2024-04-25 14:17:30+00:00,TABUENCA01-45,Sensoria-C1-EEA1,Right,Gait,1.0.5,40.3878707,-3.629144,CB:AA:BC:3F:36:A5,SCKS,-0.507813,1.097657,0.03125,43.68,-41.439999,-355.040009,0.205568,0.79424,-0.2336,491,711,683,1.2098353173543912
2024-04-25 14:16:41.780000+00:00,2024-04-25 14:15:30+00:00,2024-04-25 14:17:30+00:00,TABUENCA01-45,Sensoria-C1-E90A,Left,Gait,1.0.5,40.3878707,-3.629144,F0:75:B1:51:59:F6,SCKS,0.0,0.9375,-0.21875,2.24,-35.84,-41.439999,0.336384,0.719488,-0.252288,527,373,595,0.9626826125468352
2024-04-25 14:16:41.789000+00:00,2024-04-25 14:15:30+00:00,2024-04-25 14:17:30+00:00,TABUENCA01-45,Sensoria-C1-EEA1,Right,Gait,1.0.5,40.3878707,-3.629144,CB:AA:BC:3F:36:A5,SCKS,-0.441407,1.613282,0.0625,28.0,-31.360001,-376.320007,0.130816,0.766208,-0.224256,489,710,683,1.6737458591951768
2024-04-25 14:16:41.805000+00:00,2024-04-25 14:15:30+00:00,2024-04-25 14:17:30+00:00,TABUENCA01-45,Sensoria-C1-EEA1,Right,Gait,1.0.5,40.3878707,-3.629144,CB:AA:BC:3F:36:A5,SCKS,-0.46875,1.996095,0.128906,12.32,-8.96,-390.880005,0.130816,0.766208,-0.224256,490,710,683,2.054443615279086
2024-04-25 14:16:41.813000+00:00,2024-04-25 14:15:30+00:00,2024-04-25 14:17:30+00:00,TABUENCA01-45,Sensoria-C1-E90A,Left,Gait,1.0.5,40.3878707,-3.629144,F0:75:B1:51:59:F6,SCKS,0.0,0.9375,-0.1875,2.24,-35.84,-45.920002,0.32704,0.728832,-0.252288,509,346,629,0.9560661587986472
2024-04-25 14:16:41.822000+00:00,2024-04-25 14:15:30+00:00,2024-04-25 14:17:30+00:00,TABUENCA01-45,Sensoria-C1-EEA1,Right,Gait,1.0.5,40.3878707,-3.629144,CB:AA:BC:3F:36:A5,SCKS,-0.382813,1.996095,0.242188,20.16,-16.799999,-402.079987,0.074752,0.738176,-0.214912,491,708,682,2.0468502801470363
2024-04-25 14:16:41.838000+00:00,2024-04-25 14:15:30+00:00,2024-04-25 14:17:30+00:00,TABUENCA01-45,Sensoria-C1-EEA1,Right,Gait,1.0.5,40.3878707,-3.629144,CB:AA:BC:3F:36:A5,SCKS,0.136719,1.996095,0.019531,49.279999,-71.68,-414.399994,0.018688,0.691456,-0.2336,489,707,683,2.000867010559922
2024-04-25 14:16:41.846000+00:00,2024-04-25 14:15:30+00:00,2024-04-25 14:17:30+00:00,TABUENCA01-45,Sensoria-C1-E90A,Left,Gait,1.0.5,40.3878707,-3.629144,F0:75:B1:51:59:F6,SCKS,-0.03125,0.968749,-0.15625,0.0,-31.360001,-47.040001,0.32704,0.738176,-0.261632,490,320,653,0.9817663927844545
2024-04-25 14:16:41.870000+00:00,2024-04-25 14:15:30+00:00,2024-04-25 14:17:30+00:00,TABUENCA01-45,Sensoria-C1-EEA1,Right,Gait,1.0.5,40.3878707,-3.629144,CB:AA:BC:3F:36:A5,SCKS,0.902344,1.996095,0.132813,22.4,-67.199997,-409.920013,-0.028032,0.635392,-0.224256,489,709,681,2.194597739069737
2024-04-25 14:16:41.878000+00:00,2024-04-25 14:15:30+00:00,2024-04-25 14:17:30+00:00,TABUENCA01-45,Sensoria-C1-E90A,Left,Gait,1.0.5,40.3878707,-3.629144,F0:75:B1:51:59:F6,SCKS,0.0,1.031249,-0.15625,-4.48,-30.24,-49.279999,0.308352,0.738176,-0.261632,469,296,670,1.0430189655519213
2024-04-25 14:16:41.887000+00:00,2024-04-25 14:15:30+00:00,2024-04-25 14:17:30+00:00,TABUENCA01-45,Sensoria-C1-EEA1,Right,Gait,1.0.5,40.3878707,-3.629144,CB:AA:BC:3F:36:A5,SCKS,1.988283,1.996095,-0.972657,36.959999,-61.599998,-361.76001,-0.074752,0.588672,-0.252288,490,708,683,2.980558031101391
2024-04-25 14:16:41.903000+00:00,2024-04-25 14:15:30+00:00,2024-04-25 14:17:30+00:00,TABUENCA01-45,Sensoria-C1-EEA1,Right,Gait,1.0.5,40.3878707,-3.629144,CB:AA:BC:3F:36:A5,SCKS,1.996095,1.367188,0.035156,63.84,-10.08,-200.479996,-0.074752,0.588672,-0.252288,490,709,685,2.4196764702548563
2024-04-25 14:16:41.911000+00:00,2024-04-25 14:15:30+00:00,2024-04-25 14:17:30+00:00,TABUENCA01-45,Sensoria-C1-E90A,Left,Gait,1.0.5,40.3878707,-3.629144,F0:75:B1:51:59:F6,SCKS,0.03125,1.093749,-0.15625,-7.84,-29.120001,-62.720001,0.289664,0.756864,-0.252288,451,278,685,1.1052952094354704
2024-04-25 14:16:41.920000+00:00,2024-04-25 14:15:30+00:00,2024-04-25 14:17:30+00:00,TABUENCA01-45,Sensoria-C1-EEA1,Right,Gait,1.0.5,40.3878707,-3.629144,CB:AA:BC:3F:36:A5,SCKS,1.996095,1.996095,0.496094,57.119999,58.240002,-80.639999,-0.084096,0.551296,-0.242944,490,710,689,2.866164641971218
2024-04-25 14:16:41.927000+00:00,2024-04-25 14:15:30+00:00,2024-04-25 14:17:30+00:00,TABUENCA01-45,Sensoria-C1-E90A,Left,Gait,1.0.5,40.3878707,-3.629144,F0:75:B1:51:59:F6,SCKS,0.0625,1.187499,-0.03125,-11.2,-24.639999,-88.480003,0.270976,0.766208,-0.2336,436,263,694,1.1895531461439628
2024-04-25 14:16:41.952000+00:00,2024-04-25 14:15:30+00:00,2024-04-25 14:17:30+00:00,TABUENCA01-45,Sensoria-C1-EEA1,Right,Gait,1.0.5,40.3878707,-3.629144,CB:AA:BC:3F:36:A5,SCKS,1.996095,1.996095,0.65625,-7.84,-5.6,92.959999,-0.084096,0.541952,-0.214912,487,711,692,2.89818125046554
2024-04-25 14:16:41.959000+00:00,2024-04-25 14:15:30+00:00,2024-04-25 14:17:30+00:00,TABUENCA01-45,Sensoria-C1-E90A,Left,Gait,1.0.5,40.3878707,-3.629144,F0:75:B1:51:59:F6,SCKS,0.125,1.531249,-0.28125,-8.96,-13.440001,-145.600006,0.224256,0.784896,-0.252288,436,268,700,1.5618738945577522
2024-04-25 14:16:41.968000+00:00,2024-04-25 14:15:30+00:00,2024-04-25 14:17:30+00:00,TABUENCA01-45,Sensoria-C1-EEA1,Right,Gait,1.0.5,40.3878707,-3.629144,CB:AA:BC:3F:36:A5,SCKS,-1.812501,0.812501,-0.375,14.56,-134.399994,142.240005,-0.074752,0.56064,-0.242944,489,710,685,2.021371502223676
2024-04-25 14:16:41.985000+00:00,2024-04-25 14:15:30+00:00,2024-04-25 14:17:30+00:00,TABUENCA01-45,Sensoria-C1-EEA1,Right,Gait,1.0.5,40.3878707,-3.629144,CB:AA:BC:3F:36:A5,SCKS,-1.859376,0.734376,1.257813,39.200001,-161.279999,134.399994,-0.074752,0.588672,-0.252288,497,713,654,2.36192310664869
2024-04-25 14:16:41.992000+00:00,2024-04-25 14:15:30+00:00,2024-04-25 14:17:30+00:00,TABUENCA01-45,Sensoria-C1-E90A,Left,Gait,1.0.5,40.3878707,-3.629144,F0:75:B1:51:59:F6,SCKS,0.40625,1.874999,-0.21875,-13.440001,-17.92,-179.199997,0.196224,0.79424,-0.261632,484,309,699,1.9309354921905082
2024-04-25 14:16:42.001000+00:00,2024-04-25 14:15:30+00:00,2024-04-25 14:17:30+00:00,TABUENCA01-45,Sensoria-C1-EEA1,Right,Gait,1.0.5,40.3878707,-3.629144,CB:AA:BC:3F:36:A5,SCKS,0.765626,1.996095,0.304688,77.279999,-127.68,248.639999,-0.065408,0.626048,-0.28032,510,720,549,2.1594937365607243
2024-04-25 14:16:42.025000+00:00,2024-04-25 14:15:30+00:00,2024-04-25 14:17:30+00:00,TABUENCA01-45,Sensoria-C1-E90A,Left,Gait,1.0.5,40.3878707,-3.629144,F0:75:B1:51:59:F6,SCKS,0.875,2.406249,-0.09375,-25.76,-43.68,-184.800003,0.158848,0.803584,-0.270976,525,345,697,2.562117934932153
2024-04-25 14:16:42.033000+00:00,2024-04-25 14:15:30+00:00,2024-04-25 14:17:30+00:00,TABUENCA01-45,Sensoria-C1-EEA1,Right,Gait,1.0.5,40.3878707,-3.629144,CB:AA:BC:3F:36:A5,SCKS,0.285156,1.57422,-0.28125,60.48,38.080002,234.080002,-0.04672,0.65408,-0.28032,512,723,464,1.6243719140750987
2024-04-25 14:16:42.050000+00:00,2024-04-25 14:15:30+00:00,2024-04-25 14:17:30+00:00,TABUENCA01-45,Sensoria-C1-EEA1,Right,Gait,1.0.5,40.3878707,-3.629144,CB:AA:BC:3F:36:A5,SCKS,0.257813,1.332032,-0.238281,39.200001,36.959999,202.720001,-0.018688,0.682112,-0.261632,511,721,407,1.3775175595810023
2024-04-25 14:16:42.057000+00:00,2024-04-25 14:15:30+00:00,2024-04-25 14:17:30+00:00,TABUENCA01-45,Sensoria-C1-E90A,Left,Gait,1.0.5,40.3878707,-3.629144,F0:75:B1:51:59:F6,SCKS,0.53125,2.218749,-0.3125,-57.119999,-107.520004,-208.320007,0.121472,0.803584,-0.28032,564,386,696,2.3027657148526854
2024-04-25 14:16:42.066000+00:00,2024-04-25 14:15:30+00:00,2024-04-25 14:17:30+00:00,TABUENCA01-45,Sensoria-C1-EEA1,Right,Gait,1.0.5,40.3878707,-3.629144,CB:AA:BC:3F:36:A5,SCKS,0.082031,0.875001,-0.164063,17.92,22.4,137.759995,-0.018688,0.682112,-0.261632,500,725,374,0.8940204152764074
2024-04-25 14:16:42.082000+00:00,2024-04-25 14:15:30+00:00,2024-04-25 14:17:30+00:00,TABUENCA01-45,Sensoria-C1-EEA1,Right,Gait,1.0.5,40.3878707,-3.629144,CB:AA:BC:3F:36:A5,SCKS,-0.019531,0.949219,0.035156,0.0,39.200001,114.239998,0.0,0.7008,-0.270976,485,725,353,0.9500705838294332
2024-04-25 14:16:42.090000+00:00,2024-04-25 14:15:30+00:00,2024-04-25 14:17:30+00:00,TABUENCA01-45,Sensoria-C1-E90A,Left,Gait,1.0.5,40.3878707,-3.629144,F0:75:B1:51:59:F6,SCKS,0.8125,2.218749,-1.093749,-11.2,-88.480003,-262.079987,0.074752,0.812928,-0.28032,614,452,701,2.603707020769042
2024-04-25 14:16:42.098000+00:00,2024-04-25 14:15:30+00:00,2024-04-25 14:17:30+00:00,TABUENCA01-45,Sensoria-C1-EEA1,Right,Gait,1.0.5,40.3878707,-3.629144,CB:AA:BC:3F:36:A5,SCKS,-0.121094,1.003907,-0.097656,-1.12,22.4,90.720001,0.009344,0.719488,-0.252288,469,718,340,1.0158886335721058
2024-04-25 14:16:42.122000+00:00,2024-04-25 14:15:30+00:00,2024-04-25 14:17:30+00:00,TABUENCA01-45,Sensoria-C1-E90A,Left,Gait,1.0.5,40.3878707,-3.629144,F0:75:B1:51:59:F6,SCKS,-0.4375,0.375,-0.46875,32.48,-60.48,-132.160004,-0.009344,0.79424,-0.261632,684,531,704,0.7428040202502946
2024-04-25 14:16:42.131000+00:00,2024-04-25 14:15:30+00:00,2024-04-25 14:17:30+00:00,TABUENCA01-45,Sensoria-C1-EEA1,Right,Gait,1.0.5,40.3878707,-3.629144,CB:AA:BC:3F:36:A5,SCKS,-0.039063,0.980469,0.046875,-4.48,14.56,70.559998,0.009344,0.719488,-0.242944,457,706,335,0.9823658399776533
2024-04-25 14:16:42.147000+00:00,2024-04-25 14:15:30+00:00,2024-04-25 14:17:30+00:00,TABUENCA01-45,Sensoria-C1-EEA1,Right,Gait,1.0.5,40.3878707,-3.629144,CB:AA:BC:3F:36:A5,SCKS,-0.082031,1.011719,0.070313,4.48,4.48,52.639999,0.028032,0.719488,-0.242944,444,691,336,1.0174715415632027
2024-04-25 14:16:42.163000+00:00,2024-04-25 14:15:30+00:00,2024-04-25 14:17:30+00:00,TABUENCA01-45,Sensoria-C1-EEA1,Right,Gait,1.0.5,40.3878707,-3.629144,CB:AA:BC:3F:36:A5,SCKS,-0.082031,1.015626,-0.027344,3.36,7.84,43.68,0.028032,0.719488,-0.242944,429,678,338,1.0193002262204203
2024-04-25 14:16:42.171000+00:00,2024-04-25 14:15:30+00:00,2024-04-25 14:17:30+00:00,TABUENCA01-45,Sensoria-C1-E90A,Left,Gait,1.0.5,40.3878707,-3.629144,F0:75:B1:51:59:F6,SCKS,1.031249,0.3125,-0.21875,29.120001,-164.639999,45.920002,-0.018688,0.803584,-0.261632,701,541,701,1.099537317466306
2024-04-25 14:16:42.180000+00:00,2024-04-25 14:15:30+00:00,2024-04-25 14:17:30+00:00,TABUENCA01-45,Sensoria-C1-EEA1,Right,Gait,1.0.5,40.3878707,-3.629144,CB:AA:BC:3F:36:A5,SCKS,-0.117188,1.000001,0.039063,1.12,11.2,36.959999,0.028032,0.728832,-0.242944,418,665,347,1.0076015806428649
2024-04-25 14:16:42.187000+00:00,2024-04-25 14:15:30+00:00,2024-04-25 14:17:30+00:00,TABUENCA01-45,Sensoria-C1-E90A,Left,Gait,1.0.5,40.3878707,-3.629144,F0:75:B1:51:59:F6,SCKS,0.875,0.03125,-0.03125,1.12,-13.440001,128.800003,-0.009344,0.803584,-0.289664,707,544,700,0.8761153605547617
2024-04-25 14:16:42.212000+00:00,2024-04-25 14:15:30+00:00,2024-04-25 14:17:30+00:00,TABUENCA01-45,Sensoria-C1-EEA1,Right,Gait,1.0.5,40.3878707,-3.629144,CB:AA:BC:3F:36:A5,SCKS,-0.085938,1.015626,-0.128906,1.12,10.08,38.080002,0.037376,0.728832,-0.242944,406,655,360,1.027374453914443
2024-04-25 14:16:42.220000+00:00,2024-04-25 14:15:30+00:00,2024-04-25 14:17:30+00:00,TABUENCA01-45,Sensoria-C1-E90A,Left,Gait,1.0.5,40.3878707,-3.629144,F0:75:B1:51:59:F6,SCKS,0.28125,0.0625,-0.03125,14.56,45.920002,174.720001,0.018688,0.803584,-0.28032,710,543,699,0.28980057798424075
2024-04-25 14:16:42.228000+00:00,2024-04-25 14:15:30+00:00,2024-04-25 14:17:30+00:00,TABUENCA01-45,Sensoria-C1-EEA1,Right,Gait,1.0.5,40.3878707,-3.629144,CB:AA:BC:3F:36:A5,SCKS,-0.078125,0.957032,-0.085938,-6.72,21.280001,40.32,0.04672,0.728832,-0.2336,395,648,377,0.9640534759508935
2024-04-25 14:16:42.245000+00:00,2024-04-25 14:15:30+00:00,2024-04-25 14:17:30+00:00,TABUENCA01-45,Sensoria-C1-EEA1,Right,Gait,1.0.5,40.3878707,-3.629144,CB:AA:BC:3F:36:A5,SCKS,-0.0625,0.972657,-0.066406,-8.96,26.880001,40.32,0.056064,0.738176,-0.2336,382,642,398,0.9769225386308783
2024-04-25 14:16:42.252000+00:00,2024-04-25 14:15:30+00:00,2024-04-25 14:17:30+00:00,TABUENCA01-45,Sensoria-C1-E90A,Left,Gait,1.0.5,40.3878707,-3.629144,F0:75:B1:51:59:F6,SCKS,0.40625,0.375,-0.1875,35.84,53.760002,244.160004,0.09344,0.812928,-0.252288,708,542,698,0.5837981778834189
2024-04-25 14:16:42.261000+00:00,2024-04-25 14:15:30+00:00,2024-04-25 14:17:30+00:00,TABUENCA01-45,Sensoria-C1-EEA1,Right,Gait,1.0.5,40.3878707,-3.629144,CB:AA:BC:3F:36:A5,SCKS,-0.039063,0.968751,-0.011719,-8.96,34.720001,39.200001,0.056064,0.738176,-0.2336,370,632,419,0.9696090722198303
2024-04-25 14:16:42.277000+00:00,2024-04-25 14:15:30+00:00,2024-04-25 14:17:30+00:00,TABUENCA01-45,Sensoria-C1-EEA1,Right,Gait,1.0.5,40.3878707,-3.629144,CB:AA:BC:3F:36:A5,SCKS,-0.082031,0.988282,-0.023438,-6.72,32.48,36.959999,0.056064,0.738176,-0.242944,357,627,438,0.9919575274824018
2024-04-25 14:16:42.285000+00:00,2024-04-25 14:15:30+00:00,2024-04-25 14:17:30+00:00,TABUENCA01-45,Sensoria-C1-E90A,Left,Gait,1.0.5,40.3878707,-3.629144,F0:75:B1:51:59:F6,SCKS,0.3125,0.625,-0.09375,15.68,58.240002,287.839996,0.14016,0.803584,-0.252288,708,542,698,0.7050321357924049
2024-04-25 14:16:42.300000+00:00,2024-04-25 14:15:30+00:00,2024-04-25 14:17:30+00:00,TABUENCA01-45,Sensoria-C1-E90A,Left,Gait,1.0.5,40.3878707,-3.629144,F0:75:B1:51:59:F6,SCKS,0.28125,0.90625,-0.0625,10.08,57.119999,340.480011,0.196224,0.79424,-0.252288,706,540,696,0.9509452534189337
2024-04-25 14:16:42.310000+00:00,2024-04-25 14:15:30+00:00,2024-04-25 14:17:30+00:00,TABUENCA01-45,Sensoria-C1-EEA1,Right,Gait,1.0.5,40.3878707,-3.629144,CB:AA:BC:3F:36:A5,SCKS,-0.050781,0.976563,-0.050781,-5.6,25.76,41.439999,0.065408,0.738176,-0.224256,347,616,458,0.9792000372196683
2024-04-25 14:16:42.326000+00:00,2024-04-25 14:15:30+00:00,2024-04-25 14:17:30+00:00,TABUENCA01-45,Sensoria-C1-EEA1,Right,Gait,1.0.5,40.3878707,-3.629144,CB:AA:BC:3F:36:A5,SCKS,-0.039063,0.968751,-0.027344,-5.6,24.639999,45.920002,0.074752,0.738176,-0.2336,332,605,480,0.9699237662342335
2024-04-25 14:16:42.334000+00:00,2024-04-25 14:15:30+00:00,2024-04-25 14:17:30+00:00,TABUENCA01-45,Sensoria-C1-E90A,Left,Gait,1.0.5,40.3878707,-3.629144,F0:75:B1:51:59:F6,SCKS,0.40625,1.406249,-0.0625,-3.36,41.439999,387.519989,0.261632,0.766208,-0.261632,708,540,695,1.4650875613767937
2024-04-25 14:16:42.342000+00:00,2024-04-25 14:15:30+00:00,2024-04-25 14:17:30+00:00,TABUENCA01-45,Sensoria-C1-EEA1,Right,Gait,1.0.5,40.3878707,-3.629144,CB:AA:BC:3F:36:A5,SCKS,-0.074219,0.964844,0.015625,-5.6,23.52,50.400002,0.074752,0.74752,-0.2336,314,592,505,0.9678205127615348
2024-04-25 14:16:42.358000+00:00,2024-04-25 14:15:30+00:00,2024-04-25 14:17:30+00:00,TABUENCA01-45,Sensoria-C1-EEA1,Right,Gait,1.0.5,40.3878707,-3.629144,CB:AA:BC:3F:36:A5,SCKS,-0.078125,1.000001,0.007813,-4.48,17.92,58.240002,0.074752,0.74752,-0.2336,296,578,529,1.0030785405914135
2024-04-25 14:16:42.366000+00:00,2024-04-25 14:15:30+00:00,2024-04-25 14:17:30+00:00,TABUENCA01-45,Sensoria-C1-E90A,Left,Gait,1.0.5,40.3878707,-3.629144,F0:75:B1:51:59:F6,SCKS,0.4375,2.062499,-0.03125,-12.32,43.68,415.519989,0.336384,0.728832,-0.261632,707,540,693,2.108621572852986
2024-04-25 14:16:42.391000+00:00,2024-04-25 14:15:30+00:00,2024-04-25 14:17:30+00:00,TABUENCA01-45,Sensoria-C1-EEA1,Right,Gait,1.0.5,40.3878707,-3.629144,CB:AA:BC:3F:36:A5,SCKS,-0.0625,1.003907,0.042969,-1.12,6.72,67.199997,0.09344,0.74752,-0.2336,277,560,555,1.0067680217458241
2024-04-25 14:16:42.398000+00:00,2024-04-25 14:15:30+00:00,2024-04-25 14:17:30+00:00,TABUENCA01-45,Sensoria-C1-E90A,Left,Gait,1.0.5,40.3878707,-3.629144,F0:75:B1:51:59:F6,SCKS,0.28125,2.906248,-0.15625,0.0,104.160004,436.799988,0.448512,0.616704,-0.289664,706,538,693,2.9240029176633873
2024-04-25 14:16:42.407000+00:00,2024-04-25 14:15:30+00:00,2024-04-25 14:17:30+00:00,TABUENCA01-45,Sensoria-C1-EEA1,Right,Gait,1.0.5,40.3878707,-3.629144,CB:AA:BC:3F:36:A5,SCKS,-0.011719,1.046876,0.085938,2.24,-2.24,75.040001,0.102784,0.756864,-0.224256,258,539,586,1.050462771439807
2024-04-25 14:16:42.424000+00:00,2024-04-25 14:15:30+00:00,2024-04-25 14:17:30+00:00,TABUENCA01-45,Sensoria-C1-EEA1,Right,Gait,1.0.5,40.3878707,-3.629144,CB:AA:BC:3F:36:A5,SCKS,-0.011719,1.066407,0.070313,10.08,-11.2,78.400002,0.112128,0.766208,-0.224256,239,520,616,1.0687867619778046
2024-04-25 14:16:42.431000+00:00,2024-04-25 14:15:30+00:00,2024-04-25 14:17:30+00:00,TABUENCA01-45,Sensoria-C1-E90A,Left,Gait,1.0.5,40.3878707,-3.629144,F0:75:B1:51:59:F6,SCKS,-1.562499,2.406249,-1.562499,-28.0,108.639999,342.720001,0.485888,0.551296,-0.289664,704,539,696,3.2669313583243524
2024-04-25 14:16:42.440000+00:00,2024-04-25 14:15:30+00:00,2024-04-25 14:17:30+00:00,TABUENCA01-45,Sensoria-C1-EEA1,Right,Gait,1.0.5,40.3878707,-3.629144,CB:AA:BC:3F:36:A5,SCKS,-0.078125,1.148438,0.070313,10.08,-14.56,87.360001,0.121472,0.775552,-0.224256,223,503,645,1.153237735004366
2024-04-25 14:16:42.463000+00:00,2024-04-25 14:15:30+00:00,2024-04-25 14:17:30+00:00,TABUENCA01-45,Sensoria-C1-E90A,Left,Gait,1.0.5,40.3878707,-3.629144,F0:75:B1:51:59:F6,SCKS,-4.312498,1.249999,-0.4375,-3.36,-47.040001,144.479996,0.51392,0.4672,-0.317696,702,538,698,4.511268419192655
2024-04-25 14:16:42.472000+00:00,2024-04-25 14:15:30+00:00,2024-04-25 14:17:30+00:00,TABUENCA01-45,Sensoria-C1-EEA1,Right,Gait,1.0.5,40.3878707,-3.629144,CB:AA:BC:3F:36:A5,SCKS,-0.105469,1.218751,0.054688,2.24,-20.16,103.040001,0.121472,0.775552,-0.224256,211,486,668,1.2245278630174161
2024-04-25 14:16:42.488000+00:00,2024-04-25 14:15:30+00:00,2024-04-25 14:17:30+00:00,TABUENCA01-45,Sensoria-C1-EEA1,Right,Gait,1.0.5,40.3878707,-3.629144,CB:AA:BC:3F:36:A5,SCKS,-0.144531,1.35547,0.117188,-13.440001,-29.120001,128.800003,0.14016,0.784896,-0.224256,202,473,685,1.3681816978036945
2024-04-25 14:16:42.496000+00:00,2024-04-25 14:15:30+00:00,2024-04-25 14:17:30+00:00,TABUENCA01-45,Sensoria-C1-E90A,Left,Gait,1.0.5,40.3878707,-3.629144,F0:75:B1:51:59:F6,SCKS,-2.687499,2.062499,-0.1875,4.48,-96.32,-80.639999,0.523264,0.4672,-0.289664,700,539,702,3.39289098704954
2024-04-25 14:16:42.504000+00:00,2024-04-25 14:15:30+00:00,2024-04-25 14:17:30+00:00,TABUENCA01-45,Sensoria-C1-EEA1,Right,Gait,1.0.5,40.3878707,-3.629144,CB:AA:BC:3F:36:A5,SCKS,-0.160156,1.48047,-0.109375,-17.92,-30.24,146.720001,0.158848,0.784896,-0.224256,194,467,697,1.4931189690915456
2024-04-25 14:16:42.521000+00:00,2024-04-25 14:15:30+00:00,2024-04-25 14:17:30+00:00,TABUENCA01-45,Sensoria-C1-EEA1,Right,Gait,1.0.5,40.3878707,-3.629144,CB:AA:BC:3F:36:A5,SCKS,-0.261719,1.69922,-0.011719,-24.639999,-11.2,168.0,0.177536,0.79424,-0.2336,187,469,702,1.7192971756860418
2024-04-25 14:16:42.528000+00:00,2024-04-25 14:15:30+00:00,2024-04-25 14:17:30+00:00,TABUENCA01-45,Sensoria-C1-E90A,Left,Gait,1.0.5,40.3878707,-3.629144,F0:75:B1:51:59:F6,SCKS,4.718748,-0.125,0.84375,50.400002,34.720001,-101.919998,0.51392,0.495232,-0.308352,701,538,682,4.7952186342234695
2024-04-25 14:16:42.537000+00:00,2024-04-25 14:15:30+00:00,2024-04-25 14:17:30+00:00,TABUENCA01-45,Sensoria-C1-EEA1,Right,Gait,1.0.5,40.3878707,-3.629144,CB:AA:BC:3F:36:A5,SCKS,-0.589844,1.996095,0.179688,-35.84,20.16,191.520004,0.214912,0.79424,-0.2336,189,482,703,2.08916226528841
2024-04-25 14:16:42.560000+00:00,2024-04-25 14:15:30+00:00,2024-04-25 14:17:30+00:00,TABUENCA01-45,Sensoria-C1-E90A,Left,Gait,1.0.5,40.3878707,-3.629144,F0:75:B1:51:59:F6,SCKS,-0.71875,1.687499,0.3125,85.120003,152.320007,-255.360001,0.495232,0.532608,-0.317696,703,544,617,1.8606210488707797
2024-04-25 14:16:42.569000+00:00,2024-04-25 14:15:30+00:00,2024-04-25 14:17:30+00:00,TABUENCA01-45,Sensoria-C1-EEA1,Right,Gait,1.0.5,40.3878707,-3.629144,CB:AA:BC:3F:36:A5,SCKS,-1.160157,1.996095,0.550782,-57.119999,66.080002,219.520004,0.214912,0.79424,-0.2336,197,493,706,2.373545939137897
2024-04-25 14:16:42.586000+00:00,2024-04-25 14:15:30+00:00,2024-04-25 14:17:30+00:00,TABUENCA01-45,Sensoria-C1-EEA1,Right,Gait,1.0.5,40.3878707,-3.629144,CB:AA:BC:3F:36:A5,SCKS,-0.625,1.996095,0.1875,-49.279999,36.959999,255.360001,0.261632,0.803584,-0.252288,220,515,704,2.1000420231569175
2024-04-25 14:16:42.593000+00:00,2024-04-25 14:15:30+00:00,2024-04-25 14:17:30+00:00,TABUENCA01-45,Sensoria-C1-E90A,Left,Gait,1.0.5,40.3878707,-3.629144,F0:75:B1:51:59:F6,SCKS,0.0,1.624999,-0.5625,98.559998,-29.120001,-215.040009,0.4672,0.579328,-0.32704,704,547,474,1.7196011165386582
2024-04-25 14:16:42.602000+00:00,2024-04-25 14:15:30+00:00,2024-04-25 14:17:30+00:00,TABUENCA01-45,Sensoria-C1-EEA1,Right,Gait,1.0.5,40.3878707,-3.629144,CB:AA:BC:3F:36:A5,SCKS,-0.914063,1.996095,-0.464844,-14.56,-23.52,296.799988,0.299008,0.803584,-0.242944,268,559,702,2.244100345646335
2024-04-25 14:16:42.609000+00:00,2024-04-25 14:15:30+00:00,2024-04-25 14:17:30+00:00,TABUENCA01-45,Sensoria-C1-E90A,Left,Gait,1.0.5,40.3878707,-3.629144,F0:75:B1:51:59:F6,SCKS,0.28125,0.90625,0.0,84.0,-52.639999,-200.479996,0.42048,0.65408,-0.308352,691,554,377,0.948889153168061
2024-04-25 14:16:42.618000+00:00,2024-04-25 14:15:30+00:00,2024-04-25 14:17:30+00:00,TABUENCA01-45,Sensoria-C1-EEA1,Right,Gait,1.0.5,40.3878707,-3.629144,CB:AA:BC:3F:36:A5,SCKS,-0.488282,1.996095,-0.691407,-10.08,-99.68,333.76001,0.355072,0.79424,-0.252288,332,615,702,2.168146258949797
2024-04-25 14:16:42.642000+00:00,2024-04-25 14:15:30+00:00,2024-04-25 14:17:30+00:00,TABUENCA01-45,Sensoria-C1-E90A,Left,Gait,1.0.5,40.3878707,-3.629144,F0:75:B1:51:59:F6,SCKS,0.03125,0.999999,-0.28125,48.16,-64.959999,-104.160004,0.392448,0.672768,-0.28032,664,537,335,1.0392671095541317
2024-04-25 14:16:42.651000+00:00,2024-04-25 14:15:30+00:00,2024-04-25 14:17:30+00:00,TABUENCA01-45,Sensoria-C1-EEA1,Right,Gait,1.0.5,40.3878707,-3.629144,CB:AA:BC:3F:36:A5,SCKS,-0.628907,0.750001,-0.6875,13.440001,-79.519997,300.160004,0.401792,0.784896,-0.242944,398,662,699,1.196111100462662
2024-04-25 14:16:42.667000+00:00,2024-04-25 14:15:30+00:00,2024-04-25 14:17:30+00:00,TABUENCA01-45,Sensoria-C1-EEA1,Right,Gait,1.0.5,40.3878707,-3.629144,CB:AA:BC:3F:36:A5,SCKS,-0.570313,0.203125,-0.464844,5.6,6.72,206.080002,0.401792,0.784896,-0.242944,445,689,701,0.7632801765603505
2024-04-25 14:16:42.674000+00:00,2024-04-25 14:15:30+00:00,2024-04-25 14:17:30+00:00,TABUENCA01-45,Sensoria-C1-E90A,Left,Gait,1.0.5,40.3878707,-3.629144,F0:75:B1:51:59:F6,SCKS,0.125,0.968749,-0.1875,13.440001,-61.599998,-42.560001,0.392448,0.682112,-0.270976,640,517,321,0.994613429931951
2024-04-25 14:16:42.683000+00:00,2024-04-25 14:15:30+00:00,2024-04-25 14:17:30+00:00,TABUENCA01-45,Sensoria-C1-EEA1,Right,Gait,1.0.5,40.3878707,-3.629144,CB:AA:BC:3F:36:A5,SCKS,-0.308594,0.785157,-0.636719,16.799999,164.639999,106.400002,0.439168,0.784896,-0.242944,468,702,700,1.0569355971136558
2024-04-25 14:16:42.699000+00:00,2024-04-25 14:15:30+00:00,2024-04-25 14:17:30+00:00,TABUENCA01-45,Sensoria-C1-EEA1,Right,Gait,1.0.5,40.3878707,-3.629144,CB:AA:BC:3F:36:A5,SCKS,-1.433595,0.410157,-0.402344,-22.4,161.279999,-44.799999,0.457856,0.775552,-0.252288,479,708,698,1.5444429685197183
2024-04-25 14:16:42.707000+00:00,2024-04-25 14:15:30+00:00,2024-04-25 14:17:30+00:00,TABUENCA01-45,Sensoria-C1-E90A,Left,Gait,1.0.5,40.3878707,-3.629144,F0:75:B1:51:59:F6,SCKS,0.15625,0.968749,-0.25,7.84,-42.560001,-23.52,0.392448,0.691456,-0.270976,623,500,325,1.0126147774455003
2024-04-25 14:16:42.732000+00:00,2024-04-25 14:15:30+00:00,2024-04-25 14:17:30+00:00,TABUENCA01-45,Sensoria-C1-EEA1,Right,Gait,1.0.5,40.3878707,-3.629144,CB:AA:BC:3F:36:A5,SCKS,-0.972657,-0.011719,-0.003906,-49.279999,99.68,-87.360001,0.448512,0.784896,-0.270976,484,713,697,0.9727354375399305
2024-04-25 14:16:42.739000+00:00,2024-04-25 14:15:30+00:00,2024-04-25 14:17:30+00:00,TABUENCA01-45,Sensoria-C1-E90A,Left,Gait,1.0.5,40.3878707,-3.629144,F0:75:B1:51:59:F6,SCKS,0.125,0.999999,-0.1875,-1.12,-38.080002,-21.280001,0.383104,0.691456,-0.261632,609,485,348,1.0250752411413515
2024-04-25 14:16:42.748000+00:00,2024-04-25 14:15:30+00:00,2024-04-25 14:17:30+00:00,TABUENCA01-45,Sensoria-C1-EEA1,Right,Gait,1.0.5,40.3878707,-3.629144,CB:AA:BC:3F:36:A5,SCKS,-0.503907,-0.152344,0.011719,-14.56,33.599998,-123.199997,0.42048,0.803584,-0.270976,486,715,695,0.5265627160614393
2024-04-25 14:16:42.764000+00:00,2024-04-25 14:15:30+00:00,2024-04-25 14:17:30+00:00,TABUENCA01-45,Sensoria-C1-EEA1,Right,Gait,1.0.5,40.3878707,-3.629144,CB:AA:BC:3F:36:A5,SCKS,-0.433594,-0.007813,-0.132813,22.4,7.84,-175.839996,0.383104,0.803584,-0.261632,489,714,695,0.45354613081140926
2024-04-25 14:16:42.772000+00:00,2024-04-25 14:15:30+00:00,2024-04-25 14:17:30+00:00,TABUENCA01-45,Sensoria-C1-E90A,Left,Gait,1.0.5,40.3878707,-3.629144,F0:75:B1:51:59:F6,SCKS,0.125,0.9375,-0.25,-8.96,-40.32,-22.4,0.37376,0.691456,-0.261632,594,472,413,0.978279740156158
2024-04-25 14:16:42.781000+00:00,2024-04-25 14:15:30+00:00,2024-04-25 14:17:30+00:00,TABUENCA01-45,Sensoria-C1-EEA1,Right,Gait,1.0.5,40.3878707,-3.629144,CB:AA:BC:3F:36:A5,SCKS,-0.546875,0.246094,-0.191406,28.0,1.12,-220.639999,0.383104,0.803584,-0.261632,489,715,693,0.629500420410503
2024-04-25 14:16:42.797000+00:00,2024-04-25 14:15:30+00:00,2024-04-25 14:17:30+00:00,TABUENCA01-45,Sensoria-C1-EEA1,Right,Gait,1.0.5,40.3878707,-3.629144,CB:AA:BC:3F:36:A5,SCKS,-0.503907,0.4375,-0.078125,25.76,-30.24,-277.76001,0.336384,0.812928,-0.261632,485,713,694,0.6718869177726263
2024-04-25 14:16:42.805000+00:00,2024-04-25 14:15:30+00:00,2024-04-25 14:17:30+00:00,TABUENCA01-45,Sensoria-C1-E90A,Left,Gait,1.0.5,40.3878707,-3.629144,F0:75:B1:51:59:F6,SCKS,0.09375,0.9375,-0.15625,-8.96,-42.560001,-14.56,0.364416,0.7008,-0.261632,583,459,457,0.9550441743710079
2024-04-25 14:16:42.830000+00:00,2024-04-25 14:15:30+00:00,2024-04-25 14:17:30+00:00,TABUENCA01-45,Sensoria-C1-EEA1,Right,Gait,1.0.5,40.3878707,-3.629144,CB:AA:BC:3F:36:A5,SCKS,-0.46875,0.640625,-0.082031,34.720001,-53.760002,-311.360016,0.28032,0.812928,-0.261632,487,714,692,0.7980326046509628
2024-04-25 14:16:42.846000+00:00,2024-04-25 14:15:30+00:00,2024-04-25 14:17:30+00:00,TABUENCA01-45,Sensoria-C1-EEA1,Right,Gait,1.0.5,40.3878707,-3.629144,CB:AA:BC:3F:36:A5,SCKS,-0.488282,0.937501,-0.113281,38.080002,-64.959999,-342.720001,0.224256,0.803584,-0.252288,487,711,693,1.0630898463845848
2024-04-25 14:16:42.853000+00:00,2024-04-25 14:15:30+00:00,2024-04-25 14:17:30+00:00,TABUENCA01-45,Sensoria-C1-E90A,Left,Gait,1.0.5,40.3878707,-3.629144,F0:75:B1:51:59:F6,SCKS,0.09375,0.9375,-0.25,-6.72,-43.68,-14.56,0.37376,0.7008,-0.252288,568,443,498,0.9747796225301388
2024-04-25 14:16:42.862000+00:00,2024-04-25 14:15:30+00:00,2024-04-25 14:17:30+00:00,TABUENCA01-45,Sensoria-C1-EEA1,Right,Gait,1.0.5,40.3878707,-3.629144,CB:AA:BC:3F:36:A5,SCKS,-0.457032,1.273438,-0.136719,32.48,-66.080002,-371.839996,0.158848,0.784896,-0.242944,488,710,690,1.3598583285875776
2024-04-25 14:16:42.870000+00:00,2024-04-25 14:15:30+00:00,2024-04-25 14:17:30+00:00,TABUENCA01-45,Sensoria-C1-E90A,Left,Gait,1.0.5,40.3878707,-3.629144,F0:75:B1:51:59:F6,SCKS,0.09375,0.9375,-0.21875,-4.48,-50.400002,-20.16,0.364416,0.710144,-0.261632,550,423,534,0.967236721283885
2024-04-25 14:16:42.878000+00:00,2024-04-25 14:15:30+00:00,2024-04-25 14:17:30+00:00,TABUENCA01-45,Sensoria-C1-EEA1,Right,Gait,1.0.5,40.3878707,-3.629144,CB:AA:BC:3F:36:A5,SCKS,-0.441407,1.73047,-0.074219,21.280001,-49.279999,-392.0,0.158848,0.784896,-0.242944,488,709,692,1.7874213326773292
2024-04-25 14:16:42.902000+00:00,2024-04-25 14:15:30+00:00,2024-04-25 14:17:30+00:00,TABUENCA01-45,Sensoria-C1-E90A,Left,Gait,1.0.5,40.3878707,-3.629144,F0:75:B1:51:59:F6,SCKS,0.0625,0.9375,-0.15625,1.12,-51.52,-28.0,0.355072,0.710144,-0.242944,527,399,563,0.9524844158830107
2024-04-25 14:16:42.911000+00:00,2024-04-25 14:15:30+00:00,2024-04-25 14:17:30+00:00,TABUENCA01-45,Sensoria-C1-EEA1,Right,Gait,1.0.5,40.3878707,-3.629144,CB:AA:BC:3F:36:A5,SCKS,-0.453125,1.996095,0.03125,10.08,-11.2,-402.079987,0.09344,0.756864,-0.270976,487,709,690,2.0471184814636403
2024-04-25 14:16:42.927000+00:00,2024-04-25 14:15:30+00:00,2024-04-25 14:17:30+00:00,TABUENCA01-45,Sensoria-C1-EEA1,Right,Gait,1.0.5,40.3878707,-3.629144,CB:AA:BC:3F:36:A5,SCKS,-0.152344,1.996095,0.035156,40.32,-31.360001,-411.040009,0.028032,0.710144,-0.252288,486,707,690,2.002208752277594
2024-04-25 14:16:42.935000+00:00,2024-04-25 14:15:30+00:00,2024-04-25 14:17:30+00:00,TABUENCA01-45,Sensoria-C1-E90A,Left,Gait,1.0.5,40.3878707,-3.629144,F0:75:B1:51:59:F6,SCKS,0.0625,0.9375,-0.1875,4.48,-48.16,-39.200001,0.355072,0.710144,-0.252288,500,372,588,0.9581068572972432
2024-04-25 14:16:42.944000+00:00,2024-04-25 14:15:30+00:00,2024-04-25 14:17:30+00:00,TABUENCA01-45,Sensoria-C1-EEA1,Right,Gait,1.0.5,40.3878707,-3.629144,CB:AA:BC:3F:36:A5,SCKS,0.566407,1.996095,0.175781,67.199997,-61.599998,-420.0,-0.018688,0.663424,-0.252288,485,708,690,2.082333090222359
2024-04-25 14:16:42.951000+00:00,2024-04-25 14:15:30+00:00,2024-04-25 14:17:30+00:00,TABUENCA01-45,Sensoria-C1-E90A,Left,Gait,1.0.5,40.3878707,-3.629144,F0:75:B1:51:59:F6,SCKS,0.0625,1.031249,-0.15625,1.12,-39.200001,-50.400002,0.336384,0.719488,-0.242944,470,340,612,1.0448898566360956
2024-04-25 14:16:42.960000+00:00,2024-04-25 14:15:30+00:00,2024-04-25 14:17:30+00:00,TABUENCA01-45,Sensoria-C1-EEA1,Right,Gait,1.0.5,40.3878707,-3.629144,CB:AA:BC:3F:36:A5,SCKS,1.289063,1.996095,-0.039063,23.52,-31.360001,-416.640015,-0.065408,0.60736,-0.261632,485,708,691,2.3764689320424535
2024-04-25 14:16:42.983000+00:00,2024-04-25 14:15:30+00:00,2024-04-25 14:17:30+00:00,TABUENCA01-45,Sensoria-C1-E90A,Left,Gait,1.0.5,40.3878707,-3.629144,F0:75:B1:51:59:F6,SCKS,0.125,1.124999,-0.15625,-2.24,-38.080002,-73.919998,0.317696,0.738176,-0.224256,438,307,645,1.1426555966261227
2024-04-25 14:16:42.992000+00:00,2024-04-25 14:15:30+00:00,2024-04-25 14:17:30+00:00,TABUENCA01-45,Sensoria-C1-EEA1,Right,Gait,1.0.5,40.3878707,-3.629144,CB:AA:BC:3F:36:A5,SCKS,1.996095,1.996095,-0.679688,41.439999,-15.68,-327.040009,-0.065408,0.60736,-0.261632,485,708,691,2.903578184825406
2024-04-25 14:16:43.008000+00:00,2024-04-25 14:15:30+00:00,2024-04-25 14:17:30+00:00,TABUENCA01-45,Sensoria-C1-EEA1,Right,Gait,1.0.5,40.3878707,-3.629144,CB:AA:BC:3F:36:A5,SCKS,1.996095,1.378907,0.164063,52.639999,64.959999,-173.600006,-0.084096,0.56064,-0.252288,484,709,695,2.431603674870352
2024-04-25 14:16:43.016000+00:00,2024-04-25 14:15:30+00:00,2024-04-25 14:17:30+00:00,TABUENCA01-45,Sensoria-C1-E90A,Left,Gait,1.0.5,40.3878707,-3.629144,F0:75:B1:51:59:F6,SCKS,0.09375,1.218749,0.0,-2.24,-26.880001,-100.800003,0.299008,0.74752,-0.224256,406,273,677,1.2223494539210136
2024-04-25 14:16:43.025000+00:00,2024-04-25 14:15:30+00:00,2024-04-25 14:17:30+00:00,TABUENCA01-45,Sensoria-C1-EEA1,Right,Gait,1.0.5,40.3878707,-3.629144,CB:AA:BC:3F:36:A5,SCKS,1.996095,1.992189,0.839844,30.24,118.720001,-40.32,-0.084096,0.532608,-0.2336,484,713,699,2.9425414534177765
2024-04-25 14:16:43.041000+00:00,2024-04-25 14:15:30+00:00,2024-04-25 14:17:30+00:00,TABUENCA01-45,Sensoria-C1-EEA1,Right,Gait,1.0.5,40.3878707,-3.629144,CB:AA:BC:3F:36:A5,SCKS,1.996095,1.996095,0.871094,-15.68,2.24,132.160004,-0.074752,0.551296,-0.224256,484,711,700,2.9542503710562515
2024-04-25 14:16:43.048000+00:00,2024-04-25 14:15:30+00:00,2024-04-25 14:17:30+00:00,TABUENCA01-45,Sensoria-C1-E90A,Left,Gait,1.0.5,40.3878707,-3.629144,F0:75:B1:51:59:F6,SCKS,0.25,1.406249,-0.34375,7.84,-11.2,-131.039993,0.28032,0.756864,-0.224256,389,262,690,1.4690814519627562
2024-04-25 14:16:43.057000+00:00,2024-04-25 14:15:30+00:00,2024-04-25 14:17:30+00:00,TABUENCA01-45,Sensoria-C1-EEA1,Right,Gait,1.0.5,40.3878707,-3.629144,CB:AA:BC:3F:36:A5,SCKS,-2.000001,1.445314,-0.378907,12.32,-91.840004,122.080002,-0.074752,0.569984,-0.242944,486,710,686,2.4964989631974617
2024-04-25 14:16:43.081000+00:00,2024-04-25 14:15:30+00:00,2024-04-25 14:17:30+00:00,TABUENCA01-45,Sensoria-C1-E90A,Left,Gait,1.0.5,40.3878707,-3.629144,F0:75:B1:51:59:F6,SCKS,0.25,1.593749,-0.125,2.24,-14.56,-161.279999,0.252288,0.775552,-0.224256,401,280,695,1.61807319828276
2024-04-25 14:16:43.090000+00:00,2024-04-25 14:15:30+00:00,2024-04-25 14:17:30+00:00,TABUENCA01-45,Sensoria-C1-EEA1,Right,Gait,1.0.5,40.3878707,-3.629144,CB:AA:BC:3F:36:A5,SCKS,-0.6875,0.425782,1.718751,47.040001,-189.279999,164.639999,-0.074752,0.569984,-0.242944,497,714,650,1.8994871838275194
2024-04-25 14:16:43.106000+00:00,2024-04-25 14:15:30+00:00,2024-04-25 14:17:30+00:00,TABUENCA01-45,Sensoria-C1-EEA1,Right,Gait,1.0.5,40.3878707,-3.629144,CB:AA:BC:3F:36:A5,SCKS,0.953126,1.656251,-0.082031,52.639999,-3.36,235.199997,-0.056064,0.635392,-0.289664,507,721,538,1.912680222054382
2024-04-25 14:16:43.113000+00:00,2024-04-25 14:15:30+00:00,2024-04-25 14:17:30+00:00,TABUENCA01-45,Sensoria-C1-E90A,Left,Gait,1.0.5,40.3878707,-3.629144,F0:75:B1:51:59:F6,SCKS,0.625,2.156249,-0.09375,-14.56,-24.639999,-198.240005,0.18688,0.803584,-0.214912,462,338,696,2.2469587919009553
2024-04-25 14:16:43.122000+00:00,2024-04-25 14:15:30+00:00,2024-04-25 14:17:30+00:00,TABUENCA01-45,Sensoria-C1-EEA1,Right,Gait,1.0.5,40.3878707,-3.629144,CB:AA:BC:3F:36:A5,SCKS,0.171875,1.371095,-0.503907,57.119999,34.720001,204.960007,-0.056064,0.635392,-0.289664,511,721,453,1.47083812137808
2024-04-25 14:16:43.139000+00:00,2024-04-25 14:15:30+00:00,2024-04-25 14:17:30+00:00,TABUENCA01-45,Sensoria-C1-EEA1,Right,Gait,1.0.5,40.3878707,-3.629144,CB:AA:BC:3F:36:A5,SCKS,0.261719,1.175782,-0.273438,10.08,16.799999,185.919998,-0.04672,0.663424,-0.270976,506,720,400,1.235203823799538
2024-04-25 14:16:43.146000+00:00,2024-04-25 14:15:30+00:00,2024-04-25 14:17:30+00:00,TABUENCA01-45,Sensoria-C1-E90A,Left,Gait,1.0.5,40.3878707,-3.629144,F0:75:B1:51:59:F6,SCKS,0.53125,2.187499,-0.3125,-57.119999,-90.720001,-212.800003,0.149504,0.803584,-0.2336,521,392,694,2.272671266923793
2024-04-25 14:16:43.170000+00:00,2024-04-25 14:15:30+00:00,2024-04-25 14:17:30+00:00,TABUENCA01-45,Sensoria-C1-EEA1,Right,Gait,1.0.5,40.3878707,-3.629144,CB:AA:BC:3F:36:A5,SCKS,0.019531,0.863282,0.101563,3.36,29.120001,140.0,-0.018688,0.691456,-0.28032,495,725,365,0.8694551825447934
2024-04-25 14:16:43.178000+00:00,2024-04-25 14:15:30+00:00,2024-04-25 14:17:30+00:00,TABUENCA01-45,Sensoria-C1-E90A,Left,Gait,1.0.5,40.3878707,-3.629144,F0:75:B1:51:59:F6,SCKS,0.90625,2.156249,-0.999999,-16.799999,-76.160004,-259.839996,0.09344,0.803584,-0.242944,580,458,700,2.543756437338685
2024-04-25 14:16:43.187000+00:00,2024-04-25 14:15:30+00:00,2024-04-25 14:17:30+00:00,TABUENCA01-45,Sensoria-C1-EEA1,Right,Gait,1.0.5,40.3878707,-3.629144,CB:AA:BC:3F:36:A5,SCKS,-0.097656,0.972657,-0.007813,-5.6,38.080002,123.199997,-0.009344,0.7008,-0.252288,484,721,348,0.9775783226698513
2024-04-25 14:16:43.203000+00:00,2024-04-25 14:15:30+00:00,2024-04-25 14:17:30+00:00,TABUENCA01-45,Sensoria-C1-EEA1,Right,Gait,1.0.5,40.3878707,-3.629144,CB:AA:BC:3F:36:A5,SCKS,-0.097656,0.960938,-0.136719,-5.6,23.52,96.32,0.009344,0.719488,-0.252288,469,710,339,0.9755155658117404
2024-04-25 14:16:43.211000+00:00,2024-04-25 14:15:30+00:00,2024-04-25 14:17:30+00:00,TABUENCA01-45,Sensoria-C1-E90A,Left,Gait,1.0.5,40.3878707,-3.629144,F0:75:B1:51:59:F6,SCKS,0.6875,0.9375,-0.40625,20.16,39.200001,-226.240005,0.04672,0.812928,-0.2336,644,518,701,1.231503780952377
2024-04-25 14:16:43.219000+00:00,2024-04-25 14:15:30+00:00,2024-04-25 14:17:30+00:00,TABUENCA01-45,Sensoria-C1-EEA1,Right,Gait,1.0.5,40.3878707,-3.629144,CB:AA:BC:3F:36:A5,SCKS,-0.015625,1.007813,0.113281,-5.6,12.32,75.040001,0.018688,0.719488,-0.242944,456,692,336,1.0142799261323276
2024-04-25 14:16:43.243000+00:00,2024-04-25 14:15:30+00:00,2024-04-25 14:17:30+00:00,TABUENCA01-45,Sensoria-C1-E90A,Left,Gait,1.0.5,40.3878707,-3.629144,F0:75:B1:51:59:F6,SCKS,-0.625,0.46875,-0.40625,5.6,-85.120003,-108.639999,0.009344,0.803584,-0.242944,684,538,702,0.8805626752253357
2024-04-25 14:16:43.252000+00:00,2024-04-25 14:15:30+00:00,2024-04-25 14:17:30+00:00,TABUENCA01-45,Sensoria-C1-EEA1,Right,Gait,1.0.5,40.3878707,-3.629144,CB:AA:BC:3F:36:A5,SCKS,-0.023438,1.035157,0.007813,4.48,7.84,56.0,0.018688,0.719488,-0.242944,441,673,335,1.0354517842285078
2024-04-25 14:16:43.268000+00:00,2024-04-25 14:15:30+00:00,2024-04-25 14:17:30+00:00,TABUENCA01-45,Sensoria-C1-EEA1,Right,Gait,1.0.5,40.3878707,-3.629144,CB:AA:BC:3F:36:A5,SCKS,-0.0625,0.968751,0.070313,3.36,12.32,47.040001,0.028032,0.719488,-0.252288,428,654,340,0.9733081053654079
2024-04-25 14:16:43.275000+00:00,2024-04-25 14:15:30+00:00,2024-04-25 14:17:30+00:00,TABUENCA01-45,Sensoria-C1-E90A,Left,Gait,1.0.5,40.3878707,-3.629144,F0:75:B1:51:59:F6,SCKS,1.187499,0.125,-0.0625,-11.2,-92.959999,108.639999,-0.009344,0.803584,-0.242944,702,547,700,1.195694411210908
2024-04-25 14:16:43.284000+00:00,2024-04-25 14:15:30+00:00,2024-04-25 14:17:30+00:00,TABUENCA01-45,Sensoria-C1-EEA1,Right,Gait,1.0.5,40.3878707,-3.629144,CB:AA:BC:3F:36:A5,SCKS,-0.136719,1.046876,-0.117188,6.72,7.84,41.439999,0.028032,0.728832,-0.252288,414,639,351,1.0622497219020581
2024-04-25 14:16:43.292000+00:00,2024-04-25 14:15:30+00:00,2024-04-25 14:17:30+00:00,TABUENCA01-45,Sensoria-C1-E90A,Left,Gait,1.0.5,40.3878707,-3.629144,F0:75:B1:51:59:F6,SCKS,0.34375,0.0,0.0625,-21.280001,24.639999,151.199997,0.009344,0.803584,-0.261632,706,546,698,0.34938562148434216
2024-04-25 14:16:43.301000+00:00,2024-04-25 14:15:30+00:00,2024-04-25 14:17:30+00:00,TABUENCA01-45,Sensoria-C1-EEA1,Right,Gait,1.0.5,40.3878707,-3.629144,CB:AA:BC:3F:36:A5,SCKS,-0.09375,0.980469,-0.113281,0.0,15.68,44.799999,0.037376,0.728832,-0.2336,401,629,367,0.9914338643711945
2024-04-25 14:16:43.317000+00:00,2024-04-25 14:15:30+00:00,2024-04-25 14:17:30+00:00,TABUENCA01-45,Sensoria-C1-EEA1,Right,Gait,1.0.5,40.3878707,-3.629144,CB:AA:BC:3F:36:A5,SCKS,-0.046875,0.953126,-0.125,-5.6,19.040001,45.920002,0.037376,0.728832,-0.2336,386,614,389,0.9624299649849853
2024-04-25 14:16:43.324000+00:00,2024-04-25 14:15:30+00:00,2024-04-25 14:17:30+00:00,TABUENCA01-45,Sensoria-C1-E90A,Left,Gait,1.0.5,40.3878707,-3.629144,F0:75:B1:51:59:F6,SCKS,0.375,0.21875,-0.15625,3.36,32.48,252.0,0.084096,0.812928,-0.252288,708,546,696,0.46140072063229376
2024-04-25 14:16:43.349000+00:00,2024-04-25 14:15:30+00:00,2024-04-25 14:17:30+00:00,TABUENCA01-45,Sensoria-C1-EEA1,Right,Gait,1.0.5,40.3878707,-3.629144,CB:AA:BC:3F:36:A5,SCKS,-0.011719,0.968751,-0.070313,-8.96,28.0,43.68,0.04672,0.738176,-0.242944,372,599,412,0.9713700391359619
2024-04-25 14:16:43.357000+00:00,2024-04-25 14:15:30+00:00,2024-04-25 14:17:30+00:00,TABUENCA01-45,Sensoria-C1-E90A,Left,Gait,1.0.5,40.3878707,-3.629144,F0:75:B1:51:59:F6,SCKS,0.3125,0.625,-0.21875,-8.96,44.799999,297.920013,0.14016,0.803584,-0.242944,706,545,695,0.7322109071162488
2024-04-25 14:16:43.366000+00:00,2024-04-25 14:15:30+00:00,2024-04-25 14:17:30+00:00,TABUENCA01-45,Sensoria-C1-EEA1,Right,Gait,1.0.5,40.3878707,-3.629144,CB:AA:BC:3F:36:A5,SCKS,-0.039063,0.953126,-0.019531,-8.96,33.599998,38.080002,0.056064,0.738176,-0.2336,360,587,438,0.9541260659923301
2024-04-25 14:16:43.382000+00:00,2024-04-25 14:15:30+00:00,2024-04-25 14:17:30+00:00,TABUENCA01-45,Sensoria-C1-EEA1,Right,Gait,1.0.5,40.3878707,-3.629144,CB:AA:BC:3F:36:A5,SCKS,-0.042969,0.984376,-0.054688,-5.6,29.120001,36.959999,0.065408,0.738176,-0.2336,348,574,462,0.9868298848742877
2024-04-25 14:16:43.389000+00:00,2024-04-25 14:15:30+00:00,2024-04-25 14:17:30+00:00,TABUENCA01-45,Sensoria-C1-E90A,Left,Gait,1.0.5,40.3878707,-3.629144,F0:75:B1:51:59:F6,SCKS,0.34375,0.9375,-0.21875,-11.2,48.16,348.320007,0.196224,0.784896,-0.252288,705,543,694,1.0222142021122578
2024-04-25 14:16:43.398000+00:00,2024-04-25 14:15:30+00:00,2024-04-25 14:17:30+00:00,TABUENCA01-45,Sensoria-C1-EEA1,Right,Gait,1.0.5,40.3878707,-3.629144,CB:AA:BC:3F:36:A5,SCKS,-0.019531,0.980469,-0.058594,-5.6,24.639999,38.080002,0.065408,0.74752,-0.224256,335,563,488,0.982412427017289
2024-04-25 14:16:43.422000+00:00,2024-04-25 14:15:30+00:00,2024-04-25 14:17:30+00:00,TABUENCA01-45,Sensoria-C1-E90A,Left,Gait,1.0.5,40.3878707,-3.629144,F0:75:B1:51:59:F6,SCKS,0.375,1.437499,-0.28125,-11.2,41.439999,385.279999,0.252288,0.766208,-0.261632,706,541,692,1.5119953496955605
2024-04-25 14:16:43.431000+00:00,2024-04-25 14:15:30+00:00,2024-04-25 14:17:30+00:00,TABUENCA01-45,Sensoria-C1-EEA1,Right,Gait,1.0.5,40.3878707,-3.629144,CB:AA:BC:3F:36:A5,SCKS,-0.042969,0.988282,-0.039063,-5.6,21.280001,40.32,0.065408,0.74752,-0.224256,321,549,512,0.9899866486241115
2024-04-25 14:16:43.447000+00:00,2024-04-25 14:15:30+00:00,2024-04-25 14:17:30+00:00,TABUENCA01-45,Sensoria-C1-EEA1,Right,Gait,1.0.5,40.3878707,-3.629144,CB:AA:BC:3F:36:A5,SCKS,-0.046875,1.000001,-0.039063,-4.48,19.040001,45.920002,0.065408,0.74752,-0.224256,308,537,537,1.0018608603967918
2024-04-25 14:16:43.455000+00:00,2024-04-25 14:15:30+00:00,2024-04-25 14:17:30+00:00,TABUENCA01-45,Sensoria-C1-E90A,Left,Gait,1.0.5,40.3878707,-3.629144,F0:75:B1:51:59:F6,SCKS,0.34375,2.093749,-0.21875,-5.6,43.68,408.799988,0.32704,0.728832,-0.261632,704,539,693,2.133026136736491
2024-04-25 14:16:43.463000+00:00,2024-04-25 14:15:30+00:00,2024-04-25 14:17:30+00:00,TABUENCA01-45,Sensoria-C1-EEA1,Right,Gait,1.0.5,40.3878707,-3.629144,CB:AA:BC:3F:36:A5,SCKS,-0.046875,0.988282,-0.03125,-3.36,14.56,51.52,0.084096,0.74752,-0.2336,290,522,565,0.9898864276516776
2024-04-25 14:16:43.480000+00:00,2024-04-25 14:15:30+00:00,2024-04-25 14:17:30+00:00,TABUENCA01-45,Sensoria-C1-EEA1,Right,Gait,1.0.5,40.3878707,-3.629144,CB:AA:BC:3F:36:A5,SCKS,0.0,0.964844,0.007813,0.0,7.84,60.48,0.084096,0.74752,-0.2336,274,508,593,0.9648756330766158
2024-04-25 14:16:43.487000+00:00,2024-04-25 14:15:30+00:00,2024-04-25 14:17:30+00:00,TABUENCA01-45,Sensoria-C1-E90A,Left,Gait,1.0.5,40.3878707,-3.629144,F0:75:B1:51:59:F6,SCKS,0.375,2.937498,-0.5,8.96,80.639999,434.559998,0.439168,0.626048,-0.261632,704,539,690,3.003251487971662
2024-04-25 14:16:43.512000+00:00,2024-04-25 14:15:30+00:00,2024-04-25 14:17:30+00:00,TABUENCA01-45,Sensoria-C1-EEA1,Right,Gait,1.0.5,40.3878707,-3.629144,CB:AA:BC:3F:36:A5,SCKS,-0.007813,1.003907,0.074219,8.96,-1.12,66.080002,0.102784,0.756864,-0.224256,258,491,621,1.0066770920106407
2024-04-25 14:16:43.520000+00:00,2024-04-25 14:15:30+00:00,2024-04-25 14:17:30+00:00,TABUENCA01-45,Sensoria-C1-E90A,Left,Gait,1.0.5,40.3878707,-3.629144,F0:75:B1:51:59:F6,SCKS,-0.65625,2.968748,-0.21875,-36.959999,41.439999,424.480011,0.476544,0.551296,-0.289664,703,538,691,3.0482749732437195
2024-04-25 14:16:43.529000+00:00,2024-04-25 14:15:30+00:00,2024-04-25 14:17:30+00:00,TABUENCA01-45,Sensoria-C1-EEA1,Right,Gait,1.0.5,40.3878707,-3.629144,CB:AA:BC:3F:36:A5,SCKS,-0.042969,1.082032,0.070313,19.040001,-15.68,75.040001,0.102784,0.766208,-0.224256,241,476,646,1.0851651956978718
2024-04-25 14:16:43.545000+00:00,2024-04-25 14:15:30+00:00,2024-04-25 14:17:30+00:00,TABUENCA01-45,Sensoria-C1-EEA1,Right,Gait,1.0.5,40.3878707,-3.629144,CB:AA:BC:3F:36:A5,SCKS,-0.089844,1.152345,0.003906,15.68,-22.4,89.599998,0.102784,0.766208,-0.224256,228,461,667,1.155848692605135
2024-04-25 14:16:43.552000+00:00,2024-04-25 14:15:30+00:00,2024-04-25 14:17:30+00:00,TABUENCA01-45,Sensoria-C1-E90A,Left,Gait,1.0.5,40.3878707,-3.629144,F0:75:B1:51:59:F6,SCKS,-2.312499,2.281249,-0.968749,22.4,94.080002,302.399994,0.504576,0.485888,-0.308352,703,539,695,3.3897231819136793
2024-04-25 14:16:43.561000+00:00,2024-04-25 14:15:30+00:00,2024-04-25 14:17:30+00:00,TABUENCA01-45,Sensoria-C1-EEA1,Right,Gait,1.0.5,40.3878707,-3.629144,CB:AA:BC:3F:36:A5,SCKS,-0.066406,1.218751,-0.027344,7.84,-25.76,107.520004,0.121472,0.766208,-0.214912,214,449,686,1.220865042161909
2024-04-25 14:16:43.577000+00:00,2024-04-25 14:15:30+00:00,2024-04-25 14:17:30+00:00,TABUENCA01-45,Sensoria-C1-EEA1,Right,Gait,1.0.5,40.3878707,-3.629144,CB:AA:BC:3F:36:A5,SCKS,-0.09375,1.332032,-0.050781,-2.24,-28.0,123.199997,0.130816,0.775552,-0.224256,206,440,698,1.3362922664915038
2024-04-25 14:16:43.585000+00:00,2024-04-25 14:15:30+00:00,2024-04-25 14:17:30+00:00,TABUENCA01-45,Sensoria-C1-E90A,Left,Gait,1.0.5,40.3878707,-3.629144,F0:75:B1:51:59:F6,SCKS,-3.531248,1.437499,-0.5,24.639999,-69.440002,109.760002,0.523264,0.448512,-0.308352,699,537,699,3.8452718775796595
2024-04-25 14:16:43.610000+00:00,2024-04-25 14:15:30+00:00,2024-04-25 14:17:30+00:00,TABUENCA01-45,Sensoria-C1-EEA1,Right,Gait,1.0.5,40.3878707,-3.629144,CB:AA:BC:3F:36:A5,SCKS,-0.097656,1.406251,-0.230469,-11.2,-23.52,138.880005,0.149504,0.784896,-0.214912,200,433,706,1.42835378296065
2024-04-25 14:16:43.617000+00:00,2024-04-25 14:15:30+00:00,2024-04-25 14:17:30+00:00,TABUENCA01-45,Sensoria-C1-E90A,Left,Gait,1.0.5,40.3878707,-3.629144,F0:75:B1:51:59:F6,SCKS,4.968747,1.187499,0.25,25.76,42.560001,-109.760002,0.51392,0.485888,-0.299008,697,538,694,5.114792334495116
2024-04-25 14:16:43.626000+00:00,2024-04-25 14:15:30+00:00,2024-04-25 14:17:30+00:00,TABUENCA01-45,Sensoria-C1-EEA1,Right,Gait,1.0.5,40.3878707,-3.629144,CB:AA:BC:3F:36:A5,SCKS,-0.140625,1.535157,-0.027344,-19.040001,-5.6,152.320007,0.177536,0.79424,-0.2336,194,435,710,1.5418268708288878
2024-04-25 14:16:43.633000+00:00,2024-04-25 14:15:30+00:00,2024-04-25 14:17:30+00:00,TABUENCA01-45,Sensoria-C1-E90A,Left,Gait,1.0.5,40.3878707,-3.629144,F0:75:B1:51:59:F6,SCKS,-0.84375,1.312499,0.90625,63.84,219.520004,-263.200012,0.51392,0.504576,-0.317696,704,541,659,1.804399276768033
2024-04-25 14:16:43.642000+00:00,2024-04-25 14:15:30+00:00,2024-04-25 14:17:30+00:00,TABUENCA01-45,Sensoria-C1-EEA1,Right,Gait,1.0.5,40.3878707,-3.629144,CB:AA:BC:3F:36:A5,SCKS,-0.417969,1.847658,0.175781,-29.120001,17.92,168.0,0.177536,0.79424,-0.2336,193,447,711,1.9024818343116972
2024-04-25 14:16:43.658000+00:00,2024-04-25 14:15:30+00:00,2024-04-25 14:17:30+00:00,TABUENCA01-45,Sensoria-C1-EEA1,Right,Gait,1.0.5,40.3878707,-3.629144,CB:AA:BC:3F:36:A5,SCKS,-0.722657,1.996095,0.386719,-38.080002,41.439999,190.399994,0.205568,0.803584,-0.242944,199,464,710,2.1578183365693695
2024-04-25 14:16:43.666000+00:00,2024-04-25 14:15:30+00:00,2024-04-25 14:17:30+00:00,TABUENCA01-45,Sensoria-C1-E90A,Left,Gait,1.0.5,40.3878707,-3.629144,F0:75:B1:51:59:F6,SCKS,-0.375,1.843749,0.0625,100.800003,12.32,-213.919998,0.476544,0.551296,-0.355072,703,547,560,1.8825359558321855
2024-04-25 14:16:43.691000+00:00,2024-04-25 14:15:30+00:00,2024-04-25 14:17:30+00:00,TABUENCA01-45,Sensoria-C1-EEA1,Right,Gait,1.0.5,40.3878707,-3.629144,CB:AA:BC:3F:36:A5,SCKS,-1.070313,1.996095,0.339844,-53.760002,69.440002,221.759995,0.252288,0.803584,-0.2336,212,486,709,2.290296729974088
2024-04-25 14:16:43.699000+00:00,2024-04-25 14:15:30+00:00,2024-04-25 14:17:30+00:00,TABUENCA01-45,Sensoria-C1-E90A,Left,Gait,1.0.5,40.3878707,-3.629144,F0:75:B1:51:59:F6,SCKS,0.15625,0.968749,-0.75,99.68,20.16,-179.199997,0.448512,0.616704,-0.345728,700,549,441,1.2350662684653808
2024-04-25 14:16:43.707000+00:00,2024-04-25 14:15:30+00:00,2024-04-25 14:17:30+00:00,TABUENCA01-45,Sensoria-C1-EEA1,Right,Gait,1.0.5,40.3878707,-3.629144,CB:AA:BC:3F:36:A5,SCKS,-0.574219,1.996095,-0.300781,-16.799999,17.92,265.440002,0.299008,0.79424,-0.2336,248,525,707,2.098711966646924
2024-04-25 14:16:43.724000+00:00,2024-04-25 14:15:30+00:00,2024-04-25 14:17:30+00:00,TABUENCA01-45,Sensoria-C1-EEA1,Right,Gait,1.0.5,40.3878707,-3.629144,CB:AA:BC:3F:36:A5,SCKS,-0.839844,1.996095,-0.46875,-2.24,-17.92,305.76001,0.355072,0.79424,-0.242944,301,582,706,2.2157300728791403
2024-04-25 14:16:43.731000+00:00,2024-04-25 14:15:30+00:00,2024-04-25 14:17:30+00:00,TABUENCA01-45,Sensoria-C1-E90A,Left,Gait,1.0.5,40.3878707,-3.629144,F0:75:B1:51:59:F6,SCKS,-0.125,1.124999,-0.03125,71.68,1.12,-135.520004,0.411136,0.644736,-0.32704,695,555,366,1.1323534397444113
2024-04-25 14:16:43.740000+00:00,2024-04-25 14:15:30+00:00,2024-04-25 14:17:30+00:00,TABUENCA01-45,Sensoria-C1-EEA1,Right,Gait,1.0.5,40.3878707,-3.629144,CB:AA:BC:3F:36:A5,SCKS,-0.789063,1.945314,-0.519532,15.68,-64.959999,327.040009,0.355072,0.79424,-0.242944,367,638,705,2.162586524416769
2024-04-25 14:16:43.765000+00:00,2024-04-25 14:15:30+00:00,2024-04-25 14:17:30+00:00,TABUENCA01-45,Sensoria-C1-E90A,Left,Gait,1.0.5,40.3878707,-3.629144,F0:75:B1:51:59:F6,SCKS,0.03125,0.968749,-0.15625,35.84,-28.0,-70.559998,0.401792,0.663424,-0.317696,678,553,329,0.9817663927844545
2024-04-25 14:16:43.772000+00:00,2024-04-25 14:15:30+00:00,2024-04-25 14:17:30+00:00,TABUENCA01-45,Sensoria-C1-EEA1,Right,Gait,1.0.5,40.3878707,-3.629144,CB:AA:BC:3F:36:A5,SCKS,-0.371094,0.738282,-0.714844,39.200001,-45.920002,255.360001,0.401792,0.784896,-0.2336,426,675,704,1.0925992003914335
2024-04-25 14:16:43.788000+00:00,2024-04-25 14:15:30+00:00,2024-04-25 14:17:30+00:00,TABUENCA01-45,Sensoria-C1-EEA1,Right,Gait,1.0.5,40.3878707,-3.629144,CB:AA:BC:3F:36:A5,SCKS,1.152345,0.132813,-1.031251,34.720001,62.720001,164.639999,0.429824,0.784896,-0.224256,459,693,703,1.5521008076136675
2024-04-25 14:16:43.795000+00:00,2024-04-25 14:15:30+00:00,2024-04-25 14:17:30+00:00,TABUENCA01-45,Sensoria-C1-E90A,Left,Gait,1.0.5,40.3878707,-3.629144,F0:75:B1:51:59:F6,SCKS,0.125,0.968749,-0.125,7.84,-47.040001,-31.360001,0.392448,0.672768,-0.299008,665,545,316,0.9847459697815473
2024-04-25 14:16:43.804000+00:00,2024-04-25 14:15:30+00:00,2024-04-25 14:17:30+00:00,TABUENCA01-45,Sensoria-C1-EEA1,Right,Gait,1.0.5,40.3878707,-3.629144,CB:AA:BC:3F:36:A5,SCKS,-1.175782,0.488282,-0.511719,16.799999,237.440002,23.52,0.448512,0.784896,-0.242944,476,704,702,1.3721293517773754
2024-04-25 14:16:43.821000+00:00,2024-04-25 14:15:30+00:00,2024-04-25 14:17:30+00:00,TABUENCA01-45,Sensoria-C1-EEA1,Right,Gait,1.0.5,40.3878707,-3.629144,CB:AA:BC:3F:36:A5,SCKS,-1.460939,0.167969,-0.113281,-24.639999,188.160004,-82.879997,0.448512,0.784896,-0.242944,485,709,701,1.4749199746572692
2024-04-25 14:16:43.828000+00:00,2024-04-25 14:15:30+00:00,2024-04-25 14:17:30+00:00,TABUENCA01-45,Sensoria-C1-E90A,Left,Gait,1.0.5,40.3878707,-3.629144,F0:75:B1:51:59:F6,SCKS,0.1875,0.968749,-0.1875,2.24,-36.959999,-16.799999,0.392448,0.672768,-0.289664,658,534,317,1.0043839529786407
2024-04-25 14:16:43.837000+00:00,2024-04-25 14:15:30+00:00,2024-04-25 14:17:30+00:00,TABUENCA01-45,Sensoria-C1-EEA1,Right,Gait,1.0.5,40.3878707,-3.629144,CB:AA:BC:3F:36:A5,SCKS,-0.609375,-0.09375,0.066406,15.68,61.599998,-132.160004,0.448512,0.784896,-0.242944,488,710,698,0.6201102401678269
2024-04-25 14:16:43.861000+00:00,2024-04-25 14:15:30+00:00,2024-04-25 14:17:30+00:00,TABUENCA01-45,Sensoria-C1-E90A,Left,Gait,1.0.5,40.3878707,-3.629144,F0:75:B1:51:59:F6,SCKS,0.1875,0.968749,-0.09375,-4.48,-32.48,-19.040001,0.392448,0.682112,-0.308352,652,526,333,0.9911709930688044
2024-04-25 14:16:43.870000+00:00,2024-04-25 14:15:30+00:00,2024-04-25 14:17:30+00:00,TABUENCA01-45,Sensoria-C1-EEA1,Right,Gait,1.0.5,40.3878707,-3.629144,CB:AA:BC:3F:36:A5,SCKS,-0.566407,0.085938,-0.035156,52.639999,26.880001,-183.680008,0.42048,0.79424,-0.261632,490,714,698,0.5739670494279266
2024-04-25 14:16:43.885000+00:00,2024-04-25 14:15:30+00:00,2024-04-25 14:17:30+00:00,TABUENCA01-45,Sensoria-C1-EEA1,Right,Gait,1.0.5,40.3878707,-3.629144,CB:AA:BC:3F:36:A5,SCKS,-0.566407,0.328125,-0.039063,57.119999,10.08,-222.880005,0.383104,0.803584,-0.2336,491,711,698,0.6557505800554049
2024-04-25 14:16:43.893000+00:00,2024-04-25 14:15:30+00:00,2024-04-25 14:17:30+00:00,TABUENCA01-45,Sensoria-C1-E90A,Left,Gait,1.0.5,40.3878707,-3.629144,F0:75:B1:51:59:F6,SCKS,0.1875,0.9375,-0.21875,0.0,-25.76,-25.76,0.383104,0.682112,-0.299008,646,520,361,0.980772176654701
2024-04-25 14:16:43.902000+00:00,2024-04-25 14:15:30+00:00,2024-04-25 14:17:30+00:00,TABUENCA01-45,Sensoria-C1-EEA1,Right,Gait,1.0.5,40.3878707,-3.629144,CB:AA:BC:3F:36:A5,SCKS,-0.527344,0.445313,0.039063,52.639999,-11.2,-264.320007,0.345728,0.812928,-0.2336,490,713,697,0.6913185085573799
2024-04-25 14:16:43.918000+00:00,2024-04-25 14:15:30+00:00,2024-04-25 14:17:30+00:00,TABUENCA01-45,Sensoria-C1-EEA1,Right,Gait,1.0.5,40.3878707,-3.629144,CB:AA:BC:3F:36:A5,SCKS,-0.542969,0.621094,0.097656,54.880001,-31.360001,-304.640015,0.289664,0.812928,-0.2336,490,711,696,0.8307284671497661
2024-04-25 14:16:43.926000+00:00,2024-04-25 14:15:30+00:00,2024-04-25 14:17:30+00:00,TABUENCA01-45,Sensoria-C1-E90A,Left,Gait,1.0.5,40.3878707,-3.629144,F0:75:B1:51:59:F6,SCKS,0.09375,0.9375,-0.1875,3.36,-34.720001,-25.76,0.383104,0.691456,-0.289664,639,507,393,0.9606516343087124
2024-04-25 14:16:43.958000+00:00,2024-04-25 14:15:30+00:00,2024-04-25 14:17:30+00:00,TABUENCA01-45,Sensoria-C1-E90A,Left,Gait,1.0.5,40.3878707,-3.629144,F0:75:B1:51:59:F6,SCKS,0.125,0.968749,-0.1875,11.2,-50.400002,-19.040001,0.37376,0.691456,-0.28032,621,479,433,0.994613429931951
2024-04-25 14:16:43.967000+00:00,2024-04-25 14:15:30+00:00,2024-04-25 14:17:30+00:00,TABUENCA01-45,Sensoria-C1-EEA1,Right,Gait,1.0.5,40.3878707,-3.629144,CB:AA:BC:3F:36:A5,SCKS,-0.554688,0.894532,0.117188,56.0,-41.439999,-336.0,0.224256,0.803584,-0.214912,490,710,695,1.059055854859412
2024-04-25 14:16:43.974000+00:00,2024-04-25 14:15:30+00:00,2024-04-25 14:17:30+00:00,TABUENCA01-45,Sensoria-C1-E90A,Left,Gait,1.0.5,40.3878707,-3.629144,F0:75:B1:51:59:F6,SCKS,0.125,0.9375,-0.21875,10.08,-48.16,-25.76,0.37376,0.7008,-0.270976,604,456,457,0.9707640354380667
2024-04-25 14:16:43.982000+00:00,2024-04-25 14:15:30+00:00,2024-04-25 14:17:30+00:00,TABUENCA01-45,Sensoria-C1-EEA1,Right,Gait,1.0.5,40.3878707,-3.629144,CB:AA:BC:3F:36:A5,SCKS,-0.488282,1.175782,0.136719,49.279999,-42.560001,-360.640015,0.224256,0.803584,-0.214912,490,709,696,1.2804587880947205
2024-04-25 14:16:43.984000+00:00,2024-04-25 14:15:30+00:00,2024-04-25 14:17:30+00:00,TABUENCA01-45,Sensoria-C1-EEA1,Right,Gait,1.0.5,40.3878707,-3.629144,CB:AA:BC:3F:36:A5,SCKS,-0.464844,1.54297,0.164063,36.959999,-34.720001,-381.920013,0.168192,0.784896,-0.214912,489,709,694,1.619800306582574
2024-04-25 14:16:43.999000+00:00,2024-04-25 14:15:30+00:00,2024-04-25 14:17:30+00:00,TABUENCA01-45,Sensoria-C1-EEA1,Right,Gait,1.0.5,40.3878707,-3.629144,CB:AA:BC:3F:36:A5,SCKS,-0.480469,1.996095,0.285156,11.2,-4.48,-393.119995,0.102784,0.756864,-0.214912,489,707,694,2.0728144280957714
2024-04-25 14:16:44.032000+00:00,2024-04-25 14:15:30+00:00,2024-04-25 14:17:30+00:00,TABUENCA01-45,Sensoria-C1-EEA1,Right,Gait,1.0.5,40.3878707,-3.629144,CB:AA:BC:3F:36:A5,SCKS,-0.46875,1.996095,0.371094,13.440001,-2.24,-397.600006,0.04672,0.710144,-0.214912,489,708,694,2.083706449661516
2024-04-25 14:16:44.039000+00:00,2024-04-25 14:15:30+00:00,2024-04-25 14:17:30+00:00,TABUENCA01-45,Sensoria-C1-E90A,Left,Gait,1.0.5,40.3878707,-3.629144,F0:75:B1:51:59:F6,SCKS,0.0625,0.9375,-0.15625,7.84,-40.32,-43.68,0.355072,0.710144,-0.270976,556,397,499,0.9524844158830107
2024-04-25 14:16:44.048000+00:00,2024-04-25 14:15:30+00:00,2024-04-25 14:17:30+00:00,TABUENCA01-45,Sensoria-C1-EEA1,Right,Gait,1.0.5,40.3878707,-3.629144,CB:AA:BC:3F:36:A5,SCKS,0.316406,1.996095,0.308594,42.560001,-57.119999,-404.320007,-0.009344,0.663424,-0.224256,489,706,694,2.0444408190742527
2024-04-25 14:16:44.064000+00:00,2024-04-25 14:15:30+00:00,2024-04-25 14:17:30+00:00,TABUENCA01-45,Sensoria-C1-EEA1,Right,Gait,1.0.5,40.3878707,-3.629144,CB:AA:BC:3F:36:A5,SCKS,0.824219,1.996095,0.21875,19.040001,-48.16,-407.679993,-0.009344,0.663424,-0.224256,488,708,694,2.170618292442501
2024-04-25 14:16:44.072000+00:00,2024-04-25 14:15:30+00:00,2024-04-25 14:17:30+00:00,TABUENCA01-45,Sensoria-C1-E90A,Left,Gait,1.0.5,40.3878707,-3.629144,F0:75:B1:51:59:F6,SCKS,0.0625,0.999999,-0.1875,1.12,-39.200001,-52.639999,0.345728,0.719488,-0.261632,522,356,522,1.019343170870831
2024-04-25 14:16:44.080000+00:00,2024-04-25 14:15:30+00:00,2024-04-25 14:17:30+00:00,TABUENCA01-45,Sensoria-C1-EEA1,Right,Gait,1.0.5,40.3878707,-3.629144,CB:AA:BC:3F:36:A5,SCKS,1.683595,1.996095,0.050781,-2.24,-34.720001,-369.600006,-0.04672,0.60736,-0.224256,488,708,695,2.611793652456296
2024-04-25 14:16:44.097000+00:00,2024-04-25 14:15:30+00:00,2024-04-25 14:17:30+00:00,TABUENCA01-45,Sensoria-C1-EEA1,Right,Gait,1.0.5,40.3878707,-3.629144,CB:AA:BC:3F:36:A5,SCKS,1.996095,1.88672,-0.582032,60.48,-72.800003,-236.320007,-0.074752,0.56064,-0.2336,488,708,698,2.807644716920038
2024-04-25 14:16:44.104000+00:00,2024-04-25 14:15:30+00:00,2024-04-25 14:17:30+00:00,TABUENCA01-45,Sensoria-C1-E90A,Left,Gait,1.0.5,40.3878707,-3.629144,F0:75:B1:51:59:F6,SCKS,0.21875,1.187499,-0.125,-7.84,-51.52,-97.440002,0.317696,0.738176,-0.252288,467,294,590,1.213931809246714
2024-04-25 14:16:44.129000+00:00,2024-04-25 14:15:30+00:00,2024-04-25 14:17:30+00:00,TABUENCA01-45,Sensoria-C1-EEA1,Right,Gait,1.0.5,40.3878707,-3.629144,CB:AA:BC:3F:36:A5,SCKS,1.996095,1.328126,0.390625,34.720001,49.279999,-90.720001,-0.084096,0.541952,-0.2336,487,708,700,2.4291771881701014
2024-04-25 14:16:44.137000+00:00,2024-04-25 14:15:30+00:00,2024-04-25 14:17:30+00:00,TABUENCA01-45,Sensoria-C1-E90A,Left,Gait,1.0.5,40.3878707,-3.629144,F0:75:B1:51:59:F6,SCKS,0.09375,1.406249,0.0,-2.24,-35.84,-120.959999,0.299008,0.74752,-0.270976,436,263,636,1.409370537687304
2024-04-25 14:16:44.147000+00:00,2024-04-25 14:15:30+00:00,2024-04-25 14:17:30+00:00,TABUENCA01-45,Sensoria-C1-EEA1,Right,Gait,1.0.5,40.3878707,-3.629144,CB:AA:BC:3F:36:A5,SCKS,1.707032,1.996095,0.648438,-1.12,-112.0,140.0,-0.084096,0.551296,-0.2336,484,709,703,2.7053327591800977
2024-04-25 14:16:44.162000+00:00,2024-04-25 14:15:30+00:00,2024-04-25 14:17:30+00:00,TABUENCA01-45,Sensoria-C1-EEA1,Right,Gait,1.0.5,40.3878707,-3.629144,CB:AA:BC:3F:36:A5,SCKS,-2.000001,0.718751,0.582032,29.120001,-118.720001,94.080002,-0.074752,0.569984,-0.252288,489,708,685,2.203490015640189
2024-04-25 14:16:44.169000+00:00,2024-04-25 14:15:30+00:00,2024-04-25 14:17:30+00:00,TABUENCA01-45,Sensoria-C1-E90A,Left,Gait,1.0.5,40.3878707,-3.629144,F0:75:B1:51:59:F6,SCKS,0.1875,1.531249,-0.21875,-10.08,-33.599998,-136.639999,0.28032,0.756864,-0.242944,419,249,661,1.5581178750341709
2024-04-25 14:16:44.178000+00:00,2024-04-25 14:15:30+00:00,2024-04-25 14:17:30+00:00,TABUENCA01-45,Sensoria-C1-EEA1,Right,Gait,1.0.5,40.3878707,-3.629144,CB:AA:BC:3F:36:A5,SCKS,0.882813,1.343751,0.835938,54.880001,-196.0,254.240005,-0.074752,0.60736,-0.270976,498,711,650,1.8121307576480234
2024-04-25 14:16:44.211000+00:00,2024-04-25 14:15:30+00:00,2024-04-25 14:17:30+00:00,TABUENCA01-45,Sensoria-C1-EEA1,Right,Gait,1.0.5,40.3878707,-3.629144,CB:AA:BC:3F:36:A5,SCKS,0.621094,1.878908,0.3125,53.760002,-88.480003,229.600006,-0.074752,0.60736,-0.270976,503,718,586,2.0034243882163363
2024-04-25 14:16:44.219000+00:00,2024-04-25 14:15:30+00:00,2024-04-25 14:17:30+00:00,TABUENCA01-45,Sensoria-C1-E90A,Left,Gait,1.0.5,40.3878707,-3.629144,F0:75:B1:51:59:F6,SCKS,0.34375,1.749999,-0.1875,-19.040001,-28.0,-166.880005,0.224256,0.784896,-0.261632,439,274,672,1.793269866055023
2024-04-25 14:16:44.227000+00:00,2024-04-25 14:15:30+00:00,2024-04-25 14:17:30+00:00,TABUENCA01-45,Sensoria-C1-EEA1,Right,Gait,1.0.5,40.3878707,-3.629144,CB:AA:BC:3F:36:A5,SCKS,0.230469,1.531251,-0.070313,39.200001,40.32,220.639999,-0.056064,0.644736,-0.289664,509,719,508,1.5500933852290963
2024-04-25 14:16:44.235000+00:00,2024-04-25 14:15:30+00:00,2024-04-25 14:17:30+00:00,TABUENCA01-45,Sensoria-C1-E90A,Left,Gait,1.0.5,40.3878707,-3.629144,F0:75:B1:51:59:F6,SCKS,0.90625,2.218749,-0.21875,-29.120001,-14.56,-201.600006,0.177536,0.79424,-0.252288,508,341,676,2.406654888013859
2024-04-25 14:16:44.243000+00:00,2024-04-25 14:15:30+00:00,2024-04-25 14:17:30+00:00,TABUENCA01-45,Sensoria-C1-EEA1,Right,Gait,1.0.5,40.3878707,-3.629144,CB:AA:BC:3F:36:A5,SCKS,-0.035156,1.109376,-0.394532,34.720001,50.400002,190.399994,-0.037376,0.663424,-0.261632,511,720,445,1.177967127188191
2024-04-25 14:16:44.260000+00:00,2024-04-25 14:15:30+00:00,2024-04-25 14:17:30+00:00,TABUENCA01-45,Sensoria-C1-EEA1,Right,Gait,1.0.5,40.3878707,-3.629144,CB:AA:BC:3F:36:A5,SCKS,0.175781,1.023438,-0.207031,25.76,-16.799999,147.839996,-0.028032,0.682112,-0.270976,508,720,401,1.0588607721348449
2024-04-25 14:16:44.267000+00:00,2024-04-25 14:15:30+00:00,2024-04-25 14:17:30+00:00,TABUENCA01-45,Sensoria-C1-E90A,Left,Gait,1.0.5,40.3878707,-3.629144,F0:75:B1:51:59:F6,SCKS,0.65625,2.062499,-0.375,-57.119999,-66.080002,-213.919998,0.14016,0.803584,-0.270976,564,393,682,2.196631782411654
2024-04-25 14:16:44.283000+00:00,2024-04-25 14:15:30+00:00,2024-04-25 14:17:30+00:00,TABUENCA01-45,Sensoria-C1-E90A,Left,Gait,1.0.5,40.3878707,-3.629144,F0:75:B1:51:59:F6,SCKS,0.9375,1.999999,-0.875,-23.52,-99.68,-256.480011,0.102784,0.803584,-0.289664,613,459,689,2.375821384279761
2024-04-25 14:16:44.292000+00:00,2024-04-25 14:15:30+00:00,2024-04-25 14:17:30+00:00,TABUENCA01-45,Sensoria-C1-EEA1,Right,Gait,1.0.5,40.3878707,-3.629144,CB:AA:BC:3F:36:A5,SCKS,0.191406,1.007813,0.273438,-10.08,24.639999,126.559998,0.0,0.7008,-0.261632,496,725,371,1.0616457222863944
2024-04-25 14:16:44.308000+00:00,2024-04-25 14:15:30+00:00,2024-04-25 14:17:30+00:00,TABUENCA01-45,Sensoria-C1-EEA1,Right,Gait,1.0.5,40.3878707,-3.629144,CB:AA:BC:3F:36:A5,SCKS,-0.050781,0.988282,-0.019531,3.36,11.2,91.840004,0.0,0.7008,-0.261632,485,726,353,0.9897785012041835
2024-04-25 14:16:44.316000+00:00,2024-04-25 14:15:30+00:00,2024-04-25 14:17:30+00:00,TABUENCA01-45,Sensoria-C1-E90A,Left,Gait,1.0.5,40.3878707,-3.629144,F0:75:B1:51:59:F6,SCKS,0.5,0.84375,-0.5,33.599998,30.24,-228.479996,0.04672,0.803584,-0.289664,666,517,697,1.1008696846130335
2024-04-25 14:16:44.325000+00:00,2024-04-25 14:15:30+00:00,2024-04-25 14:17:30+00:00,TABUENCA01-45,Sensoria-C1-EEA1,Right,Gait,1.0.5,40.3878707,-3.629144,CB:AA:BC:3F:36:A5,SCKS,-0.101563,1.000001,-0.027344,-6.72,14.56,79.519997,0.0,0.710144,-0.252288,474,721,342,1.005517149185433
2024-04-25 14:16:44.340000+00:00,2024-04-25 14:15:30+00:00,2024-04-25 14:17:30+00:00,TABUENCA01-45,Sensoria-C1-EEA1,Right,Gait,1.0.5,40.3878707,-3.629144,CB:AA:BC:3F:36:A5,SCKS,-0.097656,0.980469,0.054688,-7.84,14.56,58.240002,0.009344,0.719488,-0.252288,467,713,336,0.986836831315593
2024-04-25 14:16:44.348000+00:00,2024-04-25 14:15:30+00:00,2024-04-25 14:17:30+00:00,TABUENCA01-45,Sensoria-C1-E90A,Left,Gait,1.0.5,40.3878707,-3.629144,F0:75:B1:51:59:F6,SCKS,-0.65625,0.4375,-0.40625,32.48,-66.080002,-95.199997,-0.009344,0.79424,-0.289664,694,540,699,0.8871918479111494
2024-04-25 14:16:44.357000+00:00,2024-04-25 14:15:30+00:00,2024-04-25 14:17:30+00:00,TABUENCA01-45,Sensoria-C1-EEA1,Right,Gait,1.0.5,40.3878707,-3.629144,CB:AA:BC:3F:36:A5,SCKS,-0.136719,0.992188,0.082031,-3.36,11.2,41.439999,0.018688,0.719488,-0.261632,460,702,334,1.0049170101386482
2024-04-25 14:16:44.381000+00:00,2024-04-25 14:15:30+00:00,2024-04-25 14:17:30+00:00,TABUENCA01-45,Sensoria-C1-E90A,Left,Gait,1.0.5,40.3878707,-3.629144,F0:75:B1:51:59:F6,SCKS,1.281249,0.21875,-0.125,17.92,-118.720001,114.239998,0.0,0.803584,-0.28032,706,546,697,1.305785419776542
2024-04-25 14:16:44.390000+00:00,2024-04-25 14:15:30+00:00,2024-04-25 14:17:30+00:00,TABUENCA01-45,Sensoria-C1-EEA1,Right,Gait,1.0.5,40.3878707,-3.629144,CB:AA:BC:3F:36:A5,SCKS,-0.148438,0.996094,-0.011719,1.12,6.72,35.84,0.028032,0.719488,-0.252288,455,695,336,1.0071615717654243
2024-04-25 14:16:44.406000+00:00,2024-04-25 14:15:30+00:00,2024-04-25 14:17:30+00:00,TABUENCA01-45,Sensoria-C1-EEA1,Right,Gait,1.0.5,40.3878707,-3.629144,CB:AA:BC:3F:36:A5,SCKS,-0.117188,0.976563,-0.027344,-2.24,7.84,35.84,0.028032,0.719488,-0.252288,450,687,341,0.9839491931238116
2024-04-25 14:16:44.414000+00:00,2024-04-25 14:15:30+00:00,2024-04-25 14:17:30+00:00,TABUENCA01-45,Sensoria-C1-E90A,Left,Gait,1.0.5,40.3878707,-3.629144,F0:75:B1:51:59:F6,SCKS,0.4375,0.0625,0.03125,6.72,17.92,148.960007,0.028032,0.803584,-0.261632,710,543,696,0.44304521496118204
2024-04-25 14:16:44.422000+00:00,2024-04-25 14:15:30+00:00,2024-04-25 14:17:30+00:00,TABUENCA01-45,Sensoria-C1-EEA1,Right,Gait,1.0.5,40.3878707,-3.629144,CB:AA:BC:3F:36:A5,SCKS,-0.109375,0.953126,0.007813,-4.48,8.96,34.720001,0.028032,0.719488,-0.242944,445,683,350,0.9594128962391532
2024-04-25 14:16:44.438000+00:00,2024-04-25 14:15:30+00:00,2024-04-25 14:17:30+00:00,TABUENCA01-45,Sensoria-C1-EEA1,Right,Gait,1.0.5,40.3878707,-3.629144,CB:AA:BC:3F:36:A5,SCKS,-0.105469,0.964844,-0.039063,-4.48,11.2,32.48,0.037376,0.719488,-0.252288,439,676,360,0.9713771524315363
2024-04-25 14:16:44.446000+00:00,2024-04-25 14:15:30+00:00,2024-04-25 14:17:30+00:00,TABUENCA01-45,Sensoria-C1-E90A,Left,Gait,1.0.5,40.3878707,-3.629144,F0:75:B1:51:59:F6,SCKS,0.40625,0.375,-0.1875,36.959999,24.639999,239.680008,0.09344,0.812928,-0.242944,710,544,694,0.5837981778834189
2024-04-25 14:16:44.471000+00:00,2024-04-25 14:15:30+00:00,2024-04-25 14:17:30+00:00,TABUENCA01-45,Sensoria-C1-EEA1,Right,Gait,1.0.5,40.3878707,-3.629144,CB:AA:BC:3F:36:A5,SCKS,-0.097656,0.976563,-0.066406,-7.84,19.040001,33.599998,0.037376,0.728832,-0.242944,435,670,370,0.9836776627234146
2024-04-25 14:16:44.479000+00:00,2024-04-25 14:15:30+00:00,2024-04-25 14:17:30+00:00,TABUENCA01-45,Sensoria-C1-E90A,Left,Gait,1.0.5,40.3878707,-3.629144,F0:75:B1:51:59:F6,SCKS,0.34375,0.65625,-0.0625,23.52,28.0,286.720001,0.14016,0.803584,-0.252288,710,543,691,0.7434610783356449
2024-04-25 14:16:44.488000+00:00,2024-04-25 14:15:30+00:00,2024-04-25 14:17:30+00:00,TABUENCA01-45,Sensoria-C1-EEA1,Right,Gait,1.0.5,40.3878707,-3.629144,CB:AA:BC:3F:36:A5,SCKS,-0.078125,0.964844,-0.011719,-12.32,25.76,30.24,0.04672,0.728832,-0.2336,429,663,376,0.9680727219181419
2024-04-25 14:16:44.504000+00:00,2024-04-25 14:15:30+00:00,2024-04-25 14:17:30+00:00,TABUENCA01-45,Sensoria-C1-EEA1,Right,Gait,1.0.5,40.3878707,-3.629144,CB:AA:BC:3F:36:A5,SCKS,-0.0625,1.000001,0.015625,-7.84,28.0,23.52,0.04672,0.728832,-0.2336,418,655,384,1.0020740444827418
2024-04-25 14:16:44.512000+00:00,2024-04-25 14:15:30+00:00,2024-04-25 14:17:30+00:00,TABUENCA01-45,Sensoria-C1-E90A,Left,Gait,1.0.5,40.3878707,-3.629144,F0:75:B1:51:59:F6,SCKS,0.34375,0.9375,0.0,20.16,35.84,339.360016,0.205568,0.79424,-0.242944,708,543,691,0.9985340817919036
2024-04-25 14:16:44.520000+00:00,2024-04-25 14:15:30+00:00,2024-04-25 14:17:30+00:00,TABUENCA01-45,Sensoria-C1-EEA1,Right,Gait,1.0.5,40.3878707,-3.629144,CB:AA:BC:3F:36:A5,SCKS,-0.09375,1.000001,0.054688,-2.24,29.120001,17.92,0.04672,0.738176,-0.2336,406,645,392,1.005873669923316
2024-04-25 14:16:44.544000+00:00,2024-04-25 14:15:30+00:00,2024-04-25 14:17:30+00:00,TABUENCA01-45,Sensoria-C1-E90A,Left,Gait,1.0.5,40.3878707,-3.629144,F0:75:B1:51:59:F6,SCKS,0.40625,1.406249,0.0,12.32,32.48,379.679993,0.270976,0.766208,-0.224256,709,542,691,1.4637538428646397
2024-04-25 14:16:44.553000+00:00,2024-04-25 14:15:30+00:00,2024-04-25 14:17:30+00:00,TABUENCA01-45,Sensoria-C1-EEA1,Right,Gait,1.0.5,40.3878707,-3.629144,CB:AA:BC:3F:36:A5,SCKS,-0.101563,0.960938,-0.003906,0.0,12.32,10.08,0.04672,0.728832,-0.242944,389,637,403,0.96629816291298
2024-04-25 14:16:44.569000+00:00,2024-04-25 14:15:30+00:00,2024-04-25 14:17:30+00:00,TABUENCA01-45,Sensoria-C1-EEA1,Right,Gait,1.0.5,40.3878707,-3.629144,CB:AA:BC:3F:36:A5,SCKS,-0.148438,0.894532,-0.015625,-4.48,8.96,33.599998,0.056064,0.738176,-0.2336,368,627,409,0.90689882538958
2024-04-25 14:16:44.576000+00:00,2024-04-25 14:15:30+00:00,2024-04-25 14:17:30+00:00,TABUENCA01-45,Sensoria-C1-E90A,Left,Gait,1.0.5,40.3878707,-3.629144,F0:75:B1:51:59:F6,SCKS,0.40625,2.031249,0.0625,2.24,34.720001,399.839996,0.392448,0.672768,-0.252288,707,541,691,2.072418348814013
2024-04-25 14:16:44.585000+00:00,2024-04-25 14:15:30+00:00,2024-04-25 14:17:30+00:00,TABUENCA01-45,Sensoria-C1-EEA1,Right,Gait,1.0.5,40.3878707,-3.629144,CB:AA:BC:3F:36:A5,SCKS,-0.144531,0.941407,0.023438,-4.48,4.48,59.360001,0.056064,0.738176,-0.2336,347,613,416,0.952725400865328
2024-04-25 14:16:44.601000+00:00,2024-04-25 14:15:30+00:00,2024-04-25 14:17:30+00:00,TABUENCA01-45,Sensoria-C1-EEA1,Right,Gait,1.0.5,40.3878707,-3.629144,CB:AA:BC:3F:36:A5,SCKS,-0.097656,1.046876,0.03125,-2.24,1.12,79.519997,0.056064,0.738176,-0.2336,324,596,423,1.0518852676085924
2024-04-25 14:16:44.608000+00:00,2024-04-25 14:15:30+00:00,2024-04-25 14:17:30+00:00,TABUENCA01-45,Sensoria-C1-E90A,Left,Gait,1.0.5,40.3878707,-3.629144,F0:75:B1:51:59:F6,SCKS,0.3125,2.812499,0.0,8.96,92.959999,417.76001,0.448512,0.616704,-0.261632,707,539,687,2.82980686178421
2024-04-25 14:16:44.617000+00:00,2024-04-25 14:15:30+00:00,2024-04-25 14:17:30+00:00,TABUENCA01-45,Sensoria-C1-EEA1,Right,Gait,1.0.5,40.3878707,-3.629144,CB:AA:BC:3F:36:A5,SCKS,-0.117188,1.093751,-0.003906,-2.24,2.24,90.720001,0.065408,0.74752,-0.2336,301,572,433,1.1000179699354915
2024-04-25 14:16:44.641000+00:00,2024-04-25 14:15:30+00:00,2024-04-25 14:17:30+00:00,TABUENCA01-45,Sensoria-C1-E90A,Left,Gait,1.0.5,40.3878707,-3.629144,F0:75:B1:51:59:F6,SCKS,-0.9375,3.249998,-0.1875,-30.24,116.480003,385.279999,0.485888,0.551296,-0.28032,705,539,687,3.3877056395153344
2024-04-25 14:16:44.649000+00:00,2024-04-25 14:15:30+00:00,2024-04-25 14:17:30+00:00,TABUENCA01-45,Sensoria-C1-EEA1,Right,Gait,1.0.5,40.3878707,-3.629144,CB:AA:BC:3F:36:A5,SCKS,-0.09375,1.160157,0.007813,-6.72,-1.12,101.919998,0.084096,0.756864,-0.2336,278,543,459,1.1639649350895414
2024-04-25 14:16:44.657000+00:00,2024-04-25 14:15:30+00:00,2024-04-25 14:17:30+00:00,TABUENCA01-45,Sensoria-C1-E90A,Left,Gait,1.0.5,40.3878707,-3.629144,F0:75:B1:51:59:F6,SCKS,-3.249998,1.718749,-0.8125,25.76,155.680008,243.040009,0.51392,0.495232,-0.308352,704,539,690,3.765201372437469
2024-04-25 14:16:44.666000+00:00,2024-04-25 14:15:30+00:00,2024-04-25 14:17:30+00:00,TABUENCA01-45,Sensoria-C1-EEA1,Right,Gait,1.0.5,40.3878707,-3.629144,CB:AA:BC:3F:36:A5,SCKS,-0.082031,1.23047,0.019531,-11.2,-3.36,117.599998,0.102784,0.756864,-0.2336,258,512,504,1.2333559769271805
2024-04-25 14:16:44.682000+00:00,2024-04-25 14:15:30+00:00,2024-04-25 14:17:30+00:00,TABUENCA01-45,Sensoria-C1-EEA1,Right,Gait,1.0.5,40.3878707,-3.629144,CB:AA:BC:3F:36:A5,SCKS,-0.132813,1.335938,0.203125,-5.6,-13.440001,133.279999,0.121472,0.766208,-0.242944,237,483,568,1.3578031515790498
2024-04-25 14:16:44.689000+00:00,2024-04-25 14:15:30+00:00,2024-04-25 14:17:30+00:00,TABUENCA01-45,Sensoria-C1-E90A,Left,Gait,1.0.5,40.3878707,-3.629144,F0:75:B1:51:59:F6,SCKS,-3.312498,1.531249,-0.53125,16.799999,-96.32,40.32,0.523264,0.457856,-0.317696,701,539,694,3.687762609293744
2024-04-25 14:16:44.698000+00:00,2024-04-25 14:15:30+00:00,2024-04-25 14:17:30+00:00,TABUENCA01-45,Sensoria-C1-EEA1,Right,Gait,1.0.5,40.3878707,-3.629144,CB:AA:BC:3F:36:A5,SCKS,-0.15625,1.453126,0.140625,4.48,-29.120001,143.360001,0.14016,0.775552,-0.2336,218,461,619,1.468252234801977
2024-04-25 14:16:44.722000+00:00,2024-04-25 14:15:30+00:00,2024-04-25 14:17:30+00:00,TABUENCA01-45,Sensoria-C1-E90A,Left,Gait,1.0.5,40.3878707,-3.629144,F0:75:B1:51:59:F6,SCKS,0.968749,1.624999,-0.03125,24.639999,0.0,-150.080002,0.51392,0.476544,-0.299008,700,540,693,1.8921080670780939
2024-04-25 14:16:44.731000+00:00,2024-04-25 14:15:30+00:00,2024-04-25 14:17:30+00:00,TABUENCA01-45,Sensoria-C1-EEA1,Right,Gait,1.0.5,40.3878707,-3.629144,CB:AA:BC:3F:36:A5,SCKS,-0.136719,1.515626,-0.039063,-13.440001,-26.880001,152.320007,0.14016,0.775552,-0.2336,204,448,655,1.522281240377743
2024-04-25 14:16:44.748000+00:00,2024-04-25 14:15:30+00:00,2024-04-25 14:17:30+00:00,TABUENCA01-45,Sensoria-C1-EEA1,Right,Gait,1.0.5,40.3878707,-3.629144,CB:AA:BC:3F:36:A5,SCKS,-0.289063,1.660157,0.066406,-24.639999,-12.32,163.520004,0.168192,0.784896,-0.2336,195,448,675,1.6864425396241642
2024-04-25 14:16:44.755000+00:00,2024-04-25 14:15:30+00:00,2024-04-25 14:17:30+00:00,TABUENCA01-45,Sensoria-C1-E90A,Left,Gait,1.0.5,40.3878707,-3.629144,F0:75:B1:51:59:F6,SCKS,0.03125,1.218749,0.8125,49.279999,176.960007,-175.839996,0.504576,0.504576,-0.308352,704,539,672,1.465087689355487
2024-04-25 14:16:44.763000+00:00,2024-04-25 14:15:30+00:00,2024-04-25 14:17:30+00:00,TABUENCA01-45,Sensoria-C1-EEA1,Right,Gait,1.0.5,40.3878707,-3.629144,CB:AA:BC:3F:36:A5,SCKS,-0.523438,1.867189,0.191406,-35.84,7.84,183.680008,0.196224,0.79424,-0.242944,193,464,685,1.9485939439506117
2024-04-25 14:16:44.779000+00:00,2024-04-25 14:15:30+00:00,2024-04-25 14:17:30+00:00,TABUENCA01-45,Sensoria-C1-EEA1,Right,Gait,1.0.5,40.3878707,-3.629144,CB:AA:BC:3F:36:A5,SCKS,-0.964844,1.996095,0.496094,-49.279999,32.48,211.680008,0.2336,0.803584,-0.252288,203,480,694,2.271877736630429
2024-04-25 14:16:44.787000+00:00,2024-04-25 14:15:30+00:00,2024-04-25 14:17:30+00:00,TABUENCA01-45,Sensoria-C1-E90A,Left,Gait,1.0.5,40.3878707,-3.629144,F0:75:B1:51:59:F6,SCKS,-0.34375,1.749999,0.09375,89.599998,22.4,-207.199997,0.4672,0.588672,-0.345728,707,548,531,1.7859030278828132
2024-04-25 14:16:44.812000+00:00,2024-04-25 14:15:30+00:00,2024-04-25 14:17:30+00:00,TABUENCA01-45,Sensoria-C1-EEA1,Right,Gait,1.0.5,40.3878707,-3.629144,CB:AA:BC:3F:36:A5,SCKS,-1.039063,1.996095,0.324219,-52.639999,39.200001,245.279999,0.289664,0.812928,-0.261632,229,501,697,2.2735798043954825
2024-04-25 14:16:44.820000+00:00,2024-04-25 14:15:30+00:00,2024-04-25 14:17:30+00:00,TABUENCA01-45,Sensoria-C1-E90A,Left,Gait,1.0.5,40.3878707,-3.629144,F0:75:B1:51:59:F6,SCKS,-0.3125,1.281249,-0.53125,90.720001,-2.24,-185.919998,0.439168,0.616704,-0.336384,706,551,421,1.4217882446064183
2024-04-25 14:16:44.828000+00:00,2024-04-25 14:15:30+00:00,2024-04-25 14:17:30+00:00,TABUENCA01-45,Sensoria-C1-EEA1,Right,Gait,1.0.5,40.3878707,-3.629144,CB:AA:BC:3F:36:A5,SCKS,-0.746094,1.996095,-0.449219,-30.24,-25.76,288.959991,0.289664,0.812928,-0.261632,274,540,698,2.177808351490553
2024-04-25 14:16:44.844000+00:00,2024-04-25 14:15:30+00:00,2024-04-25 14:17:30+00:00,TABUENCA01-45,Sensoria-C1-EEA1,Right,Gait,1.0.5,40.3878707,-3.629144,CB:AA:BC:3F:36:A5,SCKS,-0.679688,1.996095,-0.660157,-29.120001,-80.639999,325.920013,0.336384,0.803584,-0.270976,333,598,699,2.2095651814368362
2024-04-25 14:16:44.852000+00:00,2024-04-25 14:15:30+00:00,2024-04-25 14:17:30+00:00,TABUENCA01-45,Sensoria-C1-E90A,Left,Gait,1.0.5,40.3878707,-3.629144,F0:75:B1:51:59:F6,SCKS,-0.28125,0.999999,-0.125,58.240002,-29.120001,-120.959999,0.42048,0.644736,-0.317696,693,555,360,1.0462908594176858
2024-04-25 14:16:44.860000+00:00,2024-04-25 14:15:30+00:00,2024-04-25 14:17:30+00:00,TABUENCA01-45,Sensoria-C1-EEA1,Right,Gait,1.0.5,40.3878707,-3.629144,CB:AA:BC:3F:36:A5,SCKS,-0.773438,1.433595,-0.671875,11.2,-79.519997,280.0,0.383104,0.803584,-0.261632,398,650,698,1.7620490854383142
2024-04-25 14:16:44.877000+00:00,2024-04-25 14:15:30+00:00,2024-04-25 14:17:30+00:00,TABUENCA01-45,Sensoria-C1-EEA1,Right,Gait,1.0.5,40.3878707,-3.629144,CB:AA:BC:3F:36:A5,SCKS,0.167969,0.121094,-0.878907,15.68,0.0,181.440002,0.42048,0.79424,-0.261632,446,681,698,0.9029700196828242
2024-04-25 14:16:44.884000+00:00,2024-04-25 14:15:30+00:00,2024-04-25 14:17:30+00:00,TABUENCA01-45,Sensoria-C1-E90A,Left,Gait,1.0.5,40.3878707,-3.629144,F0:75:B1:51:59:F6,SCKS,0.125,0.9375,-0.25,26.880001,-48.16,-59.360001,0.401792,0.663424,-0.299008,675,548,330,0.978279740156158
2024-04-25 14:16:44.910000+00:00,2024-04-25 14:15:30+00:00,2024-04-25 14:17:30+00:00,TABUENCA01-45,Sensoria-C1-EEA1,Right,Gait,1.0.5,40.3878707,-3.629144,CB:AA:BC:3F:36:A5,SCKS,-0.707032,0.738282,-0.785157,14.56,193.759995,81.760002,0.439168,0.79424,-0.261632,470,696,697,1.288963178371283
2024-04-25 14:16:44.926000+00:00,2024-04-25 14:15:30+00:00,2024-04-25 14:17:30+00:00,TABUENCA01-45,Sensoria-C1-EEA1,Right,Gait,1.0.5,40.3878707,-3.629144,CB:AA:BC:3F:36:A5,SCKS,-1.484376,0.289063,-0.402344,-24.639999,176.960007,-43.68,0.439168,0.79424,-0.261632,482,706,695,1.5648674773542326
2024-04-25 14:16:44.934000+00:00,2024-04-25 14:15:30+00:00,2024-04-25 14:17:30+00:00,TABUENCA01-45,Sensoria-C1-E90A,Left,Gait,1.0.5,40.3878707,-3.629144,F0:75:B1:51:59:F6,SCKS,0.125,0.999999,-0.125,10.08,-45.920002,-29.120001,0.392448,0.682112,-0.289664,661,534,318,1.015503815847582
2024-04-25 14:16:44.942000+00:00,2024-04-25 14:15:30+00:00,2024-04-25 14:17:30+00:00,TABUENCA01-45,Sensoria-C1-EEA1,Right,Gait,1.0.5,40.3878707,-3.629144,CB:AA:BC:3F:36:A5,SCKS,-0.839844,-0.058594,-0.046875,-29.120001,110.879997,-72.800003,0.439168,0.79424,-0.270976,488,711,694,0.8431894607957336
2024-04-25 14:16:44.950000+00:00,2024-04-25 14:15:30+00:00,2024-04-25 14:17:30+00:00,TABUENCA01-45,Sensoria-C1-E90A,Left,Gait,1.0.5,40.3878707,-3.629144,F0:75:B1:51:59:F6,SCKS,0.15625,0.968749,-0.21875,4.48,-33.599998,-19.040001,0.392448,0.682112,-0.28032,648,523,321,1.005355782795822
2024-04-25 14:16:44.959000+00:00,2024-04-25 14:15:30+00:00,2024-04-25 14:17:30+00:00,TABUENCA01-45,Sensoria-C1-EEA1,Right,Gait,1.0.5,40.3878707,-3.629144,CB:AA:BC:3F:36:A5,SCKS,-0.472657,-0.082031,-0.046875,22.4,49.279999,-117.599998,0.429824,0.803584,-0.270976,490,712,692,0.48200725122657645
2024-04-25 14:16:44.966000+00:00,2024-04-25 14:15:30+00:00,2024-04-25 14:17:30+00:00,TABUENCA01-45,Sensoria-C1-E90A,Left,Gait,1.0.5,40.3878707,-3.629144,F0:75:B1:51:59:F6,SCKS,0.15625,0.968749,-0.125,-2.24,-28.0,-15.68,0.383104,0.682112,-0.28032,638,511,339,0.9891985076318099
2024-04-25 14:16:44.991000+00:00,2024-04-25 14:15:30+00:00,2024-04-25 14:17:30+00:00,TABUENCA01-45,Sensoria-C1-EEA1,Right,Gait,1.0.5,40.3878707,-3.629144,CB:AA:BC:3F:36:A5,SCKS,-0.515625,0.085938,-0.113281,43.68,31.360001,-170.240005,0.401792,0.803584,-0.270976,492,713,692,0.5348710736523336
2024-04-25 14:16:45.007000+00:00,2024-04-25 14:15:30+00:00,2024-04-25 14:17:30+00:00,TABUENCA01-45,Sensoria-C1-EEA1,Right,Gait,1.0.5,40.3878707,-3.629144,CB:AA:BC:3F:36:A5,SCKS,-0.609375,0.3125,-0.105469,44.799999,8.96,-215.040009,0.364416,0.812928,-0.270976,492,714,690,0.6929053691421362
2024-04-25 14:16:45.024000+00:00,2024-04-25 14:15:30+00:00,2024-04-25 14:17:30+00:00,TABUENCA01-45,Sensoria-C1-EEA1,Right,Gait,1.0.5,40.3878707,-3.629144,CB:AA:BC:3F:36:A5,SCKS,-0.554688,0.414063,-0.027344,45.920002,-24.639999,-256.480011,0.364416,0.812928,-0.270976,492,712,690,0.6927298460792634
2024-04-25 14:16:45.031000+00:00,2024-04-25 14:15:30+00:00,2024-04-25 14:17:30+00:00,TABUENCA01-45,Sensoria-C1-E90A,Left,Gait,1.0.5,40.3878707,-3.629144,F0:75:B1:51:59:F6,SCKS,0.09375,0.9375,-0.1875,-2.24,-53.760002,-16.799999,0.37376,0.691456,-0.270976,612,481,418,0.9606516343087124
2024-04-25 14:16:45.039000+00:00,2024-04-25 14:15:30+00:00,2024-04-25 14:17:30+00:00,TABUENCA01-45,Sensoria-C1-EEA1,Right,Gait,1.0.5,40.3878707,-3.629144,CB:AA:BC:3F:36:A5,SCKS,-0.503907,0.605469,-0.042969,53.760002,-54.880001,-294.559998,0.308352,0.812928,-0.261632,492,711,689,0.7888987955187915
2024-04-25 14:16:45.055000+00:00,2024-04-25 14:15:30+00:00,2024-04-25 14:17:30+00:00,TABUENCA01-45,Sensoria-C1-EEA1,Right,Gait,1.0.5,40.3878707,-3.629144,CB:AA:BC:3F:36:A5,SCKS,-0.496094,0.867188,-0.101563,56.0,-73.919998,-328.160004,0.252288,0.803584,-0.252288,492,709,690,1.0042107981639115
2024-04-25 14:16:45.088000+00:00,2024-04-25 14:15:30+00:00,2024-04-25 14:17:30+00:00,TABUENCA01-45,Sensoria-C1-EEA1,Right,Gait,1.0.5,40.3878707,-3.629144,CB:AA:BC:3F:36:A5,SCKS,-0.464844,1.171876,-0.109375,49.279999,-81.760002,-357.279999,0.196224,0.79424,-0.242944,491,710,687,1.2654391310280395
2024-04-25 14:16:45.095000+00:00,2024-04-25 14:15:30+00:00,2024-04-25 14:17:30+00:00,TABUENCA01-45,Sensoria-C1-E90A,Left,Gait,1.0.5,40.3878707,-3.629144,F0:75:B1:51:59:F6,SCKS,0.09375,0.968749,-0.1875,3.36,-52.639999,-14.56,0.37376,0.7008,-0.270976,594,462,453,0.9911709930688044
2024-04-25 14:16:45.097000+00:00,2024-04-25 14:15:30+00:00,2024-04-25 14:17:30+00:00,TABUENCA01-45,Sensoria-C1-E90A,Left,Gait,1.0.5,40.3878707,-3.629144,F0:75:B1:51:59:F6,SCKS,0.125,0.968749,-0.21875,3.36,-54.880001,-22.4,0.37376,0.7008,-0.252288,574,437,488,1.0009751183226285
2024-04-25 14:16:45.105000+00:00,2024-04-25 14:15:30+00:00,2024-04-25 14:17:30+00:00,TABUENCA01-45,Sensoria-C1-EEA1,Right,Gait,1.0.5,40.3878707,-3.629144,CB:AA:BC:3F:36:A5,SCKS,-0.425782,1.535157,-0.070313,35.84,-68.32,-381.920013,0.121472,0.766208,-0.252288,492,707,687,1.5946602284317497
2024-04-25 14:16:45.121000+00:00,2024-04-25 14:15:30+00:00,2024-04-25 14:17:30+00:00,TABUENCA01-45,Sensoria-C1-EEA1,Right,Gait,1.0.5,40.3878707,-3.629144,CB:AA:BC:3F:36:A5,SCKS,-0.402344,1.988283,0.003906,14.56,-23.52,-390.880005,0.065408,0.738176,-0.242944,491,707,687,2.0285870055930557
2024-04-25 14:16:45.129000+00:00,2024-04-25 14:15:30+00:00,2024-04-25 14:17:30+00:00,TABUENCA01-45,Sensoria-C1-E90A,Left,Gait,1.0.5,40.3878707,-3.629144,F0:75:B1:51:59:F6,SCKS,0.0625,0.9375,-0.1875,4.48,-48.16,-32.48,0.364416,0.710144,-0.242944,547,410,521,0.9581068572972432
2024-04-25 14:16:45.137000+00:00,2024-04-25 14:15:30+00:00,2024-04-25 14:17:30+00:00,TABUENCA01-45,Sensoria-C1-EEA1,Right,Gait,1.0.5,40.3878707,-3.629144,CB:AA:BC:3F:36:A5,SCKS,-0.257813,1.996095,0.089844,31.360001,-25.76,-394.23999,0.065408,0.738176,-0.242944,490,708,688,2.0146798098779866
2024-04-25 14:16:45.161000+00:00,2024-04-25 14:15:30+00:00,2024-04-25 14:17:30+00:00,TABUENCA01-45,Sensoria-C1-E90A,Left,Gait,1.0.5,40.3878707,-3.629144,F0:75:B1:51:59:F6,SCKS,0.0625,0.968749,-0.1875,6.72,-41.439999,-43.68,0.355072,0.710144,-0.2336,517,380,548,0.9887047714060047
2024-04-25 14:16:45.170000+00:00,2024-04-25 14:15:30+00:00,2024-04-25 14:17:30+00:00,TABUENCA01-45,Sensoria-C1-EEA1,Right,Gait,1.0.5,40.3878707,-3.629144,CB:AA:BC:3F:36:A5,SCKS,0.269531,1.996095,-0.125,67.199997,-67.199997,-413.279999,0.009344,0.691456,-0.2336,489,707,686,2.018085035122653
2024-04-25 14:16:45.186000+00:00,2024-04-25 14:15:30+00:00,2024-04-25 14:17:30+00:00,TABUENCA01-45,Sensoria-C1-EEA1,Right,Gait,1.0.5,40.3878707,-3.629144,CB:AA:BC:3F:36:A5,SCKS,1.527345,1.996095,-0.171875,32.48,-42.560001,-403.200012,-0.037376,0.626048,-0.2336,490,707,688,2.519269539702927
2024-04-25 14:16:45.193000+00:00,2024-04-25 14:15:30+00:00,2024-04-25 14:17:30+00:00,TABUENCA01-45,Sensoria-C1-E90A,Left,Gait,1.0.5,40.3878707,-3.629144,F0:75:B1:51:59:F6,SCKS,0.0625,1.031249,-0.21875,3.36,-39.200001,-56.0,0.345728,0.719488,-0.224256,484,345,576,1.056045601525332
2024-04-25 14:16:45.202000+00:00,2024-04-25 14:15:30+00:00,2024-04-25 14:17:30+00:00,TABUENCA01-45,Sensoria-C1-EEA1,Right,Gait,1.0.5,40.3878707,-3.629144,CB:AA:BC:3F:36:A5,SCKS,1.996095,1.996095,-0.460938,39.200001,-1.12,-311.360016,-0.074752,0.579328,-0.252288,490,708,688,2.8602892052892135
2024-04-25 14:16:45.218000+00:00,2024-04-25 14:15:30+00:00,2024-04-25 14:17:30+00:00,TABUENCA01-45,Sensoria-C1-EEA1,Right,Gait,1.0.5,40.3878707,-3.629144,CB:AA:BC:3F:36:A5,SCKS,1.996095,1.51172,0.1875,52.639999,56.0,-171.360001,-0.084096,0.541952,-0.224256,488,710,691,2.5109458093365933
2024-04-25 14:16:45.226000+00:00,2024-04-25 14:15:30+00:00,2024-04-25 14:17:30+00:00,TABUENCA01-45,Sensoria-C1-E90A,Left,Gait,1.0.5,40.3878707,-3.629144,F0:75:B1:51:59:F6,SCKS,0.09375,1.093749,-0.21875,0.0,-44.799999,-75.040001,0.32704,0.738176,-0.2336,448,310,619,1.1193424409004602
2024-04-25 14:16:45.251000+00:00,2024-04-25 14:15:30+00:00,2024-04-25 14:17:30+00:00,TABUENCA01-45,Sensoria-C1-EEA1,Right,Gait,1.0.5,40.3878707,-3.629144,CB:AA:BC:3F:36:A5,SCKS,1.996095,1.835939,0.695313,39.200001,94.080002,-52.639999,-0.084096,0.541952,-0.224256,489,709,691,2.799737028493033
2024-04-25 14:16:45.258000+00:00,2024-04-25 14:15:30+00:00,2024-04-25 14:17:30+00:00,TABUENCA01-45,Sensoria-C1-E90A,Left,Gait,1.0.5,40.3878707,-3.629144,F0:75:B1:51:59:F6,SCKS,0.09375,1.249999,-0.03125,-1.12,-40.32,-100.800003,0.308352,0.74752,-0.224256,417,283,654,1.2538991685941099
2024-04-25 14:16:45.267000+00:00,2024-04-25 14:15:30+00:00,2024-04-25 14:17:30+00:00,TABUENCA01-45,Sensoria-C1-EEA1,Right,Gait,1.0.5,40.3878707,-3.629144,CB:AA:BC:3F:36:A5,SCKS,1.996095,1.914064,1.003907,-3.36,8.96,107.520004,-0.074752,0.541952,-0.214912,487,711,697,2.9420852315611117
2024-04-25 14:16:45.283000+00:00,2024-04-25 14:15:30+00:00,2024-04-25 14:17:30+00:00,TABUENCA01-45,Sensoria-C1-EEA1,Right,Gait,1.0.5,40.3878707,-3.629144,CB:AA:BC:3F:36:A5,SCKS,-2.000001,1.117188,-0.378907,15.68,-109.760002,123.199997,-0.074752,0.56064,-0.2336,487,712,690,2.3219999013768287
2024-04-25 14:16:45.291000+00:00,2024-04-25 14:15:30+00:00,2024-04-25 14:17:30+00:00,TABUENCA01-45,Sensoria-C1-E90A,Left,Gait,1.0.5,40.3878707,-3.629144,F0:75:B1:51:59:F6,SCKS,0.1875,1.499999,-0.15625,4.48,-24.639999,-143.360001,0.252288,0.766208,-0.224256,390,263,680,1.5197260649541418
2024-04-25 14:16:45.300000+00:00,2024-04-25 14:15:30+00:00,2024-04-25 14:17:30+00:00,TABUENCA01-45,Sensoria-C1-EEA1,Right,Gait,1.0.5,40.3878707,-3.629144,CB:AA:BC:3F:36:A5,SCKS,1.207032,1.320313,1.437501,67.199997,-273.279999,252.0,-0.074752,0.579328,-0.242944,500,714,649,2.294899081004217
2024-04-25 14:16:45.307000+00:00,2024-04-25 14:15:30+00:00,2024-04-25 14:17:30+00:00,TABUENCA01-45,Sensoria-C1-E90A,Left,Gait,1.0.5,40.3878707,-3.629144,F0:75:B1:51:59:F6,SCKS,0.4375,1.812499,-0.09375,1.12,-20.16,-182.559998,0.224256,0.784896,-0.224256,407,295,685,1.8669086580497183
2024-04-25 14:16:45.316000+00:00,2024-04-25 14:15:30+00:00,2024-04-25 14:17:30+00:00,TABUENCA01-45,Sensoria-C1-EEA1,Right,Gait,1.0.5,40.3878707,-3.629144,CB:AA:BC:3F:36:A5,SCKS,0.957032,1.996095,0.445313,69.440002,-140.0,236.320007,-0.065408,0.60736,-0.289664,506,718,587,2.258010001310446
2024-04-25 14:16:45.339000+00:00,2024-04-25 14:15:30+00:00,2024-04-25 14:17:30+00:00,TABUENCA01-45,Sensoria-C1-E90A,Left,Gait,1.0.5,40.3878707,-3.629144,F0:75:B1:51:59:F6,SCKS,1.031249,2.406249,-0.09375,-22.4,-43.68,-194.880005,0.18688,0.79424,-0.224256,470,349,686,2.6195987884601717
2024-04-25 14:16:45.348000+00:00,2024-04-25 14:15:30+00:00,2024-04-25 14:17:30+00:00,TABUENCA01-45,Sensoria-C1-EEA1,Right,Gait,1.0.5,40.3878707,-3.629144,CB:AA:BC:3F:36:A5,SCKS,0.167969,1.44922,-0.253906,53.760002,49.279999,225.119995,-0.056064,0.644736,-0.270976,511,722,503,1.4808512586336955
2024-04-25 14:16:45.364000+00:00,2024-04-25 14:15:30+00:00,2024-04-25 14:17:30+00:00,TABUENCA01-45,Sensoria-C1-EEA1,Right,Gait,1.0.5,40.3878707,-3.629144,CB:AA:BC:3F:36:A5,SCKS,0.339844,1.429689,-0.554688,52.639999,15.68,187.039993,-0.056064,0.644736,-0.270976,512,722,433,1.5707270158754512
2024-04-25 14:16:45.372000+00:00,2024-04-25 14:15:30+00:00,2024-04-25 14:17:30+00:00,TABUENCA01-45,Sensoria-C1-E90A,Left,Gait,1.0.5,40.3878707,-3.629144,F0:75:B1:51:59:F6,SCKS,0.40625,2.312499,-0.28125,-52.639999,-107.520004,-224.0,0.149504,0.803584,-0.2336,525,405,689,2.364697073622962
2024-04-25 14:16:45.381000+00:00,2024-04-25 14:15:30+00:00,2024-04-25 14:17:30+00:00,TABUENCA01-45,Sensoria-C1-EEA1,Right,Gait,1.0.5,40.3878707,-3.629144,CB:AA:BC:3F:36:A5,SCKS,-0.121094,0.832032,-0.171875,2.24,17.92,161.279999,-0.037376,0.672768,-0.270976,510,721,390,0.8581853071947806
2024-04-25 14:16:45.397000+00:00,2024-04-25 14:15:30+00:00,2024-04-25 14:17:30+00:00,TABUENCA01-45,Sensoria-C1-EEA1,Right,Gait,1.0.5,40.3878707,-3.629144,CB:AA:BC:3F:36:A5,SCKS,0.171875,1.027344,0.082031,-4.48,3.36,125.440002,-0.018688,0.691456,-0.270976,497,724,361,1.0448472591350375
2024-04-25 14:16:45.404000+00:00,2024-04-25 14:15:30+00:00,2024-04-25 14:17:30+00:00,TABUENCA01-45,Sensoria-C1-E90A,Left,Gait,1.0.5,40.3878707,-3.629144,F0:75:B1:51:59:F6,SCKS,0.999999,1.968749,-0.84375,1.12,-28.0,-278.880005,0.102784,0.803584,-0.252288,593,477,693,2.363870700250333
2024-04-25 14:16:45.429000+00:00,2024-04-25 14:15:30+00:00,2024-04-25 14:17:30+00:00,TABUENCA01-45,Sensoria-C1-EEA1,Right,Gait,1.0.5,40.3878707,-3.629144,CB:AA:BC:3F:36:A5,SCKS,-0.042969,0.941407,-0.050781,-7.84,12.32,97.440002,-0.009344,0.710144,-0.270976,484,722,343,0.9437543030741634
2024-04-25 14:16:45.437000+00:00,2024-04-25 14:15:30+00:00,2024-04-25 14:17:30+00:00,TABUENCA01-45,Sensoria-C1-E90A,Left,Gait,1.0.5,40.3878707,-3.629144,F0:75:B1:51:59:F6,SCKS,0.6875,0.6875,-0.4375,16.799999,17.92,-200.479996,0.009344,0.79424,-0.2336,654,524,698,1.0661701318269987
2024-04-25 14:16:45.446000+00:00,2024-04-25 14:15:30+00:00,2024-04-25 14:17:30+00:00,TABUENCA01-45,Sensoria-C1-EEA1,Right,Gait,1.0.5,40.3878707,-3.629144,CB:AA:BC:3F:36:A5,SCKS,-0.070313,1.000001,-0.011719,-17.92,21.280001,76.160004,0.0,0.710144,-0.261632,476,714,332,1.0025384047162482
2024-04-25 14:16:45.463000+00:00,2024-04-25 14:15:30+00:00,2024-04-25 14:17:30+00:00,TABUENCA01-45,Sensoria-C1-EEA1,Right,Gait,1.0.5,40.3878707,-3.629144,CB:AA:BC:3F:36:A5,SCKS,-0.085938,0.976563,0.085938,-11.2,23.52,52.639999,0.009344,0.719488,-0.252288,469,708,328,0.9840965260872533
2024-04-25 14:16:45.470000+00:00,2024-04-25 14:15:30+00:00,2024-04-25 14:17:30+00:00,TABUENCA01-45,Sensoria-C1-E90A,Left,Gait,1.0.5,40.3878707,-3.629144,F0:75:B1:51:59:F6,SCKS,-0.1875,0.625,-0.28125,6.72,-138.880005,-80.639999,-0.009344,0.79424,-0.242944,685,541,698,0.7105510625563796
2024-04-25 14:16:45.479000+00:00,2024-04-25 14:15:30+00:00,2024-04-25 14:17:30+00:00,TABUENCA01-45,Sensoria-C1-EEA1,Right,Gait,1.0.5,40.3878707,-3.629144,CB:AA:BC:3F:36:A5,SCKS,-0.132813,0.964844,0.078125,-2.24,15.68,35.84,0.009344,0.719488,-0.252288,465,698,329,0.9770704953737985
2024-04-25 14:16:45.503000+00:00,2024-04-25 14:15:30+00:00,2024-04-25 14:17:30+00:00,TABUENCA01-45,Sensoria-C1-E90A,Left,Gait,1.0.5,40.3878707,-3.629144,F0:75:B1:51:59:F6,SCKS,1.218749,0.125,-0.15625,-2.24,-131.039993,104.160004,0.0,0.79424,-0.242944,699,543,695,1.235066066047076
2024-04-25 14:16:45.511000+00:00,2024-04-25 14:15:30+00:00,2024-04-25 14:17:30+00:00,TABUENCA01-45,Sensoria-C1-EEA1,Right,Gait,1.0.5,40.3878707,-3.629144,CB:AA:BC:3F:36:A5,SCKS,-0.136719,0.980469,-0.0625,2.24,4.48,30.24,0.018688,0.719488,-0.252288,461,692,333,0.9919263051870336
2024-04-25 14:16:45.528000+00:00,2024-04-25 14:15:30+00:00,2024-04-25 14:17:30+00:00,TABUENCA01-45,Sensoria-C1-EEA1,Right,Gait,1.0.5,40.3878707,-3.629144,CB:AA:BC:3F:36:A5,SCKS,-0.171875,0.968751,-0.03125,-3.36,7.84,29.120001,0.018688,0.719488,-0.252288,457,688,341,0.9843759841270001
2024-04-25 14:16:45.535000+00:00,2024-04-25 14:15:30+00:00,2024-04-25 14:17:30+00:00,TABUENCA01-45,Sensoria-C1-E90A,Left,Gait,1.0.5,40.3878707,-3.629144,F0:75:B1:51:59:F6,SCKS,0.46875,-0.03125,0.03125,-19.040001,1.12,144.479996,0.018688,0.803584,-0.2336,704,545,694,0.4708287241662301
2024-04-25 14:16:45.543000+00:00,2024-04-25 14:15:30+00:00,2024-04-25 14:17:30+00:00,TABUENCA01-45,Sensoria-C1-EEA1,Right,Gait,1.0.5,40.3878707,-3.629144,CB:AA:BC:3F:36:A5,SCKS,-0.207031,0.964844,-0.0625,-3.36,6.72,32.48,0.028032,0.728832,-0.252288,455,685,350,0.9887831052849761
2024-04-25 14:16:45.559000+00:00,2024-04-25 14:15:30+00:00,2024-04-25 14:17:30+00:00,TABUENCA01-45,Sensoria-C1-EEA1,Right,Gait,1.0.5,40.3878707,-3.629144,CB:AA:BC:3F:36:A5,SCKS,-0.113281,0.980469,-0.210938,-7.84,12.32,40.32,0.028032,0.719488,-0.252288,450,679,361,1.009280379659686
2024-04-25 14:16:45.567000+00:00,2024-04-25 14:15:30+00:00,2024-04-25 14:17:30+00:00,TABUENCA01-45,Sensoria-C1-E90A,Left,Gait,1.0.5,40.3878707,-3.629144,F0:75:B1:51:59:F6,SCKS,0.28125,0.125,-0.09375,1.12,19.040001,210.559998,0.037376,0.803584,-0.242944,706,544,694,0.3217384419058438
2024-04-25 14:16:45.575000+00:00,2024-04-25 14:15:30+00:00,2024-04-25 14:17:30+00:00,TABUENCA01-45,Sensoria-C1-EEA1,Right,Gait,1.0.5,40.3878707,-3.629144,CB:AA:BC:3F:36:A5,SCKS,-0.113281,0.964844,-0.070313,-14.56,26.880001,41.439999,0.028032,0.719488,-0.252288,441,673,373,0.97401254985036
2024-04-25 14:16:45.599000+00:00,2024-04-25 14:15:30+00:00,2024-04-25 14:17:30+00:00,TABUENCA01-45,Sensoria-C1-E90A,Left,Gait,1.0.5,40.3878707,-3.629144,F0:75:B1:51:59:F6,SCKS,0.4375,0.46875,-0.25,8.96,32.48,268.799988,0.14016,0.803584,-0.2336,705,543,691,0.6882098607982887
2024-04-25 14:16:45.608000+00:00,2024-04-25 14:15:30+00:00,2024-04-25 14:17:30+00:00,TABUENCA01-45,Sensoria-C1-EEA1,Right,Gait,1.0.5,40.3878707,-3.629144,CB:AA:BC:3F:36:A5,SCKS,-0.089844,0.980469,0.03125,-10.08,28.0,42.560001,0.04672,0.728832,-0.252288,430,661,382,0.9850725693049218
2024-04-25 14:16:45.625000+00:00,2024-04-25 14:15:30+00:00,2024-04-25 14:17:30+00:00,TABUENCA01-45,Sensoria-C1-EEA1,Right,Gait,1.0.5,40.3878707,-3.629144,CB:AA:BC:3F:36:A5,SCKS,-0.09375,0.968751,0.023438,-3.36,26.880001,44.799999,0.04672,0.728832,-0.242944,413,648,393,0.9735588848883256
2024-04-25 14:16:45.632000+00:00,2024-04-25 14:15:30+00:00,2024-04-25 14:17:30+00:00,TABUENCA01-45,Sensoria-C1-E90A,Left,Gait,1.0.5,40.3878707,-3.629144,F0:75:B1:51:59:F6,SCKS,0.3125,0.9375,-0.1875,1.12,66.080002,339.360016,0.196224,0.784896,-0.242944,704,541,689,1.0058423087144426
2024-04-25 14:16:45.641000+00:00,2024-04-25 14:15:30+00:00,2024-04-25 14:17:30+00:00,TABUENCA01-45,Sensoria-C1-EEA1,Right,Gait,1.0.5,40.3878707,-3.629144,CB:AA:BC:3F:36:A5,SCKS,-0.066406,0.968751,-0.058594,0.0,26.880001,47.040001,0.04672,0.738176,-0.2336,396,632,405,0.9727905805840228
2024-04-25 14:16:45.649000+00:00,2024-04-25 14:15:30+00:00,2024-04-25 14:17:30+00:00,TABUENCA01-45,Sensoria-C1-E90A,Left,Gait,1.0.5,40.3878707,-3.629144,F0:75:B1:51:59:F6,SCKS,0.34375,1.437499,-0.21875,-2.24,58.240002,378.559998,0.317696,0.738176,-0.252288,702,540,690,1.4941281738863639
2024-04-25 14:16:45.657000+00:00,2024-04-25 14:15:30+00:00,2024-04-25 14:17:30+00:00,TABUENCA01-45,Sensoria-C1-EEA1,Right,Gait,1.0.5,40.3878707,-3.629144,CB:AA:BC:3F:36:A5,SCKS,-0.074219,0.976563,-0.027344,-2.24,25.76,50.400002,0.065408,0.74752,-0.242944,376,616,420,0.9797609133181421
2024-04-25 14:16:45.681000+00:00,2024-04-25 14:15:30+00:00,2024-04-25 14:17:30+00:00,TABUENCA01-45,Sensoria-C1-E90A,Left,Gait,1.0.5,40.3878707,-3.629144,F0:75:B1:51:59:F6,SCKS,0.34375,2.093749,-0.15625,-5.6,59.360001,407.679993,0.383104,0.691456,-0.252288,703,539,687,2.127525087983923
2024-04-25 14:16:45.690000+00:00,2024-04-25 14:15:30+00:00,2024-04-25 14:17:30+00:00,TABUENCA01-45,Sensoria-C1-EEA1,Right,Gait,1.0.5,40.3878707,-3.629144,CB:AA:BC:3F:36:A5,SCKS,-0.085938,1.019532,-0.03125,-2.24,20.16,56.0,0.065408,0.74752,-0.242944,352,598,435,1.0236246389023667
2024-04-25 14:16:45.706000+00:00,2024-04-25 14:15:30+00:00,2024-04-25 14:17:30+00:00,TABUENCA01-45,Sensoria-C1-EEA1,Right,Gait,1.0.5,40.3878707,-3.629144,CB:AA:BC:3F:36:A5,SCKS,-0.058594,0.988282,-0.003906,-3.36,15.68,62.720001,0.065408,0.74752,-0.252288,329,578,453,0.9900251639205945
2024-04-25 14:16:45.713000+00:00,2024-04-25 14:15:30+00:00,2024-04-25 14:17:30+00:00,TABUENCA01-45,Sensoria-C1-E90A,Left,Gait,1.0.5,40.3878707,-3.629144,F0:75:B1:51:59:F6,SCKS,0.15625,2.874999,-0.15625,3.36,101.919998,435.679993,0.439168,0.626048,-0.270976,704,538,688,2.8834783465462333
2024-04-25 14:16:45.722000+00:00,2024-04-25 14:15:30+00:00,2024-04-25 14:17:30+00:00,TABUENCA01-45,Sensoria-C1-EEA1,Right,Gait,1.0.5,40.3878707,-3.629144,CB:AA:BC:3F:36:A5,SCKS,-0.054688,1.054688,0.011719,-4.48,11.2,69.440002,0.074752,0.74752,-0.242944,305,555,477,1.0561699151410253
2024-04-25 14:16:45.739000+00:00,2024-04-25 14:15:30+00:00,2024-04-25 14:17:30+00:00,TABUENCA01-45,Sensoria-C1-EEA1,Right,Gait,1.0.5,40.3878707,-3.629144,CB:AA:BC:3F:36:A5,SCKS,-0.027344,1.046876,-0.023438,-4.48,7.84,78.400002,0.084096,0.756864,-0.242944,281,531,508,1.047495295242895
2024-04-25 14:16:45.746000+00:00,2024-04-25 14:15:30+00:00,2024-04-25 14:17:30+00:00,TABUENCA01-45,Sensoria-C1-E90A,Left,Gait,1.0.5,40.3878707,-3.629144,F0:75:B1:51:59:F6,SCKS,-0.78125,3.406248,-0.40625,-48.16,78.400002,422.23999,0.476544,0.56064,-0.289664,702,539,687,3.518226266530338
2024-04-25 14:16:45.771000+00:00,2024-04-25 14:15:30+00:00,2024-04-25 14:17:30+00:00,TABUENCA01-45,Sensoria-C1-EEA1,Right,Gait,1.0.5,40.3878707,-3.629144,CB:AA:BC:3F:36:A5,SCKS,-0.089844,1.144532,0.035156,-3.36,3.36,88.480003,0.09344,0.756864,-0.2336,257,505,552,1.1485910445828837
2024-04-25 14:16:45.779000+00:00,2024-04-25 14:15:30+00:00,2024-04-25 14:17:30+00:00,TABUENCA01-45,Sensoria-C1-E90A,Left,Gait,1.0.5,40.3878707,-3.629144,F0:75:B1:51:59:F6,SCKS,-2.937498,1.999999,-1.062499,8.96,105.279999,262.079987,0.51392,0.504576,-0.289664,701,538,691,3.709150121659408
2024-04-25 14:16:45.788000+00:00,2024-04-25 14:15:30+00:00,2024-04-25 14:17:30+00:00,TABUENCA01-45,Sensoria-C1-EEA1,Right,Gait,1.0.5,40.3878707,-3.629144,CB:AA:BC:3F:36:A5,SCKS,-0.132813,1.23047,0.066406,7.84,-12.32,104.160004,0.09344,0.756864,-0.2336,238,482,601,1.2393972207105355
2024-04-25 14:16:45.803000+00:00,2024-04-25 14:15:30+00:00,2024-04-25 14:17:30+00:00,TABUENCA01-45,Sensoria-C1-EEA1,Right,Gait,1.0.5,40.3878707,-3.629144,CB:AA:BC:3F:36:A5,SCKS,-0.140625,1.347657,0.164063,10.08,-21.280001,119.840004,0.112128,0.775552,-0.2336,220,461,637,1.3648704877177908
2024-04-25 14:16:45.811000+00:00,2024-04-25 14:15:30+00:00,2024-04-25 14:17:30+00:00,TABUENCA01-45,Sensoria-C1-E90A,Left,Gait,1.0.5,40.3878707,-3.629144,F0:75:B1:51:59:F6,SCKS,-3.499998,1.499999,-0.46875,14.56,-112.0,62.720001,0.523264,0.4672,-0.28032,697,538,695,3.8366273682109138
2024-04-25 14:16:45.820000+00:00,2024-04-25 14:15:30+00:00,2024-04-25 14:17:30+00:00,TABUENCA01-45,Sensoria-C1-EEA1,Right,Gait,1.0.5,40.3878707,-3.629144,CB:AA:BC:3F:36:A5,SCKS,-0.136719,1.421876,0.09375,-1.12,-32.48,136.639999,0.130816,0.775552,-0.242944,206,446,666,1.4315070753709183
2024-04-25 14:16:45.836000+00:00,2024-04-25 14:15:30+00:00,2024-04-25 14:17:30+00:00,TABUENCA01-45,Sensoria-C1-EEA1,Right,Gait,1.0.5,40.3878707,-3.629144,CB:AA:BC:3F:36:A5,SCKS,-0.214844,1.476564,-0.128906,-16.799999,-30.24,153.440002,0.149504,0.784896,-0.242944,197,442,683,1.4976701730581403
2024-04-25 14:16:45.843000+00:00,2024-04-25 14:15:30+00:00,2024-04-25 14:17:30+00:00,TABUENCA01-45,Sensoria-C1-E90A,Left,Gait,1.0.5,40.3878707,-3.629144,F0:75:B1:51:59:F6,SCKS,0.3125,3.093748,-0.125,30.24,-11.2,-150.080002,0.523264,0.485888,-0.289664,695,537,692,3.11200223931539
2024-04-25 14:16:45.868000+00:00,2024-04-25 14:15:30+00:00,2024-04-25 14:17:30+00:00,TABUENCA01-45,Sensoria-C1-EEA1,Right,Gait,1.0.5,40.3878707,-3.629144,CB:AA:BC:3F:36:A5,SCKS,-0.273438,1.656251,-0.070313,-25.76,-10.08,169.119995,0.177536,0.79424,-0.242944,193,448,692,1.6801427417972556
2024-04-25 14:16:45.876000+00:00,2024-04-25 14:15:30+00:00,2024-04-25 14:17:30+00:00,TABUENCA01-45,Sensoria-C1-E90A,Left,Gait,1.0.5,40.3878707,-3.629144,F0:75:B1:51:59:F6,SCKS,0.5625,0.78125,0.875,53.760002,171.360001,-249.759995,0.51392,0.504576,-0.308352,703,539,666,1.3009161435311656
2024-04-25 14:16:45.885000+00:00,2024-04-25 14:15:30+00:00,2024-04-25 14:17:30+00:00,TABUENCA01-45,Sensoria-C1-EEA1,Right,Gait,1.0.5,40.3878707,-3.629144,CB:AA:BC:3F:36:A5,SCKS,-0.5625,1.933595,0.113281,-34.720001,20.16,204.960007,0.214912,0.803584,-0.252288,195,464,697,2.016935412695706
2024-04-25 14:16:45.901000+00:00,2024-04-25 14:15:30+00:00,2024-04-25 14:17:30+00:00,TABUENCA01-45,Sensoria-C1-EEA1,Right,Gait,1.0.5,40.3878707,-3.629144,CB:AA:BC:3F:36:A5,SCKS,-1.304688,1.996095,0.375,-56.0,69.440002,236.320007,0.214912,0.803584,-0.252288,210,475,700,2.413965829577751
2024-04-25 14:16:45.909000+00:00,2024-04-25 14:15:30+00:00,2024-04-25 14:17:30+00:00,TABUENCA01-45,Sensoria-C1-E90A,Left,Gait,1.0.5,40.3878707,-3.629144,F0:75:B1:51:59:F6,SCKS,-0.375,1.812499,0.0625,101.919998,28.0,-208.320007,0.485888,0.551296,-0.308352,704,545,576,1.8519405700510478
2024-04-25 14:16:45.917000+00:00,2024-04-25 14:15:30+00:00,2024-04-25 14:17:30+00:00,TABUENCA01-45,Sensoria-C1-EEA1,Right,Gait,1.0.5,40.3878707,-3.629144,CB:AA:BC:3F:36:A5,SCKS,-0.453125,1.996095,-0.195313,-33.599998,7.84,277.76001,0.261632,0.803584,-0.261632,238,503,698,2.0561772011718737
2024-04-25 14:16:45.950000+00:00,2024-04-25 14:15:30+00:00,2024-04-25 14:17:30+00:00,TABUENCA01-45,Sensoria-C1-EEA1,Right,Gait,1.0.5,40.3878707,-3.629144,CB:AA:BC:3F:36:A5,SCKS,-1.039063,1.996095,-0.597657,-17.92,-39.200001,312.480011,0.317696,0.803584,-0.261632,291,553,699,2.328355869845286
2024-04-25 14:16:45.957000+00:00,2024-04-25 14:15:30+00:00,2024-04-25 14:17:30+00:00,TABUENCA01-45,Sensoria-C1-E90A,Left,Gait,1.0.5,40.3878707,-3.629144,F0:75:B1:51:59:F6,SCKS,-0.625,1.624999,-0.40625,94.080002,29.120001,-175.839996,0.457856,0.598016,-0.317696,703,549,443,1.787815933618727
2024-04-25 14:16:45.966000+00:00,2024-04-25 14:15:30+00:00,2024-04-25 14:17:30+00:00,TABUENCA01-45,Sensoria-C1-EEA1,Right,Gait,1.0.5,40.3878707,-3.629144,CB:AA:BC:3F:36:A5,SCKS,-0.574219,1.996095,-0.640625,8.96,-87.360001,334.880005,0.364416,0.803584,-0.261632,356,615,698,2.173596811649069
2024-04-25 14:16:45.974000+00:00,2024-04-25 14:15:30+00:00,2024-04-25 14:17:30+00:00,TABUENCA01-45,Sensoria-C1-E90A,Left,Gait,1.0.5,40.3878707,-3.629144,F0:75:B1:51:59:F6,SCKS,-0.15625,0.968749,-0.15625,58.240002,-35.84,-125.440002,0.42048,0.65408,-0.299008,684,554,350,0.9936310935155964
2024-04-25 14:16:45.983000+00:00,2024-04-25 14:15:30+00:00,2024-04-25 14:17:30+00:00,TABUENCA01-45,Sensoria-C1-EEA1,Right,Gait,1.0.5,40.3878707,-3.629144,CB:AA:BC:3F:36:A5,SCKS,-0.371094,0.609375,-0.753907,34.720001,-31.360001,256.480011,0.411136,0.79424,-0.252288,421,662,699,1.0379905645573084
2024-04-25 14:16:45.990000+00:00,2024-04-25 14:15:30+00:00,2024-04-25 14:17:30+00:00,TABUENCA01-45,Sensoria-C1-E90A,Left,Gait,1.0.5,40.3878707,-3.629144,F0:75:B1:51:59:F6,SCKS,0.09375,0.9375,-0.21875,20.16,-56.0,-53.760002,0.401792,0.663424,-0.299008,664,541,327,0.967236721283885
2024-04-25 14:16:45.999000+00:00,2024-04-25 14:15:30+00:00,2024-04-25 14:17:30+00:00,TABUENCA01-45,Sensoria-C1-EEA1,Right,Gait,1.0.5,40.3878707,-3.629144,CB:AA:BC:3F:36:A5,SCKS,0.785157,0.253906,-1.050782,32.48,78.400002,161.279999,0.411136,0.79424,-0.252288,458,687,698,1.3360698271456475
2024-04-25 14:16:46.022000+00:00,2024-04-25 14:15:30+00:00,2024-04-25 14:17:30+00:00,TABUENCA01-45,Sensoria-C1-E90A,Left,Gait,1.0.5,40.3878707,-3.629144,F0:75:B1:51:59:F6,SCKS,0.125,0.999999,-0.125,10.08,-42.560001,-22.4,0.401792,0.672768,-0.289664,651,529,324,1.015503815847582
2024-04-25 14:16:46.031000+00:00,2024-04-25 14:15:30+00:00,2024-04-25 14:17:30+00:00,TABUENCA01-45,Sensoria-C1-EEA1,Right,Gait,1.0.5,40.3878707,-3.629144,CB:AA:BC:3F:36:A5,SCKS,-1.207032,0.417969,-0.65625,13.440001,222.880005,33.599998,0.439168,0.784896,-0.252288,475,701,696,1.4360669888570659
2024-04-25 14:16:46.047000+00:00,2024-04-25 14:15:30+00:00,2024-04-25 14:17:30+00:00,TABUENCA01-45,Sensoria-C1-EEA1,Right,Gait,1.0.5,40.3878707,-3.629144,CB:AA:BC:3F:36:A5,SCKS,-1.32422,0.152344,-0.15625,-24.639999,180.320007,-56.0,0.448512,0.79424,-0.261632,485,709,695,1.3420809831139102
2024-04-25 14:16:46.055000+00:00,2024-04-25 14:15:30+00:00,2024-04-25 14:17:30+00:00,TABUENCA01-45,Sensoria-C1-E90A,Left,Gait,1.0.5,40.3878707,-3.629144,F0:75:B1:51:59:F6,SCKS,0.15625,0.999999,-0.125,0.0,-32.48,-22.4,0.401792,0.672768,-0.28032,636,515,333,1.019822073942803
2024-04-25 14:16:46.063000+00:00,2024-04-25 14:15:30+00:00,2024-04-25 14:17:30+00:00,TABUENCA01-45,Sensoria-C1-EEA1,Right,Gait,1.0.5,40.3878707,-3.629144,CB:AA:BC:3F:36:A5,SCKS,-0.710938,-0.148438,0.0625,-3.36,97.440002,-89.599998,0.429824,0.79424,-0.270976,490,713,694,0.7289533110481081
2024-04-25 14:16:46.079000+00:00,2024-04-25 14:15:30+00:00,2024-04-25 14:17:30+00:00,TABUENCA01-45,Sensoria-C1-EEA1,Right,Gait,1.0.5,40.3878707,-3.629144,CB:AA:BC:3F:36:A5,SCKS,-0.492188,-0.066406,-0.011719,42.560001,41.439999,-141.119995,0.401792,0.79424,-0.261632,492,715,693,0.496785787982104
2024-04-25 14:16:46.087000+00:00,2024-04-25 14:15:30+00:00,2024-04-25 14:17:30+00:00,TABUENCA01-45,Sensoria-C1-E90A,Left,Gait,1.0.5,40.3878707,-3.629144,F0:75:B1:51:59:F6,SCKS,0.1875,0.9375,-0.21875,-3.36,-31.360001,-28.0,0.383104,0.682112,-0.270976,620,501,367,0.980772176654701
2024-04-25 14:16:46.096000+00:00,2024-04-25 14:15:30+00:00,2024-04-25 14:17:30+00:00,TABUENCA01-45,Sensoria-C1-EEA1,Right,Gait,1.0.5,40.3878707,-3.629144,CB:AA:BC:3F:36:A5,SCKS,-0.589844,0.140625,-0.089844,56.0,16.799999,-193.759995,0.401792,0.79424,-0.261632,492,715,692,0.6129953338297119
2024-04-25 14:16:46.119000+00:00,2024-04-25 14:15:30+00:00,2024-04-25 14:17:30+00:00,TABUENCA01-45,Sensoria-C1-E90A,Left,Gait,1.0.5,40.3878707,-3.629144,F0:75:B1:51:59:F6,SCKS,0.09375,0.9375,-0.15625,-4.48,-49.279999,-31.360001,0.383104,0.691456,-0.261632,595,476,440,0.9550441743710079
2024-04-25 14:16:46.128000+00:00,2024-04-25 14:15:30+00:00,2024-04-25 14:17:30+00:00,TABUENCA01-45,Sensoria-C1-EEA1,Right,Gait,1.0.5,40.3878707,-3.629144,CB:AA:BC:3F:36:A5,SCKS,-0.640625,0.355469,-0.050781,52.639999,-13.440001,-235.199997,0.364416,0.803584,-0.261632,491,715,691,0.7343958813521492
2024-04-25 14:16:46.145000+00:00,2024-04-25 14:15:30+00:00,2024-04-25 14:17:30+00:00,TABUENCA01-45,Sensoria-C1-EEA1,Right,Gait,1.0.5,40.3878707,-3.629144,CB:AA:BC:3F:36:A5,SCKS,-0.523438,0.441407,0.011719,54.880001,-49.279999,-271.040009,0.317696,0.812928,-0.252288,492,714,690,0.6848100572085664
2024-04-25 14:16:46.152000+00:00,2024-04-25 14:15:30+00:00,2024-04-25 14:17:30+00:00,TABUENCA01-45,Sensoria-C1-E90A,Left,Gait,1.0.5,40.3878707,-3.629144,F0:75:B1:51:59:F6,SCKS,0.09375,0.9375,-0.1875,5.6,-57.119999,-25.76,0.37376,0.691456,-0.261632,577,456,485,0.9606516343087124
2024-04-25 14:16:46.161000+00:00,2024-04-25 14:15:30+00:00,2024-04-25 14:17:30+00:00,TABUENCA01-45,Sensoria-C1-EEA1,Right,Gait,1.0.5,40.3878707,-3.629144,CB:AA:BC:3F:36:A5,SCKS,-0.480469,0.636719,0.0,59.360001,-70.559998,-303.519989,0.261632,0.812928,-0.242944,491,712,692,0.7976600434533498
2024-04-25 14:16:46.177000+00:00,2024-04-25 14:15:30+00:00,2024-04-25 14:17:30+00:00,TABUENCA01-45,Sensoria-C1-EEA1,Right,Gait,1.0.5,40.3878707,-3.629144,CB:AA:BC:3F:36:A5,SCKS,-0.492188,0.941407,-0.039063,54.880001,-78.400002,-334.880005,0.196224,0.803584,-0.2336,490,712,691,1.063024969115025
2024-04-25 14:16:46.184000+00:00,2024-04-25 14:15:30+00:00,2024-04-25 14:17:30+00:00,TABUENCA01-45,Sensoria-C1-E90A,Left,Gait,1.0.5,40.3878707,-3.629144,F0:75:B1:51:59:F6,SCKS,0.125,0.9375,-0.21875,7.84,-58.240002,-29.120001,0.37376,0.7008,-0.252288,559,435,525,0.9707640354380667
2024-04-25 14:16:46.209000+00:00,2024-04-25 14:15:30+00:00,2024-04-25 14:17:30+00:00,TABUENCA01-45,Sensoria-C1-EEA1,Right,Gait,1.0.5,40.3878707,-3.629144,CB:AA:BC:3F:36:A5,SCKS,-0.433594,1.218751,-0.042969,32.48,-64.959999,-375.200012,0.196224,0.803584,-0.2336,490,710,689,1.294296755693222
2024-04-25 14:16:46.217000+00:00,2024-04-25 14:15:30+00:00,2024-04-25 14:17:30+00:00,TABUENCA01-45,Sensoria-C1-E90A,Left,Gait,1.0.5,40.3878707,-3.629144,F0:75:B1:51:59:F6,SCKS,0.09375,0.9375,-0.1875,7.84,-50.400002,-34.720001,0.364416,0.710144,-0.2336,536,408,556,0.9606516343087124
2024-04-25 14:16:46.226000+00:00,2024-04-25 14:15:30+00:00,2024-04-25 14:17:30+00:00,TABUENCA01-45,Sensoria-C1-EEA1,Right,Gait,1.0.5,40.3878707,-3.629144,CB:AA:BC:3F:36:A5,SCKS,-0.421875,1.914064,0.078125,10.08,-26.880001,-387.519989,0.130816,0.775552,-0.224256,490,710,687,1.961561374860853
2024-04-25 14:16:46.242000+00:00,2024-04-25 14:15:30+00:00,2024-04-25 14:17:30+00:00,TABUENCA01-45,Sensoria-C1-EEA1,Right,Gait,1.0.5,40.3878707,-3.629144,CB:AA:BC:3F:36:A5,SCKS,-0.34375,1.996095,0.167969,24.639999,-30.24,-394.23999,0.074752,0.738176,-0.2336,490,708,688,2.032430293143162
2024-04-25 14:16:46.249000+00:00,2024-04-25 14:15:30+00:00,2024-04-25 14:17:30+00:00,TABUENCA01-45,Sensoria-C1-E90A,Left,Gait,1.0.5,40.3878707,-3.629144,F0:75:B1:51:59:F6,SCKS,0.0625,0.9375,-0.15625,7.84,-39.200001,-47.040001,0.355072,0.719488,-0.2336,511,380,582,0.9524844158830107
2024-04-25 14:16:46.258000+00:00,2024-04-25 14:15:30+00:00,2024-04-25 14:17:30+00:00,TABUENCA01-45,Sensoria-C1-EEA1,Right,Gait,1.0.5,40.3878707,-3.629144,CB:AA:BC:3F:36:A5,SCKS,0.277344,1.996095,0.101563,64.959999,-90.720001,-415.519989,0.018688,0.7008,-0.242944,490,709,687,2.017828036857948
2024-04-25 14:16:46.282000+00:00,2024-04-25 14:15:30+00:00,2024-04-25 14:17:30+00:00,TABUENCA01-45,Sensoria-C1-E90A,Left,Gait,1.0.5,40.3878707,-3.629144,F0:75:B1:51:59:F6,SCKS,0.0,1.031249,-0.15625,6.72,-35.84,-52.639999,0.345728,0.719488,-0.224256,484,347,607,1.0430189655519213
2024-04-25 14:16:46.291000+00:00,2024-04-25 14:15:30+00:00,2024-04-25 14:17:30+00:00,TABUENCA01-45,Sensoria-C1-EEA1,Right,Gait,1.0.5,40.3878707,-3.629144,CB:AA:BC:3F:36:A5,SCKS,0.789063,1.996095,0.09375,28.0,-80.639999,-432.320007,-0.037376,0.635392,-0.252288,490,708,686,2.1484423961312067
2024-04-25 14:16:46.307000+00:00,2024-04-25 14:15:30+00:00,2024-04-25 14:17:30+00:00,TABUENCA01-45,Sensoria-C1-EEA1,Right,Gait,1.0.5,40.3878707,-3.629144,CB:AA:BC:3F:36:A5,SCKS,1.828126,1.996095,-0.972657,15.68,-61.599998,-323.679993,-0.074752,0.579328,-0.252288,489,707,688,2.876195674941119
2024-04-25 14:16:46.314000+00:00,2024-04-25 14:15:30+00:00,2024-04-25 14:17:30+00:00,TABUENCA01-45,Sensoria-C1-E90A,Left,Gait,1.0.5,40.3878707,-3.629144,F0:75:B1:51:59:F6,SCKS,0.09375,1.062499,-0.1875,3.36,-35.84,-66.080002,0.32704,0.738176,-0.2336,455,316,637,1.0829817346109767
2024-04-25 14:16:46.323000+00:00,2024-04-25 14:15:30+00:00,2024-04-25 14:17:30+00:00,TABUENCA01-45,Sensoria-C1-EEA1,Right,Gait,1.0.5,40.3878707,-3.629144,CB:AA:BC:3F:36:A5,SCKS,1.996095,1.363282,0.105469,51.52,32.48,-168.0,-0.09344,0.541952,-0.242944,487,709,690,2.4195158132382604
2024-04-25 14:16:46.339000+00:00,2024-04-25 14:15:30+00:00,2024-04-25 14:17:30+00:00,TABUENCA01-45,Sensoria-C1-EEA1,Right,Gait,1.0.5,40.3878707,-3.629144,CB:AA:BC:3F:36:A5,SCKS,1.996095,1.988283,0.585938,47.040001,79.519997,-52.639999,-0.09344,0.541952,-0.242944,487,710,694,2.877670564355482
2024-04-25 14:16:46.348000+00:00,2024-04-25 14:15:30+00:00,2024-04-25 14:17:30+00:00,TABUENCA01-45,Sensoria-C1-E90A,Left,Gait,1.0.5,40.3878707,-3.629144,F0:75:B1:51:59:F6,SCKS,0.09375,1.187499,-0.09375,-3.36,-36.959999,-88.480003,0.308352,0.738176,-0.2336,425,288,663,1.194877399569094
2024-04-25 14:16:46.356000+00:00,2024-04-25 14:15:30+00:00,2024-04-25 14:17:30+00:00,TABUENCA01-45,Sensoria-C1-EEA1,Right,Gait,1.0.5,40.3878707,-3.629144,CB:AA:BC:3F:36:A5,SCKS,1.781251,1.996095,0.886719,-4.48,-13.440001,116.480003,-0.09344,0.541952,-0.2336,487,710,698,2.8184252622673887
2024-04-25 14:16:46.363000+00:00,2024-04-25 14:15:30+00:00,2024-04-25 14:17:30+00:00,TABUENCA01-45,Sensoria-C1-E90A,Left,Gait,1.0.5,40.3878707,-3.629144,F0:75:B1:51:59:F6,SCKS,0.125,1.312499,-0.0625,1.12,-23.52,-116.480003,0.28032,0.756864,-0.214912,404,272,682,1.3199185107426141
2024-04-25 14:16:46.388000+00:00,2024-04-25 14:15:30+00:00,2024-04-25 14:17:30+00:00,TABUENCA01-45,Sensoria-C1-EEA1,Right,Gait,1.0.5,40.3878707,-3.629144,CB:AA:BC:3F:36:A5,SCKS,-2.000001,1.746095,-0.332031,14.56,-112.0,100.800003,-0.084096,0.551296,-0.252288,489,709,687,2.6756487688011297
2024-04-25 14:16:46.396000+00:00,2024-04-25 14:15:30+00:00,2024-04-25 14:17:30+00:00,TABUENCA01-45,Sensoria-C1-E90A,Left,Gait,1.0.5,40.3878707,-3.629144,F0:75:B1:51:59:F6,SCKS,0.25,1.562499,-0.21875,4.48,-19.040001,-148.960007,0.261632,0.766208,-0.224256,391,274,688,1.597421261753142
2024-04-25 14:16:46.404000+00:00,2024-04-25 14:15:30+00:00,2024-04-25 14:17:30+00:00,TABUENCA01-45,Sensoria-C1-EEA1,Right,Gait,1.0.5,40.3878707,-3.629144,CB:AA:BC:3F:36:A5,SCKS,0.097656,0.433594,1.734376,54.880001,-230.720001,204.960007,-0.084096,0.579328,-0.270976,495,710,655,1.790419101927814
2024-04-25 14:16:46.421000+00:00,2024-04-25 14:15:30+00:00,2024-04-25 14:17:30+00:00,TABUENCA01-45,Sensoria-C1-EEA1,Right,Gait,1.0.5,40.3878707,-3.629144,CB:AA:BC:3F:36:A5,SCKS,0.445313,1.843751,0.214844,82.879997,-193.759995,255.360001,-0.074752,0.616704,-0.289664,505,717,594,1.908894801267477
2024-04-25 14:16:46.428000+00:00,2024-04-25 14:15:30+00:00,2024-04-25 14:17:30+00:00,TABUENCA01-45,Sensoria-C1-E90A,Left,Gait,1.0.5,40.3878707,-3.629144,F0:75:B1:51:59:F6,SCKS,0.84375,2.343749,0.0,-4.48,-28.0,-202.720001,0.196224,0.79424,-0.214912,446,343,690,2.4909984820350655
2024-04-25 14:16:46.437000+00:00,2024-04-25 14:15:30+00:00,2024-04-25 14:17:30+00:00,TABUENCA01-45,Sensoria-C1-EEA1,Right,Gait,1.0.5,40.3878707,-3.629144,CB:AA:BC:3F:36:A5,SCKS,0.433594,1.566407,-0.355469,64.959999,13.440001,239.680008,-0.074752,0.616704,-0.289664,511,721,500,1.6637286005974652
2024-04-25 14:16:46.461000+00:00,2024-04-25 14:15:30+00:00,2024-04-25 14:17:30+00:00,TABUENCA01-45,Sensoria-C1-E90A,Left,Gait,1.0.5,40.3878707,-3.629144,F0:75:B1:51:59:F6,SCKS,1.124999,2.156249,-0.15625,-50.400002,-85.120003,-221.759995,0.158848,0.79424,-0.224256,508,396,690,2.437097979668031
2024-04-25 14:16:46.470000+00:00,2024-04-25 14:15:30+00:00,2024-04-25 14:17:30+00:00,TABUENCA01-45,Sensoria-C1-EEA1,Right,Gait,1.0.5,40.3878707,-3.629144,CB:AA:BC:3F:36:A5,SCKS,0.476563,1.617189,-0.59375,67.199997,11.2,198.240005,-0.056064,0.65408,-0.289664,511,720,420,1.7874427591366389
2024-04-25 14:16:46.486000+00:00,2024-04-25 14:15:30+00:00,2024-04-25 14:17:30+00:00,TABUENCA01-45,Sensoria-C1-EEA1,Right,Gait,1.0.5,40.3878707,-3.629144,CB:AA:BC:3F:36:A5,SCKS,0.039063,0.898438,0.019531,-12.32,49.279999,189.279999,-0.037376,0.682112,-0.289664,503,722,374,0.8994988703572674
2024-04-25 14:16:46.494000+00:00,2024-04-25 14:15:30+00:00,2024-04-25 14:17:30+00:00,TABUENCA01-45,Sensoria-C1-E90A,Left,Gait,1.0.5,40.3878707,-3.629144,F0:75:B1:51:59:F6,SCKS,0.9375,2.249999,-0.968749,-4.48,-49.279999,-281.119995,0.112128,0.803584,-0.2336,574,463,695,2.6229518438206214
2024-04-25 14:16:46.503000+00:00,2024-04-25 14:15:30+00:00,2024-04-25 14:17:30+00:00,TABUENCA01-45,Sensoria-C1-EEA1,Right,Gait,1.0.5,40.3878707,-3.629144,CB:AA:BC:3F:36:A5,SCKS,0.097656,1.007813,-0.003906,16.799999,13.440001,122.080002,-0.018688,0.691456,-0.28032,487,726,348,1.0125408604797141
2024-04-25 14:16:46.519000+00:00,2024-04-25 14:15:30+00:00,2024-04-25 14:17:30+00:00,TABUENCA01-45,Sensoria-C1-EEA1,Right,Gait,1.0.5,40.3878707,-3.629144,CB:AA:BC:3F:36:A5,SCKS,-0.023438,0.980469,-0.058594,-8.96,42.560001,105.279999,0.0,0.710144,-0.270976,474,718,333,0.982497865972746
2024-04-25 14:16:46.526000+00:00,2024-04-25 14:15:30+00:00,2024-04-25 14:17:30+00:00,TABUENCA01-45,Sensoria-C1-E90A,Left,Gait,1.0.5,40.3878707,-3.629144,F0:75:B1:51:59:F6,SCKS,0.75,0.75,-0.40625,21.280001,39.200001,-220.639999,0.018688,0.803584,-0.224256,641,521,696,1.1357988653366404
2024-04-25 14:16:46.551000+00:00,2024-04-25 14:15:30+00:00,2024-04-25 14:17:30+00:00,TABUENCA01-45,Sensoria-C1-EEA1,Right,Gait,1.0.5,40.3878707,-3.629144,CB:AA:BC:3F:36:A5,SCKS,-0.144531,0.957032,-0.066406,-12.32,33.599998,79.519997,0.0,0.710144,-0.270976,461,708,327,0.9701593765052214
2024-04-25 14:16:46.559000+00:00,2024-04-25 14:15:30+00:00,2024-04-25 14:17:30+00:00,TABUENCA01-45,Sensoria-C1-E90A,Left,Gait,1.0.5,40.3878707,-3.629144,F0:75:B1:51:59:F6,SCKS,-0.5,0.4375,-0.40625,16.799999,-115.360001,-92.959999,-0.018688,0.79424,-0.214912,679,539,697,0.7787459871485695
2024-04-25 14:16:46.567000+00:00,2024-04-25 14:15:30+00:00,2024-04-25 14:17:30+00:00,TABUENCA01-45,Sensoria-C1-EEA1,Right,Gait,1.0.5,40.3878707,-3.629144,CB:AA:BC:3F:36:A5,SCKS,-0.03125,1.007813,0.128906,-8.96,17.92,60.48,0.0,0.719488,-0.270976,451,695,326,1.0165039903045143
2024-04-25 14:16:46.583000+00:00,2024-04-25 14:15:30+00:00,2024-04-25 14:17:30+00:00,TABUENCA01-45,Sensoria-C1-EEA1,Right,Gait,1.0.5,40.3878707,-3.629144,CB:AA:BC:3F:36:A5,SCKS,-0.121094,1.035157,-0.027344,1.12,10.08,44.799999,0.009344,0.719488,-0.261632,445,685,329,1.042574441381046
2024-04-25 14:16:46.591000+00:00,2024-04-25 14:15:30+00:00,2024-04-25 14:17:30+00:00,TABUENCA01-45,Sensoria-C1-E90A,Left,Gait,1.0.5,40.3878707,-3.629144,F0:75:B1:51:59:F6,SCKS,1.343749,0.09375,-0.15625,3.36,-138.880005,110.879997,-0.018688,0.79424,-0.2336,694,543,695,1.356047381178475
2024-04-25 14:16:46.600000+00:00,2024-04-25 14:15:30+00:00,2024-04-25 14:17:30+00:00,TABUENCA01-45,Sensoria-C1-EEA1,Right,Gait,1.0.5,40.3878707,-3.629144,CB:AA:BC:3F:36:A5,SCKS,-0.128906,0.980469,0.050781,-1.12,11.2,40.32,0.018688,0.728832,-0.28032,435,675,340,0.9902095367941071
2024-04-25 14:16:46.616000+00:00,2024-04-25 14:15:30+00:00,2024-04-25 14:17:30+00:00,TABUENCA01-45,Sensoria-C1-EEA1,Right,Gait,1.0.5,40.3878707,-3.629144,CB:AA:BC:3F:36:A5,SCKS,-0.132813,0.988282,-0.171875,-2.24,11.2,44.799999,0.028032,0.719488,-0.261632,427,666,354,1.0118703573669898
2024-04-25 14:16:46.623000+00:00,2024-04-25 14:15:30+00:00,2024-04-25 14:17:30+00:00,TABUENCA01-45,Sensoria-C1-E90A,Left,Gait,1.0.5,40.3878707,-3.629144,F0:75:B1:51:59:F6,SCKS,0.5625,-0.03125,0.0625,-17.92,8.96,148.960007,0.009344,0.803584,-0.242944,702,543,694,0.5668236608505329
2024-04-25 14:16:46.648000+00:00,2024-04-25 14:15:30+00:00,2024-04-25 14:17:30+00:00,TABUENCA01-45,Sensoria-C1-EEA1,Right,Gait,1.0.5,40.3878707,-3.629144,CB:AA:BC:3F:36:A5,SCKS,-0.085938,0.960938,-0.144531,-8.96,21.280001,48.16,0.028032,0.728832,-0.261632,416,658,372,0.9755390251799259
2024-04-25 14:16:46.656000+00:00,2024-04-25 14:15:30+00:00,2024-04-25 14:17:30+00:00,TABUENCA01-45,Sensoria-C1-E90A,Left,Gait,1.0.5,40.3878707,-3.629144,F0:75:B1:51:59:F6,SCKS,0.3125,0.0625,-0.09375,1.12,24.639999,213.919998,0.037376,0.812928,-0.242944,703,545,693,0.3321920566479578
2024-04-25 14:16:46.665000+00:00,2024-04-25 14:15:30+00:00,2024-04-25 14:17:30+00:00,TABUENCA01-45,Sensoria-C1-EEA1,Right,Gait,1.0.5,40.3878707,-3.629144,CB:AA:BC:3F:36:A5,SCKS,-0.066406,0.941407,-0.007813,-11.2,31.360001,48.16,0.028032,0.728832,-0.261632,403,648,388,0.9437785436499391
2024-04-25 14:16:46.672000+00:00,2024-04-25 14:15:30+00:00,2024-04-25 14:17:30+00:00,TABUENCA01-45,Sensoria-C1-E90A,Left,Gait,1.0.5,40.3878707,-3.629144,F0:75:B1:51:59:F6,SCKS,0.4375,0.4375,-0.21875,8.96,33.599998,271.040009,0.130816,0.803584,-0.2336,703,541,689,0.65625
2024-04-25 14:16:46.681000+00:00,2024-04-25 14:15:30+00:00,2024-04-25 14:17:30+00:00,TABUENCA01-45,Sensoria-C1-EEA1,Right,Gait,1.0.5,40.3878707,-3.629144,CB:AA:BC:3F:36:A5,SCKS,-0.089844,0.984376,-0.007813,-4.48,33.599998,50.400002,0.037376,0.738176,-0.252288,388,636,407,0.98849840499669
2024-04-25 14:16:46.697000+00:00,2024-04-25 14:15:30+00:00,2024-04-25 14:17:30+00:00,TABUENCA01-45,Sensoria-C1-EEA1,Right,Gait,1.0.5,40.3878707,-3.629144,CB:AA:BC:3F:36:A5,SCKS,-0.078125,0.988282,-0.039063,-2.24,31.360001,53.760002,0.04672,0.738176,-0.261632,372,622,425,0.9921344390343478
2024-04-25 14:16:46.705000+00:00,2024-04-25 14:15:30+00:00,2024-04-25 14:17:30+00:00,TABUENCA01-45,Sensoria-C1-E90A,Left,Gait,1.0.5,40.3878707,-3.629144,F0:75:B1:51:59:F6,SCKS,0.3125,0.6875,-0.09375,-3.36,50.400002,313.600006,0.177536,0.79424,-0.2336,701,541,690,0.7609872288678701
2024-04-25 14:16:46.730000+00:00,2024-04-25 14:15:30+00:00,2024-04-25 14:17:30+00:00,TABUENCA01-45,Sensoria-C1-EEA1,Right,Gait,1.0.5,40.3878707,-3.629144,CB:AA:BC:3F:36:A5,SCKS,-0.054688,0.992188,-0.070313,4.48,19.040001,57.119999,0.056064,0.74752,-0.252288,355,608,448,0.996178559625231
2024-04-25 14:16:46.737000+00:00,2024-04-25 14:15:30+00:00,2024-04-25 14:17:30+00:00,TABUENCA01-45,Sensoria-C1-E90A,Left,Gait,1.0.5,40.3878707,-3.629144,F0:75:B1:51:59:F6,SCKS,0.375,1.062499,-0.09375,-5.6,53.760002,365.119995,0.242944,0.775552,-0.2336,703,540,689,1.1306273424524105
2024-04-25 14:16:46.746000+00:00,2024-04-25 14:15:30+00:00,2024-04-25 14:17:30+00:00,TABUENCA01-45,Sensoria-C1-EEA1,Right,Gait,1.0.5,40.3878707,-3.629144,CB:AA:BC:3F:36:A5,SCKS,-0.035156,0.992188,-0.058594,3.36,15.68,60.48,0.065408,0.74752,-0.242944,334,589,471,0.9945381986208474
2024-04-25 14:16:46.763000+00:00,2024-04-25 14:15:30+00:00,2024-04-25 14:17:30+00:00,TABUENCA01-45,Sensoria-C1-EEA1,Right,Gait,1.0.5,40.3878707,-3.629144,CB:AA:BC:3F:36:A5,SCKS,-0.035156,1.003907,-0.027344,2.24,13.440001,64.959999,0.065408,0.74752,-0.242944,315,570,496,1.0048944737239827
2024-04-25 14:16:46.770000+00:00,2024-04-25 14:15:30+00:00,2024-04-25 14:17:30+00:00,TABUENCA01-45,Sensoria-C1-E90A,Left,Gait,1.0.5,40.3878707,-3.629144,F0:75:B1:51:59:F6,SCKS,0.46875,2.312499,-0.0625,-15.68,50.400002,424.480011,0.383104,0.691456,-0.261632,703,538,686,2.3603568453733854
2024-04-25 14:16:46.778000+00:00,2024-04-25 14:15:30+00:00,2024-04-25 14:17:30+00:00,TABUENCA01-45,Sensoria-C1-EEA1,Right,Gait,1.0.5,40.3878707,-3.629144,CB:AA:BC:3F:36:A5,SCKS,-0.03125,1.019532,0.003906,5.6,10.08,69.440002,0.074752,0.756864,-0.242944,294,548,527,1.0200182931496866
2024-04-25 14:16:46.795000+00:00,2024-04-25 14:15:30+00:00,2024-04-25 14:17:30+00:00,TABUENCA01-45,Sensoria-C1-EEA1,Right,Gait,1.0.5,40.3878707,-3.629144,CB:AA:BC:3F:36:A5,SCKS,-0.023438,1.019532,0.042969,5.6,5.6,75.040001,0.084096,0.756864,-0.242944,275,524,561,1.0207062132802955
2024-04-25 14:16:46.802000+00:00,2024-04-25 14:15:30+00:00,2024-04-25 14:17:30+00:00,TABUENCA01-45,Sensoria-C1-E90A,Left,Gait,1.0.5,40.3878707,-3.629144,F0:75:B1:51:59:F6,SCKS,-0.0625,3.093748,0.1875,-2.24,107.520004,444.640015,0.439168,0.635392,-0.270976,701,537,686,3.100054707179214
2024-04-25 14:16:46.827000+00:00,2024-04-25 14:15:30+00:00,2024-04-25 14:17:30+00:00,TABUENCA01-45,Sensoria-C1-EEA1,Right,Gait,1.0.5,40.3878707,-3.629144,CB:AA:BC:3F:36:A5,SCKS,0.011719,1.093751,-0.019531,6.72,-1.12,79.519997,0.084096,0.766208,-0.2336,256,503,597,1.0939881374690494
2024-04-25 14:16:46.834000+00:00,2024-04-25 14:15:30+00:00,2024-04-25 14:17:30+00:00,TABUENCA01-45,Sensoria-C1-E90A,Left,Gait,1.0.5,40.3878707,-3.629144,F0:75:B1:51:59:F6,SCKS,-0.84375,3.374998,-0.84375,-41.439999,105.279999,408.799988,0.485888,0.56064,-0.28032,701,537,687,3.579726194138876
2024-04-25 14:16:46.859000+00:00,2024-04-25 14:15:30+00:00,2024-04-25 14:17:30+00:00,TABUENCA01-45,Sensoria-C1-EEA1,Right,Gait,1.0.5,40.3878707,-3.629144,CB:AA:BC:3F:36:A5,SCKS,-0.023438,1.078126,0.085938,0.0,-1.12,85.120003,0.102784,0.775552,-0.2336,239,484,631,1.08179958937134
2024-04-25 14:16:46.860000+00:00,2024-04-25 14:15:30+00:00,2024-04-25 14:17:30+00:00,TABUENCA01-45,Sensoria-C1-EEA1,Right,Gait,1.0.5,40.3878707,-3.629144,CB:AA:BC:3F:36:A5,SCKS,-0.058594,1.191407,0.042969,-1.12,-10.08,94.080002,0.102784,0.775552,-0.2336,224,463,660,1.193620639669908
2024-04-25 14:16:46.867000+00:00,2024-04-25 14:15:30+00:00,2024-04-25 14:17:30+00:00,TABUENCA01-45,Sensoria-C1-E90A,Left,Gait,1.0.5,40.3878707,-3.629144,F0:75:B1:51:59:F6,SCKS,-3.687498,1.499999,-0.625,-2.24,81.760002,232.960007,0.51392,0.504576,-0.308352,698,537,691,4.029672877542916
2024-04-25 14:16:46.875000+00:00,2024-04-25 14:15:30+00:00,2024-04-25 14:17:30+00:00,TABUENCA01-45,Sensoria-C1-EEA1,Right,Gait,1.0.5,40.3878707,-3.629144,CB:AA:BC:3F:36:A5,SCKS,-0.066406,1.250001,0.117188,-8.96,-16.799999,109.760002,0.121472,0.775552,-0.252288,213,449,679,1.2572371630607329
2024-04-25 14:16:46.899000+00:00,2024-04-25 14:15:30+00:00,2024-04-25 14:17:30+00:00,TABUENCA01-45,Sensoria-C1-E90A,Left,Gait,1.0.5,40.3878707,-3.629144,F0:75:B1:51:59:F6,SCKS,-3.499998,1.624999,-0.5,22.4,-113.120003,40.32,0.523264,0.4672,-0.308352,696,536,697,3.8910933874690032
2024-04-25 14:16:46.908000+00:00,2024-04-25 14:15:30+00:00,2024-04-25 14:17:30+00:00,TABUENCA01-45,Sensoria-C1-EEA1,Right,Gait,1.0.5,40.3878707,-3.629144,CB:AA:BC:3F:36:A5,SCKS,-0.117188,1.29297,0.066406,-12.32,-26.880001,126.559998,0.14016,0.784896,-0.252288,206,442,693,1.2999670015350389
2024-04-25 14:16:46.924000+00:00,2024-04-25 14:15:30+00:00,2024-04-25 14:17:30+00:00,TABUENCA01-45,Sensoria-C1-EEA1,Right,Gait,1.0.5,40.3878707,-3.629144,CB:AA:BC:3F:36:A5,SCKS,-0.152344,1.445314,-0.144531,-20.16,-23.52,156.800003,0.158848,0.79424,-0.252288,196,442,701,1.460489802392677
2024-04-25 14:16:46.940000+00:00,2024-04-25 14:15:30+00:00,2024-04-25 14:17:30+00:00,TABUENCA01-45,Sensoria-C1-EEA1,Right,Gait,1.0.5,40.3878707,-3.629144,CB:AA:BC:3F:36:A5,SCKS,-0.375,1.843751,0.015625,-28.0,4.48,178.080002,0.18688,0.79424,-0.242944,195,451,703,1.8815650110017457
2024-04-25 14:16:46.964000+00:00,2024-04-25 14:15:30+00:00,2024-04-25 14:17:30+00:00,TABUENCA01-45,Sensoria-C1-E90A,Left,Gait,1.0.5,40.3878707,-3.629144,F0:75:B1:51:59:F6,SCKS,2.937498,1.249999,0.3125,12.32,41.439999,-151.199997,0.51392,0.485888,-0.28032,695,537,687,3.2076546338415244
2024-04-25 14:16:46.965000+00:00,2024-04-25 14:15:30+00:00,2024-04-25 14:17:30+00:00,TABUENCA01-45,Sensoria-C1-E90A,Left,Gait,1.0.5,40.3878707,-3.629144,F0:75:B1:51:59:F6,SCKS,-1.624999,1.749999,0.53125,56.0,212.800003,-273.279999,0.504576,0.523264,-0.317696,699,542,634,2.4464964362332515
2024-04-25 14:16:46.973000+00:00,2024-04-25 14:15:30+00:00,2024-04-25 14:17:30+00:00,TABUENCA01-45,Sensoria-C1-EEA1,Right,Gait,1.0.5,40.3878707,-3.629144,CB:AA:BC:3F:36:A5,SCKS,-0.734376,1.996095,0.355469,-42.560001,42.560001,202.720001,0.18688,0.79424,-0.242944,198,465,706,2.156400141059632
2024-04-25 14:16:46.981000+00:00,2024-04-25 14:15:30+00:00,2024-04-25 14:17:30+00:00,TABUENCA01-45,Sensoria-C1-E90A,Left,Gait,1.0.5,40.3878707,-3.629144,F0:75:B1:51:59:F6,SCKS,-0.15625,1.937499,-0.25,112.0,6.72,-217.279999,0.476544,0.569984,-0.317696,697,545,486,1.9598001014136621
2024-04-25 14:16:46.989000+00:00,2024-04-25 14:15:30+00:00,2024-04-25 14:17:30+00:00,TABUENCA01-45,Sensoria-C1-EEA1,Right,Gait,1.0.5,40.3878707,-3.629144,CB:AA:BC:3F:36:A5,SCKS,-1.226563,1.996095,0.480469,-64.959999,82.879997,229.600006,0.224256,0.803584,-0.252288,212,479,705,2.391589952720784
2024-04-25 14:16:47.006000+00:00,2024-04-25 14:15:30+00:00,2024-04-25 14:17:30+00:00,TABUENCA01-45,Sensoria-C1-EEA1,Right,Gait,1.0.5,40.3878707,-3.629144,CB:AA:BC:3F:36:A5,SCKS,-0.417969,1.996095,-0.179688,-28.0,6.72,274.399994,0.270976,0.803584,-0.261632,244,514,703,2.047286279768904
2024-04-25 14:16:47.013000+00:00,2024-04-25 14:15:30+00:00,2024-04-25 14:17:30+00:00,TABUENCA01-45,Sensoria-C1-E90A,Left,Gait,1.0.5,40.3878707,-3.629144,F0:75:B1:51:59:F6,SCKS,-0.09375,0.78125,-0.25,79.519997,-58.240002,-203.839996,0.429824,0.644736,-0.308352,687,553,359,0.8256153008514316
2024-04-25 14:16:47.022000+00:00,2024-04-25 14:15:30+00:00,2024-04-25 14:17:30+00:00,TABUENCA01-45,Sensoria-C1-EEA1,Right,Gait,1.0.5,40.3878707,-3.629144,CB:AA:BC:3F:36:A5,SCKS,-0.847657,1.996095,-0.582032,-14.56,-48.16,310.23999,0.317696,0.803584,-0.252288,296,570,702,2.245368318939679
2024-04-25 14:16:47.038000+00:00,2024-04-25 14:15:30+00:00,2024-04-25 14:17:30+00:00,TABUENCA01-45,Sensoria-C1-EEA1,Right,Gait,1.0.5,40.3878707,-3.629144,CB:AA:BC:3F:36:A5,SCKS,-0.855469,1.894533,-0.625,7.84,-88.480003,329.279999,0.37376,0.79424,-0.261632,364,630,701,2.170646792559766
2024-04-25 14:16:47.045000+00:00,2024-04-25 14:15:30+00:00,2024-04-25 14:17:30+00:00,TABUENCA01-45,Sensoria-C1-E90A,Left,Gait,1.0.5,40.3878707,-3.629144,F0:75:B1:51:59:F6,SCKS,-0.03125,0.999999,-0.28125,47.040001,-56.0,-110.879997,0.411136,0.65408,-0.289664,663,543,327,1.0392671095541317
2024-04-25 14:16:47.054000+00:00,2024-04-25 14:15:30+00:00,2024-04-25 14:17:30+00:00,TABUENCA01-45,Sensoria-C1-EEA1,Right,Gait,1.0.5,40.3878707,-3.629144,CB:AA:BC:3F:36:A5,SCKS,-0.347656,0.464844,-0.660157,26.880001,-49.279999,252.0,0.42048,0.784896,-0.261632,424,669,701,0.8790630826743892
2024-04-25 14:16:47.079000+00:00,2024-04-25 14:15:30+00:00,2024-04-25 14:17:30+00:00,TABUENCA01-45,Sensoria-C1-E90A,Left,Gait,1.0.5,40.3878707,-3.629144,F0:75:B1:51:59:F6,SCKS,0.125,0.999999,-0.125,11.2,-57.119999,-33.599998,0.401792,0.663424,-0.28032,640,522,317,1.015503815847582
2024-04-25 14:16:47.087000+00:00,2024-04-25 14:15:30+00:00,2024-04-25 14:17:30+00:00,TABUENCA01-45,Sensoria-C1-EEA1,Right,Gait,1.0.5,40.3878707,-3.629144,CB:AA:BC:3F:36:A5,SCKS,0.929688,0.261719,-0.953126,23.52,69.440002,159.039993,0.42048,0.784896,-0.261632,458,690,699,1.3569324906497744
2024-04-25 14:16:47.103000+00:00,2024-04-25 14:15:30+00:00,2024-04-25 14:17:30+00:00,TABUENCA01-45,Sensoria-C1-EEA1,Right,Gait,1.0.5,40.3878707,-3.629144,CB:AA:BC:3F:36:A5,SCKS,-1.296876,0.578125,-0.675782,13.440001,187.039993,12.32,0.439168,0.784896,-0.261632,475,702,698,1.5725130163292766
2024-04-25 14:16:47.111000+00:00,2024-04-25 14:15:30+00:00,2024-04-25 14:17:30+00:00,TABUENCA01-45,Sensoria-C1-E90A,Left,Gait,1.0.5,40.3878707,-3.629144,F0:75:B1:51:59:F6,SCKS,0.15625,0.968749,-0.15625,3.36,-34.720001,-15.68,0.401792,0.672768,-0.28032,621,507,324,0.9936310935155964
2024-04-25 14:16:47.120000+00:00,2024-04-25 14:15:30+00:00,2024-04-25 14:17:30+00:00,TABUENCA01-45,Sensoria-C1-EEA1,Right,Gait,1.0.5,40.3878707,-3.629144,CB:AA:BC:3F:36:A5,SCKS,-1.29297,0.179688,-0.167969,-24.639999,147.839996,-71.68,0.439168,0.784896,-0.28032,484,708,695,1.3161583427555363
2024-04-25 14:16:47.136000+00:00,2024-04-25 14:15:30+00:00,2024-04-25 14:17:30+00:00,TABUENCA01-45,Sensoria-C1-EEA1,Right,Gait,1.0.5,40.3878707,-3.629144,CB:AA:BC:3F:36:A5,SCKS,-0.617188,-0.195313,0.085938,-17.92,86.239998,-94.080002,0.42048,0.79424,-0.28032,486,711,695,0.6530340995361574
2024-04-25 14:16:47.143000+00:00,2024-04-25 14:15:30+00:00,2024-04-25 14:17:30+00:00,TABUENCA01-45,Sensoria-C1-E90A,Left,Gait,1.0.5,40.3878707,-3.629144,F0:75:B1:51:59:F6,SCKS,0.1875,0.999999,-0.21875,-1.12,-29.120001,-12.32,0.392448,0.682112,-0.28032,608,494,353,1.0406756519209046
2024-04-25 14:16:47.168000+00:00,2024-04-25 14:15:30+00:00,2024-04-25 14:17:30+00:00,TABUENCA01-45,Sensoria-C1-EEA1,Right,Gait,1.0.5,40.3878707,-3.629144,CB:AA:BC:3F:36:A5,SCKS,-0.398438,-0.128906,0.007813,34.720001,38.080002,-144.479996,0.392448,0.803584,-0.28032,488,713,693,0.41884440983377114
2024-04-25 14:16:47.176000+00:00,2024-04-25 14:15:30+00:00,2024-04-25 14:17:30+00:00,TABUENCA01-45,Sensoria-C1-E90A,Left,Gait,1.0.5,40.3878707,-3.629144,F0:75:B1:51:59:F6,SCKS,0.15625,0.90625,-0.25,-3.36,-33.599998,-24.639999,0.392448,0.682112,-0.252288,597,483,397,0.9529969176235566
2024-04-25 14:16:47.185000+00:00,2024-04-25 14:15:30+00:00,2024-04-25 14:17:30+00:00,TABUENCA01-45,Sensoria-C1-EEA1,Right,Gait,1.0.5,40.3878707,-3.629144,CB:AA:BC:3F:36:A5,SCKS,-0.609375,0.148438,-0.070313,52.639999,26.880001,-198.240005,0.392448,0.803584,-0.28032,488,713,693,0.6311225304471391
2024-04-25 14:16:47.201000+00:00,2024-04-25 14:15:30+00:00,2024-04-25 14:17:30+00:00,TABUENCA01-45,Sensoria-C1-EEA1,Right,Gait,1.0.5,40.3878707,-3.629144,CB:AA:BC:3F:36:A5,SCKS,-0.660157,0.347656,0.039063,47.040001,3.36,-236.320007,0.355072,0.803584,-0.270976,489,712,691,0.747126412967712
2024-04-25 14:16:47.208000+00:00,2024-04-25 14:15:30+00:00,2024-04-25 14:17:30+00:00,TABUENCA01-45,Sensoria-C1-E90A,Left,Gait,1.0.5,40.3878707,-3.629144,F0:75:B1:51:59:F6,SCKS,0.09375,0.9375,-0.1875,0.0,-49.279999,-21.280001,0.383104,0.691456,-0.270976,586,469,447,0.9606516343087124
2024-04-25 14:16:47.217000+00:00,2024-04-25 14:15:30+00:00,2024-04-25 14:17:30+00:00,TABUENCA01-45,Sensoria-C1-EEA1,Right,Gait,1.0.5,40.3878707,-3.629144,CB:AA:BC:3F:36:A5,SCKS,-0.554688,0.441407,0.167969,49.279999,-32.48,-272.160004,0.308352,0.812928,-0.261632,488,714,692,0.7285138996299247
2024-04-25 14:16:47.241000+00:00,2024-04-25 14:15:30+00:00,2024-04-25 14:17:30+00:00,TABUENCA01-45,Sensoria-C1-E90A,Left,Gait,1.0.5,40.3878707,-3.629144,F0:75:B1:51:59:F6,SCKS,0.125,0.9375,-0.15625,7.84,-49.279999,-19.040001,0.383104,0.691456,-0.252288,576,451,491,0.9586163531361229
2024-04-25 14:16:47.250000+00:00,2024-04-25 14:15:30+00:00,2024-04-25 14:17:30+00:00,TABUENCA01-45,Sensoria-C1-EEA1,Right,Gait,1.0.5,40.3878707,-3.629144,CB:AA:BC:3F:36:A5,SCKS,-0.496094,0.812501,0.148438,53.760002,-68.32,-321.440002,0.252288,0.812928,-0.252288,488,712,691,0.963483768249886
2024-04-25 14:16:47.267000+00:00,2024-04-25 14:15:30+00:00,2024-04-25 14:17:30+00:00,TABUENCA01-45,Sensoria-C1-EEA1,Right,Gait,1.0.5,40.3878707,-3.629144,CB:AA:BC:3F:36:A5,SCKS,-0.460938,1.093751,0.144531,42.560001,-72.800003,-351.679993,0.18688,0.79424,-0.242944,488,710,691,1.1956773393378333
2024-04-25 14:16:47.274000+00:00,2024-04-25 14:15:30+00:00,2024-04-25 14:17:30+00:00,TABUENCA01-45,Sensoria-C1-E90A,Left,Gait,1.0.5,40.3878707,-3.629144,F0:75:B1:51:59:F6,SCKS,0.09375,0.9375,-0.1875,4.48,-39.200001,-38.080002,0.364416,0.7008,-0.242944,550,415,539,0.9606516343087124
2024-04-25 14:16:47.283000+00:00,2024-04-25 14:15:30+00:00,2024-04-25 14:17:30+00:00,TABUENCA01-45,Sensoria-C1-EEA1,Right,Gait,1.0.5,40.3878707,-3.629144,CB:AA:BC:3F:36:A5,SCKS,-0.4375,1.433595,0.167969,25.76,-59.360001,-375.200012,0.18688,0.79424,-0.242944,487,710,689,1.5082488053984993
2024-04-25 14:16:47.298000+00:00,2024-04-25 14:15:30+00:00,2024-04-25 14:17:30+00:00,TABUENCA01-45,Sensoria-C1-EEA1,Right,Gait,1.0.5,40.3878707,-3.629144,CB:AA:BC:3F:36:A5,SCKS,-0.453125,1.910158,0.242188,5.6,-29.120001,-388.640015,0.112128,0.775552,-0.2336,486,709,687,1.9780497662933054
2024-04-25 14:16:47.306000+00:00,2024-04-25 14:15:30+00:00,2024-04-25 14:17:30+00:00,TABUENCA01-45,Sensoria-C1-E90A,Left,Gait,1.0.5,40.3878707,-3.629144,F0:75:B1:51:59:F6,SCKS,0.0625,0.968749,-0.1875,2.24,-41.439999,-47.040001,0.364416,0.710144,-0.2336,530,384,563,0.9887047714060047
2024-04-25 14:16:47.315000+00:00,2024-04-25 14:15:30+00:00,2024-04-25 14:17:30+00:00,TABUENCA01-45,Sensoria-C1-EEA1,Right,Gait,1.0.5,40.3878707,-3.629144,CB:AA:BC:3F:36:A5,SCKS,-0.425782,1.996095,0.328125,-3.36,-12.32,-394.23999,0.056064,0.728832,-0.252288,487,709,687,2.0672086435998667
2024-04-25 14:16:47.322000+00:00,2024-04-25 14:15:30+00:00,2024-04-25 14:17:30+00:00,TABUENCA01-45,Sensoria-C1-E90A,Left,Gait,1.0.5,40.3878707,-3.629144,F0:75:B1:51:59:F6,SCKS,0.03125,0.999999,-0.15625,-2.24,-44.799999,-53.760002,0.345728,0.719488,-0.2336,504,351,586,1.0126147465848006
2024-04-25 14:16:47.347000+00:00,2024-04-25 14:15:30+00:00,2024-04-25 14:17:30+00:00,TABUENCA01-45,Sensoria-C1-EEA1,Right,Gait,1.0.5,40.3878707,-3.629144,CB:AA:BC:3F:36:A5,SCKS,0.121094,1.996095,0.109375,26.880001,-72.800003,-418.880005,0.0,0.691456,-0.261632,486,708,688,2.0027535785727606
2024-04-25 14:16:47.355000+00:00,2024-04-25 14:15:30+00:00,2024-04-25 14:17:30+00:00,TABUENCA01-45,Sensoria-C1-E90A,Left,Gait,1.0.5,40.3878707,-3.629144,F0:75:B1:51:59:F6,SCKS,0.0625,1.062499,-0.15625,-10.08,-45.920002,-62.720001,0.336384,0.728832,-0.2336,477,317,616,1.0757436671907485
2024-04-25 14:16:47.363000+00:00,2024-04-25 14:15:30+00:00,2024-04-25 14:17:30+00:00,TABUENCA01-45,Sensoria-C1-EEA1,Right,Gait,1.0.5,40.3878707,-3.629144,CB:AA:BC:3F:36:A5,SCKS,1.285157,1.996095,-0.082031,-4.48,-57.119999,-411.040009,-0.04672,0.635392,-0.252288,484,707,688,2.3754479258941883
2024-04-25 14:16:47.380000+00:00,2024-04-25 14:15:30+00:00,2024-04-25 14:17:30+00:00,TABUENCA01-45,Sensoria-C1-EEA1,Right,Gait,1.0.5,40.3878707,-3.629144,CB:AA:BC:3F:36:A5,SCKS,1.996095,1.996095,-1.050782,28.0,-44.799999,-331.519989,-0.084096,0.579328,-0.270976,486,708,689,3.0121310246358806
2024-04-25 14:16:47.387000+00:00,2024-04-25 14:15:30+00:00,2024-04-25 14:17:30+00:00,TABUENCA01-45,Sensoria-C1-E90A,Left,Gait,1.0.5,40.3878707,-3.629144,F0:75:B1:51:59:F6,SCKS,0.15625,1.187499,-0.21875,-13.440001,-41.439999,-78.400002,0.308352,0.738176,-0.224256,448,287,649,1.2175465083523505
2024-04-25 14:16:47.396000+00:00,2024-04-25 14:15:30+00:00,2024-04-25 14:17:30+00:00,TABUENCA01-45,Sensoria-C1-EEA1,Right,Gait,1.0.5,40.3878707,-3.629144,CB:AA:BC:3F:36:A5,SCKS,1.996095,1.16797,0.316406,45.920002,40.32,-159.039993,-0.09344,0.541952,-0.270976,487,708,692,2.3342369045923768
2024-04-25 14:16:47.420000+00:00,2024-04-25 14:15:30+00:00,2024-04-25 14:17:30+00:00,TABUENCA01-45,Sensoria-C1-E90A,Left,Gait,1.0.5,40.3878707,-3.629144,F0:75:B1:51:59:F6,SCKS,0.125,1.249999,0.0,-10.08,-26.880001,-101.919998,0.289664,0.756864,-0.224256,426,266,672,1.256233457602925
2024-04-25 14:16:47.428000+00:00,2024-04-25 14:15:30+00:00,2024-04-25 14:17:30+00:00,TABUENCA01-45,Sensoria-C1-EEA1,Right,Gait,1.0.5,40.3878707,-3.629144,CB:AA:BC:3F:36:A5,SCKS,1.996095,1.996095,0.445313,44.799999,69.440002,-71.68,-0.09344,0.541952,-0.270976,486,709,698,2.857812829073836
2024-04-25 14:16:47.445000+00:00,2024-04-25 14:15:30+00:00,2024-04-25 14:17:30+00:00,TABUENCA01-45,Sensoria-C1-EEA1,Right,Gait,1.0.5,40.3878707,-3.629144,CB:AA:BC:3F:36:A5,SCKS,1.996095,1.683595,0.523438,-10.08,-44.799999,100.800003,-0.09344,0.541952,-0.252288,487,709,698,2.663245146976523
2024-04-25 14:16:47.452000+00:00,2024-04-25 14:15:30+00:00,2024-04-25 14:17:30+00:00,TABUENCA01-45,Sensoria-C1-E90A,Left,Gait,1.0.5,40.3878707,-3.629144,F0:75:B1:51:59:F6,SCKS,0.1875,1.406249,-0.0625,-5.6,-7.84,-136.639999,0.270976,0.766208,-0.224256,418,255,683,1.420069980670319
2024-04-25 14:16:47.461000+00:00,2024-04-25 14:15:30+00:00,2024-04-25 14:17:30+00:00,TABUENCA01-45,Sensoria-C1-EEA1,Right,Gait,1.0.5,40.3878707,-3.629144,CB:AA:BC:3F:36:A5,SCKS,-2.000001,1.359376,0.171875,29.120001,-117.599998,94.080002,-0.09344,0.56064,-0.270976,489,708,675,2.4243448857375887
2024-04-25 14:16:47.477000+00:00,2024-04-25 14:15:30+00:00,2024-04-25 14:17:30+00:00,TABUENCA01-45,Sensoria-C1-EEA1,Right,Gait,1.0.5,40.3878707,-3.629144,CB:AA:BC:3F:36:A5,SCKS,1.382813,1.367188,1.335938,59.360001,-190.399994,277.76001,-0.084096,0.588672,-0.28032,497,713,626,2.359259451640917
2024-04-25 14:16:47.485000+00:00,2024-04-25 14:15:30+00:00,2024-04-25 14:17:30+00:00,TABUENCA01-45,Sensoria-C1-E90A,Left,Gait,1.0.5,40.3878707,-3.629144,F0:75:B1:51:59:F6,SCKS,0.28125,1.718749,-0.25,-10.08,-5.6,-174.720001,0.242944,0.775552,-0.2336,444,287,688,1.7594600556707731
2024-04-25 14:16:47.510000+00:00,2024-04-25 14:15:30+00:00,2024-04-25 14:17:30+00:00,TABUENCA01-45,Sensoria-C1-EEA1,Right,Gait,1.0.5,40.3878707,-3.629144,CB:AA:BC:3F:36:A5,SCKS,0.589844,1.972658,0.511719,62.720001,-71.68,238.559998,-0.074752,0.626048,-0.289664,505,717,543,2.121591823198091
2024-04-25 14:16:47.517000+00:00,2024-04-25 14:15:30+00:00,2024-04-25 14:17:30+00:00,TABUENCA01-45,Sensoria-C1-E90A,Left,Gait,1.0.5,40.3878707,-3.629144,F0:75:B1:51:59:F6,SCKS,0.84375,2.343749,-0.21875,-23.52,-31.360001,-202.720001,0.196224,0.79424,-0.2336,513,352,688,2.500584931571211
2024-04-25 14:16:47.541000+00:00,2024-04-25 14:15:30+00:00,2024-04-25 14:17:30+00:00,TABUENCA01-45,Sensoria-C1-EEA1,Right,Gait,1.0.5,40.3878707,-3.629144,CB:AA:BC:3F:36:A5,SCKS,0.460938,1.60547,-0.578125,76.160004,19.040001,236.320007,-0.074752,0.626048,-0.289664,508,720,454,1.7675480973283302
2024-04-25 14:16:47.542000+00:00,2024-04-25 14:15:30+00:00,2024-04-25 14:17:30+00:00,TABUENCA01-45,Sensoria-C1-EEA1,Right,Gait,1.0.5,40.3878707,-3.629144,CB:AA:BC:3F:36:A5,SCKS,0.433594,1.460939,-0.019531,12.32,22.4,207.199997,-0.056064,0.65408,-0.28032,506,719,396,1.524049860902851
2024-04-25 14:16:47.549000+00:00,2024-04-25 14:15:30+00:00,2024-04-25 14:17:30+00:00,TABUENCA01-45,Sensoria-C1-E90A,Left,Gait,1.0.5,40.3878707,-3.629144,F0:75:B1:51:59:F6,SCKS,0.4375,2.312499,-0.1875,-56.0,-75.040001,-236.320007,0.121472,0.812928,-0.252288,566,401,690,2.3609773664736813
2024-04-25 14:16:47.558000+00:00,2024-04-25 14:15:30+00:00,2024-04-25 14:17:30+00:00,TABUENCA01-45,Sensoria-C1-EEA1,Right,Gait,1.0.5,40.3878707,-3.629144,CB:AA:BC:3F:36:A5,SCKS,0.21875,0.746094,-0.117188,19.040001,31.360001,147.839996,-0.028032,0.691456,-0.28032,493,724,365,0.7862829304264465
2024-04-25 14:16:47.574000+00:00,2024-04-25 14:15:30+00:00,2024-04-25 14:17:30+00:00,TABUENCA01-45,Sensoria-C1-EEA1,Right,Gait,1.0.5,40.3878707,-3.629144,CB:AA:BC:3F:36:A5,SCKS,0.011719,0.968751,0.066406,-2.24,42.560001,123.199997,-0.009344,0.7008,-0.270976,478,724,348,0.9710950477672101
2024-04-25 14:16:47.583000+00:00,2024-04-25 14:15:30+00:00,2024-04-25 14:17:30+00:00,TABUENCA01-45,Sensoria-C1-E90A,Left,Gait,1.0.5,40.3878707,-3.629144,F0:75:B1:51:59:F6,SCKS,1.093749,2.062499,-0.90625,-10.08,-43.68,-282.23999,0.074752,0.812928,-0.252288,620,470,694,2.5042919283705722
2024-04-25 14:16:47.608000+00:00,2024-04-25 14:15:30+00:00,2024-04-25 14:17:30+00:00,TABUENCA01-45,Sensoria-C1-EEA1,Right,Gait,1.0.5,40.3878707,-3.629144,CB:AA:BC:3F:36:A5,SCKS,-0.160156,0.933594,-0.097656,-5.6,23.52,91.840004,0.0,0.710144,-0.261632,465,720,339,0.9522522751393141
2024-04-25 14:16:47.615000+00:00,2024-04-25 14:15:30+00:00,2024-04-25 14:17:30+00:00,TABUENCA01-45,Sensoria-C1-E90A,Left,Gait,1.0.5,40.3878707,-3.629144,F0:75:B1:51:59:F6,SCKS,0.09375,0.09375,-0.5,24.639999,-24.639999,-144.479996,0.0,0.79424,-0.242944,686,535,699,0.517279542413964
2024-04-25 14:16:47.625000+00:00,2024-04-25 14:15:30+00:00,2024-04-25 14:17:30+00:00,TABUENCA01-45,Sensoria-C1-EEA1,Right,Gait,1.0.5,40.3878707,-3.629144,CB:AA:BC:3F:36:A5,SCKS,-0.082031,0.972657,0.027344,-8.96,6.72,73.919998,0.0,0.710144,-0.261632,454,711,336,0.9764929180214263
2024-04-25 14:16:47.640000+00:00,2024-04-25 14:15:30+00:00,2024-04-25 14:17:30+00:00,TABUENCA01-45,Sensoria-C1-EEA1,Right,Gait,1.0.5,40.3878707,-3.629144,CB:AA:BC:3F:36:A5,SCKS,-0.109375,1.027344,0.078125,-3.36,2.24,56.0,0.009344,0.719488,-0.261632,445,701,337,1.036099464620072
2024-04-25 14:16:47.656000+00:00,2024-04-25 14:15:30+00:00,2024-04-25 14:17:30+00:00,TABUENCA01-45,Sensoria-C1-EEA1,Right,Gait,1.0.5,40.3878707,-3.629144,CB:AA:BC:3F:36:A5,SCKS,-0.117188,0.972657,0.074219,-3.36,7.84,41.439999,0.018688,0.719488,-0.261632,437,690,340,0.9824984106623278
2024-04-25 14:16:47.688000+00:00,2024-04-25 14:15:30+00:00,2024-04-25 14:17:30+00:00,TABUENCA01-45,Sensoria-C1-EEA1,Right,Gait,1.0.5,40.3878707,-3.629144,CB:AA:BC:3F:36:A5,SCKS,-0.171875,1.003907,-0.085938,-1.12,3.36,41.439999,0.018688,0.728832,-0.252288,431,682,350,1.0221328779165653
2024-04-25 14:16:47.695000+00:00,2024-04-25 14:15:30+00:00,2024-04-25 14:17:30+00:00,TABUENCA01-45,Sensoria-C1-E90A,Left,Gait,1.0.5,40.3878707,-3.629144,F0:75:B1:51:59:F6,SCKS,1.156249,0.21875,-0.3125,34.720001,-150.080002,31.360001,0.0,0.803584,-0.252288,701,543,697,1.2175465340187208
2024-04-25 14:16:47.696000+00:00,2024-04-25 14:15:30+00:00,2024-04-25 14:17:30+00:00,TABUENCA01-45,Sensoria-C1-E90A,Left,Gait,1.0.5,40.3878707,-3.629144,F0:75:B1:51:59:F6,SCKS,0.968749,0.0625,-0.03125,3.36,-8.96,131.039993,0.018688,0.803584,-0.242944,707,545,696,0.9712658943363552
2024-04-25 14:16:47.697000+00:00,2024-04-25 14:15:30+00:00,2024-04-25 14:17:30+00:00,TABUENCA01-45,Sensoria-C1-E90A,Left,Gait,1.0.5,40.3878707,-3.629144,F0:75:B1:51:59:F6,SCKS,0.25,0.0625,-0.0625,8.96,39.200001,179.199997,0.037376,0.812928,-0.252288,709,546,693,0.2651650429449553
2024-04-25 14:16:47.704000+00:00,2024-04-25 14:15:30+00:00,2024-04-25 14:17:30+00:00,TABUENCA01-45,Sensoria-C1-EEA1,Right,Gait,1.0.5,40.3878707,-3.629144,CB:AA:BC:3F:36:A5,SCKS,-0.109375,0.960938,-0.109375,-7.84,11.2,47.040001,0.028032,0.728832,-0.261632,422,675,364,0.9733075675725531
2024-04-25 14:16:47.729000+00:00,2024-04-25 14:15:30+00:00,2024-04-25 14:17:30+00:00,TABUENCA01-45,Sensoria-C1-E90A,Left,Gait,1.0.5,40.3878707,-3.629144,F0:75:B1:51:59:F6,SCKS,0.46875,0.34375,-0.21875,33.599998,32.48,269.920013,0.084096,0.812928,-0.2336,710,545,694,0.6210814660734935
2024-04-25 14:16:47.737000+00:00,2024-04-25 14:15:30+00:00,2024-04-25 14:17:30+00:00,TABUENCA01-45,Sensoria-C1-EEA1,Right,Gait,1.0.5,40.3878707,-3.629144,CB:AA:BC:3F:36:A5,SCKS,-0.078125,0.949219,-0.0625,-12.32,20.16,49.279999,0.028032,0.728832,-0.261632,412,663,379,0.9544770691776728
2024-04-25 14:16:47.738000+00:00,2024-04-25 14:15:30+00:00,2024-04-25 14:17:30+00:00,TABUENCA01-45,Sensoria-C1-EEA1,Right,Gait,1.0.5,40.3878707,-3.629144,CB:AA:BC:3F:36:A5,SCKS,-0.058594,0.964844,0.03125,-12.32,28.0,49.279999,0.028032,0.728832,-0.261632,400,653,396,0.9671265499778197
2024-04-25 14:16:47.761000+00:00,2024-04-25 14:15:30+00:00,2024-04-25 14:17:30+00:00,TABUENCA01-45,Sensoria-C1-E90A,Left,Gait,1.0.5,40.3878707,-3.629144,F0:75:B1:51:59:F6,SCKS,0.34375,0.71875,-0.0625,14.56,45.920002,315.839996,0.18688,0.79424,-0.2336,709,542,693,0.7991694907840263
2024-04-25 14:16:47.770000+00:00,2024-04-25 14:15:30+00:00,2024-04-25 14:17:30+00:00,TABUENCA01-45,Sensoria-C1-EEA1,Right,Gait,1.0.5,40.3878707,-3.629144,CB:AA:BC:3F:36:A5,SCKS,-0.066406,0.972657,0.019531,-6.72,30.24,49.279999,0.04672,0.738176,-0.261632,387,640,410,0.9751168424583795
2024-04-25 14:16:47.786000+00:00,2024-04-25 14:15:30+00:00,2024-04-25 14:17:30+00:00,TABUENCA01-45,Sensoria-C1-EEA1,Right,Gait,1.0.5,40.3878707,-3.629144,CB:AA:BC:3F:36:A5,SCKS,-0.0625,0.992188,-0.023438,-3.36,25.76,48.16,0.04672,0.738176,-0.261632,374,626,428,0.9944308006030385
2024-04-25 14:16:47.802000+00:00,2024-04-25 14:15:30+00:00,2024-04-25 14:17:30+00:00,TABUENCA01-45,Sensoria-C1-EEA1,Right,Gait,1.0.5,40.3878707,-3.629144,CB:AA:BC:3F:36:A5,SCKS,-0.039063,0.980469,-0.019531,-5.6,20.16,48.16,0.056064,0.74752,-0.270976,358,613,444,0.9814412045003003
2024-04-25 14:16:47.809000+00:00,2024-04-25 14:15:30+00:00,2024-04-25 14:17:30+00:00,TABUENCA01-45,Sensoria-C1-E90A,Left,Gait,1.0.5,40.3878707,-3.629144,F0:75:B1:51:59:F6,SCKS,0.3125,1.093749,-0.0625,7.84,44.799999,367.360016,0.242944,0.766208,-0.2336,708,542,691,1.1392319232715524
2024-04-25 14:16:47.818000+00:00,2024-04-25 14:15:30+00:00,2024-04-25 14:17:30+00:00,TABUENCA01-45,Sensoria-C1-EEA1,Right,Gait,1.0.5,40.3878707,-3.629144,CB:AA:BC:3F:36:A5,SCKS,-0.027344,0.968751,-0.019531,-4.48,16.799999,48.16,0.056064,0.74752,-0.261632,342,597,461,0.9693336135191022
2024-04-25 14:16:47.826000+00:00,2024-04-25 14:15:30+00:00,2024-04-25 14:17:30+00:00,TABUENCA01-45,Sensoria-C1-E90A,Left,Gait,1.0.5,40.3878707,-3.629144,F0:75:B1:51:59:F6,SCKS,0.46875,1.749999,-0.03125,-5.6,32.48,407.679993,0.317696,0.738176,-0.224256,707,539,689,1.8119601609861626
2024-04-25 14:16:47.834000+00:00,2024-04-25 14:15:30+00:00,2024-04-25 14:17:30+00:00,TABUENCA01-45,Sensoria-C1-EEA1,Right,Gait,1.0.5,40.3878707,-3.629144,CB:AA:BC:3F:36:A5,SCKS,-0.019531,0.988282,-0.027344,-3.36,15.68,50.400002,0.056064,0.74752,-0.261632,324,581,482,0.9888531062908181
2024-04-25 14:16:47.858000+00:00,2024-04-25 14:15:30+00:00,2024-04-25 14:17:30+00:00,TABUENCA01-45,Sensoria-C1-E90A,Left,Gait,1.0.5,40.3878707,-3.629144,F0:75:B1:51:59:F6,SCKS,0.4375,2.562499,0.0,-3.36,61.599998,431.200012,0.383104,0.691456,-0.242944,706,539,689,2.5995783071492577
2024-04-25 14:16:47.867000+00:00,2024-04-25 14:15:30+00:00,2024-04-25 14:17:30+00:00,TABUENCA01-45,Sensoria-C1-EEA1,Right,Gait,1.0.5,40.3878707,-3.629144,CB:AA:BC:3F:36:A5,SCKS,-0.042969,0.984376,-0.011719,2.24,12.32,54.880001,0.065408,0.74752,-0.261632,306,563,503,0.9853830622138783
2024-04-25 14:16:47.883000+00:00,2024-04-25 14:15:30+00:00,2024-04-25 14:17:30+00:00,TABUENCA01-45,Sensoria-C1-EEA1,Right,Gait,1.0.5,40.3878707,-3.629144,CB:AA:BC:3F:36:A5,SCKS,-0.054688,1.007813,0.019531,8.96,2.24,63.84,0.074752,0.74752,-0.242944,285,544,529,1.0094846607423018
2024-04-25 14:16:47.890000+00:00,2024-04-25 14:15:30+00:00,2024-04-25 14:17:30+00:00,TABUENCA01-45,Sensoria-C1-E90A,Left,Gait,1.0.5,40.3878707,-3.629144,F0:75:B1:51:59:F6,SCKS,-0.25,3.187498,0.03125,-8.96,99.68,440.160004,0.439168,0.635392,-0.261632,706,539,688,3.19743961045459
2024-04-25 14:16:47.899000+00:00,2024-04-25 14:15:30+00:00,2024-04-25 14:17:30+00:00,TABUENCA01-45,Sensoria-C1-EEA1,Right,Gait,1.0.5,40.3878707,-3.629144,CB:AA:BC:3F:36:A5,SCKS,-0.03125,1.070313,0.0,16.799999,-4.48,73.919998,0.084096,0.766208,-0.242944,265,523,561,1.0707691069829202
2024-04-25 14:16:47.916000+00:00,2024-04-25 14:15:30+00:00,2024-04-25 14:17:30+00:00,TABUENCA01-45,Sensoria-C1-EEA1,Right,Gait,1.0.5,40.3878707,-3.629144,CB:AA:BC:3F:36:A5,SCKS,-0.039063,1.140626,0.011719,12.32,-3.36,82.879997,0.09344,0.766208,-0.242944,245,499,599,1.1413548636624806
2024-04-25 14:16:47.924000+00:00,2024-04-25 14:15:30+00:00,2024-04-25 14:17:30+00:00,TABUENCA01-45,Sensoria-C1-E90A,Left,Gait,1.0.5,40.3878707,-3.629144,F0:75:B1:51:59:F6,SCKS,-1.343749,2.906248,-0.3125,-38.080002,112.0,366.23999,0.51392,0.495232,-0.299008,704,538,689,3.2170786534533162
2024-04-25 14:16:47.948000+00:00,2024-04-25 14:15:30+00:00,2024-04-25 14:17:30+00:00,TABUENCA01-45,Sensoria-C1-EEA1,Right,Gait,1.0.5,40.3878707,-3.629144,CB:AA:BC:3F:36:A5,SCKS,-0.128906,1.203126,0.0625,-2.24,-3.36,99.68,0.09344,0.766208,-0.242944,229,475,635,1.2116250157173216
2024-04-25 14:16:47.956000+00:00,2024-04-25 14:15:30+00:00,2024-04-25 14:17:30+00:00,TABUENCA01-45,Sensoria-C1-E90A,Left,Gait,1.0.5,40.3878707,-3.629144,F0:75:B1:51:59:F6,SCKS,-4.312498,1.156249,-0.40625,-8.96,-67.199997,101.919998,0.523264,0.457856,-0.299008,702,540,694,4.483256607925203
2024-04-25 14:16:47.965000+00:00,2024-04-25 14:15:30+00:00,2024-04-25 14:17:30+00:00,TABUENCA01-45,Sensoria-C1-EEA1,Right,Gait,1.0.5,40.3878707,-3.629144,CB:AA:BC:3F:36:A5,SCKS,-0.160156,1.32422,0.199219,-10.08,-12.32,125.440002,0.112128,0.775552,-0.242944,214,455,663,1.3486648073917404
2024-04-25 14:16:47.981000+00:00,2024-04-25 14:15:30+00:00,2024-04-25 14:17:30+00:00,TABUENCA01-45,Sensoria-C1-EEA1,Right,Gait,1.0.5,40.3878707,-3.629144,CB:AA:BC:3F:36:A5,SCKS,-0.214844,1.500001,-0.105469,-21.280001,-28.0,144.479996,0.130816,0.784896,-0.252288,202,440,682,1.5189748695412968
2024-04-25 14:16:47.988000+00:00,2024-04-25 14:15:30+00:00,2024-04-25 14:17:30+00:00,TABUENCA01-45,Sensoria-C1-E90A,Left,Gait,1.0.5,40.3878707,-3.629144,F0:75:B1:51:59:F6,SCKS,0.968749,1.124999,-0.0625,12.32,19.040001,-147.839996,0.523264,0.476544,-0.28032,700,540,695,1.485935269452206
2024-04-25 14:16:47.997000+00:00,2024-04-25 14:15:30+00:00,2024-04-25 14:17:30+00:00,TABUENCA01-45,Sensoria-C1-EEA1,Right,Gait,1.0.5,40.3878707,-3.629144,CB:AA:BC:3F:36:A5,SCKS,-0.160156,1.63672,-0.101563,-28.0,-17.92,164.639999,0.158848,0.79424,-0.252288,194,436,694,1.6476702782125434
2024-04-25 14:16:48.030000+00:00,2024-04-25 14:15:30+00:00,2024-04-25 14:17:30+00:00,TABUENCA01-45,Sensoria-C1-EEA1,Right,Gait,1.0.5,40.3878707,-3.629144,CB:AA:BC:3F:36:A5,SCKS,-0.421875,1.925783,0.066406,-36.959999,5.6,184.800003,0.18688,0.79424,-0.252288,193,443,699,1.972568993863079
2024-04-25 14:16:48.037000+00:00,2024-04-25 14:15:30+00:00,2024-04-25 14:17:30+00:00,TABUENCA01-45,Sensoria-C1-E90A,Left,Gait,1.0.5,40.3878707,-3.629144,F0:75:B1:51:59:F6,SCKS,-0.4375,1.874999,0.1875,84.0,106.400002,-228.479996,0.485888,0.551296,-0.308352,702,544,606,1.9344724733117813
2024-04-25 14:16:48.046000+00:00,2024-04-25 14:15:30+00:00,2024-04-25 14:17:30+00:00,TABUENCA01-45,Sensoria-C1-EEA1,Right,Gait,1.0.5,40.3878707,-3.629144,CB:AA:BC:3F:36:A5,SCKS,-0.871094,1.996095,0.421875,-49.279999,40.32,210.559998,0.18688,0.79424,-0.252288,200,458,701,2.2183729446344227
2024-04-25 14:16:48.062000+00:00,2024-04-25 14:15:30+00:00,2024-04-25 14:17:30+00:00,TABUENCA01-45,Sensoria-C1-EEA1,Right,Gait,1.0.5,40.3878707,-3.629144,CB:AA:BC:3F:36:A5,SCKS,-1.285157,1.996095,0.390625,-68.32,71.68,239.680008,0.224256,0.812928,-0.28032,220,475,701,2.405953377415905
2024-04-25 14:16:48.070000+00:00,2024-04-25 14:15:30+00:00,2024-04-25 14:17:30+00:00,TABUENCA01-45,Sensoria-C1-E90A,Left,Gait,1.0.5,40.3878707,-3.629144,F0:75:B1:51:59:F6,SCKS,-0.125,1.687499,-0.53125,94.080002,-21.280001,-207.199997,0.4672,0.588672,-0.308352,701,549,477,1.7735570014806403
2024-04-25 14:16:48.079000+00:00,2024-04-25 14:15:30+00:00,2024-04-25 14:17:30+00:00,TABUENCA01-45,Sensoria-C1-EEA1,Right,Gait,1.0.5,40.3878707,-3.629144,CB:AA:BC:3F:36:A5,SCKS,-0.449219,1.996095,-0.363282,-25.76,-11.2,285.600006,0.28032,0.803584,-0.28032,260,514,701,2.0780199158116845
2024-04-25 14:16:48.095000+00:00,2024-04-25 14:15:30+00:00,2024-04-25 14:17:30+00:00,TABUENCA01-45,Sensoria-C1-EEA1,Right,Gait,1.0.5,40.3878707,-3.629144,CB:AA:BC:3F:36:A5,SCKS,-0.843751,1.996095,-0.589844,-15.68,-49.279999,314.720001,0.32704,0.803584,-0.270976,313,575,701,2.2459356498711176
2024-04-25 14:16:48.102000+00:00,2024-04-25 14:15:30+00:00,2024-04-25 14:17:30+00:00,TABUENCA01-45,Sensoria-C1-E90A,Left,Gait,1.0.5,40.3878707,-3.629144,F0:75:B1:51:59:F6,SCKS,-0.125,1.031249,-0.125,67.199997,-41.439999,-132.160004,0.42048,0.65408,-0.28032,687,555,366,1.0462908295502737
2024-04-25 14:16:48.127000+00:00,2024-04-25 14:15:30+00:00,2024-04-25 14:17:30+00:00,TABUENCA01-45,Sensoria-C1-EEA1,Right,Gait,1.0.5,40.3878707,-3.629144,CB:AA:BC:3F:36:A5,SCKS,-0.730469,1.398438,-0.585938,7.84,-66.080002,320.320007,0.383104,0.803584,-0.261632,382,634,699,1.683014301676905
2024-04-25 14:16:48.135000+00:00,2024-04-25 14:15:30+00:00,2024-04-25 14:17:30+00:00,TABUENCA01-45,Sensoria-C1-E90A,Left,Gait,1.0.5,40.3878707,-3.629144,F0:75:B1:51:59:F6,SCKS,0.03125,0.968749,-0.1875,28.0,-61.599998,-62.720001,0.411136,0.663424,-0.261632,664,541,337,0.9872220811453722
2024-04-25 14:16:48.143000+00:00,2024-04-25 14:15:30+00:00,2024-04-25 14:17:30+00:00,TABUENCA01-45,Sensoria-C1-EEA1,Right,Gait,1.0.5,40.3878707,-3.629144,CB:AA:BC:3F:36:A5,SCKS,-0.40625,0.527344,-0.609375,23.52,-34.720001,237.440002,0.383104,0.803584,-0.261632,436,672,700,0.9024791673279777
2024-04-25 14:16:48.160000+00:00,2024-04-25 14:15:30+00:00,2024-04-25 14:17:30+00:00,TABUENCA01-45,Sensoria-C1-EEA1,Right,Gait,1.0.5,40.3878707,-3.629144,CB:AA:BC:3F:36:A5,SCKS,0.695313,0.496094,-0.792969,24.639999,91.840004,155.680008,0.42048,0.79424,-0.270976,465,690,698,1.1654909951458226
2024-04-25 14:16:48.167000+00:00,2024-04-25 14:15:30+00:00,2024-04-25 14:17:30+00:00,TABUENCA01-45,Sensoria-C1-E90A,Left,Gait,1.0.5,40.3878707,-3.629144,F0:75:B1:51:59:F6,SCKS,0.125,0.999999,-0.15625,15.68,-39.200001,-32.48,0.401792,0.672768,-0.261632,641,523,328,1.019822073942803
2024-04-25 14:16:48.176000+00:00,2024-04-25 14:15:30+00:00,2024-04-25 14:17:30+00:00,TABUENCA01-45,Sensoria-C1-EEA1,Right,Gait,1.0.5,40.3878707,-3.629144,CB:AA:BC:3F:36:A5,SCKS,-1.308595,0.488282,-0.566407,2.24,184.800003,10.08,0.439168,0.784896,-0.270976,479,702,696,1.507201736728697
2024-04-25 14:16:48.200000+00:00,2024-04-25 14:15:30+00:00,2024-04-25 14:17:30+00:00,TABUENCA01-45,Sensoria-C1-E90A,Left,Gait,1.0.5,40.3878707,-3.629144,F0:75:B1:51:59:F6,SCKS,0.09375,0.968749,-0.09375,2.24,-35.84,-29.120001,0.401792,0.682112,-0.270976,621,502,337,0.9777794996833387
2024-04-25 14:16:48.208000+00:00,2024-04-25 14:15:30+00:00,2024-04-25 14:17:30+00:00,TABUENCA01-45,Sensoria-C1-EEA1,Right,Gait,1.0.5,40.3878707,-3.629144,CB:AA:BC:3F:36:A5,SCKS,-1.281251,0.152344,-0.125,-35.84,140.0,-61.599998,0.439168,0.79424,-0.28032,485,707,695,1.296317021155319
2024-04-25 14:16:48.225000+00:00,2024-04-25 14:15:30+00:00,2024-04-25 14:17:30+00:00,TABUENCA01-45,Sensoria-C1-EEA1,Right,Gait,1.0.5,40.3878707,-3.629144,CB:AA:BC:3F:36:A5,SCKS,-0.621094,-0.152344,0.054688,-17.92,63.84,-86.239998,0.42048,0.803584,-0.299008,489,712,693,0.641838942816654
2024-04-25 14:16:48.232000+00:00,2024-04-25 14:15:30+00:00,2024-04-25 14:17:30+00:00,TABUENCA01-45,Sensoria-C1-E90A,Left,Gait,1.0.5,40.3878707,-3.629144,F0:75:B1:51:59:F6,SCKS,0.15625,0.968749,-0.21875,0.0,-33.599998,-26.880001,0.392448,0.682112,-0.252288,601,484,368,1.005355782795822
2024-04-25 14:16:48.241000+00:00,2024-04-25 14:15:30+00:00,2024-04-25 14:17:30+00:00,TABUENCA01-45,Sensoria-C1-EEA1,Right,Gait,1.0.5,40.3878707,-3.629144,CB:AA:BC:3F:36:A5,SCKS,-0.394532,-0.09375,-0.046875,26.880001,16.799999,-135.520004,0.383104,0.803584,-0.289664,490,713,691,0.4082178672584041
2024-04-25 14:16:48.257000+00:00,2024-04-25 14:15:30+00:00,2024-04-25 14:17:30+00:00,TABUENCA01-45,Sensoria-C1-EEA1,Right,Gait,1.0.5,40.3878707,-3.629144,CB:AA:BC:3F:36:A5,SCKS,-0.53125,0.152344,-0.148438,41.439999,2.24,-190.399994,0.383104,0.803584,-0.289664,490,713,692,0.5722491561199544
2024-04-25 14:16:48.264000+00:00,2024-04-25 14:15:30+00:00,2024-04-25 14:17:30+00:00,TABUENCA01-45,Sensoria-C1-E90A,Left,Gait,1.0.5,40.3878707,-3.629144,F0:75:B1:51:59:F6,SCKS,0.09375,0.9375,-0.28125,-4.48,-43.68,-29.120001,0.383104,0.691456,-0.242944,583,470,412,0.9832582951595171
2024-04-25 14:16:48.289000+00:00,2024-04-25 14:15:30+00:00,2024-04-25 14:17:30+00:00,TABUENCA01-45,Sensoria-C1-EEA1,Right,Gait,1.0.5,40.3878707,-3.629144,CB:AA:BC:3F:36:A5,SCKS,-0.527344,0.398438,-0.089844,33.599998,-32.48,-256.480011,0.345728,0.812928,-0.289664,491,711,691,0.6670205982696487
2024-04-25 14:16:48.297000+00:00,2024-04-25 14:15:30+00:00,2024-04-25 14:17:30+00:00,TABUENCA01-45,Sensoria-C1-E90A,Left,Gait,1.0.5,40.3878707,-3.629144,F0:75:B1:51:59:F6,SCKS,0.0625,0.9375,-0.1875,-3.36,-48.16,-23.52,0.37376,0.7008,-0.224256,564,453,461,0.9581068572972432
2024-04-25 14:16:48.305000+00:00,2024-04-25 14:15:30+00:00,2024-04-25 14:17:30+00:00,TABUENCA01-45,Sensoria-C1-EEA1,Right,Gait,1.0.5,40.3878707,-3.629144,CB:AA:BC:3F:36:A5,SCKS,-0.472657,0.554688,-0.070313,41.439999,-59.360001,-294.559998,0.299008,0.812928,-0.270976,489,711,690,0.7321388768273406
2024-04-25 14:16:48.322000+00:00,2024-04-25 14:15:30+00:00,2024-04-25 14:17:30+00:00,TABUENCA01-45,Sensoria-C1-EEA1,Right,Gait,1.0.5,40.3878707,-3.629144,CB:AA:BC:3F:36:A5,SCKS,-0.46875,0.804688,-0.078125,45.920002,-73.919998,-325.920013,0.2336,0.812928,-0.270976,489,709,689,0.9345334961728231
2024-04-25 14:16:48.329000+00:00,2024-04-25 14:15:30+00:00,2024-04-25 14:17:30+00:00,TABUENCA01-45,Sensoria-C1-E90A,Left,Gait,1.0.5,40.3878707,-3.629144,F0:75:B1:51:59:F6,SCKS,0.0625,0.9375,-0.25,-2.24,-48.16,-21.280001,0.364416,0.691456,-0.224256,547,437,507,0.9722718241315028
2024-04-25 14:16:48.338000+00:00,2024-04-25 14:15:30+00:00,2024-04-25 14:17:30+00:00,TABUENCA01-45,Sensoria-C1-EEA1,Right,Gait,1.0.5,40.3878707,-3.629144,CB:AA:BC:3F:36:A5,SCKS,-0.421875,1.13672,-0.113281,41.439999,-78.400002,-356.160004,0.177536,0.79424,-0.261632,490,708,688,1.217761659351287
2024-04-25 14:16:48.346000+00:00,2024-04-25 14:15:30+00:00,2024-04-25 14:17:30+00:00,TABUENCA01-45,Sensoria-C1-E90A,Left,Gait,1.0.5,40.3878707,-3.629144,F0:75:B1:51:59:F6,SCKS,0.0625,0.9375,-0.25,-2.24,-48.16,-21.280001,0.364416,0.7008,-0.2336,532,420,547,0.9722718241315028
2024-04-25 14:16:48.354000+00:00,2024-04-25 14:15:30+00:00,2024-04-25 14:17:30+00:00,TABUENCA01-45,Sensoria-C1-EEA1,Right,Gait,1.0.5,40.3878707,-3.629144,CB:AA:BC:3F:36:A5,SCKS,-0.417969,1.484376,-0.125,26.880001,-64.959999,-380.799988,0.112128,0.766208,-0.270976,488,708,689,1.547157133046608
2024-04-25 14:16:48.378000+00:00,2024-04-25 14:15:30+00:00,2024-04-25 14:17:30+00:00,TABUENCA01-45,Sensoria-C1-E90A,Left,Gait,1.0.5,40.3878707,-3.629144,F0:75:B1:51:59:F6,SCKS,0.0625,0.9375,-0.1875,0.0,-50.400002,-24.639999,0.355072,0.7008,-0.224256,514,401,579,0.9581068572972432
2024-04-25 14:16:48.387000+00:00,2024-04-25 14:15:30+00:00,2024-04-25 14:17:30+00:00,TABUENCA01-45,Sensoria-C1-EEA1,Right,Gait,1.0.5,40.3878707,-3.629144,CB:AA:BC:3F:36:A5,SCKS,-0.410157,1.964845,-0.023438,10.08,-15.68,-392.0,0.112128,0.766208,-0.270976,489,708,689,2.0073350439122013
2024-04-25 14:16:48.403000+00:00,2024-04-25 14:15:30+00:00,2024-04-25 14:17:30+00:00,TABUENCA01-45,Sensoria-C1-EEA1,Right,Gait,1.0.5,40.3878707,-3.629144,CB:AA:BC:3F:36:A5,SCKS,0.046875,1.996095,-0.15625,50.400002,-51.52,-399.839996,0.04672,0.738176,-0.270976,489,706,687,2.002749754000734
2024-04-25 14:16:48.411000+00:00,2024-04-25 14:15:30+00:00,2024-04-25 14:17:30+00:00,TABUENCA01-45,Sensoria-C1-E90A,Left,Gait,1.0.5,40.3878707,-3.629144,F0:75:B1:51:59:F6,SCKS,0.03125,0.90625,-0.1875,4.48,-45.920002,-32.48,0.345728,0.719488,-0.214912,491,380,605,0.9259707743768159
2024-04-25 14:16:48.419000+00:00,2024-04-25 14:15:30+00:00,2024-04-25 14:17:30+00:00,TABUENCA01-45,Sensoria-C1-EEA1,Right,Gait,1.0.5,40.3878707,-3.629144,CB:AA:BC:3F:36:A5,SCKS,0.6875,1.996095,-0.011719,57.119999,-51.52,-413.279999,-0.009344,0.691456,-0.270976,488,705,689,2.1112055404403427
2024-04-25 14:16:48.436000+00:00,2024-04-25 14:15:30+00:00,2024-04-25 14:17:30+00:00,TABUENCA01-45,Sensoria-C1-EEA1,Right,Gait,1.0.5,40.3878707,-3.629144,CB:AA:BC:3F:36:A5,SCKS,1.339845,1.996095,-0.214844,28.0,-14.56,-405.440002,-0.056064,0.626048,-0.28032,487,707,689,2.4136565243186525
2024-04-25 14:16:48.443000+00:00,2024-04-25 14:15:30+00:00,2024-04-25 14:17:30+00:00,TABUENCA01-45,Sensoria-C1-E90A,Left,Gait,1.0.5,40.3878707,-3.629144,F0:75:B1:51:59:F6,SCKS,0.03125,1.062499,-0.15625,2.24,-34.720001,-53.760002,0.336384,0.719488,-0.205568,453,340,644,1.0743811009139168
2024-04-25 14:16:48.468000+00:00,2024-04-25 14:15:30+00:00,2024-04-25 14:17:30+00:00,TABUENCA01-45,Sensoria-C1-EEA1,Right,Gait,1.0.5,40.3878707,-3.629144,CB:AA:BC:3F:36:A5,SCKS,1.996095,1.996095,-0.4375,42.560001,12.32,-314.720001,-0.084096,0.569984,-0.261632,487,707,689,2.856605809006556
2024-04-25 14:16:48.476000+00:00,2024-04-25 14:15:30+00:00,2024-04-25 14:17:30+00:00,TABUENCA01-45,Sensoria-C1-E90A,Left,Gait,1.0.5,40.3878707,-3.629144,F0:75:B1:51:59:F6,SCKS,0.09375,1.156249,-0.125,0.0,-35.84,-73.919998,0.308352,0.738176,-0.205568,426,310,665,1.1667586779197316
2024-04-25 14:16:48.484000+00:00,2024-04-25 14:15:30+00:00,2024-04-25 14:17:30+00:00,TABUENCA01-45,Sensoria-C1-EEA1,Right,Gait,1.0.5,40.3878707,-3.629144,CB:AA:BC:3F:36:A5,SCKS,1.996095,1.617189,0.144531,52.639999,68.32,-176.960007,-0.084096,0.569984,-0.261632,486,707,692,2.5730496926229387
2024-04-25 14:16:48.501000+00:00,2024-04-25 14:15:30+00:00,2024-04-25 14:17:30+00:00,TABUENCA01-45,Sensoria-C1-EEA1,Right,Gait,1.0.5,40.3878707,-3.629144,CB:AA:BC:3F:36:A5,SCKS,1.996095,1.890626,0.722657,41.439999,91.840004,-50.400002,-0.09344,0.541952,-0.252288,485,708,696,2.842726694663066
2024-04-25 14:16:48.508000+00:00,2024-04-25 14:15:30+00:00,2024-04-25 14:17:30+00:00,TABUENCA01-45,Sensoria-C1-E90A,Left,Gait,1.0.5,40.3878707,-3.629144,F0:75:B1:51:59:F6,SCKS,0.0625,1.218749,-0.03125,2.24,-26.880001,-106.400002,0.299008,0.74752,-0.205568,400,289,683,1.2207505631786537
2024-04-25 14:16:48.517000+00:00,2024-04-25 14:15:30+00:00,2024-04-25 14:17:30+00:00,TABUENCA01-45,Sensoria-C1-EEA1,Right,Gait,1.0.5,40.3878707,-3.629144,CB:AA:BC:3F:36:A5,SCKS,1.996095,1.914064,1.062501,4.48,-7.84,113.120003,-0.09344,0.532608,-0.242944,484,708,701,2.962590862762187
2024-04-25 14:16:48.541000+00:00,2024-04-25 14:15:30+00:00,2024-04-25 14:17:30+00:00,TABUENCA01-45,Sensoria-C1-E90A,Left,Gait,1.0.5,40.3878707,-3.629144,F0:75:B1:51:59:F6,SCKS,0.21875,1.406249,-0.375,12.32,-15.68,-136.639999,0.270976,0.756864,-0.205568,382,279,693,1.4717380244122933
2024-04-25 14:16:48.550000+00:00,2024-04-25 14:15:30+00:00,2024-04-25 14:17:30+00:00,TABUENCA01-45,Sensoria-C1-EEA1,Right,Gait,1.0.5,40.3878707,-3.629144,CB:AA:BC:3F:36:A5,SCKS,-2.000001,0.867188,-0.132813,24.639999,-153.440002,144.479996,-0.084096,0.56064,-0.242944,487,708,693,2.183954743192725
2024-04-25 14:16:48.566000+00:00,2024-04-25 14:15:30+00:00,2024-04-25 14:17:30+00:00,TABUENCA01-45,Sensoria-C1-EEA1,Right,Gait,1.0.5,40.3878707,-3.629144,CB:AA:BC:3F:36:A5,SCKS,-2.000001,0.648438,1.76172,56.0,-218.399994,96.32,-0.09344,0.579328,-0.28032,494,709,663,2.7430153477961072
2024-04-25 14:16:48.573000+00:00,2024-04-25 14:15:30+00:00,2024-04-25 14:17:30+00:00,TABUENCA01-45,Sensoria-C1-E90A,Left,Gait,1.0.5,40.3878707,-3.629144,F0:75:B1:51:59:F6,SCKS,0.34375,1.781249,-0.09375,10.08,-22.4,-166.880005,0.252288,0.775552,-0.196224,387,304,696,1.8165354730918415
2024-04-25 14:16:48.582000+00:00,2024-04-25 14:15:30+00:00,2024-04-25 14:17:30+00:00,TABUENCA01-45,Sensoria-C1-EEA1,Right,Gait,1.0.5,40.3878707,-3.629144,CB:AA:BC:3F:36:A5,SCKS,0.914063,1.871095,0.371094,84.0,-281.119995,280.0,-0.065408,0.616704,-0.32704,502,714,609,2.115234838931602
2024-04-25 14:16:48.599000+00:00,2024-04-25 14:15:30+00:00,2024-04-25 14:17:30+00:00,TABUENCA01-45,Sensoria-C1-EEA1,Right,Gait,1.0.5,40.3878707,-3.629144,CB:AA:BC:3F:36:A5,SCKS,0.812501,1.867189,0.203125,57.119999,-41.439999,241.919998,-0.065408,0.616704,-0.32704,508,718,525,2.0464145235868028
2024-04-25 14:16:48.606000+00:00,2024-04-25 14:15:30+00:00,2024-04-25 14:17:30+00:00,TABUENCA01-45,Sensoria-C1-E90A,Left,Gait,1.0.5,40.3878707,-3.629144,F0:75:B1:51:59:F6,SCKS,0.968749,2.437499,-0.03125,-7.84,-38.080002,-204.960007,0.214912,0.784896,-0.205568,447,364,697,2.6231379228896827
2024-04-25 14:16:48.615000+00:00,2024-04-25 14:15:30+00:00,2024-04-25 14:17:30+00:00,TABUENCA01-45,Sensoria-C1-EEA1,Right,Gait,1.0.5,40.3878707,-3.629144,CB:AA:BC:3F:36:A5,SCKS,0.128906,1.246095,-0.570313,64.959999,51.52,216.160004,-0.04672,0.65408,-0.299008,508,716,444,1.3764542941303934
2024-04-25 14:16:48.638000+00:00,2024-04-25 14:15:30+00:00,2024-04-25 14:17:30+00:00,TABUENCA01-45,Sensoria-C1-E90A,Left,Gait,1.0.5,40.3878707,-3.629144,F0:75:B1:51:59:F6,SCKS,0.65625,2.187499,-0.15625,-39.200001,-79.519997,-226.240005,0.130816,0.812928,-0.214912,511,421,693,2.2891548658841323
2024-04-25 14:16:48.648000+00:00,2024-04-25 14:15:30+00:00,2024-04-25 14:17:30+00:00,TABUENCA01-45,Sensoria-C1-EEA1,Right,Gait,1.0.5,40.3878707,-3.629144,CB:AA:BC:3F:36:A5,SCKS,0.65625,1.562501,-0.390625,31.360001,-31.360001,187.039993,-0.028032,0.682112,-0.289664,501,720,390,1.739155349049072
2024-04-25 14:16:48.663000+00:00,2024-04-25 14:15:30+00:00,2024-04-25 14:17:30+00:00,TABUENCA01-45,Sensoria-C1-EEA1,Right,Gait,1.0.5,40.3878707,-3.629144,CB:AA:BC:3F:36:A5,SCKS,0.226563,0.800782,0.253906,-16.799999,50.400002,151.199997,-0.009344,0.7008,-0.299008,486,722,355,0.8700866975934065
2024-04-25 14:16:48.671000+00:00,2024-04-25 14:15:30+00:00,2024-04-25 14:17:30+00:00,TABUENCA01-45,Sensoria-C1-E90A,Left,Gait,1.0.5,40.3878707,-3.629144,F0:75:B1:51:59:F6,SCKS,0.968749,2.343749,-1.062499,-7.84,-86.239998,-266.559998,0.074752,0.803584,-0.205568,583,484,697,2.7496432723178836
2024-04-25 14:16:48.680000+00:00,2024-04-25 14:15:30+00:00,2024-04-25 14:17:30+00:00,TABUENCA01-45,Sensoria-C1-EEA1,Right,Gait,1.0.5,40.3878707,-3.629144,CB:AA:BC:3F:36:A5,SCKS,-0.214844,0.968751,-0.128906,-4.48,49.279999,109.760002,0.009344,0.719488,-0.28032,471,715,338,1.0006264043952668
2024-04-25 14:16:48.687000+00:00,2024-04-25 14:15:30+00:00,2024-04-25 14:17:30+00:00,TABUENCA01-45,Sensoria-C1-E90A,Left,Gait,1.0.5,40.3878707,-3.629144,F0:75:B1:51:59:F6,SCKS,0.90625,0.90625,-0.4375,31.360001,35.84,-240.800003,0.028032,0.803584,-0.205568,647,531,699,1.3542467925012782
2024-04-25 14:16:48.696000+00:00,2024-04-25 14:15:30+00:00,2024-04-25 14:17:30+00:00,TABUENCA01-45,Sensoria-C1-EEA1,Right,Gait,1.0.5,40.3878707,-3.629144,CB:AA:BC:3F:36:A5,SCKS,-0.015625,0.960938,0.09375,0.0,7.84,86.239998,0.009344,0.719488,-0.28032,455,703,331,0.9656267617299139
2024-04-25 14:16:48.720000+00:00,2024-04-25 14:15:30+00:00,2024-04-25 14:17:30+00:00,TABUENCA01-45,Sensoria-C1-E90A,Left,Gait,1.0.5,40.3878707,-3.629144,F0:75:B1:51:59:F6,SCKS,-0.968749,0.34375,-0.5,6.72,-67.199997,-120.959999,-0.009344,0.803584,-0.205568,681,544,697,1.1430829748977107
2024-04-25 14:16:48.728000+00:00,2024-04-25 14:15:30+00:00,2024-04-25 14:17:30+00:00,TABUENCA01-45,Sensoria-C1-EEA1,Right,Gait,1.0.5,40.3878707,-3.629144,CB:AA:BC:3F:36:A5,SCKS,-0.042969,1.000001,0.027344,17.92,-12.32,67.199997,0.018688,0.728832,-0.289664,438,684,330,1.0012971733196894
2024-04-25 14:16:48.746000+00:00,2024-04-25 14:15:30+00:00,2024-04-25 14:17:30+00:00,TABUENCA01-45,Sensoria-C1-EEA1,Right,Gait,1.0.5,40.3878707,-3.629144,CB:AA:BC:3F:36:A5,SCKS,0.019531,0.984376,0.007813,14.56,0.0,54.880001,0.018688,0.728832,-0.28032,421,662,336,0.984600737510388
2024-04-25 14:16:48.752000+00:00,2024-04-25 14:15:30+00:00,2024-04-25 14:17:30+00:00,TABUENCA01-45,Sensoria-C1-E90A,Left,Gait,1.0.5,40.3878707,-3.629144,F0:75:B1:51:59:F6,SCKS,1.374999,0.09375,-0.15625,-2.24,-168.0,94.080002,-0.018688,0.803584,-0.214912,695,548,697,1.3870203224902655
2024-04-25 14:16:48.762000+00:00,2024-04-25 14:15:30+00:00,2024-04-25 14:17:30+00:00,TABUENCA01-45,Sensoria-C1-EEA1,Right,Gait,1.0.5,40.3878707,-3.629144,CB:AA:BC:3F:36:A5,SCKS,-0.136719,1.023438,-0.039063,13.440001,0.0,43.68,0.028032,0.728832,-0.28032,405,646,345,1.0332682820903776
2024-04-25 14:16:48.777000+00:00,2024-04-25 14:15:30+00:00,2024-04-25 14:17:30+00:00,TABUENCA01-45,Sensoria-C1-EEA1,Right,Gait,1.0.5,40.3878707,-3.629144,CB:AA:BC:3F:36:A5,SCKS,-0.058594,1.007813,-0.148438,8.96,7.84,45.920002,0.028032,0.738176,-0.28032,392,630,361,1.0203696093323245
2024-04-25 14:16:48.785000+00:00,2024-04-25 14:15:30+00:00,2024-04-25 14:17:30+00:00,TABUENCA01-45,Sensoria-C1-E90A,Left,Gait,1.0.5,40.3878707,-3.629144,F0:75:B1:51:59:F6,SCKS,0.1875,0.0,0.03125,-21.280001,34.720001,182.559998,0.018688,0.812928,-0.224256,702,546,692,0.19008632907181935
2024-04-25 14:16:48.810000+00:00,2024-04-25 14:15:30+00:00,2024-04-25 14:17:30+00:00,TABUENCA01-45,Sensoria-C1-EEA1,Right,Gait,1.0.5,40.3878707,-3.629144,CB:AA:BC:3F:36:A5,SCKS,-0.054688,0.960938,-0.109375,-2.24,15.68,44.799999,0.028032,0.738176,-0.28032,380,617,380,0.9686875181465899
2024-04-25 14:16:48.817000+00:00,2024-04-25 14:15:30+00:00,2024-04-25 14:17:30+00:00,TABUENCA01-45,Sensoria-C1-E90A,Left,Gait,1.0.5,40.3878707,-3.629144,F0:75:B1:51:59:F6,SCKS,0.4375,0.3125,-0.21875,2.24,29.120001,264.320007,0.056064,0.812928,-0.224256,704,544,692,0.5804429881564597
2024-04-25 14:16:48.826000+00:00,2024-04-25 14:15:30+00:00,2024-04-25 14:17:30+00:00,TABUENCA01-45,Sensoria-C1-EEA1,Right,Gait,1.0.5,40.3878707,-3.629144,CB:AA:BC:3F:36:A5,SCKS,-0.011719,0.980469,-0.082031,-7.84,25.76,44.799999,0.04672,0.738176,-0.270976,366,608,406,0.98396436921415
2024-04-25 14:16:48.850000+00:00,2024-04-25 14:15:30+00:00,2024-04-25 14:17:30+00:00,TABUENCA01-45,Sensoria-C1-E90A,Left,Gait,1.0.5,40.3878707,-3.629144,F0:75:B1:51:59:F6,SCKS,0.5,0.6875,-0.15625,-10.08,39.200001,309.119995,0.168192,0.79424,-0.224256,704,541,691,0.8643322928712082
2024-04-25 14:16:48.874000+00:00,2024-04-25 14:15:30+00:00,2024-04-25 14:17:30+00:00,TABUENCA01-45,Sensoria-C1-EEA1,Right,Gait,1.0.5,40.3878707,-3.629144,CB:AA:BC:3F:36:A5,SCKS,-0.023438,0.976563,-0.089844,-7.84,38.080002,45.920002,0.056064,0.74752,-0.270976,344,583,455,0.9809671641543359
2024-04-25 14:16:48.876000+00:00,2024-04-25 14:15:30+00:00,2024-04-25 14:17:30+00:00,TABUENCA01-45,Sensoria-C1-EEA1,Right,Gait,1.0.5,40.3878707,-3.629144,CB:AA:BC:3F:36:A5,SCKS,-0.007813,0.988282,-0.089844,-2.24,30.24,44.799999,0.056064,0.74752,-0.270976,330,570,482,0.9923881795089057
2024-04-25 14:16:48.882000+00:00,2024-04-25 14:15:30+00:00,2024-04-25 14:17:30+00:00,TABUENCA01-45,Sensoria-C1-E90A,Left,Gait,1.0.5,40.3878707,-3.629144,F0:75:B1:51:59:F6,SCKS,0.28125,0.9375,-0.125,-7.84,64.959999,349.440002,0.224256,0.775552,-0.224256,704,541,690,0.986728337740434
2024-04-25 14:16:48.907000+00:00,2024-04-25 14:15:30+00:00,2024-04-25 14:17:30+00:00,TABUENCA01-45,Sensoria-C1-EEA1,Right,Gait,1.0.5,40.3878707,-3.629144,CB:AA:BC:3F:36:A5,SCKS,-0.035156,0.980469,-0.082031,1.12,22.4,47.040001,0.056064,0.74752,-0.270976,318,555,508,0.9845224676247872
2024-04-25 14:16:48.914000+00:00,2024-04-25 14:15:30+00:00,2024-04-25 14:17:30+00:00,TABUENCA01-45,Sensoria-C1-E90A,Left,Gait,1.0.5,40.3878707,-3.629144,F0:75:B1:51:59:F6,SCKS,0.46875,1.499999,-0.1875,-15.68,44.799999,395.360016,0.299008,0.74752,-0.242944,702,541,689,1.5826812100044028
2024-04-25 14:16:48.923000+00:00,2024-04-25 14:15:30+00:00,2024-04-25 14:17:30+00:00,TABUENCA01-45,Sensoria-C1-EEA1,Right,Gait,1.0.5,40.3878707,-3.629144,CB:AA:BC:3F:36:A5,SCKS,0.007813,1.003907,-0.050781,2.24,17.92,50.400002,0.065408,0.74752,-0.261632,305,539,533,1.0052208799955362
2024-04-25 14:16:48.940000+00:00,2024-04-25 14:15:30+00:00,2024-04-25 14:17:30+00:00,TABUENCA01-45,Sensoria-C1-EEA1,Right,Gait,1.0.5,40.3878707,-3.629144,CB:AA:BC:3F:36:A5,SCKS,-0.035156,0.988282,0.019531,3.36,14.56,52.639999,0.074752,0.756864,-0.252288,290,521,560,0.989099952391567
2024-04-25 14:16:48.948000+00:00,2024-04-25 14:15:30+00:00,2024-04-25 14:17:30+00:00,TABUENCA01-45,Sensoria-C1-E90A,Left,Gait,1.0.5,40.3878707,-3.629144,F0:75:B1:51:59:F6,SCKS,0.4375,2.281249,-0.125,-19.040001,44.799999,424.480011,0.364416,0.7008,-0.242944,701,539,687,2.32618319356
2024-04-25 14:16:48.956000+00:00,2024-04-25 14:15:30+00:00,2024-04-25 14:17:30+00:00,TABUENCA01-45,Sensoria-C1-EEA1,Right,Gait,1.0.5,40.3878707,-3.629144,CB:AA:BC:3F:36:A5,SCKS,-0.007813,0.984376,0.003906,2.24,11.2,59.360001,0.084096,0.756864,-0.261632,273,500,588,0.9844147546542565
2024-04-25 14:16:48.980000+00:00,2024-04-25 14:15:30+00:00,2024-04-25 14:17:30+00:00,TABUENCA01-45,Sensoria-C1-E90A,Left,Gait,1.0.5,40.3878707,-3.629144,F0:75:B1:51:59:F6,SCKS,0.125,2.968748,-0.25,3.36,105.279999,437.920013,0.429824,0.644736,-0.242944,702,538,687,2.981876873297085
2024-04-25 14:16:48.988000+00:00,2024-04-25 14:15:30+00:00,2024-04-25 14:17:30+00:00,TABUENCA01-45,Sensoria-C1-EEA1,Right,Gait,1.0.5,40.3878707,-3.629144,CB:AA:BC:3F:36:A5,SCKS,-0.003906,1.074219,0.0,0.0,7.84,67.199997,0.09344,0.766208,-0.252288,258,481,619,1.0742261013385404
2024-04-25 14:16:49.004000+00:00,2024-04-25 14:15:30+00:00,2024-04-25 14:17:30+00:00,TABUENCA01-45,Sensoria-C1-EEA1,Right,Gait,1.0.5,40.3878707,-3.629144,CB:AA:BC:3F:36:A5,SCKS,0.003906,1.050782,0.070313,-6.72,1.12,77.279999,0.102784,0.775552,-0.261632,243,461,644,1.0531391106254673
2024-04-25 14:16:49.020000+00:00,2024-04-25 14:15:30+00:00,2024-04-25 14:17:30+00:00,TABUENCA01-45,Sensoria-C1-EEA1,Right,Gait,1.0.5,40.3878707,-3.629144,CB:AA:BC:3F:36:A5,SCKS,-0.082031,1.210938,0.0625,-10.08,-7.84,89.599998,0.102784,0.775552,-0.261632,229,443,668,1.2153214285961553
2024-04-25 14:16:49.028000+00:00,2024-04-25 14:15:30+00:00,2024-04-25 14:17:30+00:00,TABUENCA01-45,Sensoria-C1-E90A,Left,Gait,1.0.5,40.3878707,-3.629144,F0:75:B1:51:59:F6,SCKS,-3.812498,1.343749,-0.625,2.24,4.48,196.0,0.523264,0.476544,-0.308352,698,538,693,4.090406749334961
2024-04-25 14:16:49.053000+00:00,2024-04-25 14:15:30+00:00,2024-04-25 14:17:30+00:00,TABUENCA01-45,Sensoria-C1-EEA1,Right,Gait,1.0.5,40.3878707,-3.629144,CB:AA:BC:3F:36:A5,SCKS,-0.097656,1.253907,0.054688,-13.440001,-16.799999,110.879997,0.112128,0.775552,-0.261632,218,428,684,1.2588924641640367
2024-04-25 14:16:49.054000+00:00,2024-04-25 14:15:30+00:00,2024-04-25 14:17:30+00:00,TABUENCA01-45,Sensoria-C1-EEA1,Right,Gait,1.0.5,40.3878707,-3.629144,CB:AA:BC:3F:36:A5,SCKS,-0.113281,1.343751,0.0625,-16.799999,-26.880001,129.919998,0.130816,0.784896,-0.252288,208,419,696,1.3499650310145073
2024-04-25 14:16:49.061000+00:00,2024-04-25 14:15:30+00:00,2024-04-25 14:17:30+00:00,TABUENCA01-45,Sensoria-C1-E90A,Left,Gait,1.0.5,40.3878707,-3.629144,F0:75:B1:51:59:F6,SCKS,-3.187498,1.781249,-0.34375,16.799999,-63.84,-35.84,0.523264,0.457856,-0.28032,695,540,699,3.66758170495287
2024-04-25 14:16:49.086000+00:00,2024-04-25 14:15:30+00:00,2024-04-25 14:17:30+00:00,TABUENCA01-45,Sensoria-C1-EEA1,Right,Gait,1.0.5,40.3878707,-3.629144,CB:AA:BC:3F:36:A5,SCKS,-0.125,1.472657,-0.191406,-23.52,-28.0,148.960007,0.158848,0.79424,-0.261632,201,415,705,1.4902952380266805
2024-04-25 14:16:49.093000+00:00,2024-04-25 14:15:30+00:00,2024-04-25 14:17:30+00:00,TABUENCA01-45,Sensoria-C1-E90A,Left,Gait,1.0.5,40.3878707,-3.629144,F0:75:B1:51:59:F6,SCKS,4.499998,1.218749,0.46875,26.880001,32.48,-131.039993,0.523264,0.476544,-0.289664,695,537,680,4.685622443977427
2024-04-25 14:16:49.103000+00:00,2024-04-25 14:15:30+00:00,2024-04-25 14:17:30+00:00,TABUENCA01-45,Sensoria-C1-EEA1,Right,Gait,1.0.5,40.3878707,-3.629144,CB:AA:BC:3F:36:A5,SCKS,-0.242188,1.687501,-0.019531,-29.120001,-6.72,168.0,0.18688,0.79424,-0.261632,199,423,708,1.7049035492678168
2024-04-25 14:16:49.118000+00:00,2024-04-25 14:15:30+00:00,2024-04-25 14:17:30+00:00,TABUENCA01-45,Sensoria-C1-EEA1,Right,Gait,1.0.5,40.3878707,-3.629144,CB:AA:BC:3F:36:A5,SCKS,-0.535157,1.94922,0.210938,-40.32,22.4,188.160004,0.18688,0.79424,-0.261632,202,439,708,2.0323253831247103
2024-04-25 14:16:49.126000+00:00,2024-04-25 14:15:30+00:00,2024-04-25 14:17:30+00:00,TABUENCA01-45,Sensoria-C1-E90A,Left,Gait,1.0.5,40.3878707,-3.629144,F0:75:B1:51:59:F6,SCKS,-1.312499,1.843749,0.4375,70.559998,187.039993,-256.480011,0.485888,0.56064,-0.317696,700,544,611,2.3050965814911097
2024-04-25 14:16:49.134000+00:00,2024-04-25 14:15:30+00:00,2024-04-25 14:17:30+00:00,TABUENCA01-45,Sensoria-C1-EEA1,Right,Gait,1.0.5,40.3878707,-3.629144,CB:AA:BC:3F:36:A5,SCKS,-1.101563,1.996095,0.496094,-57.119999,67.199997,213.919998,0.224256,0.803584,-0.270976,210,457,708,2.3332264246810683
2024-04-25 14:16:49.159000+00:00,2024-04-25 14:15:30+00:00,2024-04-25 14:17:30+00:00,TABUENCA01-45,Sensoria-C1-E90A,Left,Gait,1.0.5,40.3878707,-3.629144,F0:75:B1:51:59:F6,SCKS,-0.8125,1.812499,-1.093749,124.32,25.76,-204.960007,0.4672,0.598016,-0.32704,700,548,469,2.2675087100167888
2024-04-25 14:16:49.168000+00:00,2024-04-25 14:15:30+00:00,2024-04-25 14:17:30+00:00,TABUENCA01-45,Sensoria-C1-EEA1,Right,Gait,1.0.5,40.3878707,-3.629144,CB:AA:BC:3F:36:A5,SCKS,-0.394532,1.996095,-0.117188,-49.279999,49.279999,252.0,0.261632,0.803584,-0.28032,234,490,706,2.038083358303335
2024-04-25 14:16:49.184000+00:00,2024-04-25 14:15:30+00:00,2024-04-25 14:17:30+00:00,TABUENCA01-45,Sensoria-C1-EEA1,Right,Gait,1.0.5,40.3878707,-3.629144,CB:AA:BC:3F:36:A5,SCKS,-0.851563,1.996095,-0.574219,-13.440001,-7.84,296.799988,0.317696,0.803584,-0.289664,281,546,703,2.244834571177796
2024-04-25 14:16:49.191000+00:00,2024-04-25 14:15:30+00:00,2024-04-25 14:17:30+00:00,TABUENCA01-45,Sensoria-C1-E90A,Left,Gait,1.0.5,40.3878707,-3.629144,F0:75:B1:51:59:F6,SCKS,-0.09375,0.84375,-0.1875,81.760002,-79.519997,-197.119995,0.439168,0.626048,-0.308352,690,553,378,0.8694017339527222
2024-04-25 14:16:49.200000+00:00,2024-04-25 14:15:30+00:00,2024-04-25 14:17:30+00:00,TABUENCA01-45,Sensoria-C1-EEA1,Right,Gait,1.0.5,40.3878707,-3.629144,CB:AA:BC:3F:36:A5,SCKS,-0.628907,1.996095,-0.6875,4.48,-72.800003,336.0,0.37376,0.812928,-0.28032,344,608,702,2.2028562172039283
2024-04-25 14:16:49.216000+00:00,2024-04-25 14:15:30+00:00,2024-04-25 14:17:30+00:00,TABUENCA01-45,Sensoria-C1-EEA1,Right,Gait,1.0.5,40.3878707,-3.629144,CB:AA:BC:3F:36:A5,SCKS,-0.316406,0.667969,-0.609375,30.24,-48.16,301.279999,0.37376,0.812928,-0.28032,409,657,702,0.957931747266996
2024-04-25 14:16:49.224000+00:00,2024-04-25 14:15:30+00:00,2024-04-25 14:17:30+00:00,TABUENCA01-45,Sensoria-C1-E90A,Left,Gait,1.0.5,40.3878707,-3.629144,F0:75:B1:51:59:F6,SCKS,0.0625,0.90625,-0.28125,53.760002,-63.84,-106.400002,0.42048,0.663424,-0.28032,660,537,346,0.9509452534189337
2024-04-25 14:16:49.249000+00:00,2024-04-25 14:15:30+00:00,2024-04-25 14:17:30+00:00,TABUENCA01-45,Sensoria-C1-EEA1,Right,Gait,1.0.5,40.3878707,-3.629144,CB:AA:BC:3F:36:A5,SCKS,0.003906,0.148438,-0.746094,24.639999,47.040001,193.759995,0.42048,0.79424,-0.28032,448,683,701,0.7607268586792503
2024-04-25 14:16:49.256000+00:00,2024-04-25 14:15:30+00:00,2024-04-25 14:17:30+00:00,TABUENCA01-45,Sensoria-C1-E90A,Left,Gait,1.0.5,40.3878707,-3.629144,F0:75:B1:51:59:F6,SCKS,0.125,0.999999,-0.1875,30.24,-45.920002,-48.16,0.401792,0.672768,-0.261632,624,509,338,1.0250752411413515
2024-04-25 14:16:49.265000+00:00,2024-04-25 14:15:30+00:00,2024-04-25 14:17:30+00:00,TABUENCA01-45,Sensoria-C1-EEA1,Right,Gait,1.0.5,40.3878707,-3.629144,CB:AA:BC:3F:36:A5,SCKS,-0.761719,0.812501,-0.652344,26.880001,212.800003,86.239998,0.448512,0.784896,-0.28032,469,697,699,1.2907077145109191
2024-04-25 14:16:49.282000+00:00,2024-04-25 14:15:30+00:00,2024-04-25 14:17:30+00:00,TABUENCA01-45,Sensoria-C1-EEA1,Right,Gait,1.0.5,40.3878707,-3.629144,CB:AA:BC:3F:36:A5,SCKS,-1.460939,0.265625,-0.242188,-12.32,189.279999,-43.68,0.439168,0.79424,-0.299008,479,705,698,1.504511359109661
2024-04-25 14:16:49.289000+00:00,2024-04-25 14:15:30+00:00,2024-04-25 14:17:30+00:00,TABUENCA01-45,Sensoria-C1-E90A,Left,Gait,1.0.5,40.3878707,-3.629144,F0:75:B1:51:59:F6,SCKS,0.09375,1.031249,-0.15625,15.68,-30.24,-40.32,0.383104,0.691456,-0.252288,576,463,368,1.047223770261638
2024-04-25 14:16:49.298000+00:00,2024-04-25 14:15:30+00:00,2024-04-25 14:17:30+00:00,TABUENCA01-45,Sensoria-C1-EEA1,Right,Gait,1.0.5,40.3878707,-3.629144,CB:AA:BC:3F:36:A5,SCKS,-0.578125,-0.203125,0.105469,3.36,79.519997,-92.959999,0.429824,0.803584,-0.299008,484,711,695,0.6217813049706464
2024-04-25 14:16:49.314000+00:00,2024-04-25 14:15:30+00:00,2024-04-25 14:17:30+00:00,TABUENCA01-45,Sensoria-C1-EEA1,Right,Gait,1.0.5,40.3878707,-3.629144,CB:AA:BC:3F:36:A5,SCKS,-0.46875,-0.089844,-0.011719,48.16,36.959999,-146.720001,0.401792,0.803584,-0.289664,485,712,694,0.47742626844047864
2024-04-25 14:16:49.322000+00:00,2024-04-25 14:15:30+00:00,2024-04-25 14:17:30+00:00,TABUENCA01-45,Sensoria-C1-E90A,Left,Gait,1.0.5,40.3878707,-3.629144,F0:75:B1:51:59:F6,SCKS,0.09375,0.968749,-0.25,5.6,-41.439999,-41.439999,0.37376,0.7008,-0.252288,547,435,413,1.0048699853717395
2024-04-25 14:16:49.347000+00:00,2024-04-25 14:15:30+00:00,2024-04-25 14:17:30+00:00,TABUENCA01-45,Sensoria-C1-EEA1,Right,Gait,1.0.5,40.3878707,-3.629144,CB:AA:BC:3F:36:A5,SCKS,-0.644532,0.203125,-0.078125,57.119999,17.92,-197.119995,0.364416,0.812928,-0.28032,487,712,693,0.6802828678380781
2024-04-25 14:16:49.354000+00:00,2024-04-25 14:15:30+00:00,2024-04-25 14:17:30+00:00,TABUENCA01-45,Sensoria-C1-E90A,Left,Gait,1.0.5,40.3878707,-3.629144,F0:75:B1:51:59:F6,SCKS,0.03125,0.9375,-0.1875,4.48,-52.639999,-35.84,0.364416,0.7008,-0.2336,527,414,473,0.9565767415633729
2024-04-25 14:16:49.363000+00:00,2024-04-25 14:15:30+00:00,2024-04-25 14:17:30+00:00,TABUENCA01-45,Sensoria-C1-EEA1,Right,Gait,1.0.5,40.3878707,-3.629144,CB:AA:BC:3F:36:A5,SCKS,-0.652344,0.351563,0.011719,51.52,-15.68,-243.040009,0.364416,0.812928,-0.28032,487,711,693,0.7411386997492441
2024-04-25 14:16:49.371000+00:00,2024-04-25 14:15:30+00:00,2024-04-25 14:17:30+00:00,TABUENCA01-45,Sensoria-C1-E90A,Left,Gait,1.0.5,40.3878707,-3.629144,F0:75:B1:51:59:F6,SCKS,0.0625,0.968749,-0.21875,3.36,-56.0,-24.639999,0.355072,0.710144,-0.2336,511,395,532,0.9951042344905382
2024-04-25 14:16:49.394000+00:00,2024-04-25 14:15:30+00:00,2024-04-25 14:17:30+00:00,TABUENCA01-45,Sensoria-C1-EEA1,Right,Gait,1.0.5,40.3878707,-3.629144,CB:AA:BC:3F:36:A5,SCKS,-0.5,0.460938,0.058594,57.119999,-50.400002,-284.480011,0.317696,0.812928,-0.28032,484,710,693,0.682566551099598
2024-04-25 14:16:49.395000+00:00,2024-04-25 14:15:30+00:00,2024-04-25 14:17:30+00:00,TABUENCA01-45,Sensoria-C1-EEA1,Right,Gait,1.0.5,40.3878707,-3.629144,CB:AA:BC:3F:36:A5,SCKS,-0.46875,0.6875,0.0625,59.360001,-60.48,-321.440002,0.261632,0.822272,-0.28032,486,709,691,0.8344393701761681
2024-04-25 14:16:49.402000+00:00,2024-04-25 14:15:30+00:00,2024-04-25 14:17:30+00:00,TABUENCA01-45,Sensoria-C1-E90A,Left,Gait,1.0.5,40.3878707,-3.629144,F0:75:B1:51:59:F6,SCKS,0.0,0.968749,-0.21875,0.0,-42.560001,-25.76,0.355072,0.710144,-0.2336,500,381,581,0.9931395609384414
2024-04-25 14:16:49.427000+00:00,2024-04-25 14:15:30+00:00,2024-04-25 14:17:30+00:00,TABUENCA01-45,Sensoria-C1-EEA1,Right,Gait,1.0.5,40.3878707,-3.629144,CB:AA:BC:3F:36:A5,SCKS,-0.503907,1.195313,0.035156,48.16,-53.760002,-369.600006,0.196224,0.803584,-0.261632,487,708,691,1.2976638150746134
2024-04-25 14:16:49.435000+00:00,2024-04-25 14:15:30+00:00,2024-04-25 14:17:30+00:00,TABUENCA01-45,Sensoria-C1-E90A,Left,Gait,1.0.5,40.3878707,-3.629144,F0:75:B1:51:59:F6,SCKS,0.0,0.9375,-0.21875,-5.6,-40.32,-26.880001,0.355072,0.719488,-0.214912,489,366,617,0.9626826125468352
2024-04-25 14:16:49.443000+00:00,2024-04-25 14:15:30+00:00,2024-04-25 14:17:30+00:00,TABUENCA01-45,Sensoria-C1-EEA1,Right,Gait,1.0.5,40.3878707,-3.629144,CB:AA:BC:3F:36:A5,SCKS,-0.417969,1.566407,0.078125,28.0,-29.120001,-387.519989,0.130816,0.775552,-0.261632,486,707,691,1.623093493990719
2024-04-25 14:16:49.460000+00:00,2024-04-25 14:15:30+00:00,2024-04-25 14:17:30+00:00,TABUENCA01-45,Sensoria-C1-EEA1,Right,Gait,1.0.5,40.3878707,-3.629144,CB:AA:BC:3F:36:A5,SCKS,-0.363282,1.996095,0.207031,5.6,17.92,-388.640015,0.130816,0.775552,-0.261632,486,705,690,2.0394192544717233
2024-04-25 14:16:49.468000+00:00,2024-04-25 14:15:30+00:00,2024-04-25 14:17:30+00:00,TABUENCA01-45,Sensoria-C1-E90A,Left,Gait,1.0.5,40.3878707,-3.629144,F0:75:B1:51:59:F6,SCKS,0.0,0.968749,-0.1875,-5.6,-40.32,-29.120001,0.345728,0.719488,-0.214912,482,353,643,0.9867273559606017
2024-04-25 14:16:49.476000+00:00,2024-04-25 14:15:30+00:00,2024-04-25 14:17:30+00:00,TABUENCA01-45,Sensoria-C1-EEA1,Right,Gait,1.0.5,40.3878707,-3.629144,CB:AA:BC:3F:36:A5,SCKS,-0.34375,1.996095,0.292969,28.0,5.6,-393.119995,0.065408,0.74752,-0.261632,485,706,691,2.046555678814041
2024-04-25 14:16:49.500000+00:00,2024-04-25 14:15:30+00:00,2024-04-25 14:17:30+00:00,TABUENCA01-45,Sensoria-C1-E90A,Left,Gait,1.0.5,40.3878707,-3.629144,F0:75:B1:51:59:F6,SCKS,-0.0625,0.90625,-0.125,-5.6,-40.32,-33.599998,0.32704,0.728832,-0.214912,471,340,664,0.9169625469450756
2024-04-25 14:16:49.509000+00:00,2024-04-25 14:15:30+00:00,2024-04-25 14:17:30+00:00,TABUENCA01-45,Sensoria-C1-EEA1,Right,Gait,1.0.5,40.3878707,-3.629144,CB:AA:BC:3F:36:A5,SCKS,0.300781,1.996095,-0.082031,43.68,-29.120001,-397.600006,0.009344,0.7008,-0.252288,485,706,689,2.02029541006928
2024-04-25 14:16:49.525000+00:00,2024-04-25 14:15:30+00:00,2024-04-25 14:17:30+00:00,TABUENCA01-45,Sensoria-C1-EEA1,Right,Gait,1.0.5,40.3878707,-3.629144,CB:AA:BC:3F:36:A5,SCKS,0.984376,1.996095,0.085938,30.24,-33.599998,-406.559998,-0.04672,0.644736,-0.261632,484,707,690,2.2272801122097325
2024-04-25 14:16:49.532000+00:00,2024-04-25 14:15:30+00:00,2024-04-25 14:17:30+00:00,TABUENCA01-45,Sensoria-C1-E90A,Left,Gait,1.0.5,40.3878707,-3.629144,F0:75:B1:51:59:F6,SCKS,0.0,0.968749,-0.15625,-6.72,-34.720001,-41.439999,0.32704,0.74752,-0.214912,454,321,675,0.981268917015616
2024-04-25 14:16:49.541000+00:00,2024-04-25 14:15:30+00:00,2024-04-25 14:17:30+00:00,TABUENCA01-45,Sensoria-C1-EEA1,Right,Gait,1.0.5,40.3878707,-3.629144,CB:AA:BC:3F:36:A5,SCKS,1.925783,1.996095,-0.667969,40.32,-17.92,-366.23999,-0.074752,0.588672,-0.261632,484,709,691,2.852931474304106
2024-04-25 14:16:49.557000+00:00,2024-04-25 14:15:30+00:00,2024-04-25 14:17:30+00:00,TABUENCA01-45,Sensoria-C1-EEA1,Right,Gait,1.0.5,40.3878707,-3.629144,CB:AA:BC:3F:36:A5,SCKS,1.996095,1.63672,0.128906,60.48,25.76,-222.880005,-0.074752,0.588672,-0.261632,484,706,693,2.584543357009319
2024-04-25 14:16:49.565000+00:00,2024-04-25 14:15:30+00:00,2024-04-25 14:17:30+00:00,TABUENCA01-45,Sensoria-C1-E90A,Left,Gait,1.0.5,40.3878707,-3.629144,F0:75:B1:51:59:F6,SCKS,0.03125,1.093749,-0.15625,-8.96,-29.120001,-57.119999,0.308352,0.74752,-0.224256,435,301,687,1.1052952094354704
2024-04-25 14:16:49.574000+00:00,2024-04-25 14:15:30+00:00,2024-04-25 14:17:30+00:00,TABUENCA01-45,Sensoria-C1-EEA1,Right,Gait,1.0.5,40.3878707,-3.629144,CB:AA:BC:3F:36:A5,SCKS,1.996095,1.82422,0.359375,63.84,50.400002,-123.199997,-0.084096,0.551296,-0.252288,483,707,695,2.727879075041634
2024-04-25 14:16:49.597000+00:00,2024-04-25 14:15:30+00:00,2024-04-25 14:17:30+00:00,TABUENCA01-45,Sensoria-C1-E90A,Left,Gait,1.0.5,40.3878707,-3.629144,F0:75:B1:51:59:F6,SCKS,0.09375,1.218749,-0.03125,-6.72,-23.52,-81.760002,0.299008,0.74752,-0.224256,417,284,696,1.2227488499283081
2024-04-25 14:16:49.606000+00:00,2024-04-25 14:15:30+00:00,2024-04-25 14:17:30+00:00,TABUENCA01-45,Sensoria-C1-EEA1,Right,Gait,1.0.5,40.3878707,-3.629144,CB:AA:BC:3F:36:A5,SCKS,1.996095,1.890626,0.914063,10.08,2.24,48.16,-0.09344,0.551296,-0.242944,483,709,698,2.89730445222279
2024-04-25 14:16:49.622000+00:00,2024-04-25 14:15:30+00:00,2024-04-25 14:17:30+00:00,TABUENCA01-45,Sensoria-C1-EEA1,Right,Gait,1.0.5,40.3878707,-3.629144,CB:AA:BC:3F:36:A5,SCKS,-0.289063,0.238281,0.171875,20.16,-138.880005,142.240005,-0.084096,0.56064,-0.242944,483,707,693,0.4121604888329302
2024-04-25 14:16:49.630000+00:00,2024-04-25 14:15:30+00:00,2024-04-25 14:17:30+00:00,TABUENCA01-45,Sensoria-C1-E90A,Left,Gait,1.0.5,40.3878707,-3.629144,F0:75:B1:51:59:F6,SCKS,0.1875,1.468749,-0.21875,6.72,1.12,-143.360001,0.252288,0.775552,-0.214912,406,281,703,1.496740270554982
2024-04-25 14:16:49.638000+00:00,2024-04-25 14:15:30+00:00,2024-04-25 14:17:30+00:00,TABUENCA01-45,Sensoria-C1-EEA1,Right,Gait,1.0.5,40.3878707,-3.629144,CB:AA:BC:3F:36:A5,SCKS,-2.000001,0.777344,1.429689,39.200001,-174.720001,97.440002,-0.09344,0.588672,-0.270976,490,709,662,2.57842555274687
2024-04-25 14:16:49.655000+00:00,2024-04-25 14:15:30+00:00,2024-04-25 14:17:30+00:00,TABUENCA01-45,Sensoria-C1-EEA1,Right,Gait,1.0.5,40.3878707,-3.629144,CB:AA:BC:3F:36:A5,SCKS,1.539064,1.929689,0.496094,84.0,-269.920013,287.839996,-0.09344,0.588672,-0.270976,499,716,597,2.51764312197996
2024-04-25 14:16:49.663000+00:00,2024-04-25 14:15:30+00:00,2024-04-25 14:17:30+00:00,TABUENCA01-45,Sensoria-C1-E90A,Left,Gait,1.0.5,40.3878707,-3.629144,F0:75:B1:51:59:F6,SCKS,0.5,1.906249,-0.21875,-4.48,-11.2,-178.080002,0.224256,0.784896,-0.214912,435,323,702,1.982835548526655
2024-04-25 14:16:49.678000+00:00,2024-04-25 14:15:30+00:00,2024-04-25 14:17:30+00:00,TABUENCA01-45,Sensoria-C1-E90A,Left,Gait,1.0.5,40.3878707,-3.629144,F0:75:B1:51:59:F6,SCKS,1.093749,2.531249,-0.03125,-28.0,-57.119999,-190.399994,0.18688,0.79424,-0.214912,496,380,699,2.7576230593578233
2024-04-25 14:16:49.687000+00:00,2024-04-25 14:15:30+00:00,2024-04-25 14:17:30+00:00,TABUENCA01-45,Sensoria-C1-EEA1,Right,Gait,1.0.5,40.3878707,-3.629144,CB:AA:BC:3F:36:A5,SCKS,0.703125,1.996095,0.03125,66.080002,-43.68,252.0,-0.074752,0.626048,-0.308352,505,717,508,2.116543544827273
2024-04-25 14:16:49.704000+00:00,2024-04-25 14:15:30+00:00,2024-04-25 14:17:30+00:00,TABUENCA01-45,Sensoria-C1-EEA1,Right,Gait,1.0.5,40.3878707,-3.629144,CB:AA:BC:3F:36:A5,SCKS,0.144531,1.320313,-0.414063,57.119999,49.279999,227.360001,-0.04672,0.663424,-0.299008,506,718,436,1.3912454118159745
2024-04-25 14:16:49.711000+00:00,2024-04-25 14:15:30+00:00,2024-04-25 14:17:30+00:00,TABUENCA01-45,Sensoria-C1-E90A,Left,Gait,1.0.5,40.3878707,-3.629144,F0:75:B1:51:59:F6,SCKS,0.625,2.374999,-0.21875,-35.84,-101.919998,-236.320007,0.102784,0.803584,-0.2336,547,430,698,2.4655824489359506
2024-04-25 14:16:49.719000+00:00,2024-04-25 14:15:30+00:00,2024-04-25 14:17:30+00:00,TABUENCA01-45,Sensoria-C1-EEA1,Right,Gait,1.0.5,40.3878707,-3.629144,CB:AA:BC:3F:36:A5,SCKS,0.4375,1.238282,-0.46875,29.120001,-4.48,182.559998,-0.028032,0.691456,-0.289664,498,722,390,1.3944443782467626
2024-04-25 14:16:49.736000+00:00,2024-04-25 14:15:30+00:00,2024-04-25 14:17:30+00:00,TABUENCA01-45,Sensoria-C1-EEA1,Right,Gait,1.0.5,40.3878707,-3.629144,CB:AA:BC:3F:36:A5,SCKS,0.261719,1.003907,0.054688,-1.12,34.720001,140.0,-0.009344,0.7008,-0.28032,483,720,359,1.038901764823797
2024-04-25 14:16:49.743000+00:00,2024-04-25 14:15:30+00:00,2024-04-25 14:17:30+00:00,TABUENCA01-45,Sensoria-C1-E90A,Left,Gait,1.0.5,40.3878707,-3.629144,F0:75:B1:51:59:F6,SCKS,0.999999,1.812499,-0.75,7.84,2.24,-287.839996,0.056064,0.803584,-0.2336,608,493,699,2.2017380918270004
2024-04-25 14:16:49.768000+00:00,2024-04-25 14:15:30+00:00,2024-04-25 14:17:30+00:00,TABUENCA01-45,Sensoria-C1-EEA1,Right,Gait,1.0.5,40.3878707,-3.629144,CB:AA:BC:3F:36:A5,SCKS,-0.082031,0.957032,-0.097656,-5.6,34.720001,106.400002,0.009344,0.719488,-0.28032,468,709,344,0.9654926350423394
2024-04-25 14:16:49.776000+00:00,2024-04-25 14:15:30+00:00,2024-04-25 14:17:30+00:00,TABUENCA01-45,Sensoria-C1-E90A,Left,Gait,1.0.5,40.3878707,-3.629144,F0:75:B1:51:59:F6,SCKS,1.093749,0.5625,-0.5,34.720001,-15.68,-190.399994,0.018688,0.803584,-0.224256,662,531,701,1.3276645378261032
2024-04-25 14:16:49.784000+00:00,2024-04-25 14:15:30+00:00,2024-04-25 14:17:30+00:00,TABUENCA01-45,Sensoria-C1-EEA1,Right,Gait,1.0.5,40.3878707,-3.629144,CB:AA:BC:3F:36:A5,SCKS,0.003906,0.976563,0.085938,-2.24,11.2,81.760002,0.009344,0.719488,-0.28032,453,691,336,0.980344781007682
2024-04-25 14:16:49.801000+00:00,2024-04-25 14:15:30+00:00,2024-04-25 14:17:30+00:00,TABUENCA01-45,Sensoria-C1-EEA1,Right,Gait,1.0.5,40.3878707,-3.629144,CB:AA:BC:3F:36:A5,SCKS,-0.070313,1.015626,0.066406,14.56,-8.96,63.84,0.018688,0.728832,-0.270976,437,668,335,1.02022048924779
2024-04-25 14:16:49.808000+00:00,2024-04-25 14:15:30+00:00,2024-04-25 14:17:30+00:00,TABUENCA01-45,Sensoria-C1-E90A,Left,Gait,1.0.5,40.3878707,-3.629144,F0:75:B1:51:59:F6,SCKS,-0.25,0.53125,-0.25,17.92,-157.919998,-68.32,-0.018688,0.79424,-0.2336,687,541,700,0.6381430580206918
2024-04-25 14:16:49.817000+00:00,2024-04-25 14:15:30+00:00,2024-04-25 14:17:30+00:00,TABUENCA01-45,Sensoria-C1-EEA1,Right,Gait,1.0.5,40.3878707,-3.629144,CB:AA:BC:3F:36:A5,SCKS,-0.019531,1.000001,-0.046875,20.16,1.12,54.880001,0.018688,0.728832,-0.28032,421,647,340,1.0012895313479513
2024-04-25 14:16:49.833000+00:00,2024-04-25 14:15:30+00:00,2024-04-25 14:17:30+00:00,TABUENCA01-45,Sensoria-C1-EEA1,Right,Gait,1.0.5,40.3878707,-3.629144,CB:AA:BC:3F:36:A5,SCKS,-0.132813,1.027344,-0.019531,13.440001,3.36,45.920002,0.028032,0.738176,-0.270976,406,630,348,1.0360774330454263
2024-04-25 14:16:49.840000+00:00,2024-04-25 14:15:30+00:00,2024-04-25 14:17:30+00:00,TABUENCA01-45,Sensoria-C1-E90A,Left,Gait,1.0.5,40.3878707,-3.629144,F0:75:B1:51:59:F6,SCKS,1.187499,0.09375,-0.125,1.12,-127.68,128.800003,-0.028032,0.79424,-0.2336,697,541,699,1.1977345020917616
2024-04-25 14:16:49.866000+00:00,2024-04-25 14:15:30+00:00,2024-04-25 14:17:30+00:00,TABUENCA01-45,Sensoria-C1-EEA1,Right,Gait,1.0.5,40.3878707,-3.629144,CB:AA:BC:3F:36:A5,SCKS,-0.050781,1.000001,-0.152344,8.96,10.08,50.400002,0.037376,0.738176,-0.261632,393,615,366,1.0128126205266204
2024-04-25 14:16:49.873000+00:00,2024-04-25 14:15:30+00:00,2024-04-25 14:17:30+00:00,TABUENCA01-45,Sensoria-C1-E90A,Left,Gait,1.0.5,40.3878707,-3.629144,F0:75:B1:51:59:F6,SCKS,0.59375,0.0625,0.03125,-13.440001,15.68,168.0,0.028032,0.803584,-0.224256,702,542,697,0.597847702178406
2024-04-25 14:16:49.882000+00:00,2024-04-25 14:15:30+00:00,2024-04-25 14:17:30+00:00,TABUENCA01-45,Sensoria-C1-EEA1,Right,Gait,1.0.5,40.3878707,-3.629144,CB:AA:BC:3F:36:A5,SCKS,-0.03125,0.960938,-0.140625,1.12,15.68,48.16,0.037376,0.738176,-0.261632,382,601,387,0.971675765350253
2024-04-25 14:16:49.898000+00:00,2024-04-25 14:15:30+00:00,2024-04-25 14:17:30+00:00,TABUENCA01-45,Sensoria-C1-EEA1,Right,Gait,1.0.5,40.3878707,-3.629144,CB:AA:BC:3F:36:A5,SCKS,0.0,0.984376,-0.078125,-1.12,25.76,45.920002,0.037376,0.74752,-0.261632,369,589,412,0.9874713286982058
2024-04-25 14:16:49.905000+00:00,2024-04-25 14:15:30+00:00,2024-04-25 14:17:30+00:00,TABUENCA01-45,Sensoria-C1-E90A,Left,Gait,1.0.5,40.3878707,-3.629144,F0:75:B1:51:59:F6,SCKS,0.34375,0.15625,-0.125,2.24,41.439999,231.839996,0.065408,0.803584,-0.2336,704,542,696,0.397747564417433
2024-04-25 14:16:49.914000+00:00,2024-04-25 14:15:30+00:00,2024-04-25 14:17:30+00:00,TABUENCA01-45,Sensoria-C1-EEA1,Right,Gait,1.0.5,40.3878707,-3.629144,CB:AA:BC:3F:36:A5,SCKS,-0.015625,0.957032,-0.046875,-2.24,32.48,41.439999,0.04672,0.74752,-0.261632,358,577,437,0.9583066603514764
2024-04-25 14:16:49.938000+00:00,2024-04-25 14:15:30+00:00,2024-04-25 14:17:30+00:00,TABUENCA01-45,Sensoria-C1-E90A,Left,Gait,1.0.5,40.3878707,-3.629144,F0:75:B1:51:59:F6,SCKS,0.46875,0.5625,-0.25,16.799999,47.040001,286.720001,0.112128,0.803584,-0.224256,703,540,695,0.7737136501962467
2024-04-25 14:16:49.947000+00:00,2024-04-25 14:15:30+00:00,2024-04-25 14:17:30+00:00,TABUENCA01-45,Sensoria-C1-EEA1,Right,Gait,1.0.5,40.3878707,-3.629144,CB:AA:BC:3F:36:A5,SCKS,-0.027344,0.980469,-0.085938,-5.6,30.24,39.200001,0.056064,0.74752,-0.252288,348,566,464,0.9846077869593558
2024-04-25 14:16:49.963000+00:00,2024-04-25 14:15:30+00:00,2024-04-25 14:17:30+00:00,TABUENCA01-45,Sensoria-C1-EEA1,Right,Gait,1.0.5,40.3878707,-3.629144,CB:AA:BC:3F:36:A5,SCKS,-0.007813,0.972657,-0.121094,-11.2,26.880001,40.32,0.065408,0.756864,-0.252288,338,557,490,0.9801971431574364
2024-04-25 14:16:49.979000+00:00,2024-04-25 14:15:30+00:00,2024-04-25 14:17:30+00:00,TABUENCA01-45,Sensoria-C1-EEA1,Right,Gait,1.0.5,40.3878707,-3.629144,CB:AA:BC:3F:36:A5,SCKS,0.019531,0.964844,-0.078125,-13.440001,23.52,42.560001,0.065408,0.756864,-0.252288,326,544,513,0.9681988018594115
2024-04-25 14:16:49.987000+00:00,2024-04-25 14:15:30+00:00,2024-04-25 14:17:30+00:00,TABUENCA01-45,Sensoria-C1-E90A,Left,Gait,1.0.5,40.3878707,-3.629144,F0:75:B1:51:59:F6,SCKS,0.25,1.031249,-0.125,0.0,59.360001,361.76001,0.2336,0.775552,-0.2336,702,540,694,1.0684565971535767
2024-04-25 14:16:49.996000+00:00,2024-04-25 14:15:30+00:00,2024-04-25 14:17:30+00:00,TABUENCA01-45,Sensoria-C1-EEA1,Right,Gait,1.0.5,40.3878707,-3.629144,CB:AA:BC:3F:36:A5,SCKS,0.027344,0.972657,-0.050781,-11.2,24.639999,42.560001,0.065408,0.756864,-0.261632,315,534,537,0.9743654570775793
2024-04-25 14:16:50.003000+00:00,2024-04-25 14:15:30+00:00,2024-04-25 14:17:30+00:00,TABUENCA01-45,Sensoria-C1-E90A,Left,Gait,1.0.5,40.3878707,-3.629144,F0:75:B1:51:59:F6,SCKS,0.40625,1.656249,-0.15625,-6.72,38.080002,408.799988,0.299008,0.74752,-0.2336,702,538,691,1.7124876276928251
2024-04-25 14:16:50.029000+00:00,2024-04-25 14:15:30+00:00,2024-04-25 14:17:30+00:00,TABUENCA01-45,Sensoria-C1-EEA1,Right,Gait,1.0.5,40.3878707,-3.629144,CB:AA:BC:3F:36:A5,SCKS,-0.003906,0.968751,-0.023438,-6.72,23.52,43.68,0.065408,0.756864,-0.261632,302,521,559,0.9690423606225891
2024-04-25 14:16:50.045000+00:00,2024-04-25 14:15:30+00:00,2024-04-25 14:17:30+00:00,TABUENCA01-45,Sensoria-C1-EEA1,Right,Gait,1.0.5,40.3878707,-3.629144,CB:AA:BC:3F:36:A5,SCKS,0.015625,0.957032,-0.035156,5.6,11.2,53.760002,0.074752,0.766208,-0.261632,288,509,584,0.9578049561288562
2024-04-25 14:16:50.051000+00:00,2024-04-25 14:15:30+00:00,2024-04-25 14:17:30+00:00,TABUENCA01-45,Sensoria-C1-E90A,Left,Gait,1.0.5,40.3878707,-3.629144,F0:75:B1:51:59:F6,SCKS,0.4375,2.218749,-0.125,-6.72,42.560001,424.480011,0.37376,0.691456,-0.2336,704,537,692,2.264923481047649
2024-04-25 14:16:50.053000+00:00,2024-04-25 14:15:30+00:00,2024-04-25 14:17:30+00:00,TABUENCA01-45,Sensoria-C1-E90A,Left,Gait,1.0.5,40.3878707,-3.629144,F0:75:B1:51:59:F6,SCKS,0.0625,3.031248,0.03125,11.2,108.639999,441.279999,0.429824,0.644736,-0.252288,699,535,690,3.032053305930488
2024-04-25 14:16:50.061000+00:00,2024-04-25 14:15:30+00:00,2024-04-25 14:17:30+00:00,TABUENCA01-45,Sensoria-C1-EEA1,Right,Gait,1.0.5,40.3878707,-3.629144,CB:AA:BC:3F:36:A5,SCKS,0.015625,1.019532,-0.007813,2.24,4.48,62.720001,0.084096,0.766208,-0.252288,273,491,609,1.0196816574882577
2024-04-25 14:16:50.078000+00:00,2024-04-25 14:15:30+00:00,2024-04-25 14:17:30+00:00,TABUENCA01-45,Sensoria-C1-EEA1,Right,Gait,1.0.5,40.3878707,-3.629144,CB:AA:BC:3F:36:A5,SCKS,0.007813,1.054688,0.050781,0.0,1.12,69.440002,0.084096,0.766208,-0.252288,256,474,634,1.0559386962669757
2024-04-25 14:16:50.084000+00:00,2024-04-25 14:15:30+00:00,2024-04-25 14:17:30+00:00,TABUENCA01-45,Sensoria-C1-E90A,Left,Gait,1.0.5,40.3878707,-3.629144,F0:75:B1:51:59:F6,SCKS,-0.78125,3.406248,-0.65625,-31.360001,109.760002,420.0,0.485888,0.569984,-0.261632,700,536,692,3.5557757328751767
2024-04-25 14:16:50.094000+00:00,2024-04-25 14:15:30+00:00,2024-04-25 14:17:30+00:00,TABUENCA01-45,Sensoria-C1-EEA1,Right,Gait,1.0.5,40.3878707,-3.629144,CB:AA:BC:3F:36:A5,SCKS,-0.0625,1.164063,-0.019531,-3.36,-2.24,80.639999,0.102784,0.766208,-0.261632,242,457,657,1.1659032455268319
2024-04-25 14:16:50.117000+00:00,2024-04-25 14:15:30+00:00,2024-04-25 14:17:30+00:00,TABUENCA01-45,Sensoria-C1-E90A,Left,Gait,1.0.5,40.3878707,-3.629144,F0:75:B1:51:59:F6,SCKS,-3.968748,1.374999,-0.6875,13.440001,-32.48,142.240005,0.523264,0.476544,-0.299008,697,536,696,4.256082610512277
2024-04-25 14:16:50.126000+00:00,2024-04-25 14:15:30+00:00,2024-04-25 14:17:30+00:00,TABUENCA01-45,Sensoria-C1-EEA1,Right,Gait,1.0.5,40.3878707,-3.629144,CB:AA:BC:3F:36:A5,SCKS,-0.070313,1.238282,0.097656,-11.2,-7.84,99.68,0.102784,0.775552,-0.252288,229,439,676,1.2441153177374678
2024-04-25 14:16:50.142000+00:00,2024-04-25 14:15:30+00:00,2024-04-25 14:17:30+00:00,TABUENCA01-45,Sensoria-C1-EEA1,Right,Gait,1.0.5,40.3878707,-3.629144,CB:AA:BC:3F:36:A5,SCKS,-0.097656,1.304688,0.097656,-14.56,-17.92,120.959999,0.130816,0.784896,-0.261632,217,427,692,1.3119771972164762
2024-04-25 14:16:50.149000+00:00,2024-04-25 14:15:30+00:00,2024-04-25 14:17:30+00:00,TABUENCA01-45,Sensoria-C1-E90A,Left,Gait,1.0.5,40.3878707,-3.629144,F0:75:B1:51:59:F6,SCKS,-0.4375,4.718748,-0.625,25.76,-32.48,-103.040001,0.532608,0.4672,-0.289664,693,537,702,4.780022378347616
2024-04-25 14:16:50.158000+00:00,2024-04-25 14:15:30+00:00,2024-04-25 14:17:30+00:00,TABUENCA01-45,Sensoria-C1-EEA1,Right,Gait,1.0.5,40.3878707,-3.629144,CB:AA:BC:3F:36:A5,SCKS,-0.171875,1.472657,-0.125,-17.92,-28.0,142.240005,0.158848,0.79424,-0.252288,207,419,701,1.4879128520427534
2024-04-25 14:16:50.174000+00:00,2024-04-25 14:15:30+00:00,2024-04-25 14:17:30+00:00,TABUENCA01-45,Sensoria-C1-EEA1,Right,Gait,1.0.5,40.3878707,-3.629144,CB:AA:BC:3F:36:A5,SCKS,-0.191406,1.675782,-0.140625,-22.4,-20.16,166.880005,0.158848,0.79424,-0.252288,203,423,707,1.6925297512850404
2024-04-25 14:16:50.182000+00:00,2024-04-25 14:15:30+00:00,2024-04-25 14:17:30+00:00,TABUENCA01-45,Sensoria-C1-E90A,Left,Gait,1.0.5,40.3878707,-3.629144,F0:75:B1:51:59:F6,SCKS,3.468748,0.3125,0.999999,50.400002,70.559998,-116.480003,0.51392,0.485888,-0.299008,699,536,675,3.6235158254801374
2024-04-25 14:16:50.207000+00:00,2024-04-25 14:15:30+00:00,2024-04-25 14:17:30+00:00,TABUENCA01-45,Sensoria-C1-EEA1,Right,Gait,1.0.5,40.3878707,-3.629144,CB:AA:BC:3F:36:A5,SCKS,-0.464844,1.996095,0.042969,-29.120001,6.72,190.399994,0.177536,0.79424,-0.252288,202,438,709,2.049956469860275
2024-04-25 14:16:50.224000+00:00,2024-04-25 14:15:30+00:00,2024-04-25 14:17:30+00:00,TABUENCA01-45,Sensoria-C1-EEA1,Right,Gait,1.0.5,40.3878707,-3.629144,CB:AA:BC:3F:36:A5,SCKS,-0.875001,1.996095,0.480469,-44.799999,51.52,213.919998,0.214912,0.803584,-0.252288,209,458,709,2.2317868309914815
2024-04-25 14:16:50.231000+00:00,2024-04-25 14:15:30+00:00,2024-04-25 14:17:30+00:00,TABUENCA01-45,Sensoria-C1-E90A,Left,Gait,1.0.5,40.3878707,-3.629144,F0:75:B1:51:59:F6,SCKS,-0.5625,1.656249,0.09375,99.68,89.599998,-237.440002,0.476544,0.569984,-0.336384,698,542,588,1.7516723616307361
2024-04-25 14:16:50.240000+00:00,2024-04-25 14:15:30+00:00,2024-04-25 14:17:30+00:00,TABUENCA01-45,Sensoria-C1-EEA1,Right,Gait,1.0.5,40.3878707,-3.629144,CB:AA:BC:3F:36:A5,SCKS,-1.242188,1.996095,0.535157,-68.32,86.239998,241.919998,0.261632,0.812928,-0.261632,226,488,708,2.4111862829358497
2024-04-25 14:16:50.247000+00:00,2024-04-25 14:15:30+00:00,2024-04-25 14:17:30+00:00,TABUENCA01-45,Sensoria-C1-E90A,Left,Gait,1.0.5,40.3878707,-3.629144,F0:75:B1:51:59:F6,SCKS,-0.71875,1.781249,-0.968749,118.720001,15.68,-197.119995,0.457856,0.598016,-0.317696,699,547,447,2.1512610691178327
2024-04-25 14:16:50.256000+00:00,2024-04-25 14:15:30+00:00,2024-04-25 14:17:30+00:00,TABUENCA01-45,Sensoria-C1-EEA1,Right,Gait,1.0.5,40.3878707,-3.629144,CB:AA:BC:3F:36:A5,SCKS,-0.636719,1.996095,-0.367188,-29.120001,22.4,287.839996,0.317696,0.812928,-0.270976,266,538,706,2.1271185583624623
2024-04-25 14:16:50.280000+00:00,2024-04-25 14:15:30+00:00,2024-04-25 14:17:30+00:00,TABUENCA01-45,Sensoria-C1-E90A,Left,Gait,1.0.5,40.3878707,-3.629144,F0:75:B1:51:59:F6,SCKS,-0.28125,0.9375,-0.125,81.760002,-49.279999,-184.800003,0.429824,0.635392,-0.317696,681,548,371,0.986728337740434
2024-04-25 14:16:50.289000+00:00,2024-04-25 14:15:30+00:00,2024-04-25 14:17:30+00:00,TABUENCA01-45,Sensoria-C1-EEA1,Right,Gait,1.0.5,40.3878707,-3.629144,CB:AA:BC:3F:36:A5,SCKS,-0.636719,1.996095,-0.785157,-5.6,-70.559998,318.079987,0.364416,0.803584,-0.270976,327,599,705,2.2374713067735637
2024-04-25 14:16:50.305000+00:00,2024-04-25 14:15:30+00:00,2024-04-25 14:17:30+00:00,TABUENCA01-45,Sensoria-C1-EEA1,Right,Gait,1.0.5,40.3878707,-3.629144,CB:AA:BC:3F:36:A5,SCKS,-0.277344,0.457032,-0.632813,32.48,-56.0,273.279999,0.411136,0.79424,-0.261632,414,662,705,0.8284022189305145
2024-04-25 14:16:50.312000+00:00,2024-04-25 14:15:30+00:00,2024-04-25 14:17:30+00:00,TABUENCA01-45,Sensoria-C1-E90A,Left,Gait,1.0.5,40.3878707,-3.629144,F0:75:B1:51:59:F6,SCKS,0.0625,0.9375,-0.28125,47.040001,-62.720001,-91.840004,0.411136,0.663424,-0.28032,655,531,338,0.980772176654701
2024-04-25 14:16:50.321000+00:00,2024-04-25 14:15:30+00:00,2024-04-25 14:17:30+00:00,TABUENCA01-45,Sensoria-C1-EEA1,Right,Gait,1.0.5,40.3878707,-3.629144,CB:AA:BC:3F:36:A5,SCKS,0.914063,-0.046875,-1.019532,21.280001,69.440002,169.119995,0.411136,0.79424,-0.261632,452,685,705,1.3700926730035454
2024-04-25 14:16:50.337000+00:00,2024-04-25 14:15:30+00:00,2024-04-25 14:17:30+00:00,TABUENCA01-45,Sensoria-C1-EEA1,Right,Gait,1.0.5,40.3878707,-3.629144,CB:AA:BC:3F:36:A5,SCKS,-1.195313,0.570313,-0.65625,16.799999,216.160004,34.720001,0.439168,0.79424,-0.261632,470,697,701,1.4780710904547183
2024-04-25 14:16:50.345000+00:00,2024-04-25 14:15:30+00:00,2024-04-25 14:17:30+00:00,TABUENCA01-45,Sensoria-C1-E90A,Left,Gait,1.0.5,40.3878707,-3.629144,F0:75:B1:51:59:F6,SCKS,0.125,0.999999,-0.09375,17.92,-48.16,-38.080002,0.401792,0.672768,-0.270976,629,509,328,1.012132433281831
2024-04-25 14:16:50.353000+00:00,2024-04-25 14:15:30+00:00,2024-04-25 14:17:30+00:00,TABUENCA01-45,Sensoria-C1-EEA1,Right,Gait,1.0.5,40.3878707,-3.629144,CB:AA:BC:3F:36:A5,SCKS,-1.38672,0.234375,-0.214844,-20.16,168.0,-62.720001,0.439168,0.79424,-0.28032,478,704,699,1.4227023382847868
2024-04-25 14:16:50.360000+00:00,2024-04-25 14:15:30+00:00,2024-04-25 14:17:30+00:00,TABUENCA01-45,Sensoria-C1-E90A,Left,Gait,1.0.5,40.3878707,-3.629144,F0:75:B1:51:59:F6,SCKS,0.125,0.968749,-0.21875,7.84,-35.84,-23.52,0.392448,0.682112,-0.270976,610,489,333,1.0009751183226285
2024-04-25 14:16:50.386000+00:00,2024-04-25 14:15:30+00:00,2024-04-25 14:17:30+00:00,TABUENCA01-45,Sensoria-C1-EEA1,Right,Gait,1.0.5,40.3878707,-3.629144,CB:AA:BC:3F:36:A5,SCKS,-0.730469,-0.167969,0.117188,-16.799999,103.040001,-84.0,0.429824,0.803584,-0.299008,482,709,698,0.758637971806052
2024-04-25 14:16:50.393000+00:00,2024-04-25 14:15:30+00:00,2024-04-25 14:17:30+00:00,TABUENCA01-45,Sensoria-C1-E90A,Left,Gait,1.0.5,40.3878707,-3.629144,F0:75:B1:51:59:F6,SCKS,0.125,0.999999,-0.15625,-2.24,-39.200001,-21.280001,0.383104,0.691456,-0.261632,597,475,360,1.019822073942803
2024-04-25 14:16:50.402000+00:00,2024-04-25 14:15:30+00:00,2024-04-25 14:17:30+00:00,TABUENCA01-45,Sensoria-C1-EEA1,Right,Gait,1.0.5,40.3878707,-3.629144,CB:AA:BC:3F:36:A5,SCKS,-0.371094,-0.128906,0.066406,36.959999,40.32,-132.160004,0.401792,0.803584,-0.28032,484,709,696,0.39841846155518446
2024-04-25 14:16:50.419000+00:00,2024-04-25 14:15:30+00:00,2024-04-25 14:17:30+00:00,TABUENCA01-45,Sensoria-C1-EEA1,Right,Gait,1.0.5,40.3878707,-3.629144,CB:AA:BC:3F:36:A5,SCKS,-0.527344,0.097656,-0.058594,56.0,23.52,-187.039993,0.401792,0.803584,-0.28032,484,710,696,0.5395012933330189
2024-04-25 14:16:50.426000+00:00,2024-04-25 14:15:30+00:00,2024-04-25 14:17:30+00:00,TABUENCA01-45,Sensoria-C1-E90A,Left,Gait,1.0.5,40.3878707,-3.629144,F0:75:B1:51:59:F6,SCKS,0.125,0.9375,-0.25,-2.24,-50.400002,-25.76,0.383104,0.691456,-0.261632,585,462,406,0.978279740156158
2024-04-25 14:16:50.435000+00:00,2024-04-25 14:15:30+00:00,2024-04-25 14:17:30+00:00,TABUENCA01-45,Sensoria-C1-EEA1,Right,Gait,1.0.5,40.3878707,-3.629144,CB:AA:BC:3F:36:A5,SCKS,-0.609375,0.320313,-0.058594,52.639999,-3.36,-232.960007,0.364416,0.812928,-0.261632,486,711,695,0.6909208098110811
2024-04-25 14:16:50.458000+00:00,2024-04-25 14:15:30+00:00,2024-04-25 14:17:30+00:00,TABUENCA01-45,Sensoria-C1-E90A,Left,Gait,1.0.5,40.3878707,-3.629144,F0:75:B1:51:59:F6,SCKS,0.09375,0.968749,-0.1875,-5.6,-47.040001,-19.040001,0.383104,0.7008,-0.252288,568,443,482,0.9911709930688044
2024-04-25 14:16:50.467000+00:00,2024-04-25 14:15:30+00:00,2024-04-25 14:17:30+00:00,TABUENCA01-45,Sensoria-C1-EEA1,Right,Gait,1.0.5,40.3878707,-3.629144,CB:AA:BC:3F:36:A5,SCKS,-0.46875,0.484375,0.027344,54.880001,-51.52,-291.200012,0.317696,0.822272,-0.261632,485,710,694,0.6746061054133738
2024-04-25 14:16:50.483000+00:00,2024-04-25 14:15:30+00:00,2024-04-25 14:17:30+00:00,TABUENCA01-45,Sensoria-C1-EEA1,Right,Gait,1.0.5,40.3878707,-3.629144,CB:AA:BC:3F:36:A5,SCKS,-0.453125,0.718751,-0.023438,58.240002,-68.32,-327.040009,0.252288,0.822272,-0.261632,485,709,692,0.8499850619099137
2024-04-25 14:16:50.491000+00:00,2024-04-25 14:15:30+00:00,2024-04-25 14:17:30+00:00,TABUENCA01-45,Sensoria-C1-E90A,Left,Gait,1.0.5,40.3878707,-3.629144,F0:75:B1:51:59:F6,SCKS,0.09375,0.9375,-0.21875,-4.48,-44.799999,-22.4,0.37376,0.7008,-0.252288,552,430,528,0.967236721283885
2024-04-25 14:16:50.499000+00:00,2024-04-25 14:15:30+00:00,2024-04-25 14:17:30+00:00,TABUENCA01-45,Sensoria-C1-EEA1,Right,Gait,1.0.5,40.3878707,-3.629144,CB:AA:BC:3F:36:A5,SCKS,-0.453125,1.042969,-0.0625,50.400002,-68.32,-358.399994,0.196224,0.803584,-0.261632,486,706,694,1.1388647200550204
2024-04-25 14:16:50.515000+00:00,2024-04-25 14:15:30+00:00,2024-04-25 14:17:30+00:00,TABUENCA01-45,Sensoria-C1-EEA1,Right,Gait,1.0.5,40.3878707,-3.629144,CB:AA:BC:3F:36:A5,SCKS,-0.445313,1.382813,-0.03125,33.599998,-53.760002,-379.679993,0.121472,0.784896,-0.261632,485,706,692,1.453083625755242
2024-04-25 14:16:50.523000+00:00,2024-04-25 14:15:30+00:00,2024-04-25 14:17:30+00:00,TABUENCA01-45,Sensoria-C1-E90A,Left,Gait,1.0.5,40.3878707,-3.629144,F0:75:B1:51:59:F6,SCKS,0.0625,0.9375,-0.1875,-1.12,-42.560001,-30.24,0.364416,0.7008,-0.242944,535,412,565,0.9581068572972432
2024-04-25 14:16:50.548000+00:00,2024-04-25 14:15:30+00:00,2024-04-25 14:17:30+00:00,TABUENCA01-45,Sensoria-C1-EEA1,Right,Gait,1.0.5,40.3878707,-3.629144,CB:AA:BC:3F:36:A5,SCKS,-0.359375,1.839845,0.09375,11.2,-15.68,-389.76001,0.121472,0.784896,-0.261632,484,706,691,1.8769573988639168
2024-04-25 14:16:50.555000+00:00,2024-04-25 14:15:30+00:00,2024-04-25 14:17:30+00:00,TABUENCA01-45,Sensoria-C1-E90A,Left,Gait,1.0.5,40.3878707,-3.629144,F0:75:B1:51:59:F6,SCKS,0.03125,0.9375,-0.15625,2.24,-40.32,-38.080002,0.364416,0.710144,-0.2336,517,387,588,0.9509452534189337
2024-04-25 14:16:50.564000+00:00,2024-04-25 14:15:30+00:00,2024-04-25 14:17:30+00:00,TABUENCA01-45,Sensoria-C1-EEA1,Right,Gait,1.0.5,40.3878707,-3.629144,CB:AA:BC:3F:36:A5,SCKS,-0.398438,1.996095,0.152344,19.040001,-7.84,-397.600006,0.065408,0.738176,-0.252288,484,705,693,2.0411655452718676
2024-04-25 14:16:50.581000+00:00,2024-04-25 14:15:30+00:00,2024-04-25 14:17:30+00:00,TABUENCA01-45,Sensoria-C1-EEA1,Right,Gait,1.0.5,40.3878707,-3.629144,CB:AA:BC:3F:36:A5,SCKS,0.203125,1.996095,0.113281,61.599998,-69.440002,-412.160004,0.009344,0.7008,-0.252288,484,704,692,2.009598865348754
2024-04-25 14:16:50.588000+00:00,2024-04-25 14:15:30+00:00,2024-04-25 14:17:30+00:00,TABUENCA01-45,Sensoria-C1-E90A,Left,Gait,1.0.5,40.3878707,-3.629144,F0:75:B1:51:59:F6,SCKS,0.0,0.968749,-0.15625,4.48,-34.720001,-43.68,0.345728,0.719488,-0.2336,492,361,607,0.981268917015616
2024-04-25 14:16:50.597000+00:00,2024-04-25 14:15:30+00:00,2024-04-25 14:17:30+00:00,TABUENCA01-45,Sensoria-C1-EEA1,Right,Gait,1.0.5,40.3878707,-3.629144,CB:AA:BC:3F:36:A5,SCKS,0.722657,1.996095,0.136719,30.24,-47.040001,-427.839996,-0.04672,0.635392,-0.261632,483,704,691,2.127280064691765
2024-04-25 14:16:50.613000+00:00,2024-04-25 14:15:30+00:00,2024-04-25 14:17:30+00:00,TABUENCA01-45,Sensoria-C1-EEA1,Right,Gait,1.0.5,40.3878707,-3.629144,CB:AA:BC:3F:36:A5,SCKS,1.660157,1.996095,-0.089844,7.84,-15.68,-393.119995,-0.074752,0.579328,-0.252288,483,704,694,2.597804545767445
2024-04-25 14:16:50.620000+00:00,2024-04-25 14:15:30+00:00,2024-04-25 14:17:30+00:00,TABUENCA01-45,Sensoria-C1-E90A,Left,Gait,1.0.5,40.3878707,-3.629144,F0:75:B1:51:59:F6,SCKS,0.0,0.999999,-0.15625,1.12,-33.599998,-47.040001,0.336384,0.728832,-0.214912,463,332,627,1.012132433281831
2024-04-25 14:16:50.646000+00:00,2024-04-25 14:15:30+00:00,2024-04-25 14:17:30+00:00,TABUENCA01-45,Sensoria-C1-EEA1,Right,Gait,1.0.5,40.3878707,-3.629144,CB:AA:BC:3F:36:A5,SCKS,1.996095,1.992189,-0.652344,51.52,-14.56,-248.639999,-0.074752,0.579328,-0.252288,483,704,695,2.894609637771905
2024-04-25 14:16:50.653000+00:00,2024-04-25 14:15:30+00:00,2024-04-25 14:17:30+00:00,TABUENCA01-45,Sensoria-C1-E90A,Left,Gait,1.0.5,40.3878707,-3.629144,F0:75:B1:51:59:F6,SCKS,0.09375,1.187499,-0.1875,-4.48,-35.84,-71.68,0.32704,0.738176,-0.2336,433,303,653,1.2058603515751731
2024-04-25 14:16:50.662000+00:00,2024-04-25 14:15:30+00:00,2024-04-25 14:17:30+00:00,TABUENCA01-45,Sensoria-C1-EEA1,Right,Gait,1.0.5,40.3878707,-3.629144,CB:AA:BC:3F:36:A5,SCKS,1.996095,1.44922,0.40625,36.959999,109.760002,-101.919998,-0.084096,0.551296,-0.252288,481,705,695,2.4999345831291264
2024-04-25 14:16:50.678000+00:00,2024-04-25 14:15:30+00:00,2024-04-25 14:17:30+00:00,TABUENCA01-45,Sensoria-C1-EEA1,Right,Gait,1.0.5,40.3878707,-3.629144,CB:AA:BC:3F:36:A5,SCKS,1.996095,1.996095,1.132813,4.48,82.879997,38.080002,-0.09344,0.532608,-0.224256,481,708,701,3.0417192163345717
2024-04-25 14:16:50.686000+00:00,2024-04-25 14:15:30+00:00,2024-04-25 14:17:30+00:00,TABUENCA01-45,Sensoria-C1-E90A,Left,Gait,1.0.5,40.3878707,-3.629144,F0:75:B1:51:59:F6,SCKS,0.0625,1.218749,0.0625,-4.48,-28.0,-100.800003,0.308352,0.74752,-0.224256,411,279,673,1.221949927370594
2024-04-25 14:16:50.694000+00:00,2024-04-25 14:15:30+00:00,2024-04-25 14:17:30+00:00,TABUENCA01-45,Sensoria-C1-EEA1,Right,Gait,1.0.5,40.3878707,-3.629144,CB:AA:BC:3F:36:A5,SCKS,-1.26172,1.144532,-0.0625,-1.12,-99.68,138.880005,-0.084096,0.56064,-0.242944,483,706,687,1.7046398761685708
2024-04-25 14:16:50.702000+00:00,2024-04-25 14:15:30+00:00,2024-04-25 14:17:30+00:00,TABUENCA01-45,Sensoria-C1-E90A,Left,Gait,1.0.5,40.3878707,-3.629144,F0:75:B1:51:59:F6,SCKS,0.25,1.468749,-0.3125,-1.12,-15.68,-134.399994,0.289664,0.756864,-0.224256,390,268,686,1.5222942800263688
2024-04-25 14:16:50.727000+00:00,2024-04-25 14:15:30+00:00,2024-04-25 14:17:30+00:00,TABUENCA01-45,Sensoria-C1-EEA1,Right,Gait,1.0.5,40.3878707,-3.629144,CB:AA:BC:3F:36:A5,SCKS,-1.925783,0.457032,1.832033,29.120001,-150.080002,118.720001,-0.074752,0.588672,-0.261632,491,708,653,2.6970100713942466
2024-04-25 14:16:50.735000+00:00,2024-04-25 14:15:30+00:00,2024-04-25 14:17:30+00:00,TABUENCA01-45,Sensoria-C1-E90A,Left,Gait,1.0.5,40.3878707,-3.629144,F0:75:B1:51:59:F6,SCKS,0.375,1.749999,-0.1875,-2.24,-13.440001,-168.0,0.2336,0.784896,-0.214912,395,285,691,1.799521533630815
2024-04-25 14:16:50.743000+00:00,2024-04-25 14:15:30+00:00,2024-04-25 14:17:30+00:00,TABUENCA01-45,Sensoria-C1-EEA1,Right,Gait,1.0.5,40.3878707,-3.629144,CB:AA:BC:3F:36:A5,SCKS,0.914063,1.890626,0.101563,80.639999,-231.839996,275.519989,-0.074752,0.588672,-0.261632,500,714,585,2.102449258083058
2024-04-25 14:16:50.760000+00:00,2024-04-25 14:15:30+00:00,2024-04-25 14:17:30+00:00,TABUENCA01-45,Sensoria-C1-EEA1,Right,Gait,1.0.5,40.3878707,-3.629144,CB:AA:BC:3F:36:A5,SCKS,0.414063,1.671876,0.050781,44.799999,29.120001,241.919998,-0.065408,0.626048,-0.289664,504,716,501,1.7231355829725064
2024-04-25 14:16:50.767000+00:00,2024-04-25 14:15:30+00:00,2024-04-25 14:17:30+00:00,TABUENCA01-45,Sensoria-C1-E90A,Left,Gait,1.0.5,40.3878707,-3.629144,F0:75:B1:51:59:F6,SCKS,0.90625,2.406249,0.0,-15.68,-19.040001,-207.199997,0.196224,0.79424,-0.2336,457,349,691,2.571249368011784
2024-04-25 14:16:50.776000+00:00,2024-04-25 14:15:30+00:00,2024-04-25 14:17:30+00:00,TABUENCA01-45,Sensoria-C1-EEA1,Right,Gait,1.0.5,40.3878707,-3.629144,CB:AA:BC:3F:36:A5,SCKS,0.363282,1.351563,-0.457032,28.0,10.08,207.199997,-0.04672,0.65408,-0.270976,508,717,434,1.4722685228982517
2024-04-25 14:16:50.800000+00:00,2024-04-25 14:15:30+00:00,2024-04-25 14:17:30+00:00,TABUENCA01-45,Sensoria-C1-E90A,Left,Gait,1.0.5,40.3878707,-3.629144,F0:75:B1:51:59:F6,SCKS,0.53125,2.156249,-0.34375,-50.400002,-78.400002,-229.600006,0.112128,0.803584,-0.242944,556,435,694,2.247176089006155
2024-04-25 14:16:50.808000+00:00,2024-04-25 14:15:30+00:00,2024-04-25 14:17:30+00:00,TABUENCA01-45,Sensoria-C1-EEA1,Right,Gait,1.0.5,40.3878707,-3.629144,CB:AA:BC:3F:36:A5,SCKS,0.148438,0.843751,-0.058594,2.24,26.880001,173.600006,-0.028032,0.682112,-0.270976,501,719,390,0.8587099898574606
2024-04-25 14:16:50.825000+00:00,2024-04-25 14:15:30+00:00,2024-04-25 14:17:30+00:00,TABUENCA01-45,Sensoria-C1-EEA1,Right,Gait,1.0.5,40.3878707,-3.629144,CB:AA:BC:3F:36:A5,SCKS,0.128906,1.019532,0.035156,-6.72,32.48,131.039993,-0.009344,0.7008,-0.261632,491,724,363,1.0282500669564774
2024-04-25 14:16:50.833000+00:00,2024-04-25 14:15:30+00:00,2024-04-25 14:17:30+00:00,TABUENCA01-45,Sensoria-C1-E90A,Left,Gait,1.0.5,40.3878707,-3.629144,F0:75:B1:51:59:F6,SCKS,0.8125,1.562499,-0.59375,-6.72,11.2,-282.23999,0.056064,0.812928,-0.261632,618,498,695,1.8585204969278657
2024-04-25 14:16:50.841000+00:00,2024-04-25 14:15:30+00:00,2024-04-25 14:17:30+00:00,TABUENCA01-45,Sensoria-C1-EEA1,Right,Gait,1.0.5,40.3878707,-3.629144,CB:AA:BC:3F:36:A5,SCKS,-0.113281,0.957032,-0.085938,-15.68,35.84,96.32,-0.009344,0.7008,-0.261632,478,715,346,0.9675371692234878
2024-04-25 14:16:50.857000+00:00,2024-04-25 14:15:30+00:00,2024-04-25 14:17:30+00:00,TABUENCA01-45,Sensoria-C1-EEA1,Right,Gait,1.0.5,40.3878707,-3.629144,CB:AA:BC:3F:36:A5,SCKS,-0.113281,0.953126,0.042969,-15.68,28.0,72.800003,0.009344,0.710144,-0.270976,468,704,337,0.960795551508228
2024-04-25 14:16:50.865000+00:00,2024-04-25 14:15:30+00:00,2024-04-25 14:17:30+00:00,TABUENCA01-45,Sensoria-C1-E90A,Left,Gait,1.0.5,40.3878707,-3.629144,F0:75:B1:51:59:F6,SCKS,0.34375,0.375,-0.4375,10.08,-5.6,-162.399994,0.018688,0.803584,-0.242944,667,533,699,0.6709659547994965
2024-04-25 14:16:50.873000+00:00,2024-04-25 14:15:30+00:00,2024-04-25 14:17:30+00:00,TABUENCA01-45,Sensoria-C1-EEA1,Right,Gait,1.0.5,40.3878707,-3.629144,CB:AA:BC:3F:36:A5,SCKS,-0.101563,1.003907,0.117188,-3.36,5.6,52.639999,0.009344,0.719488,-0.270976,460,691,334,1.0158136320024456
2024-04-25 14:16:50.897000+00:00,2024-04-25 14:15:30+00:00,2024-04-25 14:17:30+00:00,TABUENCA01-45,Sensoria-C1-E90A,Left,Gait,1.0.5,40.3878707,-3.629144,F0:75:B1:51:59:F6,SCKS,0.4375,0.28125,-0.34375,15.68,-128.800003,-3.36,-0.009344,0.79424,-0.2336,690,541,698,0.6234355419768751
2024-04-25 14:16:50.906000+00:00,2024-04-25 14:15:30+00:00,2024-04-25 14:17:30+00:00,TABUENCA01-45,Sensoria-C1-EEA1,Right,Gait,1.0.5,40.3878707,-3.629144,CB:AA:BC:3F:36:A5,SCKS,-0.097656,1.007813,-0.035156,8.96,-3.36,42.560001,0.018688,0.719488,-0.270976,452,679,334,1.0131434654781128
2024-04-25 14:16:50.922000+00:00,2024-04-25 14:15:30+00:00,2024-04-25 14:17:30+00:00,TABUENCA01-45,Sensoria-C1-EEA1,Right,Gait,1.0.5,40.3878707,-3.629144,CB:AA:BC:3F:36:A5,SCKS,-0.101563,0.964844,0.015625,6.72,2.24,38.080002,0.018688,0.728832,-0.261632,444,672,339,0.970300534849899
2024-04-25 14:16:50.930000+00:00,2024-04-25 14:15:30+00:00,2024-04-25 14:17:30+00:00,TABUENCA01-45,Sensoria-C1-E90A,Left,Gait,1.0.5,40.3878707,-3.629144,F0:75:B1:51:59:F6,SCKS,1.031249,0.0625,-0.125,-2.24,-61.599998,144.479996,-0.009344,0.803584,-0.2336,698,543,696,1.0406756218923359
2024-04-25 14:16:50.938000+00:00,2024-04-25 14:15:30+00:00,2024-04-25 14:17:30+00:00,TABUENCA01-45,Sensoria-C1-EEA1,Right,Gait,1.0.5,40.3878707,-3.629144,CB:AA:BC:3F:36:A5,SCKS,-0.179688,0.996094,-0.085938,15.68,-3.36,38.080002,0.028032,0.728832,-0.261632,435,662,346,1.0158131590130146
2024-04-25 14:16:50.955000+00:00,2024-04-25 14:15:30+00:00,2024-04-25 14:17:30+00:00,TABUENCA01-45,Sensoria-C1-EEA1,Right,Gait,1.0.5,40.3878707,-3.629144,CB:AA:BC:3F:36:A5,SCKS,-0.085938,0.992188,-0.238281,11.2,6.72,47.040001,0.028032,0.728832,-0.261632,427,654,360,1.0240118173873776
2024-04-25 14:16:50.962000+00:00,2024-04-25 14:15:30+00:00,2024-04-25 14:17:30+00:00,TABUENCA01-45,Sensoria-C1-E90A,Left,Gait,1.0.5,40.3878707,-3.629144,F0:75:B1:51:59:F6,SCKS,0.375,0.03125,0.09375,-14.56,5.6,178.080002,0.04672,0.812928,-0.242944,702,542,696,0.3878023014372143
2024-04-25 14:16:50.988000+00:00,2024-04-25 14:15:30+00:00,2024-04-25 14:17:30+00:00,TABUENCA01-45,Sensoria-C1-EEA1,Right,Gait,1.0.5,40.3878707,-3.629144,CB:AA:BC:3F:36:A5,SCKS,-0.054688,0.957032,-0.117188,-4.48,19.040001,49.279999,0.037376,0.728832,-0.252288,419,645,376,0.9657298036780266
2024-04-25 14:16:50.995000+00:00,2024-04-25 14:15:30+00:00,2024-04-25 14:17:30+00:00,TABUENCA01-45,Sensoria-C1-E90A,Left,Gait,1.0.5,40.3878707,-3.629144,F0:75:B1:51:59:F6,SCKS,0.4375,0.21875,-0.125,4.48,0.0,246.399994,0.09344,0.812928,-0.252288,704,543,693,0.5048592006688597
2024-04-25 14:16:51.003000+00:00,2024-04-25 14:15:30+00:00,2024-04-25 14:17:30+00:00,TABUENCA01-45,Sensoria-C1-EEA1,Right,Gait,1.0.5,40.3878707,-3.629144,CB:AA:BC:3F:36:A5,SCKS,-0.039063,0.976563,-0.050781,-6.72,26.880001,48.16,0.04672,0.738176,-0.252288,409,631,392,0.9786623119845782
2024-04-25 14:16:51.020000+00:00,2024-04-25 14:15:30+00:00,2024-04-25 14:17:30+00:00,TABUENCA01-45,Sensoria-C1-EEA1,Right,Gait,1.0.5,40.3878707,-3.629144,CB:AA:BC:3F:36:A5,SCKS,-0.0625,0.980469,0.023438,-5.6,34.720001,45.920002,0.04672,0.738176,-0.252288,396,614,407,0.9827385460054979
2024-04-25 14:16:51.027000+00:00,2024-04-25 14:15:30+00:00,2024-04-25 14:17:30+00:00,TABUENCA01-45,Sensoria-C1-E90A,Left,Gait,1.0.5,40.3878707,-3.629144,F0:75:B1:51:59:F6,SCKS,0.375,0.6875,-0.125,5.6,5.6,302.399994,0.14016,0.812928,-0.242944,704,540,691,0.793036096278095
2024-04-25 14:16:51.036000+00:00,2024-04-25 14:15:30+00:00,2024-04-25 14:17:30+00:00,TABUENCA01-45,Sensoria-C1-EEA1,Right,Gait,1.0.5,40.3878707,-3.629144,CB:AA:BC:3F:36:A5,SCKS,-0.046875,0.972657,0.011719,-3.36,26.880001,44.799999,0.056064,0.74752,-0.252288,383,593,424,0.9738563755682867
2024-04-25 14:16:51.043000+00:00,2024-04-25 14:15:30+00:00,2024-04-25 14:17:30+00:00,TABUENCA01-45,Sensoria-C1-E90A,Left,Gait,1.0.5,40.3878707,-3.629144,F0:75:B1:51:59:F6,SCKS,0.40625,0.999999,0.0,1.12,20.16,355.040009,0.18688,0.79424,-0.252288,701,539,689,1.0793688259816474
2024-04-25 14:16:51.052000+00:00,2024-04-25 14:15:30+00:00,2024-04-25 14:17:30+00:00,TABUENCA01-45,Sensoria-C1-EEA1,Right,Gait,1.0.5,40.3878707,-3.629144,CB:AA:BC:3F:36:A5,SCKS,-0.035156,0.984376,-0.054688,-3.36,17.92,44.799999,0.056064,0.74752,-0.252288,368,574,441,0.9865205679842667
2024-04-25 14:16:51.076000+00:00,2024-04-25 14:15:30+00:00,2024-04-25 14:17:30+00:00,TABUENCA01-45,Sensoria-C1-E90A,Left,Gait,1.0.5,40.3878707,-3.629144,F0:75:B1:51:59:F6,SCKS,0.46875,1.593749,-0.09375,0.0,21.280001,396.480011,0.32704,0.74752,-0.242944,702,536,689,1.6638964811553032
2024-04-25 14:16:51.085000+00:00,2024-04-25 14:15:30+00:00,2024-04-25 14:17:30+00:00,TABUENCA01-45,Sensoria-C1-EEA1,Right,Gait,1.0.5,40.3878707,-3.629144,CB:AA:BC:3F:36:A5,SCKS,-0.027344,0.968751,-0.046875,-13.440001,19.040001,48.16,0.065408,0.74752,-0.2336,353,555,460,0.9702697872045692
2024-04-25 14:16:51.101000+00:00,2024-04-25 14:15:30+00:00,2024-04-25 14:17:30+00:00,TABUENCA01-45,Sensoria-C1-EEA1,Right,Gait,1.0.5,40.3878707,-3.629144,CB:AA:BC:3F:36:A5,SCKS,-0.035156,1.015626,-0.035156,-17.92,17.92,53.760002,0.074752,0.756864,-0.2336,335,535,479,1.016842200416564
2024-04-25 14:16:51.109000+00:00,2024-04-25 14:15:30+00:00,2024-04-25 14:17:30+00:00,TABUENCA01-45,Sensoria-C1-E90A,Left,Gait,1.0.5,40.3878707,-3.629144,F0:75:B1:51:59:F6,SCKS,0.5,2.406249,-0.125,1.12,36.959999,413.279999,0.383104,0.691456,-0.252288,701,536,688,2.460824912504138
2024-04-25 14:16:51.117000+00:00,2024-04-25 14:15:30+00:00,2024-04-25 14:17:30+00:00,TABUENCA01-45,Sensoria-C1-EEA1,Right,Gait,1.0.5,40.3878707,-3.629144,CB:AA:BC:3F:36:A5,SCKS,-0.011719,0.996094,0.007813,-19.040001,15.68,60.48,0.074752,0.756864,-0.252288,317,515,502,0.9961935729395166
2024-04-25 14:16:51.133000+00:00,2024-04-25 14:15:30+00:00,2024-04-25 14:17:30+00:00,TABUENCA01-45,Sensoria-C1-EEA1,Right,Gait,1.0.5,40.3878707,-3.629144,CB:AA:BC:3F:36:A5,SCKS,0.011719,1.039063,0.019531,-17.92,10.08,67.199997,0.084096,0.756864,-0.2336,298,494,529,1.0393126155738706
2024-04-25 14:16:51.141000+00:00,2024-04-25 14:15:30+00:00,2024-04-25 14:17:30+00:00,TABUENCA01-45,Sensoria-C1-E90A,Left,Gait,1.0.5,40.3878707,-3.629144,F0:75:B1:51:59:F6,SCKS,-0.15625,3.093748,-0.03125,22.4,118.720001,423.360016,0.439168,0.635392,-0.261632,702,537,687,3.0978488201498795
2024-04-25 14:16:51.166000+00:00,2024-04-25 14:15:30+00:00,2024-04-25 14:17:30+00:00,TABUENCA01-45,Sensoria-C1-EEA1,Right,Gait,1.0.5,40.3878707,-3.629144,CB:AA:BC:3F:36:A5,SCKS,-0.011719,1.070313,0.03125,-19.040001,5.6,72.800003,0.084096,0.756864,-0.2336,277,472,562,1.0708332341826154
2024-04-25 14:16:51.173000+00:00,2024-04-25 14:15:30+00:00,2024-04-25 14:17:30+00:00,TABUENCA01-45,Sensoria-C1-E90A,Left,Gait,1.0.5,40.3878707,-3.629144,F0:75:B1:51:59:F6,SCKS,-1.031249,2.999998,-0.9375,-11.2,105.279999,396.480011,0.485888,0.569984,-0.270976,702,538,689,3.3079251427450713
2024-04-25 14:16:51.182000+00:00,2024-04-25 14:15:30+00:00,2024-04-25 14:17:30+00:00,TABUENCA01-45,Sensoria-C1-EEA1,Right,Gait,1.0.5,40.3878707,-3.629144,CB:AA:BC:3F:36:A5,SCKS,-0.035156,1.128907,0.078125,-13.440001,-3.36,81.760002,0.102784,0.766208,-0.242944,261,451,600,1.1321530261453177
2024-04-25 14:16:51.198000+00:00,2024-04-25 14:15:30+00:00,2024-04-25 14:17:30+00:00,TABUENCA01-45,Sensoria-C1-EEA1,Right,Gait,1.0.5,40.3878707,-3.629144,CB:AA:BC:3F:36:A5,SCKS,-0.078125,1.183595,0.097656,-7.84,-14.56,94.080002,0.112128,0.775552,-0.261632,244,436,634,1.1901837395906567
2024-04-25 14:16:51.206000+00:00,2024-04-25 14:15:30+00:00,2024-04-25 14:17:30+00:00,TABUENCA01-45,Sensoria-C1-E90A,Left,Gait,1.0.5,40.3878707,-3.629144,F0:75:B1:51:59:F6,SCKS,-3.437498,1.624999,-0.6875,16.799999,88.480003,232.960007,0.51392,0.51392,-0.299008,698,535,693,3.8638931791659306
2024-04-25 14:16:51.214000+00:00,2024-04-25 14:15:30+00:00,2024-04-25 14:17:30+00:00,TABUENCA01-45,Sensoria-C1-EEA1,Right,Gait,1.0.5,40.3878707,-3.629144,CB:AA:BC:3F:36:A5,SCKS,-0.101563,1.277345,0.148438,-3.36,-28.0,108.639999,0.121472,0.784896,-0.242944,229,425,662,1.2899453987816694
2024-04-25 14:16:51.238000+00:00,2024-04-25 14:15:30+00:00,2024-04-25 14:17:30+00:00,TABUENCA01-45,Sensoria-C1-E90A,Left,Gait,1.0.5,40.3878707,-3.629144,F0:75:B1:51:59:F6,SCKS,-3.593748,1.499999,-0.4375,32.48,-50.400002,21.280001,0.523264,0.4672,-0.299008,696,535,699,3.918727846827973
2024-04-25 14:16:51.247000+00:00,2024-04-25 14:15:30+00:00,2024-04-25 14:17:30+00:00,TABUENCA01-45,Sensoria-C1-EEA1,Right,Gait,1.0.5,40.3878707,-3.629144,CB:AA:BC:3F:36:A5,SCKS,-0.140625,1.38672,-0.015625,-4.48,-44.799999,127.68,0.14016,0.784896,-0.252288,219,418,682,1.3939196137690293
2024-04-25 14:16:51.263000+00:00,2024-04-25 14:15:30+00:00,2024-04-25 14:17:30+00:00,TABUENCA01-45,Sensoria-C1-EEA1,Right,Gait,1.0.5,40.3878707,-3.629144,CB:AA:BC:3F:36:A5,SCKS,-0.09375,1.503907,-0.253906,-16.799999,-39.200001,147.839996,0.14016,0.784896,-0.252288,210,418,689,1.5280685796079314
2024-04-25 14:16:51.270000+00:00,2024-04-25 14:15:30+00:00,2024-04-25 14:17:30+00:00,TABUENCA01-45,Sensoria-C1-E90A,Left,Gait,1.0.5,40.3878707,-3.629144,F0:75:B1:51:59:F6,SCKS,2.968748,1.374999,0.3125,26.880001,71.68,-144.479996,0.51392,0.495232,-0.289664,693,535,691,3.286600551862821
2024-04-25 14:16:51.279000+00:00,2024-04-25 14:15:30+00:00,2024-04-25 14:17:30+00:00,TABUENCA01-45,Sensoria-C1-EEA1,Right,Gait,1.0.5,40.3878707,-3.629144,CB:AA:BC:3F:36:A5,SCKS,-0.257813,1.753908,-0.0625,-26.880001,-8.96,166.880005,0.168192,0.79424,-0.261632,205,431,698,1.7738565515376377
2024-04-25 14:16:51.296000+00:00,2024-04-25 14:15:30+00:00,2024-04-25 14:17:30+00:00,TABUENCA01-45,Sensoria-C1-EEA1,Right,Gait,1.0.5,40.3878707,-3.629144,CB:AA:BC:3F:36:A5,SCKS,-0.781251,1.996095,0.421875,-42.560001,40.32,203.839996,0.196224,0.803584,-0.261632,213,453,700,2.184657156089028
2024-04-25 14:16:51.303000+00:00,2024-04-25 14:15:30+00:00,2024-04-25 14:17:30+00:00,TABUENCA01-45,Sensoria-C1-E90A,Left,Gait,1.0.5,40.3878707,-3.629144,F0:75:B1:51:59:F6,SCKS,-0.46875,1.906249,-0.03125,84.0,72.800003,-232.960007,0.476544,0.569984,-0.336384,698,542,590,1.9632850977382272
2024-04-25 14:16:51.328000+00:00,2024-04-25 14:15:30+00:00,2024-04-25 14:17:30+00:00,TABUENCA01-45,Sensoria-C1-EEA1,Right,Gait,1.0.5,40.3878707,-3.629144,CB:AA:BC:3F:36:A5,SCKS,-1.132813,1.996095,0.386719,-59.360001,68.32,236.320007,0.2336,0.803584,-0.270976,233,474,701,2.327490521345898
2024-04-25 14:16:51.345000+00:00,2024-04-25 14:15:30+00:00,2024-04-25 14:17:30+00:00,TABUENCA01-45,Sensoria-C1-EEA1,Right,Gait,1.0.5,40.3878707,-3.629144,CB:AA:BC:3F:36:A5,SCKS,-0.5,1.996095,-0.273438,-34.720001,12.32,277.76001,0.289664,0.812928,-0.261632,268,513,701,2.0758524968959136
2024-04-25 14:16:51.352000+00:00,2024-04-25 14:15:30+00:00,2024-04-25 14:17:30+00:00,TABUENCA01-45,Sensoria-C1-E90A,Left,Gait,1.0.5,40.3878707,-3.629144,F0:75:B1:51:59:F6,SCKS,-0.75,1.749999,-0.5625,104.160004,14.56,-185.919998,0.457856,0.598016,-0.32704,698,545,449,1.98529664030366
2024-04-25 14:16:51.360000+00:00,2024-04-25 14:15:30+00:00,2024-04-25 14:17:30+00:00,TABUENCA01-45,Sensoria-C1-EEA1,Right,Gait,1.0.5,40.3878707,-3.629144,CB:AA:BC:3F:36:A5,SCKS,-0.828126,1.996095,-0.730469,-20.16,-39.200001,306.880005,0.336384,0.812928,-0.28032,324,571,699,2.2811779590514196
2024-04-25 14:16:51.368000+00:00,2024-04-25 14:15:30+00:00,2024-04-25 14:17:30+00:00,TABUENCA01-45,Sensoria-C1-E90A,Left,Gait,1.0.5,40.3878707,-3.629144,F0:75:B1:51:59:F6,SCKS,-0.34375,1.124999,-0.28125,79.519997,-30.24,-160.160004,0.429824,0.635392,-0.317696,685,553,379,1.2094992248864818
2024-04-25 14:16:51.377000+00:00,2024-04-25 14:15:30+00:00,2024-04-25 14:17:30+00:00,TABUENCA01-45,Sensoria-C1-EEA1,Right,Gait,1.0.5,40.3878707,-3.629144,CB:AA:BC:3F:36:A5,SCKS,-0.640625,1.26172,-0.589844,13.440001,-71.68,313.600006,0.392448,0.79424,-0.270976,389,630,699,1.5330537150931796
2024-04-25 14:16:51.384000+00:00,2024-04-25 14:15:30+00:00,2024-04-25 14:17:30+00:00,TABUENCA01-45,Sensoria-C1-E90A,Left,Gait,1.0.5,40.3878707,-3.629144,F0:75:B1:51:59:F6,SCKS,0.0625,0.999999,-0.25,43.68,-48.16,-85.120003,0.42048,0.65408,-0.299008,662,544,348,1.032668509252122
2024-04-25 14:16:51.394000+00:00,2024-04-25 14:15:30+00:00,2024-04-25 14:17:30+00:00,TABUENCA01-45,Sensoria-C1-EEA1,Right,Gait,1.0.5,40.3878707,-3.629144,CB:AA:BC:3F:36:A5,SCKS,-0.320313,0.5625,-0.546875,24.639999,-25.76,224.0,0.392448,0.79424,-0.270976,441,667,698,0.8473953820938606
2024-04-25 14:16:51.417000+00:00,2024-04-25 14:15:30+00:00,2024-04-25 14:17:30+00:00,TABUENCA01-45,Sensoria-C1-E90A,Left,Gait,1.0.5,40.3878707,-3.629144,F0:75:B1:51:59:F6,SCKS,0.125,0.999999,-0.0625,15.68,-38.080002,-31.360001,0.411136,0.663424,-0.289664,639,528,333,1.009717410962592
2024-04-25 14:16:51.426000+00:00,2024-04-25 14:15:30+00:00,2024-04-25 14:17:30+00:00,TABUENCA01-45,Sensoria-C1-EEA1,Right,Gait,1.0.5,40.3878707,-3.629144,CB:AA:BC:3F:36:A5,SCKS,0.636719,0.800782,-0.691407,17.92,78.400002,144.479996,0.42048,0.803584,-0.261632,467,689,695,1.2347900777597784
2024-04-25 14:16:51.442000+00:00,2024-04-25 14:15:30+00:00,2024-04-25 14:17:30+00:00,TABUENCA01-45,Sensoria-C1-EEA1,Right,Gait,1.0.5,40.3878707,-3.629144,CB:AA:BC:3F:36:A5,SCKS,-1.406251,0.316406,-0.503907,-11.2,166.880005,-3.36,0.439168,0.79424,-0.270976,481,699,694,1.5269501945007897
2024-04-25 14:16:51.449000+00:00,2024-04-25 14:15:30+00:00,2024-04-25 14:17:30+00:00,TABUENCA01-45,Sensoria-C1-E90A,Left,Gait,1.0.5,40.3878707,-3.629144,F0:75:B1:51:59:F6,SCKS,0.15625,0.999999,-0.125,4.48,-32.48,-21.280001,0.392448,0.672768,-0.28032,620,508,336,1.019822073942803
2024-04-25 14:16:51.458000+00:00,2024-04-25 14:15:30+00:00,2024-04-25 14:17:30+00:00,TABUENCA01-45,Sensoria-C1-EEA1,Right,Gait,1.0.5,40.3878707,-3.629144,CB:AA:BC:3F:36:A5,SCKS,-1.156251,0.144531,-0.09375,-33.599998,112.0,-59.360001,0.429824,0.79424,-0.289664,487,706,692,1.1690143914691555
2024-04-25 14:16:51.474000+00:00,2024-04-25 14:15:30+00:00,2024-04-25 14:17:30+00:00,TABUENCA01-45,Sensoria-C1-EEA1,Right,Gait,1.0.5,40.3878707,-3.629144,CB:AA:BC:3F:36:A5,SCKS,-0.496094,-0.199219,0.035156,3.36,42.560001,-89.599998,0.411136,0.803584,-0.289664,489,709,692,0.5357549917014306
2024-04-25 14:16:51.482000+00:00,2024-04-25 14:15:30+00:00,2024-04-25 14:17:30+00:00,TABUENCA01-45,Sensoria-C1-E90A,Left,Gait,1.0.5,40.3878707,-3.629144,F0:75:B1:51:59:F6,SCKS,0.1875,0.968749,-0.1875,0.0,-28.0,-21.280001,0.392448,0.682112,-0.28032,606,494,359,1.0043839529786407
2024-04-25 14:16:51.507000+00:00,2024-04-25 14:15:30+00:00,2024-04-25 14:17:30+00:00,TABUENCA01-45,Sensoria-C1-EEA1,Right,Gait,1.0.5,40.3878707,-3.629144,CB:AA:BC:3F:36:A5,SCKS,-0.539063,0.042969,-0.070313,45.920002,15.68,-173.600006,0.411136,0.803584,-0.289664,490,707,691,0.5453248306275811
2024-04-25 14:16:51.514000+00:00,2024-04-25 14:15:30+00:00,2024-04-25 14:17:30+00:00,TABUENCA01-45,Sensoria-C1-E90A,Left,Gait,1.0.5,40.3878707,-3.629144,F0:75:B1:51:59:F6,SCKS,0.15625,0.9375,-0.25,-5.6,-41.439999,-30.24,0.383104,0.691456,-0.28032,589,482,401,0.9827615745947742
2024-04-25 14:16:51.523000+00:00,2024-04-25 14:15:30+00:00,2024-04-25 14:17:30+00:00,TABUENCA01-45,Sensoria-C1-EEA1,Right,Gait,1.0.5,40.3878707,-3.629144,CB:AA:BC:3F:36:A5,SCKS,-0.652344,0.28125,-0.0625,42.560001,0.0,-221.759995,0.383104,0.803584,-0.270976,492,708,689,0.7131342838736615
2024-04-25 14:16:51.539000+00:00,2024-04-25 14:15:30+00:00,2024-04-25 14:17:30+00:00,TABUENCA01-45,Sensoria-C1-EEA1,Right,Gait,1.0.5,40.3878707,-3.629144,CB:AA:BC:3F:36:A5,SCKS,-0.5625,0.375,0.046875,45.920002,-26.880001,-263.200012,0.336384,0.812928,-0.270976,490,708,687,0.677664013818795
2024-04-25 14:16:51.547000+00:00,2024-04-25 14:15:30+00:00,2024-04-25 14:17:30+00:00,TABUENCA01-45,Sensoria-C1-E90A,Left,Gait,1.0.5,40.3878707,-3.629144,F0:75:B1:51:59:F6,SCKS,0.09375,0.9375,-0.125,1.12,-51.52,-30.24,0.383104,0.691456,-0.270976,573,465,450,0.9504316453590969
2024-04-25 14:16:51.556000+00:00,2024-04-25 14:15:30+00:00,2024-04-25 14:17:30+00:00,TABUENCA01-45,Sensoria-C1-EEA1,Right,Gait,1.0.5,40.3878707,-3.629144,CB:AA:BC:3F:36:A5,SCKS,-0.492188,0.578125,0.089844,52.639999,-47.040001,-295.679993,0.289664,0.812928,-0.252288,490,708,689,0.7645583609542178
2024-04-25 14:16:51.573000+00:00,2024-04-25 14:15:30+00:00,2024-04-25 14:17:30+00:00,TABUENCA01-45,Sensoria-C1-EEA1,Right,Gait,1.0.5,40.3878707,-3.629144,CB:AA:BC:3F:36:A5,SCKS,-0.480469,0.855469,0.089844,51.52,-53.760002,-325.920013,0.224256,0.812928,-0.252288,490,705,688,0.9852662656652769
2024-04-25 14:16:51.580000+00:00,2024-04-25 14:15:30+00:00,2024-04-25 14:17:30+00:00,TABUENCA01-45,Sensoria-C1-E90A,Left,Gait,1.0.5,40.3878707,-3.629144,F0:75:B1:51:59:F6,SCKS,0.09375,0.9375,-0.1875,8.96,-57.119999,-29.120001,0.37376,0.691456,-0.261632,557,448,498,0.9606516343087124
2024-04-25 14:16:51.605000+00:00,2024-04-25 14:15:30+00:00,2024-04-25 14:17:30+00:00,TABUENCA01-45,Sensoria-C1-EEA1,Right,Gait,1.0.5,40.3878707,-3.629144,CB:AA:BC:3F:36:A5,SCKS,-0.445313,1.160157,0.09375,42.560001,-53.760002,-353.920013,0.224256,0.812928,-0.252288,489,706,687,1.2462170738350522
2024-04-25 14:16:51.612000+00:00,2024-04-25 14:15:30+00:00,2024-04-25 14:17:30+00:00,TABUENCA01-45,Sensoria-C1-E90A,Left,Gait,1.0.5,40.3878707,-3.629144,F0:75:B1:51:59:F6,SCKS,0.09375,0.9375,-0.1875,3.36,-47.040001,-33.599998,0.364416,0.7008,-0.252288,531,415,556,0.9606516343087124
2024-04-25 14:16:51.621000+00:00,2024-04-25 14:15:30+00:00,2024-04-25 14:17:30+00:00,TABUENCA01-45,Sensoria-C1-EEA1,Right,Gait,1.0.5,40.3878707,-3.629144,CB:AA:BC:3F:36:A5,SCKS,-0.457032,1.550782,0.097656,28.0,-41.439999,-377.440002,0.158848,0.79424,-0.261632,490,704,687,1.619672730795947
2024-04-25 14:16:51.637000+00:00,2024-04-25 14:15:30+00:00,2024-04-25 14:17:30+00:00,TABUENCA01-45,Sensoria-C1-EEA1,Right,Gait,1.0.5,40.3878707,-3.629144,CB:AA:BC:3F:36:A5,SCKS,-0.480469,1.996095,0.136719,2.24,-6.72,-387.519989,0.09344,0.766208,-0.2336,490,702,685,2.0576534678966234
2024-04-25 14:16:51.645000+00:00,2024-04-25 14:15:30+00:00,2024-04-25 14:17:30+00:00,TABUENCA01-45,Sensoria-C1-E90A,Left,Gait,1.0.5,40.3878707,-3.629144,F0:75:B1:51:59:F6,SCKS,0.03125,0.9375,-0.15625,1.12,-38.080002,-40.32,0.364416,0.710144,-0.242944,509,391,582,0.9509452534189337
2024-04-25 14:16:51.654000+00:00,2024-04-25 14:15:30+00:00,2024-04-25 14:17:30+00:00,TABUENCA01-45,Sensoria-C1-EEA1,Right,Gait,1.0.5,40.3878707,-3.629144,CB:AA:BC:3F:36:A5,SCKS,-0.296875,1.996095,0.183594,4.48,3.36,-386.399994,0.037376,0.719488,-0.252288,490,704,686,2.0263851488515208
2024-04-25 14:16:51.677000+00:00,2024-04-25 14:15:30+00:00,2024-04-25 14:17:30+00:00,TABUENCA01-45,Sensoria-C1-E90A,Left,Gait,1.0.5,40.3878707,-3.629144,F0:75:B1:51:59:F6,SCKS,0.0,0.968749,-0.15625,1.12,-31.360001,-44.799999,0.345728,0.719488,-0.252288,485,361,604,0.981268917015616
2024-04-25 14:16:51.686000+00:00,2024-04-25 14:15:30+00:00,2024-04-25 14:17:30+00:00,TABUENCA01-45,Sensoria-C1-EEA1,Right,Gait,1.0.5,40.3878707,-3.629144,CB:AA:BC:3F:36:A5,SCKS,0.269531,1.996095,-0.191406,38.080002,-30.24,-386.399994,-0.009344,0.672768,-0.252288,488,704,686,2.023284079367502
2024-04-25 14:16:51.702000+00:00,2024-04-25 14:15:30+00:00,2024-04-25 14:17:30+00:00,TABUENCA01-45,Sensoria-C1-EEA1,Right,Gait,1.0.5,40.3878707,-3.629144,CB:AA:BC:3F:36:A5,SCKS,1.13672,1.996095,-0.082031,28.0,-12.32,-380.799988,-0.056064,0.626048,-0.242944,490,704,686,2.298533596096868
2024-04-25 14:16:51.710000+00:00,2024-04-25 14:15:30+00:00,2024-04-25 14:17:30+00:00,TABUENCA01-45,Sensoria-C1-E90A,Left,Gait,1.0.5,40.3878707,-3.629144,F0:75:B1:51:59:F6,SCKS,0.0,1.031249,-0.15625,-4.48,-31.360001,-50.400002,0.336384,0.728832,-0.2336,459,332,626,1.0430189655519213
2024-04-25 14:16:51.719000+00:00,2024-04-25 14:15:30+00:00,2024-04-25 14:17:30+00:00,TABUENCA01-45,Sensoria-C1-EEA1,Right,Gait,1.0.5,40.3878707,-3.629144,CB:AA:BC:3F:36:A5,SCKS,1.996095,1.996095,-0.5625,43.68,-1.12,-347.200012,-0.056064,0.626048,-0.242944,488,705,686,2.8784017697413264
2024-04-25 14:16:51.726000+00:00,2024-04-25 14:15:30+00:00,2024-04-25 14:17:30+00:00,TABUENCA01-45,Sensoria-C1-E90A,Left,Gait,1.0.5,40.3878707,-3.629144,F0:75:B1:51:59:F6,SCKS,0.09375,1.093749,-0.09375,-7.84,-33.599998,-67.199997,0.32704,0.738176,-0.2336,432,305,653,1.1017554175047202
2024-04-25 14:16:51.751000+00:00,2024-04-25 14:15:30+00:00,2024-04-25 14:17:30+00:00,TABUENCA01-45,Sensoria-C1-EEA1,Right,Gait,1.0.5,40.3878707,-3.629144,CB:AA:BC:3F:36:A5,SCKS,1.996095,1.582032,0.175781,53.760002,49.279999,-218.399994,-0.074752,0.579328,-0.242944,488,704,687,2.5530608018631282
2024-04-25 14:16:51.758000+00:00,2024-04-25 14:15:30+00:00,2024-04-25 14:17:30+00:00,TABUENCA01-45,Sensoria-C1-E90A,Left,Gait,1.0.5,40.3878707,-3.629144,F0:75:B1:51:59:F6,SCKS,0.125,1.218749,-0.03125,-6.72,-24.639999,-90.720001,0.308352,0.74752,-0.2336,409,283,672,1.2255409774874932
2024-04-25 14:16:51.768000+00:00,2024-04-25 14:15:30+00:00,2024-04-25 14:17:30+00:00,TABUENCA01-45,Sensoria-C1-EEA1,Right,Gait,1.0.5,40.3878707,-3.629144,CB:AA:BC:3F:36:A5,SCKS,1.996095,1.820314,0.363282,58.240002,61.599998,-122.080002,-0.084096,0.551296,-0.224256,487,706,690,2.725786513860724
2024-04-25 14:16:51.783000+00:00,2024-04-25 14:15:30+00:00,2024-04-25 14:17:30+00:00,TABUENCA01-45,Sensoria-C1-EEA1,Right,Gait,1.0.5,40.3878707,-3.629144,CB:AA:BC:3F:36:A5,SCKS,1.621095,1.996095,0.875001,2.24,23.52,44.799999,-0.074752,0.551296,-0.224256,487,706,692,2.7162420728003975
2024-04-25 14:16:51.791000+00:00,2024-04-25 14:15:30+00:00,2024-04-25 14:17:30+00:00,TABUENCA01-45,Sensoria-C1-E90A,Left,Gait,1.0.5,40.3878707,-3.629144,F0:75:B1:51:59:F6,SCKS,0.1875,1.374999,-0.1875,2.24,-8.96,-120.959999,0.289664,0.756864,-0.2336,388,272,685,1.4003337994924638
2024-04-25 14:16:51.800000+00:00,2024-04-25 14:15:30+00:00,2024-04-25 14:17:30+00:00,TABUENCA01-45,Sensoria-C1-EEA1,Right,Gait,1.0.5,40.3878707,-3.629144,CB:AA:BC:3F:36:A5,SCKS,-0.578125,0.910157,-0.003906,24.639999,-127.68,104.160004,-0.074752,0.569984,-0.252288,487,704,679,1.0782530023654002
2024-04-25 14:16:51.816000+00:00,2024-04-25 14:15:30+00:00,2024-04-25 14:17:30+00:00,TABUENCA01-45,Sensoria-C1-EEA1,Right,Gait,1.0.5,40.3878707,-3.629144,CB:AA:BC:3F:36:A5,SCKS,0.921876,1.19922,1.429689,66.080002,-211.680008,244.160004,-0.074752,0.569984,-0.252288,495,708,642,2.081344422361902
2024-04-25 14:16:51.823000+00:00,2024-04-25 14:15:30+00:00,2024-04-25 14:17:30+00:00,TABUENCA01-45,Sensoria-C1-E90A,Left,Gait,1.0.5,40.3878707,-3.629144,F0:75:B1:51:59:F6,SCKS,0.28125,1.656249,-0.15625,-3.36,-13.440001,-150.080002,0.2336,0.775552,-0.224256,387,284,688,1.6872096416868299
2024-04-25 14:16:51.832000+00:00,2024-04-25 14:15:30+00:00,2024-04-25 14:17:30+00:00,TABUENCA01-45,Sensoria-C1-EEA1,Right,Gait,1.0.5,40.3878707,-3.629144,CB:AA:BC:3F:36:A5,SCKS,0.609375,1.996095,0.101563,73.919998,-109.760002,236.320007,-0.074752,0.60736,-0.28032,502,711,567,2.0895090769410407
2024-04-25 14:16:51.856000+00:00,2024-04-25 14:15:30+00:00,2024-04-25 14:17:30+00:00,TABUENCA01-45,Sensoria-C1-E90A,Left,Gait,1.0.5,40.3878707,-3.629144,F0:75:B1:51:59:F6,SCKS,0.6875,2.218749,0.0,-11.2,-16.799999,-191.520004,0.196224,0.79424,-0.2336,433,343,689,2.322822286573168
2024-04-25 14:16:51.865000+00:00,2024-04-25 14:15:30+00:00,2024-04-25 14:17:30+00:00,TABUENCA01-45,Sensoria-C1-EEA1,Right,Gait,1.0.5,40.3878707,-3.629144,CB:AA:BC:3F:36:A5,SCKS,0.496094,1.558595,-0.503907,58.240002,25.76,224.0,-0.056064,0.644736,-0.270976,507,715,474,1.7115051549761688
2024-04-25 14:16:51.881000+00:00,2024-04-25 14:15:30+00:00,2024-04-25 14:17:30+00:00,TABUENCA01-45,Sensoria-C1-EEA1,Right,Gait,1.0.5,40.3878707,-3.629144,CB:AA:BC:3F:36:A5,SCKS,0.535157,1.550782,-0.019531,12.32,13.440001,196.0,-0.037376,0.672768,-0.270976,505,716,408,1.6406399014207842
2024-04-25 14:16:51.888000+00:00,2024-04-25 14:15:30+00:00,2024-04-25 14:17:30+00:00,TABUENCA01-45,Sensoria-C1-E90A,Left,Gait,1.0.5,40.3878707,-3.629144,F0:75:B1:51:59:F6,SCKS,1.156249,2.343749,-0.09375,-38.080002,-60.48,-204.960007,0.168192,0.803584,-0.224256,506,399,688,2.615121447945009
2024-04-25 14:16:51.897000+00:00,2024-04-25 14:15:30+00:00,2024-04-25 14:17:30+00:00,TABUENCA01-45,Sensoria-C1-EEA1,Right,Gait,1.0.5,40.3878707,-3.629144,CB:AA:BC:3F:36:A5,SCKS,0.039063,0.640625,-0.195313,10.08,45.920002,151.199997,-0.018688,0.691456,-0.252288,495,718,374,0.6708751572110865
2024-04-25 14:16:51.913000+00:00,2024-04-25 14:15:30+00:00,2024-04-25 14:17:30+00:00,TABUENCA01-45,Sensoria-C1-EEA1,Right,Gait,1.0.5,40.3878707,-3.629144,CB:AA:BC:3F:36:A5,SCKS,0.070313,0.992188,-0.003906,-7.84,43.68,124.32,-0.018688,0.691456,-0.252288,478,719,351,0.9946839709922946
2024-04-25 14:16:51.920000+00:00,2024-04-25 14:15:30+00:00,2024-04-25 14:17:30+00:00,TABUENCA01-45,Sensoria-C1-E90A,Left,Gait,1.0.5,40.3878707,-3.629144,F0:75:B1:51:59:F6,SCKS,0.71875,2.124999,-0.968749,-15.68,-53.760002,-269.920013,0.112128,0.803584,-0.242944,570,460,693,2.4435009591776304
2024-04-25 14:16:51.945000+00:00,2024-04-25 14:15:30+00:00,2024-04-25 14:17:30+00:00,TABUENCA01-45,Sensoria-C1-EEA1,Right,Gait,1.0.5,40.3878707,-3.629144,CB:AA:BC:3F:36:A5,SCKS,-0.101563,0.937501,-0.125,-13.440001,31.360001,85.120003,0.0,0.710144,-0.252288,465,711,341,0.9512350750314036
2024-04-25 14:16:51.953000+00:00,2024-04-25 14:15:30+00:00,2024-04-25 14:17:30+00:00,TABUENCA01-45,Sensoria-C1-E90A,Left,Gait,1.0.5,40.3878707,-3.629144,F0:75:B1:51:59:F6,SCKS,0.84375,0.4375,-0.375,12.32,16.799999,-191.520004,0.018688,0.803584,-0.252288,659,531,697,1.0217364202669885
2024-04-25 14:16:51.962000+00:00,2024-04-25 14:15:30+00:00,2024-04-25 14:17:30+00:00,TABUENCA01-45,Sensoria-C1-EEA1,Right,Gait,1.0.5,40.3878707,-3.629144,CB:AA:BC:3F:36:A5,SCKS,-0.0625,0.960938,0.082031,-13.440001,15.68,61.599998,0.009344,0.710144,-0.252288,452,699,335,0.9664559869983733
2024-04-25 14:16:51.978000+00:00,2024-04-25 14:15:30+00:00,2024-04-25 14:17:30+00:00,TABUENCA01-45,Sensoria-C1-EEA1,Right,Gait,1.0.5,40.3878707,-3.629144,CB:AA:BC:3F:36:A5,SCKS,-0.085938,1.019532,0.070313,-2.24,6.72,43.68,0.018688,0.719488,-0.261632,445,690,333,1.0255607036333834
2024-04-25 14:16:51.986000+00:00,2024-04-25 14:15:30+00:00,2024-04-25 14:17:30+00:00,TABUENCA01-45,Sensoria-C1-E90A,Left,Gait,1.0.5,40.3878707,-3.629144,F0:75:B1:51:59:F6,SCKS,-0.1875,0.5,-0.4375,25.76,-122.080002,-68.32,0.0,0.79424,-0.2336,686,541,697,0.6903350635742038
2024-04-25 14:16:51.994000+00:00,2024-04-25 14:15:30+00:00,2024-04-25 14:17:30+00:00,TABUENCA01-45,Sensoria-C1-EEA1,Right,Gait,1.0.5,40.3878707,-3.629144,CB:AA:BC:3F:36:A5,SCKS,-0.113281,1.003907,-0.046875,0.0,7.84,32.48,0.018688,0.719488,-0.242944,437,680,333,1.0113649762746386
2024-04-25 14:16:52.027000+00:00,2024-04-25 14:15:30+00:00,2024-04-25 14:17:30+00:00,TABUENCA01-45,Sensoria-C1-EEA1,Right,Gait,1.0.5,40.3878707,-3.629144,CB:AA:BC:3F:36:A5,SCKS,-0.191406,0.976563,0.019531,-2.24,10.08,26.880001,0.018688,0.719488,-0.242944,432,674,342,0.9953356266938304
2024-04-25 14:16:52.043000+00:00,2024-04-25 14:15:30+00:00,2024-04-25 14:17:30+00:00,TABUENCA01-45,Sensoria-C1-EEA1,Right,Gait,1.0.5,40.3878707,-3.629144,CB:AA:BC:3F:36:A5,SCKS,-0.183594,0.996094,-0.207031,-1.12,6.72,34.720001,0.018688,0.719488,-0.242944,425,668,354,1.0338142234623202
2024-04-25 14:16:52.051000+00:00,2024-04-25 14:15:30+00:00,2024-04-25 14:17:30+00:00,TABUENCA01-45,Sensoria-C1-E90A,Left,Gait,1.0.5,40.3878707,-3.629144,F0:75:B1:51:59:F6,SCKS,0.375,-0.03125,0.0625,-10.08,22.4,163.520004,0.018688,0.803584,-0.242944,699,542,694,0.3814548629916782
2024-04-25 14:16:52.060000+00:00,2024-04-25 14:15:30+00:00,2024-04-25 14:17:30+00:00,TABUENCA01-45,Sensoria-C1-EEA1,Right,Gait,1.0.5,40.3878707,-3.629144,CB:AA:BC:3F:36:A5,SCKS,-0.128906,0.949219,-0.175781,-11.2,17.92,41.439999,0.028032,0.728832,-0.252288,417,663,368,0.9739262943149241
2024-04-25 14:16:52.076000+00:00,2024-04-25 14:15:30+00:00,2024-04-25 14:17:30+00:00,TABUENCA01-45,Sensoria-C1-EEA1,Right,Gait,1.0.5,40.3878707,-3.629144,CB:AA:BC:3F:36:A5,SCKS,-0.097656,0.957032,-0.050781,-14.56,26.880001,43.68,0.028032,0.728832,-0.261632,408,658,386,0.9633408811635682
2024-04-25 14:16:52.083000+00:00,2024-04-25 14:15:30+00:00,2024-04-25 14:17:30+00:00,TABUENCA01-45,Sensoria-C1-E90A,Left,Gait,1.0.5,40.3878707,-3.629144,F0:75:B1:51:59:F6,SCKS,0.40625,0.15625,-0.0625,-4.48,17.92,227.360001,0.04672,0.803584,-0.252288,701,542,692,0.4397264774834465
2024-04-25 14:16:52.092000+00:00,2024-04-25 14:15:30+00:00,2024-04-25 14:17:30+00:00,TABUENCA01-45,Sensoria-C1-EEA1,Right,Gait,1.0.5,40.3878707,-3.629144,CB:AA:BC:3F:36:A5,SCKS,-0.105469,0.957032,0.023438,-7.84,28.0,45.920002,0.04672,0.728832,-0.242944,396,648,401,0.9631112598391735
2024-04-25 14:16:52.116000+00:00,2024-04-25 14:15:30+00:00,2024-04-25 14:17:30+00:00,TABUENCA01-45,Sensoria-C1-E90A,Left,Gait,1.0.5,40.3878707,-3.629144,F0:75:B1:51:59:F6,SCKS,0.34375,0.59375,-0.21875,2.24,34.720001,285.600006,0.130816,0.803584,-0.242944,701,539,689,0.7201074138626821
2024-04-25 14:16:52.124000+00:00,2024-04-25 14:15:30+00:00,2024-04-25 14:17:30+00:00,TABUENCA01-45,Sensoria-C1-EEA1,Right,Gait,1.0.5,40.3878707,-3.629144,CB:AA:BC:3F:36:A5,SCKS,-0.074219,0.960938,-0.054688,-1.12,23.52,50.400002,0.04672,0.728832,-0.242944,383,638,413,0.9653502354839926
2024-04-25 14:16:52.132000+00:00,2024-04-25 14:15:30+00:00,2024-04-25 14:17:30+00:00,TABUENCA01-45,Sensoria-C1-E90A,Left,Gait,1.0.5,40.3878707,-3.629144,F0:75:B1:51:59:F6,SCKS,0.28125,0.90625,-0.15625,-6.72,54.880001,331.519989,0.18688,0.79424,-0.252288,701,537,688,0.9616676595893199
2024-04-25 14:16:52.141000+00:00,2024-04-25 14:15:30+00:00,2024-04-25 14:17:30+00:00,TABUENCA01-45,Sensoria-C1-EEA1,Right,Gait,1.0.5,40.3878707,-3.629144,CB:AA:BC:3F:36:A5,SCKS,-0.046875,0.960938,-0.0625,-2.24,16.799999,51.52,0.04672,0.728832,-0.242944,367,628,426,0.9641085807464841
2024-04-25 14:16:52.157000+00:00,2024-04-25 14:15:30+00:00,2024-04-25 14:17:30+00:00,TABUENCA01-45,Sensoria-C1-EEA1,Right,Gait,1.0.5,40.3878707,-3.629144,CB:AA:BC:3F:36:A5,SCKS,-0.03125,0.964844,-0.039063,-4.48,13.440001,51.52,0.056064,0.738176,-0.252288,354,614,438,0.9661399612918411
2024-04-25 14:16:52.164000+00:00,2024-04-25 14:15:30+00:00,2024-04-25 14:17:30+00:00,TABUENCA01-45,Sensoria-C1-E90A,Left,Gait,1.0.5,40.3878707,-3.629144,F0:75:B1:51:59:F6,SCKS,0.40625,1.406249,-0.21875,-11.2,59.360001,385.279999,0.317696,0.738176,-0.252288,701,538,687,1.48000907936438
2024-04-25 14:16:52.173000+00:00,2024-04-25 14:15:30+00:00,2024-04-25 14:17:30+00:00,TABUENCA01-45,Sensoria-C1-EEA1,Right,Gait,1.0.5,40.3878707,-3.629144,CB:AA:BC:3F:36:A5,SCKS,-0.058594,0.992188,-0.042969,-4.48,11.2,52.639999,0.065408,0.738176,-0.252288,338,599,450,0.9948450226748887
2024-04-25 14:16:52.197000+00:00,2024-04-25 14:15:30+00:00,2024-04-25 14:17:30+00:00,TABUENCA01-45,Sensoria-C1-E90A,Left,Gait,1.0.5,40.3878707,-3.629144,F0:75:B1:51:59:F6,SCKS,0.4375,2.187499,-0.25,-11.2,64.959999,415.519989,0.383104,0.691456,-0.270976,700,535,688,2.2447846500279263
2024-04-25 14:16:52.206000+00:00,2024-04-25 14:15:30+00:00,2024-04-25 14:17:30+00:00,TABUENCA01-45,Sensoria-C1-EEA1,Right,Gait,1.0.5,40.3878707,-3.629144,CB:AA:BC:3F:36:A5,SCKS,-0.023438,0.984376,-0.023438,-2.24,8.96,56.0,0.074752,0.738176,-0.2336,321,584,464,0.9849339008603571
2024-04-25 14:16:52.222000+00:00,2024-04-25 14:15:30+00:00,2024-04-25 14:17:30+00:00,TABUENCA01-45,Sensoria-C1-EEA1,Right,Gait,1.0.5,40.3878707,-3.629144,CB:AA:BC:3F:36:A5,SCKS,-0.023438,0.996094,-0.019531,-2.24,8.96,59.360001,0.074752,0.756864,-0.2336,304,567,482,0.9965611153567051
2024-04-25 14:16:52.230000+00:00,2024-04-25 14:15:30+00:00,2024-04-25 14:17:30+00:00,TABUENCA01-45,Sensoria-C1-E90A,Left,Gait,1.0.5,40.3878707,-3.629144,F0:75:B1:51:59:F6,SCKS,-0.09375,2.937498,-0.28125,10.08,119.840004,432.320007,0.439168,0.626048,-0.28032,699,536,687,2.9524202148413767
2024-04-25 14:16:52.238000+00:00,2024-04-25 14:15:30+00:00,2024-04-25 14:17:30+00:00,TABUENCA01-45,Sensoria-C1-EEA1,Right,Gait,1.0.5,40.3878707,-3.629144,CB:AA:BC:3F:36:A5,SCKS,-0.007813,1.054688,-0.023438,-1.12,6.72,64.959999,0.074752,0.756864,-0.2336,285,551,506,1.0549773268449898
2024-04-25 14:16:52.255000+00:00,2024-04-25 14:15:30+00:00,2024-04-25 14:17:30+00:00,TABUENCA01-45,Sensoria-C1-EEA1,Right,Gait,1.0.5,40.3878707,-3.629144,CB:AA:BC:3F:36:A5,SCKS,-0.023438,1.027344,0.070313,0.0,5.6,70.559998,0.084096,0.756864,-0.242944,266,531,540,1.0300140543453764
2024-04-25 14:16:52.262000+00:00,2024-04-25 14:15:30+00:00,2024-04-25 14:17:30+00:00,TABUENCA01-45,Sensoria-C1-E90A,Left,Gait,1.0.5,40.3878707,-3.629144,F0:75:B1:51:59:F6,SCKS,-1.156249,2.906248,-0.875,-24.639999,104.160004,375.200012,0.485888,0.569984,-0.299008,699,534,690,3.2478938079169093
2024-04-25 14:16:52.287000+00:00,2024-04-25 14:15:30+00:00,2024-04-25 14:17:30+00:00,TABUENCA01-45,Sensoria-C1-EEA1,Right,Gait,1.0.5,40.3878707,-3.629144,CB:AA:BC:3F:36:A5,SCKS,-0.085938,1.144532,-0.019531,5.6,-5.6,80.639999,0.09344,0.756864,-0.224256,248,512,582,1.147919987990888
2024-04-25 14:16:52.295000+00:00,2024-04-25 14:15:30+00:00,2024-04-25 14:17:30+00:00,TABUENCA01-45,Sensoria-C1-E90A,Left,Gait,1.0.5,40.3878707,-3.629144,F0:75:B1:51:59:F6,SCKS,-3.781248,1.374999,-0.65625,1.12,35.84,210.559998,0.504576,0.504576,-0.317696,697,535,691,4.0766558292312345
2024-04-25 14:16:52.320000+00:00,2024-04-25 14:15:30+00:00,2024-04-25 14:17:30+00:00,TABUENCA01-45,Sensoria-C1-EEA1,Right,Gait,1.0.5,40.3878707,-3.629144,CB:AA:BC:3F:36:A5,SCKS,-0.128906,1.277345,0.089844,11.2,-24.639999,115.360001,0.112128,0.766208,-0.2336,218,479,649,1.286972785336582
2024-04-25 14:16:52.327000+00:00,2024-04-25 14:15:30+00:00,2024-04-25 14:17:30+00:00,TABUENCA01-45,Sensoria-C1-E90A,Left,Gait,1.0.5,40.3878707,-3.629144,F0:75:B1:51:59:F6,SCKS,-3.124998,1.749999,-0.25,13.440001,-126.559998,-5.6,0.523264,0.4672,-0.308352,694,534,697,3.590349425892277
2024-04-25 14:16:52.336000+00:00,2024-04-25 14:15:30+00:00,2024-04-25 14:17:30+00:00,TABUENCA01-45,Sensoria-C1-EEA1,Right,Gait,1.0.5,40.3878707,-3.629144,CB:AA:BC:3F:36:A5,SCKS,-0.152344,1.44922,-0.148438,-1.12,-30.24,133.279999,0.130816,0.775552,-0.2336,206,468,673,1.4647461017459646
2024-04-25 14:16:52.352000+00:00,2024-04-25 14:15:30+00:00,2024-04-25 14:17:30+00:00,TABUENCA01-45,Sensoria-C1-EEA1,Right,Gait,1.0.5,40.3878707,-3.629144,CB:AA:BC:3F:36:A5,SCKS,-0.171875,1.554689,-0.242188,-14.56,-15.68,151.199997,0.149504,0.784896,-0.214912,194,462,687,1.582799396540825
2024-04-25 14:16:52.360000+00:00,2024-04-25 14:15:30+00:00,2024-04-25 14:17:30+00:00,TABUENCA01-45,Sensoria-C1-E90A,Left,Gait,1.0.5,40.3878707,-3.629144,F0:75:B1:51:59:F6,SCKS,3.718748,1.031249,0.03125,34.720001,50.400002,-135.520004,0.51392,0.495232,-0.308352,692,535,691,3.859214654564449
2024-04-25 14:16:52.385000+00:00,2024-04-25 14:15:30+00:00,2024-04-25 14:17:30+00:00,TABUENCA01-45,Sensoria-C1-EEA1,Right,Gait,1.0.5,40.3878707,-3.629144,CB:AA:BC:3F:36:A5,SCKS,-0.332031,1.820314,-0.066406,-25.76,4.48,169.119995,0.168192,0.784896,-0.242944,189,467,697,1.8515391976388185
2024-04-25 14:16:52.392000+00:00,2024-04-25 14:15:30+00:00,2024-04-25 14:17:30+00:00,TABUENCA01-45,Sensoria-C1-E90A,Left,Gait,1.0.5,40.3878707,-3.629144,F0:75:B1:51:59:F6,SCKS,-0.90625,1.312499,0.84375,68.32,190.399994,-248.639999,0.495232,0.51392,-0.32704,699,538,652,1.804399276768033
2024-04-25 14:16:52.401000+00:00,2024-04-25 14:15:30+00:00,2024-04-25 14:17:30+00:00,TABUENCA01-45,Sensoria-C1-EEA1,Right,Gait,1.0.5,40.3878707,-3.629144,CB:AA:BC:3F:36:A5,SCKS,-0.917969,1.996095,0.414063,-43.68,59.360001,206.080002,0.214912,0.79424,-0.2336,195,497,700,2.2357348908032453
2024-04-25 14:16:52.408000+00:00,2024-04-25 14:15:30+00:00,2024-04-25 14:17:30+00:00,TABUENCA01-45,Sensoria-C1-E90A,Left,Gait,1.0.5,40.3878707,-3.629144,F0:75:B1:51:59:F6,SCKS,0.03125,1.687499,-0.3125,91.840004,-8.96,-197.119995,0.476544,0.569984,-0.355072,697,545,538,1.7164747849884077
2024-04-25 14:16:52.417000+00:00,2024-04-25 14:15:30+00:00,2024-04-25 14:17:30+00:00,TABUENCA01-45,Sensoria-C1-EEA1,Right,Gait,1.0.5,40.3878707,-3.629144,CB:AA:BC:3F:36:A5,SCKS,-0.953126,1.996095,0.492188,-63.84,70.559998,235.199997,0.252288,0.79424,-0.242944,217,520,700,2.2660744577892844
2024-04-25 14:16:52.434000+00:00,2024-04-25 14:15:30+00:00,2024-04-25 14:17:30+00:00,TABUENCA01-45,Sensoria-C1-EEA1,Right,Gait,1.0.5,40.3878707,-3.629144,CB:AA:BC:3F:36:A5,SCKS,-0.660157,1.996095,-0.042969,-26.880001,15.68,271.040009,0.308352,0.803584,-0.242944,259,563,700,2.1028668166660007
2024-04-25 14:16:52.441000+00:00,2024-04-25 14:15:30+00:00,2024-04-25 14:17:30+00:00,TABUENCA01-45,Sensoria-C1-E90A,Left,Gait,1.0.5,40.3878707,-3.629144,F0:75:B1:51:59:F6,SCKS,-0.34375,1.843749,0.53125,72.800003,-8.96,-202.720001,0.457856,0.588672,-0.336384,695,552,426,1.949307825870763
2024-04-25 14:16:52.466000+00:00,2024-04-25 14:15:30+00:00,2024-04-25 14:17:30+00:00,TABUENCA01-45,Sensoria-C1-EEA1,Right,Gait,1.0.5,40.3878707,-3.629144,CB:AA:BC:3F:36:A5,SCKS,-0.746094,1.996095,-0.644532,-4.48,-66.080002,308.0,0.355072,0.79424,-0.252288,321,615,699,2.2263137705375224
2024-04-25 14:16:52.474000+00:00,2024-04-25 14:15:30+00:00,2024-04-25 14:17:30+00:00,TABUENCA01-45,Sensoria-C1-E90A,Left,Gait,1.0.5,40.3878707,-3.629144,F0:75:B1:51:59:F6,SCKS,0.09375,0.90625,-0.28125,39.200001,-60.48,-89.599998,0.411136,0.65408,-0.308352,666,541,362,0.9535091438995223
2024-04-25 14:16:52.482000+00:00,2024-04-25 14:15:30+00:00,2024-04-25 14:17:30+00:00,TABUENCA01-45,Sensoria-C1-EEA1,Right,Gait,1.0.5,40.3878707,-3.629144,CB:AA:BC:3F:36:A5,SCKS,-0.644532,1.19922,-0.625,22.4,-78.400002,314.720001,0.355072,0.79424,-0.252288,388,660,701,1.4980571108686076
2024-04-25 14:16:52.499000+00:00,2024-04-25 14:15:30+00:00,2024-04-25 14:17:30+00:00,TABUENCA01-45,Sensoria-C1-EEA1,Right,Gait,1.0.5,40.3878707,-3.629144,CB:AA:BC:3F:36:A5,SCKS,-0.46875,0.308594,-0.449219,20.16,-14.56,228.479996,0.401792,0.784896,-0.242944,437,687,698,0.7188564038088552
2024-04-25 14:16:52.506000+00:00,2024-04-25 14:15:30+00:00,2024-04-25 14:17:30+00:00,TABUENCA01-45,Sensoria-C1-E90A,Left,Gait,1.0.5,40.3878707,-3.629144,F0:75:B1:51:59:F6,SCKS,0.15625,0.999999,-0.125,15.68,-48.16,-34.720001,0.401792,0.672768,-0.299008,643,521,345,1.019822073942803
2024-04-25 14:16:52.515000+00:00,2024-04-25 14:15:30+00:00,2024-04-25 14:17:30+00:00,TABUENCA01-45,Sensoria-C1-EEA1,Right,Gait,1.0.5,40.3878707,-3.629144,CB:AA:BC:3F:36:A5,SCKS,0.472657,0.703125,-0.847657,24.639999,210.559998,69.440002,0.429824,0.784896,-0.252288,462,699,698,1.1984622626194785
2024-04-25 14:16:52.539000+00:00,2024-04-25 14:15:30+00:00,2024-04-25 14:17:30+00:00,TABUENCA01-45,Sensoria-C1-E90A,Left,Gait,1.0.5,40.3878707,-3.629144,F0:75:B1:51:59:F6,SCKS,0.125,0.999999,-0.09375,8.96,-35.84,-25.76,0.392448,0.682112,-0.28032,624,503,343,1.012132433281831
2024-04-25 14:16:52.547000+00:00,2024-04-25 14:15:30+00:00,2024-04-25 14:17:30+00:00,TABUENCA01-45,Sensoria-C1-EEA1,Right,Gait,1.0.5,40.3878707,-3.629144,CB:AA:BC:3F:36:A5,SCKS,-1.496095,0.277344,-0.242188,-28.0,170.240005,-43.68,0.439168,0.79424,-0.261632,475,707,694,1.5407384498041838
2024-04-25 14:16:52.563000+00:00,2024-04-25 14:15:30+00:00,2024-04-25 14:17:30+00:00,TABUENCA01-45,Sensoria-C1-EEA1,Right,Gait,1.0.5,40.3878707,-3.629144,CB:AA:BC:3F:36:A5,SCKS,-0.835938,-0.09375,0.042969,-34.720001,95.199997,-72.800003,0.429824,0.79424,-0.270976,481,712,693,0.8422753334302269
2024-04-25 14:16:52.571000+00:00,2024-04-25 14:15:30+00:00,2024-04-25 14:17:30+00:00,TABUENCA01-45,Sensoria-C1-E90A,Left,Gait,1.0.5,40.3878707,-3.629144,F0:75:B1:51:59:F6,SCKS,0.1875,0.968749,-0.25,4.48,-31.360001,-28.0,0.392448,0.682112,-0.28032,610,486,360,1.0179051404728243
2024-04-25 14:16:52.580000+00:00,2024-04-25 14:15:30+00:00,2024-04-25 14:17:30+00:00,TABUENCA01-45,Sensoria-C1-EEA1,Right,Gait,1.0.5,40.3878707,-3.629144,CB:AA:BC:3F:36:A5,SCKS,-0.460938,-0.140625,0.015625,11.2,33.599998,-118.720001,0.429824,0.79424,-0.270976,483,711,690,0.48216529436905764
2024-04-25 14:16:52.596000+00:00,2024-04-25 14:15:30+00:00,2024-04-25 14:17:30+00:00,TABUENCA01-45,Sensoria-C1-EEA1,Right,Gait,1.0.5,40.3878707,-3.629144,CB:AA:BC:3F:36:A5,SCKS,-0.558594,0.074219,-0.101563,32.48,19.040001,-173.600006,0.401792,0.803584,-0.28032,485,710,689,0.5725825353309337
2024-04-25 14:16:52.603000+00:00,2024-04-25 14:15:30+00:00,2024-04-25 14:17:30+00:00,TABUENCA01-45,Sensoria-C1-E90A,Left,Gait,1.0.5,40.3878707,-3.629144,F0:75:B1:51:59:F6,SCKS,0.125,0.9375,-0.25,-3.36,-47.040001,-31.360001,0.383104,0.691456,-0.261632,595,474,396,0.978279740156158
2024-04-25 14:16:52.612000+00:00,2024-04-25 14:15:30+00:00,2024-04-25 14:17:30+00:00,TABUENCA01-45,Sensoria-C1-EEA1,Right,Gait,1.0.5,40.3878707,-3.629144,CB:AA:BC:3F:36:A5,SCKS,-0.566407,0.285156,-0.09375,31.360001,-1.12,-218.399994,0.37376,0.812928,-0.261632,485,710,689,0.6410303397538997
2024-04-25 14:16:52.636000+00:00,2024-04-25 14:15:30+00:00,2024-04-25 14:17:30+00:00,TABUENCA01-45,Sensoria-C1-E90A,Left,Gait,1.0.5,40.3878707,-3.629144,F0:75:B1:51:59:F6,SCKS,0.125,0.968749,-0.1875,3.36,-52.639999,-22.4,0.383104,0.691456,-0.261632,582,458,435,0.994613429931951
2024-04-25 14:16:52.644000+00:00,2024-04-25 14:15:30+00:00,2024-04-25 14:17:30+00:00,TABUENCA01-45,Sensoria-C1-EEA1,Right,Gait,1.0.5,40.3878707,-3.629144,CB:AA:BC:3F:36:A5,SCKS,-0.496094,0.378907,-0.035156,29.120001,-24.639999,-259.839996,0.317696,0.812928,-0.252288,486,709,687,0.6252325294008622
2024-04-25 14:16:52.661000+00:00,2024-04-25 14:15:30+00:00,2024-04-25 14:17:30+00:00,TABUENCA01-45,Sensoria-C1-EEA1,Right,Gait,1.0.5,40.3878707,-3.629144,CB:AA:BC:3F:36:A5,SCKS,-0.523438,0.601563,-0.039063,35.84,-44.799999,-297.920013,0.270976,0.812928,-0.252288,485,710,686,0.798367898140951
2024-04-25 14:16:52.668000+00:00,2024-04-25 14:15:30+00:00,2024-04-25 14:17:30+00:00,TABUENCA01-45,Sensoria-C1-E90A,Left,Gait,1.0.5,40.3878707,-3.629144,F0:75:B1:51:59:F6,SCKS,0.09375,0.9375,-0.21875,2.24,-47.040001,-23.52,0.383104,0.7008,-0.252288,566,443,473,0.967236721283885
2024-04-25 14:16:52.677000+00:00,2024-04-25 14:15:30+00:00,2024-04-25 14:17:30+00:00,TABUENCA01-45,Sensoria-C1-EEA1,Right,Gait,1.0.5,40.3878707,-3.629144,CB:AA:BC:3F:36:A5,SCKS,-0.5,0.855469,-0.046875,36.959999,-56.0,-325.920013,0.270976,0.812928,-0.252288,486,707,685,0.991980078220324
2024-04-25 14:16:52.693000+00:00,2024-04-25 14:15:30+00:00,2024-04-25 14:17:30+00:00,TABUENCA01-45,Sensoria-C1-EEA1,Right,Gait,1.0.5,40.3878707,-3.629144,CB:AA:BC:3F:36:A5,SCKS,-0.449219,1.160157,-0.066406,30.24,-57.119999,-352.799988,0.205568,0.803584,-0.2336,485,707,687,1.2458618428405295
2024-04-25 14:16:52.701000+00:00,2024-04-25 14:15:30+00:00,2024-04-25 14:17:30+00:00,TABUENCA01-45,Sensoria-C1-E90A,Left,Gait,1.0.5,40.3878707,-3.629144,F0:75:B1:51:59:F6,SCKS,0.0625,0.9375,-0.21875,0.0,-40.32,-28.0,0.364416,0.710144,-0.252288,552,425,507,0.9647093150270707
2024-04-25 14:16:52.717000+00:00,2024-04-25 14:15:30+00:00,2024-04-25 14:17:30+00:00,TABUENCA01-45,Sensoria-C1-E90A,Left,Gait,1.0.5,40.3878707,-3.629144,F0:75:B1:51:59:F6,SCKS,0.0625,0.9375,-0.21875,-2.24,-41.439999,-30.24,0.355072,0.710144,-0.252288,532,405,538,0.9647093150270707
2024-04-25 14:16:52.726000+00:00,2024-04-25 14:15:30+00:00,2024-04-25 14:17:30+00:00,TABUENCA01-45,Sensoria-C1-EEA1,Right,Gait,1.0.5,40.3878707,-3.629144,CB:AA:BC:3F:36:A5,SCKS,-0.464844,1.57422,-0.066406,17.92,-40.32,-376.320007,0.14016,0.784896,-0.242944,485,705,686,1.6427593583881968
2024-04-25 14:16:52.742000+00:00,2024-04-25 14:15:30+00:00,2024-04-25 14:17:30+00:00,TABUENCA01-45,Sensoria-C1-EEA1,Right,Gait,1.0.5,40.3878707,-3.629144,CB:AA:BC:3F:36:A5,SCKS,-0.453125,1.996095,-0.007813,1.12,-4.48,-386.399994,0.084096,0.756864,-0.2336,485,706,685,2.046894857489998
2024-04-25 14:16:52.750000+00:00,2024-04-25 14:15:30+00:00,2024-04-25 14:17:30+00:00,TABUENCA01-45,Sensoria-C1-E90A,Left,Gait,1.0.5,40.3878707,-3.629144,F0:75:B1:51:59:F6,SCKS,0.03125,0.968749,-0.21875,-1.12,-41.439999,-35.84,0.345728,0.719488,-0.242944,509,379,565,0.9936310935155964
2024-04-25 14:16:52.758000+00:00,2024-04-25 14:15:30+00:00,2024-04-25 14:17:30+00:00,TABUENCA01-45,Sensoria-C1-EEA1,Right,Gait,1.0.5,40.3878707,-3.629144,CB:AA:BC:3F:36:A5,SCKS,-0.230469,1.996095,-0.011719,24.639999,-16.799999,-392.0,0.028032,0.7008,-0.242944,485,704,686,2.009390092527332
2024-04-25 14:16:52.775000+00:00,2024-04-25 14:15:30+00:00,2024-04-25 14:17:30+00:00,TABUENCA01-45,Sensoria-C1-EEA1,Right,Gait,1.0.5,40.3878707,-3.629144,CB:AA:BC:3F:36:A5,SCKS,0.292969,1.996095,-0.257813,64.959999,-64.959999,-400.959991,0.028032,0.7008,-0.242944,485,703,685,2.033886335800258
2024-04-25 14:16:52.782000+00:00,2024-04-25 14:15:30+00:00,2024-04-25 14:17:30+00:00,TABUENCA01-45,Sensoria-C1-E90A,Left,Gait,1.0.5,40.3878707,-3.629144,F0:75:B1:51:59:F6,SCKS,0.03125,1.031249,-0.15625,-1.12,-39.200001,-45.920002,0.336384,0.728832,-0.2336,470,336,611,1.0434870027944767
2024-04-25 14:16:52.807000+00:00,2024-04-25 14:15:30+00:00,2024-04-25 14:17:30+00:00,TABUENCA01-45,Sensoria-C1-EEA1,Right,Gait,1.0.5,40.3878707,-3.629144,CB:AA:BC:3F:36:A5,SCKS,1.171876,1.996095,-0.074219,35.84,-51.52,-403.200012,-0.028032,0.65408,-0.252288,484,704,685,2.3158577392322695
2024-04-25 14:16:52.814000+00:00,2024-04-25 14:15:30+00:00,2024-04-25 14:17:30+00:00,TABUENCA01-45,Sensoria-C1-E90A,Left,Gait,1.0.5,40.3878707,-3.629144,F0:75:B1:51:59:F6,SCKS,0.0625,1.093749,-0.15625,-1.12,-35.84,-63.84,0.32704,0.738176,-0.242944,441,308,645,1.1066197122322556
2024-04-25 14:16:52.823000+00:00,2024-04-25 14:15:30+00:00,2024-04-25 14:17:30+00:00,TABUENCA01-45,Sensoria-C1-EEA1,Right,Gait,1.0.5,40.3878707,-3.629144,CB:AA:BC:3F:36:A5,SCKS,1.996095,1.996095,-0.457032,42.560001,-29.120001,-353.920013,-0.065408,0.598016,-0.252288,483,704,686,2.859662348438011
2024-04-25 14:16:52.839000+00:00,2024-04-25 14:15:30+00:00,2024-04-25 14:17:30+00:00,TABUENCA01-45,Sensoria-C1-EEA1,Right,Gait,1.0.5,40.3878707,-3.629144,CB:AA:BC:3F:36:A5,SCKS,1.996095,1.656251,0.082031,61.599998,32.48,-154.559998,-0.09344,0.56064,-0.252288,482,706,689,2.5950513885060156
2024-04-25 14:16:52.847000+00:00,2024-04-25 14:15:30+00:00,2024-04-25 14:17:30+00:00,TABUENCA01-45,Sensoria-C1-E90A,Left,Gait,1.0.5,40.3878707,-3.629144,F0:75:B1:51:59:F6,SCKS,0.09375,1.218749,-0.0625,-2.24,-31.360001,-91.840004,0.308352,0.738176,-0.2336,416,283,669,1.223946255969191
2024-04-25 14:16:52.856000+00:00,2024-04-25 14:15:30+00:00,2024-04-25 14:17:30+00:00,TABUENCA01-45,Sensoria-C1-EEA1,Right,Gait,1.0.5,40.3878707,-3.629144,CB:AA:BC:3F:36:A5,SCKS,1.996095,1.996095,0.824219,24.639999,48.16,4.48,-0.084096,0.551296,-0.252288,484,706,693,2.9407698750515996
2024-04-25 14:16:52.872000+00:00,2024-04-25 14:15:30+00:00,2024-04-25 14:17:30+00:00,TABUENCA01-45,Sensoria-C1-EEA1,Right,Gait,1.0.5,40.3878707,-3.629144,CB:AA:BC:3F:36:A5,SCKS,1.519532,0.136719,0.375,14.56,-92.959999,187.039993,-0.084096,0.569984,-0.252288,486,706,691,1.5710807057516174
2024-04-25 14:16:52.879000+00:00,2024-04-25 14:15:30+00:00,2024-04-25 14:17:30+00:00,TABUENCA01-45,Sensoria-C1-E90A,Left,Gait,1.0.5,40.3878707,-3.629144,F0:75:B1:51:59:F6,SCKS,0.21875,1.406249,-0.1875,4.48,-17.92,-124.32,0.289664,0.756864,-0.2336,395,270,683,1.4354595300812212
2024-04-25 14:16:52.904000+00:00,2024-04-25 14:15:30+00:00,2024-04-25 14:17:30+00:00,TABUENCA01-45,Sensoria-C1-EEA1,Right,Gait,1.0.5,40.3878707,-3.629144,CB:AA:BC:3F:36:A5,SCKS,-2.000001,0.507813,1.234376,3.36,-115.360001,73.919998,-0.084096,0.569984,-0.252288,489,704,662,2.4044879189436577
2024-04-25 14:16:52.912000+00:00,2024-04-25 14:15:30+00:00,2024-04-25 14:17:30+00:00,TABUENCA01-45,Sensoria-C1-E90A,Left,Gait,1.0.5,40.3878707,-3.629144,F0:75:B1:51:59:F6,SCKS,0.3125,1.624999,-0.25,3.36,-21.280001,-154.559998,0.2336,0.775552,-0.242944,393,281,689,1.6735525088867096
2024-04-25 14:16:52.921000+00:00,2024-04-25 14:15:30+00:00,2024-04-25 14:17:30+00:00,TABUENCA01-45,Sensoria-C1-EEA1,Right,Gait,1.0.5,40.3878707,-3.629144,CB:AA:BC:3F:36:A5,SCKS,1.687501,1.464845,1.085938,71.68,-220.639999,239.680008,-0.084096,0.588672,-0.28032,497,709,615,2.48449025735059
2024-04-25 14:16:52.937000+00:00,2024-04-25 14:15:30+00:00,2024-04-25 14:17:30+00:00,TABUENCA01-45,Sensoria-C1-EEA1,Right,Gait,1.0.5,40.3878707,-3.629144,CB:AA:BC:3F:36:A5,SCKS,0.570313,1.996095,0.019531,77.279999,-21.280001,234.080002,-0.074752,0.626048,-0.289664,503,718,534,2.0760620479540104
2024-04-25 14:16:52.944000+00:00,2024-04-25 14:15:30+00:00,2024-04-25 14:17:30+00:00,TABUENCA01-45,Sensoria-C1-E90A,Left,Gait,1.0.5,40.3878707,-3.629144,F0:75:B1:51:59:F6,SCKS,0.625,2.187499,-0.03125,-7.84,-23.52,-194.880005,0.205568,0.79424,-0.2336,443,335,689,2.2752479947251905
2024-04-25 14:16:52.953000+00:00,2024-04-25 14:15:30+00:00,2024-04-25 14:17:30+00:00,TABUENCA01-45,Sensoria-C1-EEA1,Right,Gait,1.0.5,40.3878707,-3.629144,CB:AA:BC:3F:36:A5,SCKS,0.132813,1.492189,-0.785157,63.84,45.920002,218.399994,-0.04672,0.65408,-0.270976,504,717,451,1.6913718749402806
2024-04-25 14:16:52.986000+00:00,2024-04-25 14:15:30+00:00,2024-04-25 14:17:30+00:00,TABUENCA01-45,Sensoria-C1-EEA1,Right,Gait,1.0.5,40.3878707,-3.629144,CB:AA:BC:3F:36:A5,SCKS,0.089844,1.121095,0.019531,-15.68,48.16,207.199997,-0.028032,0.682112,-0.28032,498,719,403,1.1248588370644557
2024-04-25 14:16:52.993000+00:00,2024-04-25 14:15:30+00:00,2024-04-25 14:17:30+00:00,TABUENCA01-45,Sensoria-C1-E90A,Left,Gait,1.0.5,40.3878707,-3.629144,F0:75:B1:51:59:F6,SCKS,0.9375,2.249999,-0.0625,-42.560001,-50.400002,-197.119995,0.158848,0.803584,-0.2336,511,395,689,2.4383002276177965
2024-04-25 14:16:53.002000+00:00,2024-04-25 14:15:30+00:00,2024-04-25 14:17:30+00:00,TABUENCA01-45,Sensoria-C1-EEA1,Right,Gait,1.0.5,40.3878707,-3.629144,CB:AA:BC:3F:36:A5,SCKS,0.070313,0.863282,-0.140625,28.0,0.0,129.919998,-0.028032,0.682112,-0.28032,487,722,373,0.8774822619962184
2024-04-25 14:16:53.018000+00:00,2024-04-25 14:15:30+00:00,2024-04-25 14:17:30+00:00,TABUENCA01-45,Sensoria-C1-EEA1,Right,Gait,1.0.5,40.3878707,-3.629144,CB:AA:BC:3F:36:A5,SCKS,-0.058594,0.957032,-0.011719,-14.56,38.080002,123.199997,-0.018688,0.7008,-0.28032,472,722,356,0.9588956360423172
2024-04-25 14:16:53.035000+00:00,2024-04-25 14:15:30+00:00,2024-04-25 14:17:30+00:00,TABUENCA01-45,Sensoria-C1-EEA1,Right,Gait,1.0.5,40.3878707,-3.629144,CB:AA:BC:3F:36:A5,SCKS,-0.097656,0.933594,-0.015625,-12.32,22.4,86.239998,0.0,0.710144,-0.261632,458,711,345,0.9388176563087212
2024-04-25 14:16:53.042000+00:00,2024-04-25 14:15:30+00:00,2024-04-25 14:17:30+00:00,TABUENCA01-45,Sensoria-C1-E90A,Left,Gait,1.0.5,40.3878707,-3.629144,F0:75:B1:51:59:F6,SCKS,0.84375,0.84375,-0.46875,32.48,32.48,-225.119995,0.028032,0.803584,-0.2336,646,522,698,1.282011968547876
2024-04-25 14:16:53.059000+00:00,2024-04-25 14:15:30+00:00,2024-04-25 14:17:30+00:00,TABUENCA01-45,Sensoria-C1-E90A,Left,Gait,1.0.5,40.3878707,-3.629144,F0:75:B1:51:59:F6,SCKS,-0.84375,0.4375,-0.53125,22.4,-69.440002,-123.199997,0.0,0.803584,-0.2336,680,538,697,1.0888282118865216
2024-04-25 14:16:53.067000+00:00,2024-04-25 14:15:30+00:00,2024-04-25 14:17:30+00:00,TABUENCA01-45,Sensoria-C1-EEA1,Right,Gait,1.0.5,40.3878707,-3.629144,CB:AA:BC:3F:36:A5,SCKS,-0.109375,1.011719,0.15625,-7.84,8.96,67.199997,0.009344,0.719488,-0.252288,446,697,341,1.0295398428841889
2024-04-25 14:16:53.084000+00:00,2024-04-25 14:15:30+00:00,2024-04-25 14:17:30+00:00,TABUENCA01-45,Sensoria-C1-EEA1,Right,Gait,1.0.5,40.3878707,-3.629144,CB:AA:BC:3F:36:A5,SCKS,-0.066406,1.042969,-0.015625,3.36,3.36,53.760002,0.018688,0.719488,-0.270976,435,683,342,1.0451977001610748
2024-04-25 14:16:53.091000+00:00,2024-04-25 14:15:30+00:00,2024-04-25 14:17:30+00:00,TABUENCA01-45,Sensoria-C1-E90A,Left,Gait,1.0.5,40.3878707,-3.629144,F0:75:B1:51:59:F6,SCKS,1.156249,0.125,-0.21875,16.799999,-151.199997,89.599998,0.0,0.803584,-0.242944,694,542,695,1.1833800372243062
2024-04-25 14:16:53.100000+00:00,2024-04-25 14:15:30+00:00,2024-04-25 14:17:30+00:00,TABUENCA01-45,Sensoria-C1-EEA1,Right,Gait,1.0.5,40.3878707,-3.629144,CB:AA:BC:3F:36:A5,SCKS,-0.105469,0.972657,0.085938,0.0,10.08,45.920002,0.018688,0.719488,-0.270976,425,672,345,0.9821255975963563
2024-04-25 14:16:53.116000+00:00,2024-04-25 14:15:30+00:00,2024-04-25 14:17:30+00:00,TABUENCA01-45,Sensoria-C1-EEA1,Right,Gait,1.0.5,40.3878707,-3.629144,CB:AA:BC:3F:36:A5,SCKS,-0.195313,1.011719,-0.105469,3.36,4.48,43.68,0.028032,0.728832,-0.261632,414,660,355,1.0357828985318305
2024-04-25 14:16:53.124000+00:00,2024-04-25 14:15:30+00:00,2024-04-25 14:17:30+00:00,TABUENCA01-45,Sensoria-C1-E90A,Left,Gait,1.0.5,40.3878707,-3.629144,F0:75:B1:51:59:F6,SCKS,0.75,-0.03125,-0.03125,-4.48,-19.040001,161.279999,0.009344,0.812928,-0.252288,699,542,694,0.7513009550107067
2024-04-25 14:16:53.132000+00:00,2024-04-25 14:15:30+00:00,2024-04-25 14:17:30+00:00,TABUENCA01-45,Sensoria-C1-EEA1,Right,Gait,1.0.5,40.3878707,-3.629144,CB:AA:BC:3F:36:A5,SCKS,-0.089844,0.976563,-0.128906,-7.84,13.440001,51.52,0.028032,0.728832,-0.261632,401,650,369,0.989122840774087
2024-04-25 14:16:53.156000+00:00,2024-04-25 14:15:30+00:00,2024-04-25 14:17:30+00:00,TABUENCA01-45,Sensoria-C1-E90A,Left,Gait,1.0.5,40.3878707,-3.629144,F0:75:B1:51:59:F6,SCKS,0.3125,0.09375,0.0,-4.48,23.52,208.320007,0.04672,0.812928,-0.2336,700,541,692,0.3262595784034547
2024-04-25 14:16:53.165000+00:00,2024-04-25 14:15:30+00:00,2024-04-25 14:17:30+00:00,TABUENCA01-45,Sensoria-C1-EEA1,Right,Gait,1.0.5,40.3878707,-3.629144,CB:AA:BC:3F:36:A5,SCKS,-0.042969,0.968751,0.003906,-10.08,23.52,51.52,0.037376,0.728832,-0.252288,387,638,387,0.9697113445752813
2024-04-25 14:16:53.181000+00:00,2024-04-25 14:15:30+00:00,2024-04-25 14:17:30+00:00,TABUENCA01-45,Sensoria-C1-EEA1,Right,Gait,1.0.5,40.3878707,-3.629144,CB:AA:BC:3F:36:A5,SCKS,-0.050781,0.972657,0.003906,-6.72,28.0,49.279999,0.037376,0.738176,-0.261632,372,625,406,0.973989530973511
2024-04-25 14:16:53.189000+00:00,2024-04-25 14:15:30+00:00,2024-04-25 14:17:30+00:00,TABUENCA01-45,Sensoria-C1-E90A,Left,Gait,1.0.5,40.3878707,-3.629144,F0:75:B1:51:59:F6,SCKS,0.40625,0.40625,-0.21875,17.92,26.880001,272.160004,0.130816,0.803584,-0.252288,699,539,691,0.6147598616533125
2024-04-25 14:16:53.197000+00:00,2024-04-25 14:15:30+00:00,2024-04-25 14:17:30+00:00,TABUENCA01-45,Sensoria-C1-EEA1,Right,Gait,1.0.5,40.3878707,-3.629144,CB:AA:BC:3F:36:A5,SCKS,-0.046875,1.000001,-0.050781,-3.36,29.120001,48.16,0.037376,0.738176,-0.261632,360,613,425,1.0023861409591615
2024-04-25 14:16:53.213000+00:00,2024-04-25 14:15:30+00:00,2024-04-25 14:17:30+00:00,TABUENCA01-45,Sensoria-C1-EEA1,Right,Gait,1.0.5,40.3878707,-3.629144,CB:AA:BC:3F:36:A5,SCKS,-0.039063,0.988282,-0.058594,-5.6,22.4,47.040001,0.04672,0.738176,-0.261632,346,598,445,0.9907878109509625
2024-04-25 14:16:53.221000+00:00,2024-04-25 14:15:30+00:00,2024-04-25 14:17:30+00:00,TABUENCA01-45,Sensoria-C1-E90A,Left,Gait,1.0.5,40.3878707,-3.629144,F0:75:B1:51:59:F6,SCKS,0.375,0.75,-0.15625,3.36,34.720001,310.23999,0.18688,0.79424,-0.242944,700,539,690,0.8529590039972613
2024-04-25 14:16:53.246000+00:00,2024-04-25 14:15:30+00:00,2024-04-25 14:17:30+00:00,TABUENCA01-45,Sensoria-C1-EEA1,Right,Gait,1.0.5,40.3878707,-3.629144,CB:AA:BC:3F:36:A5,SCKS,-0.011719,0.976563,-0.046875,-7.84,17.92,48.16,0.065408,0.74752,-0.252288,333,584,465,0.9777575842482634
2024-04-25 14:16:53.253000+00:00,2024-04-25 14:15:30+00:00,2024-04-25 14:17:30+00:00,TABUENCA01-45,Sensoria-C1-E90A,Left,Gait,1.0.5,40.3878707,-3.629144,F0:75:B1:51:59:F6,SCKS,0.3125,1.093749,-0.09375,0.0,50.400002,359.519989,0.252288,0.775552,-0.242944,700,536,688,1.1413729397094536
2024-04-25 14:16:53.263000+00:00,2024-04-25 14:15:30+00:00,2024-04-25 14:17:30+00:00,TABUENCA01-45,Sensoria-C1-EEA1,Right,Gait,1.0.5,40.3878707,-3.629144,CB:AA:BC:3F:36:A5,SCKS,0.0,0.984376,-0.03125,-5.6,16.799999,48.16,0.065408,0.74752,-0.261632,320,570,487,0.9848719063289398
2024-04-25 14:16:53.279000+00:00,2024-04-25 14:15:30+00:00,2024-04-25 14:17:30+00:00,TABUENCA01-45,Sensoria-C1-EEA1,Right,Gait,1.0.5,40.3878707,-3.629144,CB:AA:BC:3F:36:A5,SCKS,0.007813,0.988282,-0.027344,-1.12,13.440001,50.400002,0.065408,0.74752,-0.242944,305,554,509,0.9886910785624597
2024-04-25 14:16:53.294000+00:00,2024-04-25 14:15:30+00:00,2024-04-25 14:17:30+00:00,TABUENCA01-45,Sensoria-C1-E90A,Left,Gait,1.0.5,40.3878707,-3.629144,F0:75:B1:51:59:F6,SCKS,0.4375,2.312499,-0.15625,-7.84,43.68,418.880005,0.383104,0.682112,-0.252288,699,534,687,2.3587013243522374
2024-04-25 14:16:53.311000+00:00,2024-04-25 14:15:30+00:00,2024-04-25 14:17:30+00:00,TABUENCA01-45,Sensoria-C1-EEA1,Right,Gait,1.0.5,40.3878707,-3.629144,CB:AA:BC:3F:36:A5,SCKS,-0.027344,1.000001,0.054688,5.6,3.36,59.360001,0.084096,0.756864,-0.252288,275,526,556,1.0018684902126627
2024-04-25 14:16:53.319000+00:00,2024-04-25 14:15:30+00:00,2024-04-25 14:17:30+00:00,TABUENCA01-45,Sensoria-C1-E90A,Left,Gait,1.0.5,40.3878707,-3.629144,F0:75:B1:51:59:F6,SCKS,-0.15625,3.031248,0.21875,8.96,95.199997,435.679993,0.429824,0.626048,-0.252288,697,535,688,3.043144765288697
2024-04-25 14:16:53.343000+00:00,2024-04-25 14:15:30+00:00,2024-04-25 14:17:30+00:00,TABUENCA01-45,Sensoria-C1-EEA1,Right,Gait,1.0.5,40.3878707,-3.629144,CB:AA:BC:3F:36:A5,SCKS,0.003906,1.039063,0.003906,8.96,-5.6,66.080002,0.084096,0.756864,-0.252288,261,509,586,1.0390776831599262
2024-04-25 14:16:53.351000+00:00,2024-04-25 14:15:30+00:00,2024-04-25 14:17:30+00:00,TABUENCA01-45,Sensoria-C1-E90A,Left,Gait,1.0.5,40.3878707,-3.629144,F0:75:B1:51:59:F6,SCKS,-0.875,3.312498,-0.53125,-33.599998,87.360001,399.839996,0.485888,0.56064,-0.270976,698,535,689,3.467058488474632
2024-04-25 14:16:53.360000+00:00,2024-04-25 14:15:30+00:00,2024-04-25 14:17:30+00:00,TABUENCA01-45,Sensoria-C1-EEA1,Right,Gait,1.0.5,40.3878707,-3.629144,CB:AA:BC:3F:36:A5,SCKS,-0.035156,1.113282,0.0625,7.84,-6.72,75.040001,0.102784,0.766208,-0.2336,244,490,616,1.1155890846812728
2024-04-25 14:16:53.375000+00:00,2024-04-25 14:15:30+00:00,2024-04-25 14:17:30+00:00,TABUENCA01-45,Sensoria-C1-EEA1,Right,Gait,1.0.5,40.3878707,-3.629144,CB:AA:BC:3F:36:A5,SCKS,-0.085938,1.191407,0.050781,2.24,-11.2,88.480003,0.112128,0.766208,-0.252288,228,472,646,1.1955813186287247
2024-04-25 14:16:53.383000+00:00,2024-04-25 14:15:30+00:00,2024-04-25 14:17:30+00:00,TABUENCA01-45,Sensoria-C1-E90A,Left,Gait,1.0.5,40.3878707,-3.629144,F0:75:B1:51:59:F6,SCKS,-3.499998,1.593749,-0.6875,11.2,81.760002,232.960007,0.504576,0.504576,-0.289664,697,534,693,3.9067477682856624
2024-04-25 14:16:53.392000+00:00,2024-04-25 14:15:30+00:00,2024-04-25 14:17:30+00:00,TABUENCA01-45,Sensoria-C1-EEA1,Right,Gait,1.0.5,40.3878707,-3.629144,CB:AA:BC:3F:36:A5,SCKS,-0.097656,1.273438,0.121094,-4.48,-19.040001,105.279999,0.112128,0.766208,-0.252288,217,457,669,1.282904825392749
2024-04-25 14:16:53.400000+00:00,2024-04-25 14:15:30+00:00,2024-04-25 14:17:30+00:00,TABUENCA01-45,Sensoria-C1-E90A,Left,Gait,1.0.5,40.3878707,-3.629144,F0:75:B1:51:59:F6,SCKS,-3.374998,1.499999,-0.34375,26.880001,-100.800003,34.720001,0.523264,0.4672,-0.289664,691,535,697,3.7092819470222267
2024-04-25 14:16:53.424000+00:00,2024-04-25 14:15:30+00:00,2024-04-25 14:17:30+00:00,TABUENCA01-45,Sensoria-C1-EEA1,Right,Gait,1.0.5,40.3878707,-3.629144,CB:AA:BC:3F:36:A5,SCKS,-0.125,1.363282,0.054688,-10.08,-29.120001,124.32,0.130816,0.784896,-0.242944,206,447,687,1.3700925475558212
2024-04-25 14:16:53.432000+00:00,2024-04-25 14:15:30+00:00,2024-04-25 14:17:30+00:00,TABUENCA01-45,Sensoria-C1-E90A,Left,Gait,1.0.5,40.3878707,-3.629144,F0:75:B1:51:59:F6,SCKS,2.312499,1.343749,0.09375,15.68,49.279999,-154.559998,0.523264,0.495232,-0.299008,692,535,689,2.676210392047307
2024-04-25 14:16:53.441000+00:00,2024-04-25 14:15:30+00:00,2024-04-25 14:17:30+00:00,TABUENCA01-45,Sensoria-C1-EEA1,Right,Gait,1.0.5,40.3878707,-3.629144,CB:AA:BC:3F:36:A5,SCKS,-0.164063,1.464845,-0.175781,-17.92,-28.0,143.360001,0.149504,0.784896,-0.252288,198,442,697,1.484448214642397
2024-04-25 14:16:53.457000+00:00,2024-04-25 14:15:30+00:00,2024-04-25 14:17:30+00:00,TABUENCA01-45,Sensoria-C1-EEA1,Right,Gait,1.0.5,40.3878707,-3.629144,CB:AA:BC:3F:36:A5,SCKS,-0.230469,1.679689,-0.066406,-26.880001,-12.32,157.919998,0.168192,0.79424,-0.261632,191,448,701,1.696726511114269
2024-04-25 14:16:53.464000+00:00,2024-04-25 14:15:30+00:00,2024-04-25 14:17:30+00:00,TABUENCA01-45,Sensoria-C1-E90A,Left,Gait,1.0.5,40.3878707,-3.629144,F0:75:B1:51:59:F6,SCKS,-0.75,1.156249,0.9375,52.639999,229.600006,-226.240005,0.504576,0.523264,-0.317696,696,537,644,1.666828725454718
2024-04-25 14:16:53.473000+00:00,2024-04-25 14:15:30+00:00,2024-04-25 14:17:30+00:00,TABUENCA01-45,Sensoria-C1-EEA1,Right,Gait,1.0.5,40.3878707,-3.629144,CB:AA:BC:3F:36:A5,SCKS,-0.734376,1.996095,0.402344,-44.799999,15.68,188.160004,0.205568,0.79424,-0.261632,196,477,705,2.164620995171441
2024-04-25 14:16:53.497000+00:00,2024-04-25 14:15:30+00:00,2024-04-25 14:17:30+00:00,TABUENCA01-45,Sensoria-C1-E90A,Left,Gait,1.0.5,40.3878707,-3.629144,F0:75:B1:51:59:F6,SCKS,-0.3125,2.062499,0.03125,100.800003,28.0,-204.960007,0.476544,0.569984,-0.336384,696,542,509,2.0862729777047395
2024-04-25 14:16:53.506000+00:00,2024-04-25 14:15:30+00:00,2024-04-25 14:17:30+00:00,TABUENCA01-45,Sensoria-C1-EEA1,Right,Gait,1.0.5,40.3878707,-3.629144,CB:AA:BC:3F:36:A5,SCKS,-1.097657,1.996095,0.515625,-61.599998,40.32,221.759995,0.242944,0.803584,-0.270976,215,504,704,2.335618821490142
2024-04-25 14:16:53.522000+00:00,2024-04-25 14:15:30+00:00,2024-04-25 14:17:30+00:00,TABUENCA01-45,Sensoria-C1-EEA1,Right,Gait,1.0.5,40.3878707,-3.629144,CB:AA:BC:3F:36:A5,SCKS,-0.316406,1.996095,-0.046875,-28.0,6.72,275.519989,0.299008,0.803584,-0.270976,256,544,703,2.02156010830398
2024-04-25 14:16:53.529000+00:00,2024-04-25 14:15:30+00:00,2024-04-25 14:17:30+00:00,TABUENCA01-45,Sensoria-C1-E90A,Left,Gait,1.0.5,40.3878707,-3.629144,F0:75:B1:51:59:F6,SCKS,-0.65625,1.687499,0.09375,85.120003,-39.200001,-206.080002,0.448512,0.60736,-0.308352,693,548,405,1.8130377822872308
2024-04-25 14:16:53.538000+00:00,2024-04-25 14:15:30+00:00,2024-04-25 14:17:30+00:00,TABUENCA01-45,Sensoria-C1-EEA1,Right,Gait,1.0.5,40.3878707,-3.629144,CB:AA:BC:3F:36:A5,SCKS,-0.921876,1.996095,-0.664063,-8.96,-23.52,303.519989,0.299008,0.803584,-0.270976,315,601,701,2.2967869462294495
2024-04-25 14:16:53.554000+00:00,2024-04-25 14:15:30+00:00,2024-04-25 14:17:30+00:00,TABUENCA01-45,Sensoria-C1-EEA1,Right,Gait,1.0.5,40.3878707,-3.629144,CB:AA:BC:3F:36:A5,SCKS,-0.617188,1.60547,-0.65625,20.16,-29.120001,292.320007,0.355072,0.803584,-0.28032,381,651,701,1.8409560045650193
2024-04-25 14:16:53.562000+00:00,2024-04-25 14:15:30+00:00,2024-04-25 14:17:30+00:00,TABUENCA01-45,Sensoria-C1-E90A,Left,Gait,1.0.5,40.3878707,-3.629144,F0:75:B1:51:59:F6,SCKS,-0.15625,1.031249,-0.21875,60.48,-45.920002,-115.360001,0.411136,0.663424,-0.289664,679,549,355,1.0657110888983938
2024-04-25 14:16:53.587000+00:00,2024-04-25 14:15:30+00:00,2024-04-25 14:17:30+00:00,TABUENCA01-45,Sensoria-C1-EEA1,Right,Gait,1.0.5,40.3878707,-3.629144,CB:AA:BC:3F:36:A5,SCKS,-0.238281,-0.066406,-0.582032,17.92,0.0,200.479996,0.392448,0.79424,-0.28032,434,682,701,0.6324150858581727
2024-04-25 14:16:53.595000+00:00,2024-04-25 14:15:30+00:00,2024-04-25 14:17:30+00:00,TABUENCA01-45,Sensoria-C1-E90A,Left,Gait,1.0.5,40.3878707,-3.629144,F0:75:B1:51:59:F6,SCKS,0.0625,0.968749,-0.21875,25.76,-49.279999,-49.279999,0.411136,0.672768,-0.289664,658,536,333,0.9951042344905382
2024-04-25 14:16:53.603000+00:00,2024-04-25 14:15:30+00:00,2024-04-25 14:17:30+00:00,TABUENCA01-45,Sensoria-C1-EEA1,Right,Gait,1.0.5,40.3878707,-3.629144,CB:AA:BC:3F:36:A5,SCKS,-0.277344,0.722657,-0.609375,19.040001,207.199997,114.239998,0.429824,0.79424,-0.270976,461,694,699,0.985134876354502
2024-04-25 14:16:53.619000+00:00,2024-04-25 14:15:30+00:00,2024-04-25 14:17:30+00:00,TABUENCA01-45,Sensoria-C1-EEA1,Right,Gait,1.0.5,40.3878707,-3.629144,CB:AA:BC:3F:36:A5,SCKS,-1.660157,0.429688,-0.410157,-12.32,204.960007,-31.360001,0.429824,0.79424,-0.28032,474,702,697,1.7632305029808213
2024-04-25 14:16:53.627000+00:00,2024-04-25 14:15:30+00:00,2024-04-25 14:17:30+00:00,TABUENCA01-45,Sensoria-C1-E90A,Left,Gait,1.0.5,40.3878707,-3.629144,F0:75:B1:51:59:F6,SCKS,0.15625,0.968749,-0.21875,10.08,-31.360001,-19.040001,0.392448,0.682112,-0.270976,631,511,329,1.005355782795822
2024-04-25 14:16:53.636000+00:00,2024-04-25 14:15:30+00:00,2024-04-25 14:17:30+00:00,TABUENCA01-45,Sensoria-C1-EEA1,Right,Gait,1.0.5,40.3878707,-3.629144,CB:AA:BC:3F:36:A5,SCKS,-1.085938,0.105469,-0.03125,-34.720001,124.32,-75.040001,0.42048,0.79424,-0.289664,478,708,696,1.0914951270184399
2024-04-25 14:16:53.652000+00:00,2024-04-25 14:15:30+00:00,2024-04-25 14:17:30+00:00,TABUENCA01-45,Sensoria-C1-EEA1,Right,Gait,1.0.5,40.3878707,-3.629144,CB:AA:BC:3F:36:A5,SCKS,-0.488282,-0.101563,0.039063,14.56,33.599998,-112.0,0.42048,0.79424,-0.289664,483,709,695,0.5002602047554853
2024-04-25 14:16:53.660000+00:00,2024-04-25 14:15:30+00:00,2024-04-25 14:17:30+00:00,TABUENCA01-45,Sensoria-C1-E90A,Left,Gait,1.0.5,40.3878707,-3.629144,F0:75:B1:51:59:F6,SCKS,0.15625,0.968749,-0.15625,-1.12,-26.880001,-16.799999,0.392448,0.682112,-0.261632,616,497,345,0.9936310935155964
2024-04-25 14:16:53.685000+00:00,2024-04-25 14:15:30+00:00,2024-04-25 14:17:30+00:00,TABUENCA01-45,Sensoria-C1-EEA1,Right,Gait,1.0.5,40.3878707,-3.629144,CB:AA:BC:3F:36:A5,SCKS,-0.441407,0.039063,-0.070313,42.560001,3.36,-162.399994,0.401792,0.812928,-0.28032,484,710,692,0.4486758023194476
2024-04-25 14:16:53.692000+00:00,2024-04-25 14:15:30+00:00,2024-04-25 14:17:30+00:00,TABUENCA01-45,Sensoria-C1-E90A,Left,Gait,1.0.5,40.3878707,-3.629144,F0:75:B1:51:59:F6,SCKS,0.15625,0.9375,-0.28125,-4.48,-30.24,-20.16,0.392448,0.682112,-0.261632,604,486,380,0.9911719704471066
2024-04-25 14:16:53.701000+00:00,2024-04-25 14:15:30+00:00,2024-04-25 14:17:30+00:00,TABUENCA01-45,Sensoria-C1-EEA1,Right,Gait,1.0.5,40.3878707,-3.629144,CB:AA:BC:3F:36:A5,SCKS,-0.578125,0.277344,-0.140625,47.040001,-16.799999,-215.040009,0.355072,0.812928,-0.28032,484,710,692,0.6564477135202772
2024-04-25 14:16:53.717000+00:00,2024-04-25 14:15:30+00:00,2024-04-25 14:17:30+00:00,TABUENCA01-45,Sensoria-C1-EEA1,Right,Gait,1.0.5,40.3878707,-3.629144,CB:AA:BC:3F:36:A5,SCKS,-0.507813,0.410157,-0.105469,39.200001,-39.200001,-257.600006,0.317696,0.812928,-0.270976,484,709,691,0.6612310621704034
2024-04-25 14:16:53.725000+00:00,2024-04-25 14:15:30+00:00,2024-04-25 14:17:30+00:00,TABUENCA01-45,Sensoria-C1-E90A,Left,Gait,1.0.5,40.3878707,-3.629144,F0:75:B1:51:59:F6,SCKS,0.09375,0.9375,-0.1875,-7.84,-50.400002,-16.799999,0.383104,0.691456,-0.261632,594,473,422,0.9606516343087124
2024-04-25 14:16:53.733000+00:00,2024-04-25 14:15:30+00:00,2024-04-25 14:17:30+00:00,TABUENCA01-45,Sensoria-C1-EEA1,Right,Gait,1.0.5,40.3878707,-3.629144,CB:AA:BC:3F:36:A5,SCKS,-0.460938,0.5625,-0.078125,43.68,-58.240002,-294.559998,0.261632,0.812928,-0.261632,483,707,692,0.7314188987639025
2024-04-25 14:16:53.741000+00:00,2024-04-25 14:15:30+00:00,2024-04-25 14:17:30+00:00,TABUENCA01-45,Sensoria-C1-E90A,Left,Gait,1.0.5,40.3878707,-3.629144,F0:75:B1:51:59:F6,SCKS,0.125,0.968749,-0.21875,2.24,-54.880001,-13.440001,0.383104,0.691456,-0.261632,579,458,460,1.0009751183226285
2024-04-25 14:16:53.766000+00:00,2024-04-25 14:15:30+00:00,2024-04-25 14:17:30+00:00,TABUENCA01-45,Sensoria-C1-EEA1,Right,Gait,1.0.5,40.3878707,-3.629144,CB:AA:BC:3F:36:A5,SCKS,-0.46875,0.800782,-0.085938,45.920002,-66.080002,-327.040009,0.261632,0.812928,-0.261632,484,705,689,0.9318603510548134
2024-04-25 14:16:53.773000+00:00,2024-04-25 14:15:30+00:00,2024-04-25 14:17:30+00:00,TABUENCA01-45,Sensoria-C1-E90A,Left,Gait,1.0.5,40.3878707,-3.629144,F0:75:B1:51:59:F6,SCKS,0.125,0.9375,-0.21875,3.36,-50.400002,-21.280001,0.37376,0.7008,-0.242944,563,441,495,0.9707640354380667
2024-04-25 14:16:53.782000+00:00,2024-04-25 14:15:30+00:00,2024-04-25 14:17:30+00:00,TABUENCA01-45,Sensoria-C1-EEA1,Right,Gait,1.0.5,40.3878707,-3.629144,CB:AA:BC:3F:36:A5,SCKS,-0.449219,1.109376,-0.082031,41.439999,-62.720001,-357.279999,0.196224,0.803584,-0.270976,484,704,689,1.1996840852066013
2024-04-25 14:16:53.799000+00:00,2024-04-25 14:15:30+00:00,2024-04-25 14:17:30+00:00,TABUENCA01-45,Sensoria-C1-EEA1,Right,Gait,1.0.5,40.3878707,-3.629144,CB:AA:BC:3F:36:A5,SCKS,-0.457032,1.488282,-0.082031,29.120001,-50.400002,-381.920013,0.130816,0.784896,-0.270976,483,703,689,1.559035164936635
2024-04-25 14:16:53.806000+00:00,2024-04-25 14:15:30+00:00,2024-04-25 14:17:30+00:00,TABUENCA01-45,Sensoria-C1-E90A,Left,Gait,1.0.5,40.3878707,-3.629144,F0:75:B1:51:59:F6,SCKS,0.09375,0.9375,-0.1875,4.48,-44.799999,-31.360001,0.364416,0.7008,-0.252288,544,420,527,0.9606516343087124
2024-04-25 14:16:53.815000+00:00,2024-04-25 14:15:30+00:00,2024-04-25 14:17:30+00:00,TABUENCA01-45,Sensoria-C1-EEA1,Right,Gait,1.0.5,40.3878707,-3.629144,CB:AA:BC:3F:36:A5,SCKS,-0.453125,1.992189,0.011719,12.32,-22.4,-396.480011,0.074752,0.74752,-0.270976,483,702,689,2.043104650356168
2024-04-25 14:16:53.831000+00:00,2024-04-25 14:15:30+00:00,2024-04-25 14:17:30+00:00,TABUENCA01-45,Sensoria-C1-EEA1,Right,Gait,1.0.5,40.3878707,-3.629144,CB:AA:BC:3F:36:A5,SCKS,-0.484375,1.996095,0.054688,15.68,-10.08,-404.320007,0.018688,0.7008,-0.270976,483,703,689,2.0547518504661335
2024-04-25 14:16:53.839000+00:00,2024-04-25 14:15:30+00:00,2024-04-25 14:17:30+00:00,TABUENCA01-45,Sensoria-C1-E90A,Left,Gait,1.0.5,40.3878707,-3.629144,F0:75:B1:51:59:F6,SCKS,0.0625,0.9375,-0.1875,7.84,-38.080002,-40.32,0.364416,0.710144,-0.242944,518,395,550,0.9581068572972432
2024-04-25 14:16:53.863000+00:00,2024-04-25 14:15:30+00:00,2024-04-25 14:17:30+00:00,TABUENCA01-45,Sensoria-C1-EEA1,Right,Gait,1.0.5,40.3878707,-3.629144,CB:AA:BC:3F:36:A5,SCKS,0.257813,1.996095,-0.261719,63.84,-67.199997,-409.920013,0.018688,0.7008,-0.270976,482,702,689,2.029620562310847
2024-04-25 14:16:53.871000+00:00,2024-04-25 14:15:30+00:00,2024-04-25 14:17:30+00:00,TABUENCA01-45,Sensoria-C1-E90A,Left,Gait,1.0.5,40.3878707,-3.629144,F0:75:B1:51:59:F6,SCKS,0.03125,0.999999,-0.1875,6.72,-35.84,-47.040001,0.355072,0.719488,-0.2336,490,363,573,1.017905109772517
2024-04-25 14:16:53.895000+00:00,2024-04-25 14:15:30+00:00,2024-04-25 14:17:30+00:00,TABUENCA01-45,Sensoria-C1-EEA1,Right,Gait,1.0.5,40.3878707,-3.629144,CB:AA:BC:3F:36:A5,SCKS,1.671876,1.996095,-0.5,32.48,-28.0,-402.079987,-0.037376,0.644736,-0.270976,482,701,688,2.6513326099154364
2024-04-25 14:16:53.897000+00:00,2024-04-25 14:15:30+00:00,2024-04-25 14:17:30+00:00,TABUENCA01-45,Sensoria-C1-EEA1,Right,Gait,1.0.5,40.3878707,-3.629144,CB:AA:BC:3F:36:A5,SCKS,1.996095,1.996095,-0.382813,47.040001,5.6,-299.040009,-0.074752,0.588672,-0.261632,482,703,690,2.8487429317190065
2024-04-25 14:16:53.904000+00:00,2024-04-25 14:15:30+00:00,2024-04-25 14:17:30+00:00,TABUENCA01-45,Sensoria-C1-E90A,Left,Gait,1.0.5,40.3878707,-3.629144,F0:75:B1:51:59:F6,SCKS,0.0625,1.031249,-0.21875,3.36,-36.959999,-61.599998,0.336384,0.728832,-0.224256,456,330,604,1.056045601525332
2024-04-25 14:16:53.912000+00:00,2024-04-25 14:15:30+00:00,2024-04-25 14:17:30+00:00,TABUENCA01-45,Sensoria-C1-EEA1,Right,Gait,1.0.5,40.3878707,-3.629144,CB:AA:BC:3F:36:A5,SCKS,1.996095,1.648439,0.152344,62.720001,58.240002,-165.759995,-0.09344,0.551296,-0.261632,482,705,691,2.593251835067701
2024-04-25 14:16:53.936000+00:00,2024-04-25 14:15:30+00:00,2024-04-25 14:17:30+00:00,TABUENCA01-45,Sensoria-C1-E90A,Left,Gait,1.0.5,40.3878707,-3.629144,F0:75:B1:51:59:F6,SCKS,0.125,1.187499,-0.15625,-1.12,-40.32,-85.120003,0.308352,0.74752,-0.2336,424,299,641,1.2042395681512048
2024-04-25 14:16:53.945000+00:00,2024-04-25 14:15:30+00:00,2024-04-25 14:17:30+00:00,TABUENCA01-45,Sensoria-C1-EEA1,Right,Gait,1.0.5,40.3878707,-3.629144,CB:AA:BC:3F:36:A5,SCKS,1.996095,1.906251,0.925782,29.120001,73.919998,-13.440001,-0.084096,0.532608,-0.2336,481,705,697,2.911230055414721
2024-04-25 14:16:53.961000+00:00,2024-04-25 14:15:30+00:00,2024-04-25 14:17:30+00:00,TABUENCA01-45,Sensoria-C1-EEA1,Right,Gait,1.0.5,40.3878707,-3.629144,CB:AA:BC:3F:36:A5,SCKS,0.171875,1.996095,0.625,0.0,-48.16,138.880005,-0.084096,0.532608,-0.2336,479,707,699,2.0987046635127107
2024-04-25 14:16:53.969000+00:00,2024-04-25 14:15:30+00:00,2024-04-25 14:17:30+00:00,TABUENCA01-45,Sensoria-C1-E90A,Left,Gait,1.0.5,40.3878707,-3.629144,F0:75:B1:51:59:F6,SCKS,0.21875,1.406249,-0.25,7.84,-25.76,-129.919998,0.299008,0.756864,-0.214912,386,269,676,1.4449525294974226
2024-04-25 14:16:53.977000+00:00,2024-04-25 14:15:30+00:00,2024-04-25 14:17:30+00:00,TABUENCA01-45,Sensoria-C1-EEA1,Right,Gait,1.0.5,40.3878707,-3.629144,CB:AA:BC:3F:36:A5,SCKS,-2.000001,1.406251,0.113281,40.32,-152.320007,104.160004,-0.09344,0.551296,-0.252288,481,704,685,2.4475249661572405
2024-04-25 14:16:53.993000+00:00,2024-04-25 14:15:30+00:00,2024-04-25 14:17:30+00:00,TABUENCA01-45,Sensoria-C1-EEA1,Right,Gait,1.0.5,40.3878707,-3.629144,CB:AA:BC:3F:36:A5,SCKS,0.398438,0.890626,1.640626,64.959999,-249.759995,218.399994,-0.084096,0.569984,-0.270976,490,708,652,1.908827174889335
2024-04-25 14:16:54.001000+00:00,2024-04-25 14:15:30+00:00,2024-04-25 14:17:30+00:00,TABUENCA01-45,Sensoria-C1-E90A,Left,Gait,1.0.5,40.3878707,-3.629144,F0:75:B1:51:59:F6,SCKS,0.375,1.718749,-0.1875,5.6,-25.76,-155.680008,0.242944,0.775552,-0.214912,379,274,685,1.7691465103266604
2024-04-25 14:16:54.026000+00:00,2024-04-25 14:15:30+00:00,2024-04-25 14:17:30+00:00,TABUENCA01-45,Sensoria-C1-EEA1,Right,Gait,1.0.5,40.3878707,-3.629144,CB:AA:BC:3F:36:A5,SCKS,0.753907,1.976564,0.175781,79.519997,-161.279999,247.520004,-0.074752,0.60736,-0.308352,498,711,594,2.1227529226704647
2024-04-25 14:16:54.033000+00:00,2024-04-25 14:15:30+00:00,2024-04-25 14:17:30+00:00,TABUENCA01-45,Sensoria-C1-E90A,Left,Gait,1.0.5,40.3878707,-3.629144,F0:75:B1:51:59:F6,SCKS,0.46875,1.937499,0.03125,-4.48,-23.52,-189.279999,0.242944,0.775552,-0.214912,401,309,688,1.993641266627725
2024-04-25 14:16:54.042000+00:00,2024-04-25 14:15:30+00:00,2024-04-25 14:17:30+00:00,TABUENCA01-45,Sensoria-C1-EEA1,Right,Gait,1.0.5,40.3878707,-3.629144,CB:AA:BC:3F:36:A5,SCKS,0.246094,1.41797,-0.164063,42.560001,45.920002,225.119995,-0.056064,0.644736,-0.308352,503,717,518,1.4484881241159695
2024-04-25 14:16:54.058000+00:00,2024-04-25 14:15:30+00:00,2024-04-25 14:17:30+00:00,TABUENCA01-45,Sensoria-C1-EEA1,Right,Gait,1.0.5,40.3878707,-3.629144,CB:AA:BC:3F:36:A5,SCKS,0.085938,1.320313,-0.421875,43.68,43.68,192.639999,-0.04672,0.672768,-0.28032,503,718,452,1.3887369345696832
2024-04-25 14:16:54.066000+00:00,2024-04-25 14:15:30+00:00,2024-04-25 14:17:30+00:00,TABUENCA01-45,Sensoria-C1-E90A,Left,Gait,1.0.5,40.3878707,-3.629144,F0:75:B1:51:59:F6,SCKS,1.124999,2.468749,-0.09375,-24.639999,-40.32,-197.119995,0.168192,0.803584,-0.214912,472,372,687,2.714614786208533
2024-04-25 14:16:54.075000+00:00,2024-04-25 14:15:30+00:00,2024-04-25 14:17:30+00:00,TABUENCA01-45,Sensoria-C1-EEA1,Right,Gait,1.0.5,40.3878707,-3.629144,CB:AA:BC:3F:36:A5,SCKS,-0.0625,0.968751,-0.339844,19.040001,-5.6,165.759995,-0.04672,0.672768,-0.28032,502,716,406,1.0285323010664273
2024-04-25 14:16:54.082000+00:00,2024-04-25 14:15:30+00:00,2024-04-25 14:17:30+00:00,TABUENCA01-45,Sensoria-C1-E90A,Left,Gait,1.0.5,40.3878707,-3.629144,F0:75:B1:51:59:F6,SCKS,0.5625,2.124999,-0.21875,-45.920002,-106.400002,-234.080002,0.121472,0.803584,-0.2336,536,431,689,2.20904471718003
2024-04-25 14:16:54.107000+00:00,2024-04-25 14:15:30+00:00,2024-04-25 14:17:30+00:00,TABUENCA01-45,Sensoria-C1-EEA1,Right,Gait,1.0.5,40.3878707,-3.629144,CB:AA:BC:3F:36:A5,SCKS,0.3125,0.976563,0.105469,-1.12,-16.799999,129.919998,-0.028032,0.682112,-0.289664,494,721,375,1.0307547006586968
2024-04-25 14:16:54.114000+00:00,2024-04-25 14:15:30+00:00,2024-04-25 14:17:30+00:00,TABUENCA01-45,Sensoria-C1-E90A,Left,Gait,1.0.5,40.3878707,-3.629144,F0:75:B1:51:59:F6,SCKS,0.78125,0.90625,-0.5,29.120001,11.2,-220.639999,0.028032,0.803584,-0.224256,635,520,694,1.2967808700779018
2024-04-25 14:16:54.123000+00:00,2024-04-25 14:15:30+00:00,2024-04-25 14:17:30+00:00,TABUENCA01-45,Sensoria-C1-EEA1,Right,Gait,1.0.5,40.3878707,-3.629144,CB:AA:BC:3F:36:A5,SCKS,-0.074219,0.945313,-0.023438,-5.6,12.32,107.520004,-0.009344,0.7008,-0.299008,484,722,355,0.9485117119856771
2024-04-25 14:16:54.139000+00:00,2024-04-25 14:15:30+00:00,2024-04-25 14:17:30+00:00,TABUENCA01-45,Sensoria-C1-EEA1,Right,Gait,1.0.5,40.3878707,-3.629144,CB:AA:BC:3F:36:A5,SCKS,-0.019531,1.023438,-0.003906,-13.440001,14.56,87.360001,0.0,0.710144,-0.289664,475,716,343,1.0236317973964075
2024-04-25 14:16:54.147000+00:00,2024-04-25 14:15:30+00:00,2024-04-25 14:17:30+00:00,TABUENCA01-45,Sensoria-C1-E90A,Left,Gait,1.0.5,40.3878707,-3.629144,F0:75:B1:51:59:F6,SCKS,-0.6875,0.53125,-0.5625,14.56,-70.559998,-108.639999,0.0,0.79424,-0.214912,675,539,696,1.0350309476049497
2024-04-25 14:16:54.156000+00:00,2024-04-25 14:15:30+00:00,2024-04-25 14:17:30+00:00,TABUENCA01-45,Sensoria-C1-EEA1,Right,Gait,1.0.5,40.3878707,-3.629144,CB:AA:BC:3F:36:A5,SCKS,-0.058594,0.988282,0.097656,-10.08,25.76,63.84,0.009344,0.719488,-0.28032,469,708,338,0.994822226679722
2024-04-25 14:16:54.172000+00:00,2024-04-25 14:15:30+00:00,2024-04-25 14:17:30+00:00,TABUENCA01-45,Sensoria-C1-EEA1,Right,Gait,1.0.5,40.3878707,-3.629144,CB:AA:BC:3F:36:A5,SCKS,-0.097656,0.984376,0.007813,2.24,21.280001,40.32,0.009344,0.719488,-0.28032,462,700,338,0.9892390240386799
2024-04-25 14:16:54.179000+00:00,2024-04-25 14:15:30+00:00,2024-04-25 14:17:30+00:00,TABUENCA01-45,Sensoria-C1-E90A,Left,Gait,1.0.5,40.3878707,-3.629144,F0:75:B1:51:59:F6,SCKS,1.312499,0.125,-0.1875,1.12,-135.520004,100.800003,-0.009344,0.79424,-0.242944,692,544,694,1.3317037489625838
2024-04-25 14:16:54.204000+00:00,2024-04-25 14:15:30+00:00,2024-04-25 14:17:30+00:00,TABUENCA01-45,Sensoria-C1-EEA1,Right,Gait,1.0.5,40.3878707,-3.629144,CB:AA:BC:3F:36:A5,SCKS,-0.183594,0.972657,-0.066406,1.12,14.56,40.32,0.018688,0.719488,-0.28032,456,692,340,0.9920575352876465
2024-04-25 14:16:54.212000+00:00,2024-04-25 14:15:30+00:00,2024-04-25 14:17:30+00:00,TABUENCA01-45,Sensoria-C1-E90A,Left,Gait,1.0.5,40.3878707,-3.629144,F0:75:B1:51:59:F6,SCKS,0.65625,-0.03125,0.03125,-16.799999,-6.72,159.039993,0.009344,0.803584,-0.242944,698,545,692,0.6577364118702871
2024-04-25 14:16:54.221000+00:00,2024-04-25 14:15:30+00:00,2024-04-25 14:17:30+00:00,TABUENCA01-45,Sensoria-C1-EEA1,Right,Gait,1.0.5,40.3878707,-3.629144,CB:AA:BC:3F:36:A5,SCKS,-0.210938,0.980469,-0.039063,-1.12,10.08,45.920002,0.018688,0.719488,-0.270976,453,687,349,1.0036633986421941
2024-04-25 14:16:54.237000+00:00,2024-04-25 14:15:30+00:00,2024-04-25 14:17:30+00:00,TABUENCA01-45,Sensoria-C1-EEA1,Right,Gait,1.0.5,40.3878707,-3.629144,CB:AA:BC:3F:36:A5,SCKS,-0.085938,0.988282,-0.183594,-2.24,7.84,54.880001,0.018688,0.728832,-0.28032,443,679,361,1.0088574766556473
2024-04-25 14:16:54.253000+00:00,2024-04-25 14:15:30+00:00,2024-04-25 14:17:30+00:00,TABUENCA01-45,Sensoria-C1-EEA1,Right,Gait,1.0.5,40.3878707,-3.629144,CB:AA:BC:3F:36:A5,SCKS,-0.058594,0.941407,-0.066406,-11.2,21.280001,54.880001,0.037376,0.728832,-0.28032,432,669,374,0.9455634052357357
2024-04-25 14:16:54.261000+00:00,2024-04-25 14:15:30+00:00,2024-04-25 14:17:30+00:00,TABUENCA01-45,Sensoria-C1-E90A,Left,Gait,1.0.5,40.3878707,-3.629144,F0:75:B1:51:59:F6,SCKS,0.3125,0.09375,-0.0625,-6.72,19.040001,216.160004,0.037376,0.803584,-0.242944,701,542,691,0.3321920566479578
2024-04-25 14:16:54.277000+00:00,2024-04-25 14:15:30+00:00,2024-04-25 14:17:30+00:00,TABUENCA01-45,Sensoria-C1-E90A,Left,Gait,1.0.5,40.3878707,-3.629144,F0:75:B1:51:59:F6,SCKS,0.46875,0.46875,-0.21875,4.48,24.639999,276.640015,0.130816,0.803584,-0.2336,700,542,689,0.6980721219902711
2024-04-25 14:16:54.286000+00:00,2024-04-25 14:15:30+00:00,2024-04-25 14:17:30+00:00,TABUENCA01-45,Sensoria-C1-EEA1,Right,Gait,1.0.5,40.3878707,-3.629144,CB:AA:BC:3F:36:A5,SCKS,-0.046875,0.964844,0.007813,-10.08,26.880001,52.639999,0.037376,0.728832,-0.28032,417,657,389,0.9660135883775135
2024-04-25 14:16:54.310000+00:00,2024-04-25 14:15:30+00:00,2024-04-25 14:17:30+00:00,TABUENCA01-45,Sensoria-C1-E90A,Left,Gait,1.0.5,40.3878707,-3.629144,F0:75:B1:51:59:F6,SCKS,0.40625,0.75,-0.125,-7.84,43.68,318.079987,0.18688,0.79424,-0.2336,700,540,687,0.8620696390083576
2024-04-25 14:16:54.318000+00:00,2024-04-25 14:15:30+00:00,2024-04-25 14:17:30+00:00,TABUENCA01-45,Sensoria-C1-EEA1,Right,Gait,1.0.5,40.3878707,-3.629144,CB:AA:BC:3F:36:A5,SCKS,-0.050781,0.980469,-0.0625,-2.24,22.4,50.400002,0.056064,0.738176,-0.270976,389,629,412,0.9837705118176698
2024-04-25 14:16:54.335000+00:00,2024-04-25 14:15:30+00:00,2024-04-25 14:17:30+00:00,TABUENCA01-45,Sensoria-C1-EEA1,Right,Gait,1.0.5,40.3878707,-3.629144,CB:AA:BC:3F:36:A5,SCKS,-0.015625,0.984376,-0.058594,-2.24,19.040001,50.400002,0.056064,0.74752,-0.261632,371,616,426,0.9862421137007891
2024-04-25 14:16:54.342000+00:00,2024-04-25 14:15:30+00:00,2024-04-25 14:17:30+00:00,TABUENCA01-45,Sensoria-C1-E90A,Left,Gait,1.0.5,40.3878707,-3.629144,F0:75:B1:51:59:F6,SCKS,0.34375,1.124999,-0.125,-8.96,61.599998,370.720001,0.252288,0.775552,-0.242944,701,539,686,1.1829673759242054
2024-04-25 14:16:54.351000+00:00,2024-04-25 14:15:30+00:00,2024-04-25 14:17:30+00:00,TABUENCA01-45,Sensoria-C1-EEA1,Right,Gait,1.0.5,40.3878707,-3.629144,CB:AA:BC:3F:36:A5,SCKS,-0.015625,0.980469,-0.039063,-1.12,15.68,51.52,0.056064,0.74752,-0.261632,354,599,441,0.9813712440024928
2024-04-25 14:16:54.374000+00:00,2024-04-25 14:15:30+00:00,2024-04-25 14:17:30+00:00,TABUENCA01-45,Sensoria-C1-E90A,Left,Gait,1.0.5,40.3878707,-3.629144,F0:75:B1:51:59:F6,SCKS,0.53125,1.937499,-0.25,-15.68,49.279999,413.279999,0.317696,0.738176,-0.242944,700,538,684,2.024507085070586
2024-04-25 14:16:54.399000+00:00,2024-04-25 14:15:30+00:00,2024-04-25 14:17:30+00:00,TABUENCA01-45,Sensoria-C1-EEA1,Right,Gait,1.0.5,40.3878707,-3.629144,CB:AA:BC:3F:36:A5,SCKS,-0.011719,0.984376,-0.042969,3.36,12.32,53.760002,0.065408,0.74752,-0.261632,335,581,460,0.9853830622138783
2024-04-25 14:16:54.400000+00:00,2024-04-25 14:15:30+00:00,2024-04-25 14:17:30+00:00,TABUENCA01-45,Sensoria-C1-EEA1,Right,Gait,1.0.5,40.3878707,-3.629144,CB:AA:BC:3F:36:A5,SCKS,0.007813,0.960938,-0.035156,6.72,8.96,58.240002,0.065408,0.756864,-0.252288,315,564,479,0.9616126180271346
2024-04-25 14:16:54.407000+00:00,2024-04-25 14:15:30+00:00,2024-04-25 14:17:30+00:00,TABUENCA01-45,Sensoria-C1-E90A,Left,Gait,1.0.5,40.3878707,-3.629144,F0:75:B1:51:59:F6,SCKS,0.40625,2.781249,-0.25,-8.96,71.68,432.320007,0.37376,0.682112,-0.2336,698,537,685,2.821858441258349
2024-04-25 14:16:54.416000+00:00,2024-04-25 14:15:30+00:00,2024-04-25 14:17:30+00:00,TABUENCA01-45,Sensoria-C1-EEA1,Right,Gait,1.0.5,40.3878707,-3.629144,CB:AA:BC:3F:36:A5,SCKS,-0.011719,1.027344,0.007813,12.32,3.36,63.84,0.074752,0.756864,-0.261632,293,543,501,1.0274405443946624
2024-04-25 14:16:54.423000+00:00,2024-04-25 14:15:30+00:00,2024-04-25 14:17:30+00:00,TABUENCA01-45,Sensoria-C1-E90A,Left,Gait,1.0.5,40.3878707,-3.629144,F0:75:B1:51:59:F6,SCKS,-0.5625,3.156248,0.0625,-15.68,97.440002,430.080017,0.485888,0.56064,-0.28032,697,536,685,3.206589143857379
2024-04-25 14:16:54.432000+00:00,2024-04-25 14:15:30+00:00,2024-04-25 14:17:30+00:00,TABUENCA01-45,Sensoria-C1-EEA1,Right,Gait,1.0.5,40.3878707,-3.629144,CB:AA:BC:3F:36:A5,SCKS,-0.019531,1.058594,-0.019531,16.799999,0.0,70.559998,0.084096,0.766208,-0.242944,273,519,532,1.0589542845458437
2024-04-25 14:16:54.456000+00:00,2024-04-25 14:15:30+00:00,2024-04-25 14:17:30+00:00,TABUENCA01-45,Sensoria-C1-E90A,Left,Gait,1.0.5,40.3878707,-3.629144,F0:75:B1:51:59:F6,SCKS,-3.656248,1.437499,-0.5,4.48,69.440002,222.880005,0.51392,0.504576,-0.299008,695,536,689,3.960372812312624
2024-04-25 14:16:54.465000+00:00,2024-04-25 14:15:30+00:00,2024-04-25 14:17:30+00:00,TABUENCA01-45,Sensoria-C1-EEA1,Right,Gait,1.0.5,40.3878707,-3.629144,CB:AA:BC:3F:36:A5,SCKS,-0.085938,1.16797,-0.015625,10.08,-1.12,84.0,0.102784,0.775552,-0.252288,252,495,573,1.171231574612382
2024-04-25 14:16:54.481000+00:00,2024-04-25 14:15:30+00:00,2024-04-25 14:17:30+00:00,TABUENCA01-45,Sensoria-C1-EEA1,Right,Gait,1.0.5,40.3878707,-3.629144,CB:AA:BC:3F:36:A5,SCKS,-0.070313,1.242188,0.113281,0.0,-3.36,101.919998,0.102784,0.775552,-0.252288,233,470,613,1.2493228286852043
2024-04-25 14:16:54.489000+00:00,2024-04-25 14:15:30+00:00,2024-04-25 14:17:30+00:00,TABUENCA01-45,Sensoria-C1-E90A,Left,Gait,1.0.5,40.3878707,-3.629144,F0:75:B1:51:59:F6,SCKS,-3.468748,1.687499,-0.375,16.799999,-77.279999,6.72,0.523264,0.457856,-0.28032,694,536,696,3.8756277636668104
2024-04-25 14:16:54.497000+00:00,2024-04-25 14:15:30+00:00,2024-04-25 14:17:30+00:00,TABUENCA01-45,Sensoria-C1-EEA1,Right,Gait,1.0.5,40.3878707,-3.629144,CB:AA:BC:3F:36:A5,SCKS,-0.09375,1.289063,0.117188,-4.48,-13.440001,117.599998,0.121472,0.775552,-0.242944,218,452,648,1.2977694355366056
2024-04-25 14:16:54.514000+00:00,2024-04-25 14:15:30+00:00,2024-04-25 14:17:30+00:00,TABUENCA01-45,Sensoria-C1-EEA1,Right,Gait,1.0.5,40.3878707,-3.629144,CB:AA:BC:3F:36:A5,SCKS,-0.121094,1.445314,-0.105469,-10.08,-23.52,134.399994,0.130816,0.784896,-0.242944,206,438,671,1.4542076967864668
2024-04-25 14:16:54.521000+00:00,2024-04-25 14:15:30+00:00,2024-04-25 14:17:30+00:00,TABUENCA01-45,Sensoria-C1-E90A,Left,Gait,1.0.5,40.3878707,-3.629144,F0:75:B1:51:59:F6,SCKS,3.312498,1.406249,0.25,23.52,38.080002,-151.199997,0.51392,0.485888,-0.308352,692,535,687,3.6073091425611143
2024-04-25 14:16:54.546000+00:00,2024-04-25 14:15:30+00:00,2024-04-25 14:17:30+00:00,TABUENCA01-45,Sensoria-C1-EEA1,Right,Gait,1.0.5,40.3878707,-3.629144,CB:AA:BC:3F:36:A5,SCKS,-0.203125,1.609376,-0.148438,-16.799999,-15.68,153.440002,0.168192,0.79424,-0.252288,197,436,686,1.6289213347626705
2024-04-25 14:16:54.553000+00:00,2024-04-25 14:15:30+00:00,2024-04-25 14:17:30+00:00,TABUENCA01-45,Sensoria-C1-E90A,Left,Gait,1.0.5,40.3878707,-3.629144,F0:75:B1:51:59:F6,SCKS,-1.249999,1.406249,0.4375,58.240002,176.960007,-258.720001,0.504576,0.51392,-0.32704,698,537,648,1.9316935574779972
2024-04-25 14:16:54.586000+00:00,2024-04-25 14:15:30+00:00,2024-04-25 14:17:30+00:00,TABUENCA01-45,Sensoria-C1-E90A,Left,Gait,1.0.5,40.3878707,-3.629144,F0:75:B1:51:59:F6,SCKS,0.0,1.843749,-0.25,110.879997,-2.24,-202.720001,0.476544,0.56064,-0.336384,695,540,531,1.8606209648934413
2024-04-25 14:16:54.594000+00:00,2024-04-25 14:15:30+00:00,2024-04-25 14:17:30+00:00,TABUENCA01-45,Sensoria-C1-EEA1,Right,Gait,1.0.5,40.3878707,-3.629144,CB:AA:BC:3F:36:A5,SCKS,-0.609375,1.996095,0.289063,-30.24,31.360001,198.240005,0.196224,0.803584,-0.261632,199,458,697,2.1069624006182455
2024-04-25 14:16:54.596000+00:00,2024-04-25 14:15:30+00:00,2024-04-25 14:17:30+00:00,TABUENCA01-45,Sensoria-C1-EEA1,Right,Gait,1.0.5,40.3878707,-3.629144,CB:AA:BC:3F:36:A5,SCKS,-0.351563,1.996095,-0.164063,-47.040001,39.200001,264.320007,0.28032,0.803584,-0.270976,231,500,698,2.033447432308738
2024-04-25 14:16:54.619000+00:00,2024-04-25 14:15:30+00:00,2024-04-25 14:17:30+00:00,TABUENCA01-45,Sensoria-C1-E90A,Left,Gait,1.0.5,40.3878707,-3.629144,F0:75:B1:51:59:F6,SCKS,0.09375,1.656249,0.625,68.32,-21.280001,-216.160004,0.457856,0.598016,-0.317696,685,551,408,1.7727308911679178
2024-04-25 14:16:54.627000+00:00,2024-04-25 14:15:30+00:00,2024-04-25 14:17:30+00:00,TABUENCA01-45,Sensoria-C1-EEA1,Right,Gait,1.0.5,40.3878707,-3.629144,CB:AA:BC:3F:36:A5,SCKS,-0.824219,1.996095,-0.625,-16.799999,-11.2,299.040009,0.28032,0.803584,-0.270976,275,548,699,2.2481897626726264
2024-04-25 14:16:54.643000+00:00,2024-04-25 14:15:30+00:00,2024-04-25 14:17:30+00:00,TABUENCA01-45,Sensoria-C1-EEA1,Right,Gait,1.0.5,40.3878707,-3.629144,CB:AA:BC:3F:36:A5,SCKS,-0.554688,1.996095,-0.589844,4.48,-82.879997,320.320007,0.336384,0.812928,-0.270976,337,610,698,2.1540635948608853
2024-04-25 14:16:54.651000+00:00,2024-04-25 14:15:30+00:00,2024-04-25 14:17:30+00:00,TABUENCA01-45,Sensoria-C1-E90A,Left,Gait,1.0.5,40.3878707,-3.629144,F0:75:B1:51:59:F6,SCKS,0.0625,0.90625,-0.15625,82.879997,-38.080002,-129.919998,0.411136,0.644736,-0.299008,660,543,356,0.9217425752345391
2024-04-25 14:16:54.675000+00:00,2024-04-25 14:15:30+00:00,2024-04-25 14:17:30+00:00,TABUENCA01-45,Sensoria-C1-EEA1,Right,Gait,1.0.5,40.3878707,-3.629144,CB:AA:BC:3F:36:A5,SCKS,-0.207031,0.605469,-0.761719,33.599998,-40.32,266.559998,0.383104,0.803584,-0.270976,404,658,699,0.9948217829757248
2024-04-25 14:16:54.677000+00:00,2024-04-25 14:15:30+00:00,2024-04-25 14:17:30+00:00,TABUENCA01-45,Sensoria-C1-EEA1,Right,Gait,1.0.5,40.3878707,-3.629144,CB:AA:BC:3F:36:A5,SCKS,0.812501,0.0625,-1.195313,29.120001,75.040001,164.639999,0.411136,0.803584,-0.261632,447,682,699,1.4466641949567978
2024-04-25 14:16:54.683000+00:00,2024-04-25 14:15:30+00:00,2024-04-25 14:17:30+00:00,TABUENCA01-45,Sensoria-C1-E90A,Left,Gait,1.0.5,40.3878707,-3.629144,F0:75:B1:51:59:F6,SCKS,0.0625,0.9375,-0.3125,33.599998,-52.639999,-70.559998,0.401792,0.663424,-0.28032,635,532,332,0.9901862198596787
2024-04-25 14:16:54.693000+00:00,2024-04-25 14:15:30+00:00,2024-04-25 14:17:30+00:00,TABUENCA01-45,Sensoria-C1-EEA1,Right,Gait,1.0.5,40.3878707,-3.629144,CB:AA:BC:3F:36:A5,SCKS,-1.128907,0.503907,-0.65625,13.440001,259.839996,45.920002,0.429824,0.79424,-0.270976,469,698,696,1.3996490066434515
2024-04-25 14:16:54.716000+00:00,2024-04-25 14:15:30+00:00,2024-04-25 14:17:30+00:00,TABUENCA01-45,Sensoria-C1-E90A,Left,Gait,1.0.5,40.3878707,-3.629144,F0:75:B1:51:59:F6,SCKS,0.125,0.999999,-0.09375,11.2,-43.68,-23.52,0.392448,0.672768,-0.270976,618,517,326,1.012132433281831
2024-04-25 14:16:54.725000+00:00,2024-04-25 14:15:30+00:00,2024-04-25 14:17:30+00:00,TABUENCA01-45,Sensoria-C1-EEA1,Right,Gait,1.0.5,40.3878707,-3.629144,CB:AA:BC:3F:36:A5,SCKS,-1.363282,0.136719,-0.226563,-23.52,216.160004,-45.920002,0.429824,0.79424,-0.270976,479,705,694,1.3887262831292566
2024-04-25 14:16:54.741000+00:00,2024-04-25 14:15:30+00:00,2024-04-25 14:17:30+00:00,TABUENCA01-45,Sensoria-C1-EEA1,Right,Gait,1.0.5,40.3878707,-3.629144,CB:AA:BC:3F:36:A5,SCKS,-0.757813,-0.15625,0.054688,-6.72,134.399994,-77.279999,0.429824,0.79424,-0.28032,484,710,693,0.7756838162634309
2024-04-25 14:16:54.749000+00:00,2024-04-25 14:15:30+00:00,2024-04-25 14:17:30+00:00,TABUENCA01-45,Sensoria-C1-E90A,Left,Gait,1.0.5,40.3878707,-3.629144,F0:75:B1:51:59:F6,SCKS,0.15625,0.999999,-0.1875,2.24,-34.720001,-17.92,0.392448,0.682112,-0.270976,605,506,335,1.0293533467672797
2024-04-25 14:16:54.757000+00:00,2024-04-25 14:15:30+00:00,2024-04-25 14:17:30+00:00,TABUENCA01-45,Sensoria-C1-EEA1,Right,Gait,1.0.5,40.3878707,-3.629144,CB:AA:BC:3F:36:A5,SCKS,-0.492188,-0.117188,0.042969,47.040001,66.080002,-123.199997,0.411136,0.803584,-0.28032,485,711,692,0.5077680470933554
2024-04-25 14:16:54.765000+00:00,2024-04-25 14:15:30+00:00,2024-04-25 14:17:30+00:00,TABUENCA01-45,Sensoria-C1-E90A,Left,Gait,1.0.5,40.3878707,-3.629144,F0:75:B1:51:59:F6,SCKS,0.125,0.968749,-0.15625,-1.12,-34.720001,-17.92,0.392448,0.682112,-0.252288,596,496,361,0.9891985076318099
2024-04-25 14:16:54.773000+00:00,2024-04-25 14:15:30+00:00,2024-04-25 14:17:30+00:00,TABUENCA01-45,Sensoria-C1-EEA1,Right,Gait,1.0.5,40.3878707,-3.629144,CB:AA:BC:3F:36:A5,SCKS,-0.621094,0.105469,-0.027344,64.959999,31.360001,-173.600006,0.392448,0.803584,-0.289664,487,710,691,0.630578433767759
2024-04-25 14:16:54.797000+00:00,2024-04-25 14:15:30+00:00,2024-04-25 14:17:30+00:00,TABUENCA01-45,Sensoria-C1-E90A,Left,Gait,1.0.5,40.3878707,-3.629144,F0:75:B1:51:59:F6,SCKS,0.09375,0.9375,-0.21875,5.6,-45.920002,-21.280001,0.392448,0.691456,-0.252288,580,477,424,0.967236721283885
2024-04-25 14:16:54.806000+00:00,2024-04-25 14:15:30+00:00,2024-04-25 14:17:30+00:00,TABUENCA01-45,Sensoria-C1-EEA1,Right,Gait,1.0.5,40.3878707,-3.629144,CB:AA:BC:3F:36:A5,SCKS,-0.644532,0.292969,0.019531,66.080002,-12.32,-218.399994,0.355072,0.812928,-0.261632,485,710,690,0.7082611057696167
2024-04-25 14:16:54.822000+00:00,2024-04-25 14:15:30+00:00,2024-04-25 14:17:30+00:00,TABUENCA01-45,Sensoria-C1-EEA1,Right,Gait,1.0.5,40.3878707,-3.629144,CB:AA:BC:3F:36:A5,SCKS,-0.511719,0.378907,0.054688,68.32,-58.240002,-260.959991,0.299008,0.812928,-0.261632,485,709,690,0.6390756034727034
2024-04-25 14:16:54.838000+00:00,2024-04-25 14:15:30+00:00,2024-04-25 14:17:30+00:00,TABUENCA01-45,Sensoria-C1-EEA1,Right,Gait,1.0.5,40.3878707,-3.629144,CB:AA:BC:3F:36:A5,SCKS,-0.480469,0.585938,0.023438,70.559998,-85.120003,-300.160004,0.299008,0.812928,-0.261632,485,709,689,0.7581049661155109
2024-04-25 14:16:54.871000+00:00,2024-04-25 14:15:30+00:00,2024-04-25 14:17:30+00:00,TABUENCA01-45,Sensoria-C1-EEA1,Right,Gait,1.0.5,40.3878707,-3.629144,CB:AA:BC:3F:36:A5,SCKS,-0.496094,0.875001,-0.046875,64.959999,-95.199997,-336.0,0.242944,0.803584,-0.252288,485,707,689,1.006942536822236
2024-04-25 14:16:54.872000+00:00,2024-04-25 14:15:30+00:00,2024-04-25 14:17:30+00:00,TABUENCA01-45,Sensoria-C1-EEA1,Right,Gait,1.0.5,40.3878707,-3.629144,CB:AA:BC:3F:36:A5,SCKS,-0.4375,1.183595,-0.042969,49.279999,-89.599998,-364.0,0.168192,0.79424,-0.242944,485,708,689,1.2625964157188154
2024-04-25 14:16:54.878000+00:00,2024-04-25 14:15:30+00:00,2024-04-25 14:17:30+00:00,TABUENCA01-45,Sensoria-C1-E90A,Left,Gait,1.0.5,40.3878707,-3.629144,F0:75:B1:51:59:F6,SCKS,0.09375,0.9375,-0.21875,0.0,-43.68,-15.68,0.383104,0.691456,-0.261632,568,465,459,0.967236721283885
2024-04-25 14:16:54.879000+00:00,2024-04-25 14:15:30+00:00,2024-04-25 14:17:30+00:00,TABUENCA01-45,Sensoria-C1-E90A,Left,Gait,1.0.5,40.3878707,-3.629144,F0:75:B1:51:59:F6,SCKS,0.09375,0.9375,-0.21875,-1.12,-40.32,-15.68,0.37376,0.7008,-0.252288,554,447,490,0.967236721283885
2024-04-25 14:16:54.895000+00:00,2024-04-25 14:15:30+00:00,2024-04-25 14:17:30+00:00,TABUENCA01-45,Sensoria-C1-E90A,Left,Gait,1.0.5,40.3878707,-3.629144,F0:75:B1:51:59:F6,SCKS,0.0625,0.9375,-0.1875,0.0,-40.32,-21.280001,0.37376,0.710144,-0.242944,538,428,515,0.9581068572972432
2024-04-25 14:16:54.903000+00:00,2024-04-25 14:15:30+00:00,2024-04-25 14:17:30+00:00,TABUENCA01-45,Sensoria-C1-EEA1,Right,Gait,1.0.5,40.3878707,-3.629144,CB:AA:BC:3F:36:A5,SCKS,-0.402344,1.613282,0.070313,11.2,-29.120001,-383.040009,0.112128,0.766208,-0.242944,485,706,687,1.6641825091704936
2024-04-25 14:16:54.919000+00:00,2024-04-25 14:15:30+00:00,2024-04-25 14:17:30+00:00,TABUENCA01-45,Sensoria-C1-EEA1,Right,Gait,1.0.5,40.3878707,-3.629144,CB:AA:BC:3F:36:A5,SCKS,-0.296875,1.996095,0.191406,11.2,-2.24,-383.040009,0.056064,0.728832,-0.252288,485,705,686,2.027107858868393
2024-04-25 14:16:54.927000+00:00,2024-04-25 14:15:30+00:00,2024-04-25 14:17:30+00:00,TABUENCA01-45,Sensoria-C1-E90A,Left,Gait,1.0.5,40.3878707,-3.629144,F0:75:B1:51:59:F6,SCKS,0.0625,0.9375,-0.1875,4.48,-36.959999,-32.48,0.355072,0.7008,-0.2336,517,402,535,0.9581068572972432
2024-04-25 14:16:54.936000+00:00,2024-04-25 14:15:30+00:00,2024-04-25 14:17:30+00:00,TABUENCA01-45,Sensoria-C1-EEA1,Right,Gait,1.0.5,40.3878707,-3.629144,CB:AA:BC:3F:36:A5,SCKS,0.144531,1.996095,-0.125,48.16,-39.200001,-395.360016,0.056064,0.728832,-0.252288,484,705,687,2.005220551207772
2024-04-25 14:16:54.952000+00:00,2024-04-25 14:15:30+00:00,2024-04-25 14:17:30+00:00,TABUENCA01-45,Sensoria-C1-EEA1,Right,Gait,1.0.5,40.3878707,-3.629144,CB:AA:BC:3F:36:A5,SCKS,0.812501,1.996095,0.058594,25.76,-12.32,-412.160004,0.009344,0.682112,-0.252288,482,705,687,2.1559189179702467
2024-04-25 14:16:54.976000+00:00,2024-04-25 14:15:30+00:00,2024-04-25 14:17:30+00:00,TABUENCA01-45,Sensoria-C1-E90A,Left,Gait,1.0.5,40.3878707,-3.629144,F0:75:B1:51:59:F6,SCKS,0.03125,0.968749,-0.15625,5.6,-32.48,-41.439999,0.364416,0.719488,-0.214912,493,374,553,0.9817663927844545
2024-04-25 14:16:54.984000+00:00,2024-04-25 14:15:30+00:00,2024-04-25 14:17:30+00:00,TABUENCA01-45,Sensoria-C1-EEA1,Right,Gait,1.0.5,40.3878707,-3.629144,CB:AA:BC:3F:36:A5,SCKS,1.812501,1.996095,-0.371094,25.76,-11.2,-387.519989,-0.04672,0.616704,-0.252288,482,706,686,2.7216292695482975
2024-04-25 14:16:54.992000+00:00,2024-04-25 14:15:30+00:00,2024-04-25 14:17:30+00:00,TABUENCA01-45,Sensoria-C1-E90A,Left,Gait,1.0.5,40.3878707,-3.629144,F0:75:B1:51:59:F6,SCKS,0.0625,1.062499,-0.21875,3.36,-34.720001,-53.760002,0.345728,0.719488,-0.242944,466,343,579,1.0865826878342026
2024-04-25 14:16:55.001000+00:00,2024-04-25 14:15:30+00:00,2024-04-25 14:17:30+00:00,TABUENCA01-45,Sensoria-C1-EEA1,Right,Gait,1.0.5,40.3878707,-3.629144,CB:AA:BC:3F:36:A5,SCKS,1.996095,1.992189,-0.039063,43.68,35.84,-273.279999,-0.074752,0.569984,-0.242944,483,705,689,2.8204145402254257
2024-04-25 14:16:55.017000+00:00,2024-04-25 14:15:30+00:00,2024-04-25 14:17:30+00:00,TABUENCA01-45,Sensoria-C1-EEA1,Right,Gait,1.0.5,40.3878707,-3.629144,CB:AA:BC:3F:36:A5,SCKS,1.996095,1.683595,0.351563,63.84,61.599998,-159.039993,-0.074752,0.541952,-0.214912,481,705,690,2.6348593731011527
2024-04-25 14:16:55.024000+00:00,2024-04-25 14:15:30+00:00,2024-04-25 14:17:30+00:00,TABUENCA01-45,Sensoria-C1-E90A,Left,Gait,1.0.5,40.3878707,-3.629144,F0:75:B1:51:59:F6,SCKS,0.0625,1.124999,-0.15625,-3.36,-41.439999,-85.120003,0.317696,0.738176,-0.224256,430,302,631,1.1375161812040302
2024-04-25 14:16:55.033000+00:00,2024-04-25 14:15:30+00:00,2024-04-25 14:17:30+00:00,TABUENCA01-45,Sensoria-C1-EEA1,Right,Gait,1.0.5,40.3878707,-3.629144,CB:AA:BC:3F:36:A5,SCKS,1.996095,1.828126,1.015626,28.0,36.959999,-13.440001,-0.074752,0.541952,-0.214912,482,706,695,2.8910095283096178
2024-04-25 14:16:55.057000+00:00,2024-04-25 14:15:30+00:00,2024-04-25 14:17:30+00:00,TABUENCA01-45,Sensoria-C1-E90A,Left,Gait,1.0.5,40.3878707,-3.629144,F0:75:B1:51:59:F6,SCKS,0.0625,1.281249,0.0,-3.36,-33.599998,-113.120003,0.299008,0.74752,-0.214912,408,280,661,1.2827724856735119
2024-04-25 14:16:55.066000+00:00,2024-04-25 14:15:30+00:00,2024-04-25 14:17:30+00:00,TABUENCA01-45,Sensoria-C1-EEA1,Right,Gait,1.0.5,40.3878707,-3.629144,CB:AA:BC:3F:36:A5,SCKS,0.886719,1.996095,0.789063,3.36,-77.279999,136.639999,-0.074752,0.541952,-0.214912,479,708,695,2.322344989865847
2024-04-25 14:16:55.082000+00:00,2024-04-25 14:15:30+00:00,2024-04-25 14:17:30+00:00,TABUENCA01-45,Sensoria-C1-EEA1,Right,Gait,1.0.5,40.3878707,-3.629144,CB:AA:BC:3F:36:A5,SCKS,-2.000001,1.183595,-0.089844,24.639999,-135.520004,62.720001,-0.074752,0.56064,-0.242944,485,705,679,2.3257199032475944
2024-04-25 14:16:55.090000+00:00,2024-04-25 14:15:30+00:00,2024-04-25 14:17:30+00:00,TABUENCA01-45,Sensoria-C1-E90A,Left,Gait,1.0.5,40.3878707,-3.629144,F0:75:B1:51:59:F6,SCKS,0.1875,1.437499,-0.25,-2.24,-29.120001,-133.279999,0.28032,0.756864,-0.224256,391,271,677,1.471074309816129
2024-04-25 14:16:55.098000+00:00,2024-04-25 14:15:30+00:00,2024-04-25 14:17:30+00:00,TABUENCA01-45,Sensoria-C1-EEA1,Right,Gait,1.0.5,40.3878707,-3.629144,CB:AA:BC:3F:36:A5,SCKS,0.601563,1.066407,1.523439,64.959999,-229.600006,224.0,-0.084096,0.579328,-0.270976,494,709,647,1.9544739239342641
2024-04-25 14:16:55.105000+00:00,2024-04-25 14:15:30+00:00,2024-04-25 14:17:30+00:00,TABUENCA01-45,Sensoria-C1-E90A,Left,Gait,1.0.5,40.3878707,-3.629144,F0:75:B1:51:59:F6,SCKS,0.34375,1.718749,-0.125,-6.72,-24.639999,-162.399994,0.252288,0.775552,-0.224256,402,299,683,1.7572385118420892
2024-04-25 14:16:55.114000+00:00,2024-04-25 14:15:30+00:00,2024-04-25 14:17:30+00:00,TABUENCA01-45,Sensoria-C1-EEA1,Right,Gait,1.0.5,40.3878707,-3.629144,CB:AA:BC:3F:36:A5,SCKS,0.664063,1.921876,0.316406,72.800003,-183.680008,231.839996,-0.074752,0.616704,-0.289664,501,714,588,2.057838619566899
2024-04-25 14:16:55.131000+00:00,2024-04-25 14:15:30+00:00,2024-04-25 14:17:30+00:00,TABUENCA01-45,Sensoria-C1-EEA1,Right,Gait,1.0.5,40.3878707,-3.629144,CB:AA:BC:3F:36:A5,SCKS,0.332031,1.437501,-0.199219,40.32,31.360001,218.399994,-0.074752,0.616704,-0.289664,507,716,510,1.48873836516797
2024-04-25 14:16:55.139000+00:00,2024-04-25 14:15:30+00:00,2024-04-25 14:17:30+00:00,TABUENCA01-45,Sensoria-C1-E90A,Left,Gait,1.0.5,40.3878707,-3.629144,F0:75:B1:51:59:F6,SCKS,0.9375,2.374999,-0.0625,-16.799999,-28.0,-199.360001,0.177536,0.79424,-0.214912,463,359,685,2.554101162836155
2024-04-25 14:16:55.163000+00:00,2024-04-25 14:15:30+00:00,2024-04-25 14:17:30+00:00,TABUENCA01-45,Sensoria-C1-EEA1,Right,Gait,1.0.5,40.3878707,-3.629144,CB:AA:BC:3F:36:A5,SCKS,0.171875,1.367188,-0.351563,41.439999,47.040001,189.279999,-0.04672,0.644736,-0.28032,509,716,443,1.4220902172288508
2024-04-25 14:16:55.171000+00:00,2024-04-25 14:15:30+00:00,2024-04-25 14:17:30+00:00,TABUENCA01-45,Sensoria-C1-E90A,Left,Gait,1.0.5,40.3878707,-3.629144,F0:75:B1:51:59:F6,SCKS,0.375,2.249999,-0.28125,-42.560001,-76.160004,-237.440002,0.14016,0.803584,-0.242944,526,416,686,2.2983085220442008
2024-04-25 14:16:55.180000+00:00,2024-04-25 14:15:30+00:00,2024-04-25 14:17:30+00:00,TABUENCA01-45,Sensoria-C1-EEA1,Right,Gait,1.0.5,40.3878707,-3.629144,CB:AA:BC:3F:36:A5,SCKS,-0.101563,0.972657,-0.449219,15.68,23.52,166.880005,-0.037376,0.682112,-0.270976,506,715,401,1.076185110740248
2024-04-25 14:16:55.203000+00:00,2024-04-25 14:15:30+00:00,2024-04-25 14:17:30+00:00,TABUENCA01-45,Sensoria-C1-E90A,Left,Gait,1.0.5,40.3878707,-3.629144,F0:75:B1:51:59:F6,SCKS,1.031249,1.718749,-0.65625,-8.96,-12.32,-277.76001,0.09344,0.812928,-0.242944,594,483,695,2.1090843244171156
2024-04-25 14:16:55.211000+00:00,2024-04-25 14:15:30+00:00,2024-04-25 14:17:30+00:00,TABUENCA01-45,Sensoria-C1-EEA1,Right,Gait,1.0.5,40.3878707,-3.629144,CB:AA:BC:3F:36:A5,SCKS,0.015625,0.886719,-0.027344,-8.96,4.48,124.32,-0.018688,0.691456,-0.270976,498,717,373,0.8872780961581325
2024-04-25 14:16:55.213000+00:00,2024-04-25 14:15:30+00:00,2024-04-25 14:17:30+00:00,TABUENCA01-45,Sensoria-C1-EEA1,Right,Gait,1.0.5,40.3878707,-3.629144,CB:AA:BC:3F:36:A5,SCKS,-0.089844,0.964844,-0.097656,-12.32,6.72,100.800003,-0.009344,0.710144,-0.28032,488,721,354,0.9739263745314634
2024-04-25 14:16:55.236000+00:00,2024-04-25 14:15:30+00:00,2024-04-25 14:17:30+00:00,TABUENCA01-45,Sensoria-C1-E90A,Left,Gait,1.0.5,40.3878707,-3.629144,F0:75:B1:51:59:F6,SCKS,0.53125,0.5625,-0.40625,19.040001,21.280001,-188.160004,0.04672,0.803584,-0.242944,653,529,695,0.8738832158818477
2024-04-25 14:16:55.245000+00:00,2024-04-25 14:15:30+00:00,2024-04-25 14:17:30+00:00,TABUENCA01-45,Sensoria-C1-EEA1,Right,Gait,1.0.5,40.3878707,-3.629144,CB:AA:BC:3F:36:A5,SCKS,-0.113281,0.972657,0.03125,-14.56,16.799999,88.480003,0.009344,0.710144,-0.261632,478,719,343,0.9797299562175283
2024-04-25 14:16:55.261000+00:00,2024-04-25 14:15:30+00:00,2024-04-25 14:17:30+00:00,TABUENCA01-45,Sensoria-C1-EEA1,Right,Gait,1.0.5,40.3878707,-3.629144,CB:AA:BC:3F:36:A5,SCKS,-0.007813,1.011719,0.097656,-3.36,4.48,64.959999,0.009344,0.710144,-0.261632,468,709,338,1.0164512148972031
2024-04-25 14:16:55.268000+00:00,2024-04-25 14:15:30+00:00,2024-04-25 14:17:30+00:00,TABUENCA01-45,Sensoria-C1-E90A,Left,Gait,1.0.5,40.3878707,-3.629144,F0:75:B1:51:59:F6,SCKS,0.1875,0.71875,-0.25,14.56,-145.600006,-61.599998,0.009344,0.803584,-0.2336,683,540,696,0.7837460127490283
2024-04-25 14:16:55.278000+00:00,2024-04-25 14:15:30+00:00,2024-04-25 14:17:30+00:00,TABUENCA01-45,Sensoria-C1-EEA1,Right,Gait,1.0.5,40.3878707,-3.629144,CB:AA:BC:3F:36:A5,SCKS,-0.117188,1.003907,0.0,7.84,0.0,50.400002,0.018688,0.719488,-0.270976,459,697,337,1.0107236476866464
2024-04-25 14:16:55.301000+00:00,2024-04-25 14:15:30+00:00,2024-04-25 14:17:30+00:00,TABUENCA01-45,Sensoria-C1-E90A,Left,Gait,1.0.5,40.3878707,-3.629144,F0:75:B1:51:59:F6,SCKS,0.875,0.0,-0.03125,-14.56,-43.68,127.68,0.009344,0.803584,-0.242944,698,543,692,0.8755578578826188
2024-04-25 14:16:55.326000+00:00,2024-04-25 14:15:30+00:00,2024-04-25 14:17:30+00:00,TABUENCA01-45,Sensoria-C1-EEA1,Right,Gait,1.0.5,40.3878707,-3.629144,CB:AA:BC:3F:36:A5,SCKS,-0.085938,0.945313,0.011719,0.0,5.6,47.040001,0.028032,0.728832,-0.270976,442,675,344,0.9492835944932367
2024-04-25 14:16:55.333000+00:00,2024-04-25 14:15:30+00:00,2024-04-25 14:17:30+00:00,TABUENCA01-45,Sensoria-C1-E90A,Left,Gait,1.0.5,40.3878707,-3.629144,F0:75:B1:51:59:F6,SCKS,0.375,0.03125,0.0,-12.32,14.56,176.960007,0.037376,0.803584,-0.242944,701,543,691,0.37629983058725924
2024-04-25 14:16:55.342000+00:00,2024-04-25 14:15:30+00:00,2024-04-25 14:17:30+00:00,TABUENCA01-45,Sensoria-C1-EEA1,Right,Gait,1.0.5,40.3878707,-3.629144,CB:AA:BC:3F:36:A5,SCKS,-0.078125,0.980469,-0.101563,-1.12,4.48,48.16,0.028032,0.728832,-0.270976,434,665,351,0.988806360494814
2024-04-25 14:16:55.358000+00:00,2024-04-25 14:15:30+00:00,2024-04-25 14:17:30+00:00,TABUENCA01-45,Sensoria-C1-EEA1,Right,Gait,1.0.5,40.3878707,-3.629144,CB:AA:BC:3F:36:A5,SCKS,-0.050781,0.972657,-0.097656,-11.2,17.92,48.16,0.037376,0.728832,-0.261632,425,653,361,0.9788651817007283
2024-04-25 14:16:55.366000+00:00,2024-04-25 14:15:30+00:00,2024-04-25 14:17:30+00:00,TABUENCA01-45,Sensoria-C1-E90A,Left,Gait,1.0.5,40.3878707,-3.629144,F0:75:B1:51:59:F6,SCKS,0.46875,0.3125,-0.15625,11.2,31.360001,250.880005,0.112128,0.812928,-0.2336,702,541,691,0.5846339666834284
2024-04-25 14:16:55.375000+00:00,2024-04-25 14:15:30+00:00,2024-04-25 14:17:30+00:00,TABUENCA01-45,Sensoria-C1-EEA1,Right,Gait,1.0.5,40.3878707,-3.629144,CB:AA:BC:3F:36:A5,SCKS,-0.054688,0.968751,-0.019531,-14.56,26.880001,44.799999,0.037376,0.738176,-0.261632,416,638,371,0.9704899470401536
2024-04-25 14:16:55.391000+00:00,2024-04-25 14:15:30+00:00,2024-04-25 14:17:30+00:00,TABUENCA01-45,Sensoria-C1-EEA1,Right,Gait,1.0.5,40.3878707,-3.629144,CB:AA:BC:3F:36:A5,SCKS,-0.054688,0.980469,0.0,-12.32,32.48,42.560001,0.04672,0.728832,-0.261632,405,625,382,0.9819929924928182
2024-04-25 14:16:55.399000+00:00,2024-04-25 14:15:30+00:00,2024-04-25 14:17:30+00:00,TABUENCA01-45,Sensoria-C1-E90A,Left,Gait,1.0.5,40.3878707,-3.629144,F0:75:B1:51:59:F6,SCKS,0.34375,0.6875,-0.125,-1.12,33.599998,311.360016,0.168192,0.79424,-0.242944,702,540,687,0.7787459871485695
2024-04-25 14:16:55.415000+00:00,2024-04-25 14:15:30+00:00,2024-04-25 14:17:30+00:00,TABUENCA01-45,Sensoria-C1-E90A,Left,Gait,1.0.5,40.3878707,-3.629144,F0:75:B1:51:59:F6,SCKS,0.3125,1.062499,-0.09375,-3.36,28.0,361.76001,0.2336,0.784896,-0.2336,702,540,687,1.111462746789563
2024-04-25 14:16:55.424000+00:00,2024-04-25 14:15:30+00:00,2024-04-25 14:17:30+00:00,TABUENCA01-45,Sensoria-C1-EEA1,Right,Gait,1.0.5,40.3878707,-3.629144,CB:AA:BC:3F:36:A5,SCKS,-0.070313,0.988282,-0.015625,-10.08,26.880001,41.439999,0.056064,0.738176,-0.261632,394,611,394,0.9909033101761241
2024-04-25 14:16:55.441000+00:00,2024-04-25 14:15:30+00:00,2024-04-25 14:17:30+00:00,TABUENCA01-45,Sensoria-C1-EEA1,Right,Gait,1.0.5,40.3878707,-3.629144,CB:AA:BC:3F:36:A5,SCKS,-0.023438,0.996094,-0.058594,-10.08,20.16,41.439999,0.056064,0.738176,-0.261632,380,595,406,0.9980911048175913
2024-04-25 14:16:55.447000+00:00,2024-04-25 14:15:30+00:00,2024-04-25 14:17:30+00:00,TABUENCA01-45,Sensoria-C1-E90A,Left,Gait,1.0.5,40.3878707,-3.629144,F0:75:B1:51:59:F6,SCKS,0.40625,1.656249,-0.09375,-8.96,11.2,396.480011,0.289664,0.756864,-0.242944,702,538,686,1.7079194579958976
2024-04-25 14:16:55.456000+00:00,2024-04-25 14:15:30+00:00,2024-04-25 14:17:30+00:00,TABUENCA01-45,Sensoria-C1-EEA1,Right,Gait,1.0.5,40.3878707,-3.629144,CB:AA:BC:3F:36:A5,SCKS,-0.035156,0.988282,-0.027344,-10.08,20.16,40.32,0.056064,0.74752,-0.252288,366,581,421,0.9892850702380988
2024-04-25 14:16:55.473000+00:00,2024-04-25 14:15:30+00:00,2024-04-25 14:17:30+00:00,TABUENCA01-45,Sensoria-C1-EEA1,Right,Gait,1.0.5,40.3878707,-3.629144,CB:AA:BC:3F:36:A5,SCKS,-0.066406,0.980469,-0.019531,-8.96,16.799999,44.799999,0.065408,0.74752,-0.252288,348,565,437,0.9829092922330117
2024-04-25 14:16:55.480000+00:00,2024-04-25 14:15:30+00:00,2024-04-25 14:17:30+00:00,TABUENCA01-45,Sensoria-C1-E90A,Left,Gait,1.0.5,40.3878707,-3.629144,F0:75:B1:51:59:F6,SCKS,0.40625,2.406249,-0.0625,-3.36,32.48,417.76001,0.355072,0.710144,-0.252288,700,536,685,2.441102120457274
2024-04-25 14:16:55.505000+00:00,2024-04-25 14:15:30+00:00,2024-04-25 14:17:30+00:00,TABUENCA01-45,Sensoria-C1-EEA1,Right,Gait,1.0.5,40.3878707,-3.629144,CB:AA:BC:3F:36:A5,SCKS,-0.058594,0.976563,-0.015625,-5.6,12.32,52.639999,0.074752,0.756864,-0.261632,331,546,454,0.9784440149696864
2024-04-25 14:16:55.512000+00:00,2024-04-25 14:15:30+00:00,2024-04-25 14:17:30+00:00,TABUENCA01-45,Sensoria-C1-E90A,Left,Gait,1.0.5,40.3878707,-3.629144,F0:75:B1:51:59:F6,SCKS,-0.09375,3.156248,0.25,16.799999,117.599998,432.320007,0.4672,0.598016,-0.261632,699,537,685,3.167521191721375
2024-04-25 14:16:55.521000+00:00,2024-04-25 14:15:30+00:00,2024-04-25 14:17:30+00:00,TABUENCA01-45,Sensoria-C1-EEA1,Right,Gait,1.0.5,40.3878707,-3.629144,CB:AA:BC:3F:36:A5,SCKS,-0.035156,1.000001,0.015625,1.12,2.24,61.599998,0.084096,0.756864,-0.261632,310,525,477,1.0007407681123017
2024-04-25 14:16:55.538000+00:00,2024-04-25 14:15:30+00:00,2024-04-25 14:17:30+00:00,TABUENCA01-45,Sensoria-C1-EEA1,Right,Gait,1.0.5,40.3878707,-3.629144,CB:AA:BC:3F:36:A5,SCKS,-0.007813,1.062501,-0.019531,3.36,-3.36,71.68,0.084096,0.756864,-0.252288,288,502,503,1.0627092160751217
2024-04-25 14:16:55.545000+00:00,2024-04-25 14:15:30+00:00,2024-04-25 14:17:30+00:00,TABUENCA01-45,Sensoria-C1-E90A,Left,Gait,1.0.5,40.3878707,-3.629144,F0:75:B1:51:59:F6,SCKS,-0.90625,2.999998,-0.90625,-17.92,112.0,393.119995,0.504576,0.532608,-0.289664,698,535,686,3.262294610393733
2024-04-25 14:16:55.569000+00:00,2024-04-25 14:15:30+00:00,2024-04-25 14:17:30+00:00,TABUENCA01-45,Sensoria-C1-EEA1,Right,Gait,1.0.5,40.3878707,-3.629144,CB:AA:BC:3F:36:A5,SCKS,-0.054688,1.128907,0.054688,4.48,-5.6,80.639999,0.084096,0.766208,-0.252288,268,478,540,1.1315531668185108
2024-04-25 14:16:55.570000+00:00,2024-04-25 14:15:30+00:00,2024-04-25 14:17:30+00:00,TABUENCA01-45,Sensoria-C1-EEA1,Right,Gait,1.0.5,40.3878707,-3.629144,CB:AA:BC:3F:36:A5,SCKS,-0.082031,1.218751,0.085938,10.08,-14.56,94.080002,0.102784,0.766208,-0.242944,247,455,584,1.2245278374973758
2024-04-25 14:16:55.577000+00:00,2024-04-25 14:15:30+00:00,2024-04-25 14:17:30+00:00,TABUENCA01-45,Sensoria-C1-E90A,Left,Gait,1.0.5,40.3878707,-3.629144,F0:75:B1:51:59:F6,SCKS,-3.624998,1.531249,-0.5625,16.799999,99.68,219.520004,0.523264,0.476544,-0.317696,696,536,689,3.9751402805441978
2024-04-25 14:16:55.602000+00:00,2024-04-25 14:15:30+00:00,2024-04-25 14:17:30+00:00,TABUENCA01-45,Sensoria-C1-EEA1,Right,Gait,1.0.5,40.3878707,-3.629144,CB:AA:BC:3F:36:A5,SCKS,-0.097656,1.214845,0.121094,2.24,-22.4,110.879997,0.112128,0.775552,-0.252288,228,433,626,1.2247648040325947
2024-04-25 14:16:55.609000+00:00,2024-04-25 14:15:30+00:00,2024-04-25 14:17:30+00:00,TABUENCA01-45,Sensoria-C1-E90A,Left,Gait,1.0.5,40.3878707,-3.629144,F0:75:B1:51:59:F6,SCKS,-1.249999,3.374998,-0.3125,20.16,17.92,-138.880005,0.523264,0.4672,-0.308352,692,536,695,3.6125842896747753
2024-04-25 14:16:55.618000+00:00,2024-04-25 14:15:30+00:00,2024-04-25 14:17:30+00:00,TABUENCA01-45,Sensoria-C1-EEA1,Right,Gait,1.0.5,40.3878707,-3.629144,CB:AA:BC:3F:36:A5,SCKS,-0.152344,1.398438,0.066406,-8.96,-28.0,123.199997,0.14016,0.784896,-0.261632,214,420,655,1.4082781298507763
2024-04-25 14:16:55.634000+00:00,2024-04-25 14:15:30+00:00,2024-04-25 14:17:30+00:00,TABUENCA01-45,Sensoria-C1-EEA1,Right,Gait,1.0.5,40.3878707,-3.629144,CB:AA:BC:3F:36:A5,SCKS,-0.125,1.472657,-0.125,-24.639999,-20.16,145.600006,0.158848,0.784896,-0.261632,204,413,675,1.4832291258092931
2024-04-25 14:16:55.642000+00:00,2024-04-25 14:15:30+00:00,2024-04-25 14:17:30+00:00,TABUENCA01-45,Sensoria-C1-E90A,Left,Gait,1.0.5,40.3878707,-3.629144,F0:75:B1:51:59:F6,SCKS,-0.125,1.062499,0.5625,34.720001,154.559998,-173.600006,0.51392,0.495232,-0.317696,697,535,669,1.2086915963143783
2024-04-25 14:16:55.651000+00:00,2024-04-25 14:15:30+00:00,2024-04-25 14:17:30+00:00,TABUENCA01-45,Sensoria-C1-EEA1,Right,Gait,1.0.5,40.3878707,-3.629144,CB:AA:BC:3F:36:A5,SCKS,-0.332031,1.76172,-0.003906,-32.48,-1.12,162.399994,0.158848,0.784896,-0.261632,198,418,687,1.7927401373866207
2024-04-25 14:16:55.674000+00:00,2024-04-25 14:15:30+00:00,2024-04-25 14:17:30+00:00,TABUENCA01-45,Sensoria-C1-E90A,Left,Gait,1.0.5,40.3878707,-3.629144,F0:75:B1:51:59:F6,SCKS,-0.46875,1.687499,0.0,84.0,68.32,-217.279999,0.495232,0.532608,-0.336384,696,540,594,1.7513935701323675
2024-04-25 14:16:55.684000+00:00,2024-04-25 14:15:30+00:00,2024-04-25 14:17:30+00:00,TABUENCA01-45,Sensoria-C1-EEA1,Right,Gait,1.0.5,40.3878707,-3.629144,CB:AA:BC:3F:36:A5,SCKS,-0.835938,1.996095,0.273438,-50.400002,36.959999,200.479996,0.224256,0.803584,-0.261632,203,439,694,2.181273923356028
2024-04-25 14:16:55.699000+00:00,2024-04-25 14:15:30+00:00,2024-04-25 14:17:30+00:00,TABUENCA01-45,Sensoria-C1-EEA1,Right,Gait,1.0.5,40.3878707,-3.629144,CB:AA:BC:3F:36:A5,SCKS,-1.027344,1.996095,0.203125,-58.240002,59.360001,237.440002,0.224256,0.803584,-0.261632,222,459,696,2.2541274828602753
2024-04-25 14:16:55.707000+00:00,2024-04-25 14:15:30+00:00,2024-04-25 14:17:30+00:00,TABUENCA01-45,Sensoria-C1-E90A,Left,Gait,1.0.5,40.3878707,-3.629144,F0:75:B1:51:59:F6,SCKS,-0.34375,1.656249,-0.28125,92.959999,7.84,-190.399994,0.476544,0.579328,-0.336384,697,543,458,1.7147671489158522
2024-04-25 14:16:55.716000+00:00,2024-04-25 14:15:30+00:00,2024-04-25 14:17:30+00:00,TABUENCA01-45,Sensoria-C1-EEA1,Right,Gait,1.0.5,40.3878707,-3.629144,CB:AA:BC:3F:36:A5,SCKS,-0.558594,1.996095,-0.339844,-26.880001,11.2,280.0,0.270976,0.803584,-0.270976,259,503,697,2.1004562481034923
2024-04-25 14:16:55.732000+00:00,2024-04-25 14:15:30+00:00,2024-04-25 14:17:30+00:00,TABUENCA01-45,Sensoria-C1-EEA1,Right,Gait,1.0.5,40.3878707,-3.629144,CB:AA:BC:3F:36:A5,SCKS,-0.910157,1.996095,-0.597657,-17.92,-48.16,308.0,0.32704,0.812928,-0.28032,317,564,695,2.273757881420755
2024-04-25 14:16:55.739000+00:00,2024-04-25 14:15:30+00:00,2024-04-25 14:17:30+00:00,TABUENCA01-45,Sensoria-C1-E90A,Left,Gait,1.0.5,40.3878707,-3.629144,F0:75:B1:51:59:F6,SCKS,0.03125,0.8125,-0.46875,84.0,-22.4,-161.279999,0.429824,0.635392,-0.336384,691,551,391,0.9385410886050755
2024-04-25 14:16:55.756000+00:00,2024-04-25 14:15:30+00:00,2024-04-25 14:17:30+00:00,TABUENCA01-45,Sensoria-C1-E90A,Left,Gait,1.0.5,40.3878707,-3.629144,F0:75:B1:51:59:F6,SCKS,0.0,1.031249,-0.21875,45.920002,-47.040001,-92.959999,0.42048,0.65408,-0.299008,675,547,352,1.0541945088554578
2024-04-25 14:16:55.764000+00:00,2024-04-25 14:15:30+00:00,2024-04-25 14:17:30+00:00,TABUENCA01-45,Sensoria-C1-EEA1,Right,Gait,1.0.5,40.3878707,-3.629144,CB:AA:BC:3F:36:A5,SCKS,-0.554688,1.164063,-0.453125,17.92,-81.760002,313.600006,0.364416,0.803584,-0.261632,380,622,696,1.3667639558233895
2024-04-25 14:16:55.781000+00:00,2024-04-25 14:15:30+00:00,2024-04-25 14:17:30+00:00,TABUENCA01-45,Sensoria-C1-EEA1,Right,Gait,1.0.5,40.3878707,-3.629144,CB:AA:BC:3F:36:A5,SCKS,-0.1875,0.371094,-0.644532,41.439999,-20.16,217.279999,0.401792,0.79424,-0.270976,434,666,695,0.7669996778747694
2024-04-25 14:16:55.788000+00:00,2024-04-25 14:15:30+00:00,2024-04-25 14:17:30+00:00,TABUENCA01-45,Sensoria-C1-E90A,Left,Gait,1.0.5,40.3878707,-3.629144,F0:75:B1:51:59:F6,SCKS,0.15625,0.968749,-0.15625,14.56,-47.040001,-34.720001,0.401792,0.663424,-0.308352,658,536,330,0.9936310935155964
2024-04-25 14:16:55.797000+00:00,2024-04-25 14:15:30+00:00,2024-04-25 14:17:30+00:00,TABUENCA01-45,Sensoria-C1-EEA1,Right,Gait,1.0.5,40.3878707,-3.629144,CB:AA:BC:3F:36:A5,SCKS,0.230469,0.796876,-0.828126,30.24,133.279999,115.360001,0.401792,0.79424,-0.270976,464,687,695,1.1721433321966217
2024-04-25 14:16:55.813000+00:00,2024-04-25 14:15:30+00:00,2024-04-25 14:17:30+00:00,TABUENCA01-45,Sensoria-C1-EEA1,Right,Gait,1.0.5,40.3878707,-3.629144,CB:AA:BC:3F:36:A5,SCKS,-1.582032,0.25,-0.476563,-7.84,215.040009,-16.799999,0.42048,0.79424,-0.270976,478,698,693,1.6710588086578522
2024-04-25 14:16:55.820000+00:00,2024-04-25 14:15:30+00:00,2024-04-25 14:17:30+00:00,TABUENCA01-45,Sensoria-C1-E90A,Left,Gait,1.0.5,40.3878707,-3.629144,F0:75:B1:51:59:F6,SCKS,0.15625,0.999999,-0.125,6.72,-32.48,-17.92,0.401792,0.672768,-0.299008,647,525,324,1.019822073942803
2024-04-25 14:16:55.846000+00:00,2024-04-25 14:15:30+00:00,2024-04-25 14:17:30+00:00,TABUENCA01-45,Sensoria-C1-EEA1,Right,Gait,1.0.5,40.3878707,-3.629144,CB:AA:BC:3F:36:A5,SCKS,-1.097657,0.042969,-0.039063,-20.16,147.839996,-67.199997,0.411136,0.79424,-0.289664,485,705,692,1.0991920408095213
2024-04-25 14:16:55.853000+00:00,2024-04-25 14:15:30+00:00,2024-04-25 14:17:30+00:00,TABUENCA01-45,Sensoria-C1-E90A,Left,Gait,1.0.5,40.3878707,-3.629144,F0:75:B1:51:59:F6,SCKS,0.15625,0.968749,-0.09375,-2.24,-34.720001,-17.92,0.401792,0.672768,-0.289664,638,515,331,0.9857371607081676
2024-04-25 14:16:55.862000+00:00,2024-04-25 14:15:30+00:00,2024-04-25 14:17:30+00:00,TABUENCA01-45,Sensoria-C1-EEA1,Right,Gait,1.0.5,40.3878707,-3.629144,CB:AA:BC:3F:36:A5,SCKS,-0.597657,-0.136719,0.03125,30.24,76.160004,-107.520004,0.401792,0.803584,-0.299008,488,708,690,0.6138913072442059
2024-04-25 14:16:55.879000+00:00,2024-04-25 14:15:30+00:00,2024-04-25 14:17:30+00:00,TABUENCA01-45,Sensoria-C1-EEA1,Right,Gait,1.0.5,40.3878707,-3.629144,CB:AA:BC:3F:36:A5,SCKS,-0.6875,0.09375,-0.035156,59.360001,45.920002,-160.160004,0.37376,0.812928,-0.28032,488,709,689,0.6947526587469817
2024-04-25 14:16:55.886000+00:00,2024-04-25 14:15:30+00:00,2024-04-25 14:17:30+00:00,TABUENCA01-45,Sensoria-C1-E90A,Left,Gait,1.0.5,40.3878707,-3.629144,F0:75:B1:51:59:F6,SCKS,0.1875,0.9375,-0.1875,1.12,-32.48,-20.16,0.383104,0.682112,-0.28032,631,507,353,0.9742785792574935
2024-04-25 14:16:55.895000+00:00,2024-04-25 14:15:30+00:00,2024-04-25 14:17:30+00:00,TABUENCA01-45,Sensoria-C1-EEA1,Right,Gait,1.0.5,40.3878707,-3.629144,CB:AA:BC:3F:36:A5,SCKS,-0.714844,0.308594,0.03125,63.84,14.56,-201.600006,0.37376,0.812928,-0.28032,489,709,689,0.7792360128176828
2024-04-25 14:16:55.918000+00:00,2024-04-25 14:15:30+00:00,2024-04-25 14:17:30+00:00,TABUENCA01-45,Sensoria-C1-E90A,Left,Gait,1.0.5,40.3878707,-3.629144,F0:75:B1:51:59:F6,SCKS,0.125,0.9375,-0.25,1.12,-47.040001,-25.76,0.383104,0.682112,-0.28032,626,499,387,0.978279740156158
2024-04-25 14:16:55.927000+00:00,2024-04-25 14:15:30+00:00,2024-04-25 14:17:30+00:00,TABUENCA01-45,Sensoria-C1-EEA1,Right,Gait,1.0.5,40.3878707,-3.629144,CB:AA:BC:3F:36:A5,SCKS,-0.558594,0.386719,0.132813,64.959999,-22.4,-243.040009,0.336384,0.812928,-0.270976,487,709,687,0.692255830431207
2024-04-25 14:16:55.944000+00:00,2024-04-25 14:15:30+00:00,2024-04-25 14:17:30+00:00,TABUENCA01-45,Sensoria-C1-EEA1,Right,Gait,1.0.5,40.3878707,-3.629144,CB:AA:BC:3F:36:A5,SCKS,-0.527344,0.589844,0.160156,68.32,-59.360001,-302.399994,0.289664,0.812928,-0.261632,489,708,688,0.8072531096304307
2024-04-25 14:16:55.951000+00:00,2024-04-25 14:15:30+00:00,2024-04-25 14:17:30+00:00,TABUENCA01-45,Sensoria-C1-E90A,Left,Gait,1.0.5,40.3878707,-3.629144,F0:75:B1:51:59:F6,SCKS,0.125,0.968749,-0.09375,2.24,-49.279999,-21.280001,0.383104,0.691456,-0.261632,608,476,432,0.981268917015616
2024-04-25 14:16:55.960000+00:00,2024-04-25 14:15:30+00:00,2024-04-25 14:17:30+00:00,TABUENCA01-45,Sensoria-C1-EEA1,Right,Gait,1.0.5,40.3878707,-3.629144,CB:AA:BC:3F:36:A5,SCKS,-0.5,1.003907,0.132813,60.48,-67.199997,-332.640015,0.224256,0.803584,-0.252288,489,707,686,1.1293664408056403
2024-04-25 14:16:55.976000+00:00,2024-04-25 14:15:30+00:00,2024-04-25 14:17:30+00:00,TABUENCA01-45,Sensoria-C1-EEA1,Right,Gait,1.0.5,40.3878707,-3.629144,CB:AA:BC:3F:36:A5,SCKS,-0.414063,1.277345,0.125,44.799999,-60.48,-357.279999,0.168192,0.784896,-0.2336,489,706,685,1.348585709917616
2024-04-25 14:16:55.984000+00:00,2024-04-25 14:15:30+00:00,2024-04-25 14:17:30+00:00,TABUENCA01-45,Sensoria-C1-E90A,Left,Gait,1.0.5,40.3878707,-3.629144,F0:75:B1:51:59:F6,SCKS,0.125,0.9375,-0.1875,3.36,-41.439999,-30.24,0.37376,0.7008,-0.252288,591,455,460,0.9642030387838445
2024-04-25 14:16:55.992000+00:00,2024-04-25 14:15:30+00:00,2024-04-25 14:17:30+00:00,TABUENCA01-45,Sensoria-C1-EEA1,Right,Gait,1.0.5,40.3878707,-3.629144,CB:AA:BC:3F:36:A5,SCKS,-0.40625,1.687501,0.144531,22.4,-34.720001,-376.320007,0.09344,0.756864,-0.2336,489,706,686,1.7417198102628333
2024-04-25 14:16:56.025000+00:00,2024-04-25 14:15:30+00:00,2024-04-25 14:17:30+00:00,TABUENCA01-45,Sensoria-C1-EEA1,Right,Gait,1.0.5,40.3878707,-3.629144,CB:AA:BC:3F:36:A5,SCKS,-0.441407,1.996095,0.21875,-4.48,14.56,-378.559998,0.09344,0.756864,-0.2336,489,705,683,2.0559880717489585
2024-04-25 14:16:56.042000+00:00,2024-04-25 14:15:30+00:00,2024-04-25 14:17:30+00:00,TABUENCA01-45,Sensoria-C1-EEA1,Right,Gait,1.0.5,40.3878707,-3.629144,CB:AA:BC:3F:36:A5,SCKS,-0.128906,1.996095,0.226563,19.040001,-8.96,-386.399994,0.037376,0.719488,-0.252288,487,704,685,2.0130431686454218
2024-04-25 14:16:56.049000+00:00,2024-04-25 14:15:30+00:00,2024-04-25 14:17:30+00:00,TABUENCA01-45,Sensoria-C1-E90A,Left,Gait,1.0.5,40.3878707,-3.629144,F0:75:B1:51:59:F6,SCKS,0.0625,0.968749,-0.15625,0.0,-35.84,-48.16,0.364416,0.7008,-0.242944,549,402,505,0.9832573099148564
2024-04-25 14:16:56.057000+00:00,2024-04-25 14:15:30+00:00,2024-04-25 14:17:30+00:00,TABUENCA01-45,Sensoria-C1-EEA1,Right,Gait,1.0.5,40.3878707,-3.629144,CB:AA:BC:3F:36:A5,SCKS,0.511719,1.996095,0.09375,33.599998,-23.52,-398.720001,-0.009344,0.682112,-0.242944,486,705,685,2.0627749868771437
2024-04-25 14:16:56.073000+00:00,2024-04-25 14:15:30+00:00,2024-04-25 14:17:30+00:00,TABUENCA01-45,Sensoria-C1-EEA1,Right,Gait,1.0.5,40.3878707,-3.629144,CB:AA:BC:3F:36:A5,SCKS,1.156251,1.996095,-0.03125,19.040001,-11.2,-392.0,-0.04672,0.616704,-0.242944,486,703,683,2.3070084929462222
2024-04-25 14:16:56.081000+00:00,2024-04-25 14:15:30+00:00,2024-04-25 14:17:30+00:00,TABUENCA01-45,Sensoria-C1-E90A,Left,Gait,1.0.5,40.3878707,-3.629144,F0:75:B1:51:59:F6,SCKS,0.0,0.999999,-0.15625,-2.24,-33.599998,-51.52,0.345728,0.710144,-0.261632,517,364,533,1.012132433281831
2024-04-25 14:16:56.090000+00:00,2024-04-25 14:15:30+00:00,2024-04-25 14:17:30+00:00,TABUENCA01-45,Sensoria-C1-EEA1,Right,Gait,1.0.5,40.3878707,-3.629144,CB:AA:BC:3F:36:A5,SCKS,1.996095,1.996095,-0.597657,34.720001,4.48,-331.519989,-0.074752,0.569984,-0.2336,486,706,685,2.8854781904736346
2024-04-25 14:16:56.097000+00:00,2024-04-25 14:15:30+00:00,2024-04-25 14:17:30+00:00,TABUENCA01-45,Sensoria-C1-E90A,Left,Gait,1.0.5,40.3878707,-3.629144,F0:75:B1:51:59:F6,SCKS,0.0625,1.093749,-0.15625,-7.84,-36.959999,-64.959999,0.336384,0.719488,-0.252288,482,325,570,1.1066197122322556
2024-04-25 14:16:56.122000+00:00,2024-04-25 14:15:30+00:00,2024-04-25 14:17:30+00:00,TABUENCA01-45,Sensoria-C1-EEA1,Right,Gait,1.0.5,40.3878707,-3.629144,CB:AA:BC:3F:36:A5,SCKS,1.996095,1.472657,0.257813,56.0,41.439999,-182.559998,-0.074752,0.569984,-0.2336,487,705,687,2.4939088659457864
2024-04-25 14:16:56.130000+00:00,2024-04-25 14:15:30+00:00,2024-04-25 14:17:30+00:00,TABUENCA01-45,Sensoria-C1-E90A,Left,Gait,1.0.5,40.3878707,-3.629144,F0:75:B1:51:59:F6,SCKS,0.125,1.249999,0.0,-10.08,-33.599998,-101.919998,0.317696,0.74752,-0.242944,434,280,636,1.256233457602925
2024-04-25 14:16:56.138000+00:00,2024-04-25 14:15:30+00:00,2024-04-25 14:17:30+00:00,TABUENCA01-45,Sensoria-C1-EEA1,Right,Gait,1.0.5,40.3878707,-3.629144,CB:AA:BC:3F:36:A5,SCKS,1.996095,1.882814,0.527344,53.760002,50.400002,-80.639999,-0.084096,0.541952,-0.224256,485,707,691,2.7941860177799547
2024-04-25 14:16:56.155000+00:00,2024-04-25 14:15:30+00:00,2024-04-25 14:17:30+00:00,TABUENCA01-45,Sensoria-C1-EEA1,Right,Gait,1.0.5,40.3878707,-3.629144,CB:AA:BC:3F:36:A5,SCKS,1.507814,1.996095,0.914063,4.48,-21.280001,84.0,-0.074752,0.541952,-0.224256,485,708,693,2.663345541905894
2024-04-25 14:16:56.162000+00:00,2024-04-25 14:15:30+00:00,2024-04-25 14:17:30+00:00,TABUENCA01-45,Sensoria-C1-E90A,Left,Gait,1.0.5,40.3878707,-3.629144,F0:75:B1:51:59:F6,SCKS,0.1875,1.406249,-0.1875,-2.24,-16.799999,-127.68,0.289664,0.756864,-0.242944,411,264,661,1.4310306600492528
2024-04-25 14:16:56.187000+00:00,2024-04-25 14:15:30+00:00,2024-04-25 14:17:30+00:00,TABUENCA01-45,Sensoria-C1-EEA1,Right,Gait,1.0.5,40.3878707,-3.629144,CB:AA:BC:3F:36:A5,SCKS,-2.000001,1.85547,-0.222656,26.880001,-146.720001,125.440002,-0.074752,0.56064,-0.242944,486,704,677,2.7372154857148168
2024-04-25 14:16:56.195000+00:00,2024-04-25 14:15:30+00:00,2024-04-25 14:17:30+00:00,TABUENCA01-45,Sensoria-C1-E90A,Left,Gait,1.0.5,40.3878707,-3.629144,F0:75:B1:51:59:F6,SCKS,0.28125,1.687499,-0.1875,1.12,-11.2,-156.800003,0.261632,0.766208,-0.2336,407,274,671,1.7210202461043276
2024-04-25 14:16:56.203000+00:00,2024-04-25 14:15:30+00:00,2024-04-25 14:17:30+00:00,TABUENCA01-45,Sensoria-C1-EEA1,Right,Gait,1.0.5,40.3878707,-3.629144,CB:AA:BC:3F:36:A5,SCKS,-1.003907,0.757813,1.718751,43.68,-216.160004,154.559998,-0.074752,0.588672,-0.270976,494,707,641,2.129839150644715
2024-04-25 14:16:56.220000+00:00,2024-04-25 14:15:30+00:00,2024-04-25 14:17:30+00:00,TABUENCA01-45,Sensoria-C1-EEA1,Right,Gait,1.0.5,40.3878707,-3.629144,CB:AA:BC:3F:36:A5,SCKS,0.757813,1.773439,0.1875,81.760002,-193.759995,259.839996,-0.074752,0.588672,-0.270976,502,714,575,1.9376590720996303
2024-04-25 14:16:56.227000+00:00,2024-04-25 14:15:30+00:00,2024-04-25 14:17:30+00:00,TABUENCA01-45,Sensoria-C1-E90A,Left,Gait,1.0.5,40.3878707,-3.629144,F0:75:B1:51:59:F6,SCKS,0.71875,2.281249,-0.125,-16.799999,-15.68,-202.720001,0.196224,0.79424,-0.252288,466,335,677,2.395062329564932
2024-04-25 14:16:56.236000+00:00,2024-04-25 14:15:30+00:00,2024-04-25 14:17:30+00:00,TABUENCA01-45,Sensoria-C1-EEA1,Right,Gait,1.0.5,40.3878707,-3.629144,CB:AA:BC:3F:36:A5,SCKS,0.398438,1.546876,-0.070313,44.799999,15.68,220.639999,-0.065408,0.626048,-0.289664,506,716,494,1.5989127922400894
2024-04-25 14:16:56.252000+00:00,2024-04-25 14:15:30+00:00,2024-04-25 14:17:30+00:00,TABUENCA01-45,Sensoria-C1-EEA1,Right,Gait,1.0.5,40.3878707,-3.629144,CB:AA:BC:3F:36:A5,SCKS,0.144531,1.300782,-0.273438,23.52,23.52,189.279999,-0.04672,0.65408,-0.289664,508,718,428,1.3370457588762623
2024-04-25 14:16:56.260000+00:00,2024-04-25 14:15:30+00:00,2024-04-25 14:17:30+00:00,TABUENCA01-45,Sensoria-C1-E90A,Left,Gait,1.0.5,40.3878707,-3.629144,F0:75:B1:51:59:F6,SCKS,1.093749,2.187499,-0.34375,-43.68,-63.84,-211.680008,0.158848,0.803584,-0.252288,535,394,679,2.4697373974781205
2024-04-25 14:16:56.285000+00:00,2024-04-25 14:15:30+00:00,2024-04-25 14:17:30+00:00,TABUENCA01-45,Sensoria-C1-EEA1,Right,Gait,1.0.5,40.3878707,-3.629144,CB:AA:BC:3F:36:A5,SCKS,0.019531,0.835938,-0.207031,20.16,-6.72,144.479996,-0.028032,0.682112,-0.28032,504,718,388,0.8614149028000386
2024-04-25 14:16:56.292000+00:00,2024-04-25 14:15:30+00:00,2024-04-25 14:17:30+00:00,TABUENCA01-45,Sensoria-C1-E90A,Left,Gait,1.0.5,40.3878707,-3.629144,F0:75:B1:51:59:F6,SCKS,0.84375,2.187499,-0.8125,-36.959999,-99.68,-255.360001,0.112128,0.812928,-0.261632,590,451,687,2.4813750598208646
2024-04-25 14:16:56.317000+00:00,2024-04-25 14:15:30+00:00,2024-04-25 14:17:30+00:00,TABUENCA01-45,Sensoria-C1-EEA1,Right,Gait,1.0.5,40.3878707,-3.629144,CB:AA:BC:3F:36:A5,SCKS,-0.078125,0.914063,-0.027344,-6.72,22.4,107.520004,-0.009344,0.7008,-0.261632,484,722,348,0.9178030169540738
2024-04-25 14:16:56.324000+00:00,2024-04-25 14:15:30+00:00,2024-04-25 14:17:30+00:00,TABUENCA01-45,Sensoria-C1-E90A,Left,Gait,1.0.5,40.3878707,-3.629144,F0:75:B1:51:59:F6,SCKS,0.78125,0.8125,-0.375,17.92,54.880001,-264.320007,0.065408,0.803584,-0.270976,647,511,693,1.1879111130467632
2024-04-25 14:16:56.333000+00:00,2024-04-25 14:15:30+00:00,2024-04-25 14:17:30+00:00,TABUENCA01-45,Sensoria-C1-EEA1,Right,Gait,1.0.5,40.3878707,-3.629144,CB:AA:BC:3F:36:A5,SCKS,-0.074219,1.000001,-0.027344,-14.56,15.68,84.0,0.0,0.710144,-0.270976,476,715,337,1.0031241968460336
2024-04-25 14:16:56.349000+00:00,2024-04-25 14:15:30+00:00,2024-04-25 14:17:30+00:00,TABUENCA01-45,Sensoria-C1-EEA1,Right,Gait,1.0.5,40.3878707,-3.629144,CB:AA:BC:3F:36:A5,SCKS,-0.097656,0.976563,0.070313,-13.440001,20.16,53.760002,0.009344,0.710144,-0.261632,467,709,331,0.9839491375442126
2024-04-25 14:16:56.357000+00:00,2024-04-25 14:15:30+00:00,2024-04-25 14:17:30+00:00,TABUENCA01-45,Sensoria-C1-E90A,Left,Gait,1.0.5,40.3878707,-3.629144,F0:75:B1:51:59:F6,SCKS,-0.25,0.25,-0.46875,34.720001,-15.68,-135.520004,0.018688,0.79424,-0.261632,683,537,694,0.587134194626748
2024-04-25 14:16:56.382000+00:00,2024-04-25 14:15:30+00:00,2024-04-25 14:17:30+00:00,TABUENCA01-45,Sensoria-C1-EEA1,Right,Gait,1.0.5,40.3878707,-3.629144,CB:AA:BC:3F:36:A5,SCKS,-0.148438,0.980469,0.054688,-2.24,16.799999,36.959999,0.009344,0.719488,-0.270976,464,699,331,0.9931485675109238
2024-04-25 14:16:56.389000+00:00,2024-04-25 14:15:30+00:00,2024-04-25 14:17:30+00:00,TABUENCA01-45,Sensoria-C1-E90A,Left,Gait,1.0.5,40.3878707,-3.629144,F0:75:B1:51:59:F6,SCKS,0.875,0.25,-0.1875,26.880001,-119.840004,45.920002,0.0,0.79424,-0.252288,697,543,693,0.9291292967074066
2024-04-25 14:16:56.398000+00:00,2024-04-25 14:15:30+00:00,2024-04-25 14:17:30+00:00,TABUENCA01-45,Sensoria-C1-EEA1,Right,Gait,1.0.5,40.3878707,-3.629144,CB:AA:BC:3F:36:A5,SCKS,-0.15625,0.976563,-0.050781,2.24,7.84,33.599998,0.018688,0.719488,-0.261632,459,695,333,0.9902868601723441
2024-04-25 14:16:56.414000+00:00,2024-04-25 14:15:30+00:00,2024-04-25 14:17:30+00:00,TABUENCA01-45,Sensoria-C1-EEA1,Right,Gait,1.0.5,40.3878707,-3.629144,CB:AA:BC:3F:36:A5,SCKS,-0.144531,0.957032,-0.027344,-2.24,10.08,33.599998,0.018688,0.719488,-0.261632,456,689,339,0.9682701861159415
2024-04-25 14:16:56.422000+00:00,2024-04-25 14:15:30+00:00,2024-04-25 14:17:30+00:00,TABUENCA01-45,Sensoria-C1-E90A,Left,Gait,1.0.5,40.3878707,-3.629144,F0:75:B1:51:59:F6,SCKS,0.78125,0.0,-0.09375,1.12,-4.48,164.639999,0.028032,0.803584,-0.252288,704,544,691,0.7868548945008857
2024-04-25 14:16:56.430000+00:00,2024-04-25 14:15:30+00:00,2024-04-25 14:17:30+00:00,TABUENCA01-45,Sensoria-C1-EEA1,Right,Gait,1.0.5,40.3878707,-3.629144,CB:AA:BC:3F:36:A5,SCKS,-0.148438,0.957032,-0.035156,-3.36,8.96,34.720001,0.028032,0.719488,-0.252288,454,683,347,0.9691130136387603
2024-04-25 14:16:56.454000+00:00,2024-04-25 14:15:30+00:00,2024-04-25 14:17:30+00:00,TABUENCA01-45,Sensoria-C1-E90A,Left,Gait,1.0.5,40.3878707,-3.629144,F0:75:B1:51:59:F6,SCKS,0.34375,0.25,-0.125,16.799999,30.24,236.320007,0.102784,0.803584,-0.252288,707,542,690,0.44304521496118204
2024-04-25 14:16:56.463000+00:00,2024-04-25 14:15:30+00:00,2024-04-25 14:17:30+00:00,TABUENCA01-45,Sensoria-C1-EEA1,Right,Gait,1.0.5,40.3878707,-3.629144,CB:AA:BC:3F:36:A5,SCKS,-0.121094,0.996094,-0.171875,-5.6,16.799999,38.080002,0.028032,0.719488,-0.252288,448,679,357,1.0180412709202904
2024-04-25 14:16:56.479000+00:00,2024-04-25 14:15:30+00:00,2024-04-25 14:17:30+00:00,TABUENCA01-45,Sensoria-C1-EEA1,Right,Gait,1.0.5,40.3878707,-3.629144,CB:AA:BC:3F:36:A5,SCKS,-0.09375,0.957032,-0.066406,-13.440001,31.360001,39.200001,0.037376,0.719488,-0.261632,441,676,367,0.9639030388789113
2024-04-25 14:16:56.487000+00:00,2024-04-25 14:15:30+00:00,2024-04-25 14:17:30+00:00,TABUENCA01-45,Sensoria-C1-E90A,Left,Gait,1.0.5,40.3878707,-3.629144,F0:75:B1:51:59:F6,SCKS,0.40625,0.625,-0.15625,12.32,24.639999,278.880005,0.158848,0.79424,-0.252288,707,542,685,0.7616286004346213
2024-04-25 14:16:56.495000+00:00,2024-04-25 14:15:30+00:00,2024-04-25 14:17:30+00:00,TABUENCA01-45,Sensoria-C1-EEA1,Right,Gait,1.0.5,40.3878707,-3.629144,CB:AA:BC:3F:36:A5,SCKS,-0.109375,0.980469,0.015625,-11.2,34.720001,36.959999,0.037376,0.728832,-0.252288,430,669,377,0.9866744606054219
2024-04-25 14:16:56.503000+00:00,2024-04-25 14:15:30+00:00,2024-04-25 14:17:30+00:00,TABUENCA01-45,Sensoria-C1-E90A,Left,Gait,1.0.5,40.3878707,-3.629144,F0:75:B1:51:59:F6,SCKS,0.34375,0.875,-0.03125,2.24,40.32,323.679993,0.214912,0.784896,-0.252288,706,539,686,0.9406198089557757
2024-04-25 14:16:56.512000+00:00,2024-04-25 14:15:30+00:00,2024-04-25 14:17:30+00:00,TABUENCA01-45,Sensoria-C1-EEA1,Right,Gait,1.0.5,40.3878707,-3.629144,CB:AA:BC:3F:36:A5,SCKS,-0.101563,0.968751,0.027344,-3.36,30.24,39.200001,0.037376,0.728832,-0.252288,417,659,386,0.9744440657657063
2024-04-25 14:16:56.536000+00:00,2024-04-25 14:15:30+00:00,2024-04-25 14:17:30+00:00,TABUENCA01-45,Sensoria-C1-E90A,Left,Gait,1.0.5,40.3878707,-3.629144,F0:75:B1:51:59:F6,SCKS,0.375,1.281249,-0.03125,0.0,50.400002,368.480011,0.270976,0.756864,-0.242944,706,539,686,1.3353653292268
2024-04-25 14:16:56.544000+00:00,2024-04-25 14:15:30+00:00,2024-04-25 14:17:30+00:00,TABUENCA01-45,Sensoria-C1-EEA1,Right,Gait,1.0.5,40.3878707,-3.629144,CB:AA:BC:3F:36:A5,SCKS,-0.105469,0.996094,-0.054688,0.0,25.76,43.68,0.04672,0.728832,-0.261632,401,647,397,1.0031538985325235
2024-04-25 14:16:56.561000+00:00,2024-04-25 14:15:30+00:00,2024-04-25 14:17:30+00:00,TABUENCA01-45,Sensoria-C1-EEA1,Right,Gait,1.0.5,40.3878707,-3.629144,CB:AA:BC:3F:36:A5,SCKS,-0.074219,0.960938,-0.050781,-2.24,21.280001,50.400002,0.04672,0.738176,-0.242944,379,635,412,0.9651367829307926
2024-04-25 14:16:56.568000+00:00,2024-04-25 14:15:30+00:00,2024-04-25 14:17:30+00:00,TABUENCA01-45,Sensoria-C1-E90A,Left,Gait,1.0.5,40.3878707,-3.629144,F0:75:B1:51:59:F6,SCKS,0.4375,1.968749,-0.0625,-5.6,60.48,396.480011,0.336384,0.719488,-0.252288,703,539,683,2.0177425814511127
2024-04-25 14:16:56.577000+00:00,2024-04-25 14:15:30+00:00,2024-04-25 14:17:30+00:00,TABUENCA01-45,Sensoria-C1-EEA1,Right,Gait,1.0.5,40.3878707,-3.629144,CB:AA:BC:3F:36:A5,SCKS,-0.089844,0.976563,-0.027344,-3.36,15.68,57.119999,0.056064,0.738176,-0.242944,358,618,423,0.981068260439099
2024-04-25 14:16:56.593000+00:00,2024-04-25 14:15:30+00:00,2024-04-25 14:17:30+00:00,TABUENCA01-45,Sensoria-C1-EEA1,Right,Gait,1.0.5,40.3878707,-3.629144,CB:AA:BC:3F:36:A5,SCKS,-0.074219,1.007813,-0.011719,-4.48,11.2,64.959999,0.065408,0.74752,-0.242944,335,601,437,1.0106101315002736
2024-04-25 14:16:56.601000+00:00,2024-04-25 14:15:30+00:00,2024-04-25 14:17:30+00:00,TABUENCA01-45,Sensoria-C1-E90A,Left,Gait,1.0.5,40.3878707,-3.629144,F0:75:B1:51:59:F6,SCKS,0.34375,2.812499,-0.21875,-5.6,92.959999,422.23999,0.457856,0.616704,-0.28032,703,538,683,2.841859646428901
2024-04-25 14:16:56.609000+00:00,2024-04-25 14:15:30+00:00,2024-04-25 14:17:30+00:00,TABUENCA01-45,Sensoria-C1-EEA1,Right,Gait,1.0.5,40.3878707,-3.629144,CB:AA:BC:3F:36:A5,SCKS,-0.070313,1.039063,0.03125,-3.36,6.72,72.800003,0.065408,0.74752,-0.242944,308,577,457,1.0419080566144021
2024-04-25 14:16:56.633000+00:00,2024-04-25 14:15:30+00:00,2024-04-25 14:17:30+00:00,TABUENCA01-45,Sensoria-C1-E90A,Left,Gait,1.0.5,40.3878707,-3.629144,F0:75:B1:51:59:F6,SCKS,-0.375,3.156248,-0.125,-35.84,84.0,416.640015,0.485888,0.551296,-0.299008,703,538,683,3.180904185527128
2024-04-25 14:16:56.642000+00:00,2024-04-25 14:15:30+00:00,2024-04-25 14:17:30+00:00,TABUENCA01-45,Sensoria-C1-EEA1,Right,Gait,1.0.5,40.3878707,-3.629144,CB:AA:BC:3F:36:A5,SCKS,-0.027344,1.078126,-0.011719,-3.36,3.36,80.639999,0.084096,0.756864,-0.252288,284,553,486,1.0785363698888415
2024-04-25 14:16:56.659000+00:00,2024-04-25 14:15:30+00:00,2024-04-25 14:17:30+00:00,TABUENCA01-45,Sensoria-C1-EEA1,Right,Gait,1.0.5,40.3878707,-3.629144,CB:AA:BC:3F:36:A5,SCKS,-0.03125,1.085938,0.011719,-1.12,0.0,87.360001,0.09344,0.756864,-0.252288,260,527,530,1.0864507523606397
2024-04-25 14:16:56.666000+00:00,2024-04-25 14:15:30+00:00,2024-04-25 14:17:30+00:00,TABUENCA01-45,Sensoria-C1-E90A,Left,Gait,1.0.5,40.3878707,-3.629144,F0:75:B1:51:59:F6,SCKS,-3.156248,1.687499,-0.65625,7.84,94.080002,253.119995,0.51392,0.485888,-0.32704,701,538,687,3.638711087047857
2024-04-25 14:16:56.675000+00:00,2024-04-25 14:15:30+00:00,2024-04-25 14:17:30+00:00,TABUENCA01-45,Sensoria-C1-EEA1,Right,Gait,1.0.5,40.3878707,-3.629144,CB:AA:BC:3F:36:A5,SCKS,-0.070313,1.207032,0.109375,5.6,-13.440001,105.279999,0.102784,0.766208,-0.2336,238,500,581,1.2140152625144383
2024-04-25 14:16:56.691000+00:00,2024-04-25 14:15:30+00:00,2024-04-25 14:17:30+00:00,TABUENCA01-45,Sensoria-C1-EEA1,Right,Gait,1.0.5,40.3878707,-3.629144,CB:AA:BC:3F:36:A5,SCKS,-0.105469,1.269532,0.144531,6.72,-23.52,117.599998,0.121472,0.775552,-0.2336,219,481,623,1.282078164132749
2024-04-25 14:16:56.698000+00:00,2024-04-25 14:15:30+00:00,2024-04-25 14:17:30+00:00,TABUENCA01-45,Sensoria-C1-E90A,Left,Gait,1.0.5,40.3878707,-3.629144,F0:75:B1:51:59:F6,SCKS,-3.249998,1.531249,-0.625,25.76,-96.32,73.919998,0.523264,0.457856,-0.32704,697,536,692,3.6466197361398955
2024-04-25 14:16:56.723000+00:00,2024-04-25 14:15:30+00:00,2024-04-25 14:17:30+00:00,TABUENCA01-45,Sensoria-C1-EEA1,Right,Gait,1.0.5,40.3878707,-3.629144,CB:AA:BC:3F:36:A5,SCKS,-0.148438,1.44922,-0.042969,0.0,-31.360001,132.160004,0.121472,0.775552,-0.2336,206,467,656,1.4574356875021963
2024-04-25 14:16:56.731000+00:00,2024-04-25 14:15:30+00:00,2024-04-25 14:17:30+00:00,TABUENCA01-45,Sensoria-C1-E90A,Left,Gait,1.0.5,40.3878707,-3.629144,F0:75:B1:51:59:F6,SCKS,0.09375,3.093748,-0.25,32.48,0.0,-160.160004,0.523264,0.448512,-0.308352,696,537,693,3.1052480979792905
2024-04-25 14:16:56.740000+00:00,2024-04-25 14:15:30+00:00,2024-04-25 14:17:30+00:00,TABUENCA01-45,Sensoria-C1-EEA1,Right,Gait,1.0.5,40.3878707,-3.629144,CB:AA:BC:3F:36:A5,SCKS,-0.191406,1.562501,-0.160156,-13.440001,-19.040001,148.960007,0.14016,0.775552,-0.2336,196,459,676,1.5823070423192207
2024-04-25 14:16:56.756000+00:00,2024-04-25 14:15:30+00:00,2024-04-25 14:17:30+00:00,TABUENCA01-45,Sensoria-C1-EEA1,Right,Gait,1.0.5,40.3878707,-3.629144,CB:AA:BC:3F:36:A5,SCKS,-0.339844,1.738282,0.003906,-25.76,2.24,163.520004,0.168192,0.784896,-0.242944,188,465,686,1.7711955038041398
2024-04-25 14:16:56.765000+00:00,2024-04-25 14:15:30+00:00,2024-04-25 14:17:30+00:00,TABUENCA01-45,Sensoria-C1-E90A,Left,Gait,1.0.5,40.3878707,-3.629144,F0:75:B1:51:59:F6,SCKS,1.281249,0.53125,0.90625,61.599998,170.240005,-141.119995,0.51392,0.504576,-0.32704,698,537,673,1.6568387444169093
2024-04-25 14:16:56.774000+00:00,2024-04-25 14:15:30+00:00,2024-04-25 14:17:30+00:00,TABUENCA01-45,Sensoria-C1-EEA1,Right,Gait,1.0.5,40.3878707,-3.629144,CB:AA:BC:3F:36:A5,SCKS,-0.613282,1.98047,0.320313,-35.84,30.24,189.279999,0.196224,0.79424,-0.242944,188,477,692,2.0978504833264453
2024-04-25 14:16:56.796000+00:00,2024-04-25 14:15:30+00:00,2024-04-25 14:17:30+00:00,TABUENCA01-45,Sensoria-C1-E90A,Left,Gait,1.0.5,40.3878707,-3.629144,F0:75:B1:51:59:F6,SCKS,-0.46875,1.812499,0.0625,98.559998,41.439999,-206.080002,0.485888,0.551296,-0.336384,699,544,536,1.8731752287228765
2024-04-25 14:16:56.805000+00:00,2024-04-25 14:15:30+00:00,2024-04-25 14:17:30+00:00,TABUENCA01-45,Sensoria-C1-EEA1,Right,Gait,1.0.5,40.3878707,-3.629144,CB:AA:BC:3F:36:A5,SCKS,-1.125001,1.996095,0.519532,-54.880001,58.240002,216.160004,0.2336,0.79424,-0.252288,200,493,693,2.349454404335185
2024-04-25 14:16:56.812000+00:00,2024-04-25 14:15:30+00:00,2024-04-25 14:17:30+00:00,TABUENCA01-45,Sensoria-C1-E90A,Left,Gait,1.0.5,40.3878707,-3.629144,F0:75:B1:51:59:F6,SCKS,-0.875,1.937499,0.0625,94.080002,24.639999,-172.479996,0.439168,0.616704,-0.32704,699,551,413,2.1268365299197303
2024-04-25 14:16:56.821000+00:00,2024-04-25 14:15:30+00:00,2024-04-25 14:17:30+00:00,TABUENCA01-45,Sensoria-C1-EEA1,Right,Gait,1.0.5,40.3878707,-3.629144,CB:AA:BC:3F:36:A5,SCKS,-0.550782,1.996095,-0.210938,-30.24,-2.24,273.279999,0.28032,0.803584,-0.270976,252,542,694,2.081405991245581
2024-04-25 14:16:56.837000+00:00,2024-04-25 14:15:30+00:00,2024-04-25 14:17:30+00:00,TABUENCA01-45,Sensoria-C1-EEA1,Right,Gait,1.0.5,40.3878707,-3.629144,CB:AA:BC:3F:36:A5,SCKS,-0.789063,1.996095,-0.761719,-16.799999,-61.599998,309.119995,0.336384,0.79424,-0.261632,310,597,694,2.2775494510449166
2024-04-25 14:16:56.845000+00:00,2024-04-25 14:15:30+00:00,2024-04-25 14:17:30+00:00,TABUENCA01-45,Sensoria-C1-E90A,Left,Gait,1.0.5,40.3878707,-3.629144,F0:75:B1:51:59:F6,SCKS,-0.15625,0.968749,-0.1875,87.360001,-12.32,-143.360001,0.411136,0.644736,-0.308352,684,551,359,0.9990219904992081
2024-04-25 14:16:56.870000+00:00,2024-04-25 14:15:30+00:00,2024-04-25 14:17:30+00:00,TABUENCA01-45,Sensoria-C1-EEA1,Right,Gait,1.0.5,40.3878707,-3.629144,CB:AA:BC:3F:36:A5,SCKS,-0.570313,1.429689,-0.609375,12.32,-88.480003,319.200012,0.383104,0.79424,-0.252288,375,646,695,1.6554774070687284
2024-04-25 14:16:56.877000+00:00,2024-04-25 14:15:30+00:00,2024-04-25 14:17:30+00:00,TABUENCA01-45,Sensoria-C1-E90A,Left,Gait,1.0.5,40.3878707,-3.629144,F0:75:B1:51:59:F6,SCKS,0.09375,0.9375,-0.28125,26.880001,-49.279999,-59.360001,0.401792,0.663424,-0.308352,661,542,335,0.9832582951595171
2024-04-25 14:16:56.886000+00:00,2024-04-25 14:15:30+00:00,2024-04-25 14:17:30+00:00,TABUENCA01-45,Sensoria-C1-EEA1,Right,Gait,1.0.5,40.3878707,-3.629144,CB:AA:BC:3F:36:A5,SCKS,-0.328125,0.398438,-0.554688,28.0,-21.280001,230.720001,0.383104,0.79424,-0.252288,431,679,694,0.757692307479098
2024-04-25 14:16:56.902000+00:00,2024-04-25 14:15:30+00:00,2024-04-25 14:17:30+00:00,TABUENCA01-45,Sensoria-C1-EEA1,Right,Gait,1.0.5,40.3878707,-3.629144,CB:AA:BC:3F:36:A5,SCKS,0.609375,0.601563,-0.902344,25.76,103.040001,145.600006,0.411136,0.784896,-0.261632,459,693,693,1.243961666583822
2024-04-25 14:16:56.910000+00:00,2024-04-25 14:15:30+00:00,2024-04-25 14:17:30+00:00,TABUENCA01-45,Sensoria-C1-E90A,Left,Gait,1.0.5,40.3878707,-3.629144,F0:75:B1:51:59:F6,SCKS,0.125,0.999999,-0.125,13.440001,-39.200001,-25.76,0.392448,0.672768,-0.299008,642,527,327,1.015503815847582
2024-04-25 14:16:56.919000+00:00,2024-04-25 14:15:30+00:00,2024-04-25 14:17:30+00:00,TABUENCA01-45,Sensoria-C1-EEA1,Right,Gait,1.0.5,40.3878707,-3.629144,CB:AA:BC:3F:36:A5,SCKS,-1.35547,0.390625,-0.519532,-4.48,212.800003,14.56,0.429824,0.784896,-0.261632,472,703,690,1.5032632206466705
2024-04-25 14:16:56.935000+00:00,2024-04-25 14:15:30+00:00,2024-04-25 14:17:30+00:00,TABUENCA01-45,Sensoria-C1-EEA1,Right,Gait,1.0.5,40.3878707,-3.629144,CB:AA:BC:3F:36:A5,SCKS,-1.207032,0.136719,-0.105469,-34.720001,159.039993,-51.52,0.42048,0.79424,-0.28032,479,708,690,1.2193203204843264
2024-04-25 14:16:56.942000+00:00,2024-04-25 14:15:30+00:00,2024-04-25 14:17:30+00:00,TABUENCA01-45,Sensoria-C1-E90A,Left,Gait,1.0.5,40.3878707,-3.629144,F0:75:B1:51:59:F6,SCKS,0.125,0.999999,-0.125,2.24,-32.48,-21.280001,0.392448,0.682112,-0.28032,622,510,333,1.015503815847582
2024-04-25 14:16:56.951000+00:00,2024-04-25 14:15:30+00:00,2024-04-25 14:17:30+00:00,TABUENCA01-45,Sensoria-C1-EEA1,Right,Gait,1.0.5,40.3878707,-3.629144,CB:AA:BC:3F:36:A5,SCKS,-0.609375,-0.136719,0.023438,-4.48,75.040001,-110.879997,0.42048,0.803584,-0.28032,484,709,689,0.6249634512753526
2024-04-25 14:16:56.975000+00:00,2024-04-25 14:15:30+00:00,2024-04-25 14:17:30+00:00,TABUENCA01-45,Sensoria-C1-E90A,Left,Gait,1.0.5,40.3878707,-3.629144,F0:75:B1:51:59:F6,SCKS,0.1875,0.968749,-0.1875,-2.24,-31.360001,-23.52,0.383104,0.691456,-0.270976,607,496,361,1.0043839529786407
2024-04-25 14:16:56.984000+00:00,2024-04-25 14:15:30+00:00,2024-04-25 14:17:30+00:00,TABUENCA01-45,Sensoria-C1-EEA1,Right,Gait,1.0.5,40.3878707,-3.629144,CB:AA:BC:3F:36:A5,SCKS,-0.542969,0.066406,-0.09375,41.439999,22.4,-163.520004,0.42048,0.803584,-0.28032,484,710,686,0.5549902290103854
2024-04-25 14:16:57+00:00,2024-04-25 14:15:30+00:00,2024-04-25 14:17:30+00:00,TABUENCA01-45,Sensoria-C1-EEA1,Right,Gait,1.0.5,40.3878707,-3.629144,CB:AA:BC:3F:36:A5,SCKS,-0.589844,0.269531,-0.105469,41.439999,-3.36,-209.440002,0.383104,0.812928,-0.270976,485,709,686,0.6570286251435321
2024-04-25 14:16:57.016000+00:00,2024-04-25 14:15:30+00:00,2024-04-25 14:17:30+00:00,TABUENCA01-45,Sensoria-C1-EEA1,Right,Gait,1.0.5,40.3878707,-3.629144,CB:AA:BC:3F:36:A5,SCKS,-0.496094,0.367188,-0.066406,40.32,-32.48,-250.880005,0.345728,0.812928,-0.270976,485,708,686,0.620762467467227
2024-04-25 14:16:57.032000+00:00,2024-04-25 14:15:30+00:00,2024-04-25 14:17:30+00:00,TABUENCA01-45,Sensoria-C1-EEA1,Right,Gait,1.0.5,40.3878707,-3.629144,CB:AA:BC:3F:36:A5,SCKS,-0.480469,0.554688,-0.082031,45.920002,-56.0,-286.720001,0.289664,0.812928,-0.261632,483,708,684,0.7384160901998276
2024-04-25 14:16:57.056000+00:00,2024-04-25 14:15:30+00:00,2024-04-25 14:17:30+00:00,TABUENCA01-45,Sensoria-C1-E90A,Left,Gait,1.0.5,40.3878707,-3.629144,F0:75:B1:51:59:F6,SCKS,0.09375,0.9375,-0.1875,5.6,-56.0,-19.040001,0.37376,0.682112,-0.261632,572,461,459,0.9606516343087124
2024-04-25 14:16:57.065000+00:00,2024-04-25 14:15:30+00:00,2024-04-25 14:17:30+00:00,TABUENCA01-45,Sensoria-C1-EEA1,Right,Gait,1.0.5,40.3878707,-3.629144,CB:AA:BC:3F:36:A5,SCKS,-0.492188,0.808594,-0.097656,47.040001,-69.440002,-319.200012,0.2336,0.803584,-0.252288,483,707,685,0.9516354231090812
2024-04-25 14:16:57.072000+00:00,2024-04-25 14:15:30+00:00,2024-04-25 14:17:30+00:00,TABUENCA01-45,Sensoria-C1-E90A,Left,Gait,1.0.5,40.3878707,-3.629144,F0:75:B1:51:59:F6,SCKS,0.09375,0.9375,-0.21875,5.6,-48.16,-24.639999,0.37376,0.7008,-0.270976,555,443,498,0.967236721283885
2024-04-25 14:16:57.081000+00:00,2024-04-25 14:15:30+00:00,2024-04-25 14:17:30+00:00,TABUENCA01-45,Sensoria-C1-EEA1,Right,Gait,1.0.5,40.3878707,-3.629144,CB:AA:BC:3F:36:A5,SCKS,-0.445313,1.101563,-0.101563,41.439999,-72.800003,-347.200012,0.2336,0.803584,-0.252288,484,705,684,1.1925014691424913
2024-04-25 14:16:57.097000+00:00,2024-04-25 14:15:30+00:00,2024-04-25 14:17:30+00:00,TABUENCA01-45,Sensoria-C1-EEA1,Right,Gait,1.0.5,40.3878707,-3.629144,CB:AA:BC:3F:36:A5,SCKS,-0.40625,1.453126,-0.109375,30.24,-61.599998,-371.839996,0.168192,0.784896,-0.242944,484,704,683,1.5128043908585802
2024-04-25 14:16:57.104000+00:00,2024-04-25 14:15:30+00:00,2024-04-25 14:17:30+00:00,TABUENCA01-45,Sensoria-C1-E90A,Left,Gait,1.0.5,40.3878707,-3.629144,F0:75:B1:51:59:F6,SCKS,0.09375,0.9375,-0.21875,5.6,-42.560001,-31.360001,0.355072,0.7008,-0.242944,536,424,529,0.967236721283885
2024-04-25 14:16:57.113000+00:00,2024-04-25 14:15:30+00:00,2024-04-25 14:17:30+00:00,TABUENCA01-45,Sensoria-C1-EEA1,Right,Gait,1.0.5,40.3878707,-3.629144,CB:AA:BC:3F:36:A5,SCKS,-0.363282,1.957033,0.0,11.2,-28.0,-387.519989,0.112128,0.756864,-0.252288,484,703,682,1.9904652658644912
2024-04-25 14:16:57.121000+00:00,2024-04-25 14:15:30+00:00,2024-04-25 14:17:30+00:00,TABUENCA01-45,Sensoria-C1-E90A,Left,Gait,1.0.5,40.3878707,-3.629144,F0:75:B1:51:59:F6,SCKS,0.0625,0.9375,-0.1875,5.6,-38.080002,-39.200001,0.355072,0.710144,-0.242944,511,399,559,0.9581068572972432
2024-04-25 14:16:57.129000+00:00,2024-04-25 14:15:30+00:00,2024-04-25 14:17:30+00:00,TABUENCA01-45,Sensoria-C1-EEA1,Right,Gait,1.0.5,40.3878707,-3.629144,CB:AA:BC:3F:36:A5,SCKS,-0.378907,1.996095,0.054688,14.56,-3.36,-390.880005,0.04672,0.728832,-0.252288,482,706,683,2.0324754711971313
2024-04-25 14:16:57.153000+00:00,2024-04-25 14:15:30+00:00,2024-04-25 14:17:30+00:00,TABUENCA01-45,Sensoria-C1-E90A,Left,Gait,1.0.5,40.3878707,-3.629144,F0:75:B1:51:59:F6,SCKS,0.03125,0.968749,-0.15625,6.72,-35.84,-43.68,0.345728,0.710144,-0.2336,485,370,583,0.9817663927844545
2024-04-25 14:16:57.163000+00:00,2024-04-25 14:15:30+00:00,2024-04-25 14:17:30+00:00,TABUENCA01-45,Sensoria-C1-EEA1,Right,Gait,1.0.5,40.3878707,-3.629144,CB:AA:BC:3F:36:A5,SCKS,0.28125,1.996095,-0.261719,62.720001,-57.119999,-398.720001,0.0,0.682112,-0.242944,482,703,682,2.032730588761334
2024-04-25 14:16:57.178000+00:00,2024-04-25 14:15:30+00:00,2024-04-25 14:17:30+00:00,TABUENCA01-45,Sensoria-C1-EEA1,Right,Gait,1.0.5,40.3878707,-3.629144,CB:AA:BC:3F:36:A5,SCKS,1.132813,1.996095,-0.089844,36.959999,-20.16,-397.600006,-0.04672,0.626048,-0.252288,481,703,681,2.2968962724359145
2024-04-25 14:16:57.186000+00:00,2024-04-25 14:15:30+00:00,2024-04-25 14:17:30+00:00,TABUENCA01-45,Sensoria-C1-E90A,Left,Gait,1.0.5,40.3878707,-3.629144,F0:75:B1:51:59:F6,SCKS,0.03125,0.999999,-0.1875,4.48,-35.84,-50.400002,0.345728,0.719488,-0.224256,455,341,613,1.017905109772517
2024-04-25 14:16:57.194000+00:00,2024-04-25 14:15:30+00:00,2024-04-25 14:17:30+00:00,TABUENCA01-45,Sensoria-C1-EEA1,Right,Gait,1.0.5,40.3878707,-3.629144,CB:AA:BC:3F:36:A5,SCKS,1.996095,1.996095,-0.511719,41.439999,-8.96,-358.399994,-0.04672,0.626048,-0.252288,481,706,683,2.868910391248043
2024-04-25 14:16:57.211000+00:00,2024-04-25 14:15:30+00:00,2024-04-25 14:17:30+00:00,TABUENCA01-45,Sensoria-C1-EEA1,Right,Gait,1.0.5,40.3878707,-3.629144,CB:AA:BC:3F:36:A5,SCKS,1.996095,1.777345,0.039063,53.760002,26.880001,-225.119995,-0.074752,0.569984,-0.242944,482,705,685,2.6729901638462867
2024-04-25 14:16:57.218000+00:00,2024-04-25 14:15:30+00:00,2024-04-25 14:17:30+00:00,TABUENCA01-45,Sensoria-C1-E90A,Left,Gait,1.0.5,40.3878707,-3.629144,F0:75:B1:51:59:F6,SCKS,0.125,1.156249,-0.1875,1.12,-39.200001,-67.199997,0.32704,0.728832,-0.2336,425,314,648,1.1780038200281866
2024-04-25 14:16:57.243000+00:00,2024-04-25 14:15:30+00:00,2024-04-25 14:17:30+00:00,TABUENCA01-45,Sensoria-C1-EEA1,Right,Gait,1.0.5,40.3878707,-3.629144,CB:AA:BC:3F:36:A5,SCKS,1.996095,1.703126,0.183594,63.84,54.880001,-131.039993,-0.084096,0.551296,-0.2336,480,707,687,2.6303498204111557
2024-04-25 14:16:57.251000+00:00,2024-04-25 14:15:30+00:00,2024-04-25 14:17:30+00:00,TABUENCA01-45,Sensoria-C1-E90A,Left,Gait,1.0.5,40.3878707,-3.629144,F0:75:B1:51:59:F6,SCKS,0.09375,1.218749,-0.03125,-2.24,-34.720001,-91.840004,0.299008,0.74752,-0.2336,397,290,671,1.2227488499283081
2024-04-25 14:16:57.259000+00:00,2024-04-25 14:15:30+00:00,2024-04-25 14:17:30+00:00,TABUENCA01-45,Sensoria-C1-EEA1,Right,Gait,1.0.5,40.3878707,-3.629144,CB:AA:BC:3F:36:A5,SCKS,1.996095,1.816408,1.015626,13.440001,44.799999,29.120001,-0.074752,0.541952,-0.2336,479,707,692,2.8836139553284523
2024-04-25 14:16:57.276000+00:00,2024-04-25 14:15:30+00:00,2024-04-25 14:17:30+00:00,TABUENCA01-45,Sensoria-C1-EEA1,Right,Gait,1.0.5,40.3878707,-3.629144,CB:AA:BC:3F:36:A5,SCKS,0.160156,0.953126,-0.277344,19.040001,-146.720001,107.520004,-0.074752,0.569984,-0.242944,479,705,686,1.005494311544327
2024-04-25 14:16:57.283000+00:00,2024-04-25 14:15:30+00:00,2024-04-25 14:17:30+00:00,TABUENCA01-45,Sensoria-C1-E90A,Left,Gait,1.0.5,40.3878707,-3.629144,F0:75:B1:51:59:F6,SCKS,0.21875,1.468749,-0.1875,5.6,-20.16,-140.0,0.28032,0.756864,-0.224256,373,280,686,1.496740270554982
2024-04-25 14:16:57.316000+00:00,2024-04-25 14:15:30+00:00,2024-04-25 14:17:30+00:00,TABUENCA01-45,Sensoria-C1-E90A,Left,Gait,1.0.5,40.3878707,-3.629144,F0:75:B1:51:59:F6,SCKS,0.4375,1.812499,-0.0625,5.6,-17.92,-174.720001,0.214912,0.784896,-0.224256,389,314,689,1.8656004730383728
2024-04-25 14:16:57.325000+00:00,2024-04-25 14:15:30+00:00,2024-04-25 14:17:30+00:00,TABUENCA01-45,Sensoria-C1-EEA1,Right,Gait,1.0.5,40.3878707,-3.629144,CB:AA:BC:3F:36:A5,SCKS,0.968751,1.390626,1.226563,77.279999,-265.440002,248.639999,-0.084096,0.588672,-0.28032,494,709,624,2.092074560058986
2024-04-25 14:16:57.341000+00:00,2024-04-25 14:15:30+00:00,2024-04-25 14:17:30+00:00,TABUENCA01-45,Sensoria-C1-EEA1,Right,Gait,1.0.5,40.3878707,-3.629144,CB:AA:BC:3F:36:A5,SCKS,1.062501,1.996095,0.160156,76.160004,-128.800003,236.320007,-0.065408,0.626048,-0.299008,501,714,552,2.266926017399333
2024-04-25 14:16:57.348000+00:00,2024-04-25 14:15:30+00:00,2024-04-25 14:17:30+00:00,TABUENCA01-45,Sensoria-C1-E90A,Left,Gait,1.0.5,40.3878707,-3.629144,F0:75:B1:51:59:F6,SCKS,0.968749,2.374999,-0.125,-15.68,-38.080002,-192.639999,0.18688,0.79424,-0.224256,453,375,687,2.568018667183321
2024-04-25 14:16:57.357000+00:00,2024-04-25 14:15:30+00:00,2024-04-25 14:17:30+00:00,TABUENCA01-45,Sensoria-C1-EEA1,Right,Gait,1.0.5,40.3878707,-3.629144,CB:AA:BC:3F:36:A5,SCKS,0.234375,1.503907,-0.371094,53.760002,53.760002,215.040009,-0.04672,0.65408,-0.28032,502,716,467,1.566645672163939
2024-04-25 14:16:57.373000+00:00,2024-04-25 14:15:30+00:00,2024-04-25 14:17:30+00:00,TABUENCA01-45,Sensoria-C1-EEA1,Right,Gait,1.0.5,40.3878707,-3.629144,CB:AA:BC:3F:36:A5,SCKS,0.3125,1.375001,-0.355469,34.720001,14.56,181.440002,-0.04672,0.65408,-0.28032,502,715,410,1.4541809412731277
2024-04-25 14:16:57.381000+00:00,2024-04-25 14:15:30+00:00,2024-04-25 14:17:30+00:00,TABUENCA01-45,Sensoria-C1-E90A,Left,Gait,1.0.5,40.3878707,-3.629144,F0:75:B1:51:59:F6,SCKS,0.34375,2.218749,-0.09375,-33.599998,-81.760002,-230.720001,0.14016,0.803584,-0.224256,518,427,691,2.2471760611934704
2024-04-25 14:16:57.390000+00:00,2024-04-25 14:15:30+00:00,2024-04-25 14:17:30+00:00,TABUENCA01-45,Sensoria-C1-EEA1,Right,Gait,1.0.5,40.3878707,-3.629144,CB:AA:BC:3F:36:A5,SCKS,-0.113281,0.792969,-0.140625,7.84,-10.08,125.440002,-0.028032,0.682112,-0.270976,491,719,376,0.8132698264088002
2024-04-25 14:16:57.413000+00:00,2024-04-25 14:15:30+00:00,2024-04-25 14:17:30+00:00,TABUENCA01-45,Sensoria-C1-E90A,Left,Gait,1.0.5,40.3878707,-3.629144,F0:75:B1:51:59:F6,SCKS,0.8125,1.937499,-0.65625,0.0,-24.639999,-273.279999,0.102784,0.803584,-0.2336,588,488,695,2.2010730763654807
2024-04-25 14:16:57.422000+00:00,2024-04-25 14:15:30+00:00,2024-04-25 14:17:30+00:00,TABUENCA01-45,Sensoria-C1-EEA1,Right,Gait,1.0.5,40.3878707,-3.629144,CB:AA:BC:3F:36:A5,SCKS,-0.039063,0.964844,-0.011719,-6.72,24.639999,107.520004,-0.018688,0.691456,-0.270976,480,720,353,0.9657055437689069
2024-04-25 14:16:57.438000+00:00,2024-04-25 14:15:30+00:00,2024-04-25 14:17:30+00:00,TABUENCA01-45,Sensoria-C1-EEA1,Right,Gait,1.0.5,40.3878707,-3.629144,CB:AA:BC:3F:36:A5,SCKS,-0.097656,0.992188,-0.0625,-12.32,23.52,86.239998,-0.009344,0.710144,-0.270976,470,713,343,0.9989394234286681
2024-04-25 14:16:57.446000+00:00,2024-04-25 14:15:30+00:00,2024-04-25 14:17:30+00:00,TABUENCA01-45,Sensoria-C1-E90A,Left,Gait,1.0.5,40.3878707,-3.629144,F0:75:B1:51:59:F6,SCKS,0.75,0.6875,-0.4375,25.76,4.48,-192.639999,0.04672,0.803584,-0.2336,649,532,696,1.1075028216668343
2024-04-25 14:16:57.455000+00:00,2024-04-25 14:15:30+00:00,2024-04-25 14:17:30+00:00,TABUENCA01-45,Sensoria-C1-EEA1,Right,Gait,1.0.5,40.3878707,-3.629144,CB:AA:BC:3F:36:A5,SCKS,-0.074219,0.964844,0.105469,-8.96,21.280001,64.959999,0.009344,0.710144,-0.270976,459,700,337,0.9734249402280589
2024-04-25 14:16:57.462000+00:00,2024-04-25 14:15:30+00:00,2024-04-25 14:17:30+00:00,TABUENCA01-45,Sensoria-C1-E90A,Left,Gait,1.0.5,40.3878707,-3.629144,F0:75:B1:51:59:F6,SCKS,-0.25,0.65625,-0.3125,14.56,-141.119995,-84.0,-0.018688,0.79424,-0.2336,680,541,695,0.7686483672655527
2024-04-25 14:16:57.471000+00:00,2024-04-25 14:15:30+00:00,2024-04-25 14:17:30+00:00,TABUENCA01-45,Sensoria-C1-EEA1,Right,Gait,1.0.5,40.3878707,-3.629144,CB:AA:BC:3F:36:A5,SCKS,-0.113281,0.988282,0.082031,1.12,16.799999,45.920002,0.009344,0.710144,-0.270976,451,686,334,0.9981297417901142
2024-04-25 14:16:57.495000+00:00,2024-04-25 14:15:30+00:00,2024-04-25 14:17:30+00:00,TABUENCA01-45,Sensoria-C1-E90A,Left,Gait,1.0.5,40.3878707,-3.629144,F0:75:B1:51:59:F6,SCKS,1.062499,0.0625,-0.09375,0.0,-142.240005,106.400002,-0.009344,0.803584,-0.242944,693,543,693,1.0684565679057807
2024-04-25 14:16:57.503000+00:00,2024-04-25 14:15:30+00:00,2024-04-25 14:17:30+00:00,TABUENCA01-45,Sensoria-C1-EEA1,Right,Gait,1.0.5,40.3878707,-3.629144,CB:AA:BC:3F:36:A5,SCKS,-0.144531,0.996094,-0.054688,3.36,13.440001,39.200001,0.018688,0.719488,-0.270976,447,677,335,1.008009545659663
2024-04-25 14:16:57.520000+00:00,2024-04-25 14:15:30+00:00,2024-04-25 14:17:30+00:00,TABUENCA01-45,Sensoria-C1-EEA1,Right,Gait,1.0.5,40.3878707,-3.629144,CB:AA:BC:3F:36:A5,SCKS,-0.175781,0.953126,0.019531,0.0,14.56,38.080002,0.018688,0.719488,-0.270976,439,670,341,0.9693965090704629
2024-04-25 14:16:57.527000+00:00,2024-04-25 14:15:30+00:00,2024-04-25 14:17:30+00:00,TABUENCA01-45,Sensoria-C1-E90A,Left,Gait,1.0.5,40.3878707,-3.629144,F0:75:B1:51:59:F6,SCKS,0.53125,-0.03125,0.03125,-16.799999,-12.32,157.919998,0.018688,0.803584,-0.242944,697,545,692,0.5330850659134994
2024-04-25 14:16:57.536000+00:00,2024-04-25 14:15:30+00:00,2024-04-25 14:17:30+00:00,TABUENCA01-45,Sensoria-C1-EEA1,Right,Gait,1.0.5,40.3878707,-3.629144,CB:AA:BC:3F:36:A5,SCKS,-0.128906,1.003907,-0.199219,3.36,8.96,43.68,0.028032,0.719488,-0.270976,432,661,352,1.0315688205088405
2024-04-25 14:16:57.552000+00:00,2024-04-25 14:15:30+00:00,2024-04-25 14:17:30+00:00,TABUENCA01-45,Sensoria-C1-EEA1,Right,Gait,1.0.5,40.3878707,-3.629144,CB:AA:BC:3F:36:A5,SCKS,-0.09375,0.941407,-0.105469,-8.96,23.52,45.920002,0.037376,0.728832,-0.252288,422,654,367,0.9519243205791099
2024-04-25 14:16:57.560000+00:00,2024-04-25 14:15:30+00:00,2024-04-25 14:17:30+00:00,TABUENCA01-45,Sensoria-C1-E90A,Left,Gait,1.0.5,40.3878707,-3.629144,F0:75:B1:51:59:F6,SCKS,0.34375,0.15625,-0.09375,-6.72,20.16,217.279999,0.056064,0.803584,-0.252288,700,544,689,0.3890593624371479
2024-04-25 14:16:57.585000+00:00,2024-04-25 14:15:30+00:00,2024-04-25 14:17:30+00:00,TABUENCA01-45,Sensoria-C1-EEA1,Right,Gait,1.0.5,40.3878707,-3.629144,CB:AA:BC:3F:36:A5,SCKS,-0.089844,0.968751,-0.015625,-10.08,29.120001,43.68,0.037376,0.728832,-0.261632,410,643,380,0.9730337018634042
2024-04-25 14:16:57.592000+00:00,2024-04-25 14:15:30+00:00,2024-04-25 14:17:30+00:00,TABUENCA01-45,Sensoria-C1-E90A,Left,Gait,1.0.5,40.3878707,-3.629144,F0:75:B1:51:59:F6,SCKS,0.40625,0.46875,-0.21875,2.24,38.080002,271.040009,0.102784,0.803584,-0.242944,699,541,689,0.6577364118702871
2024-04-25 14:16:57.601000+00:00,2024-04-25 14:15:30+00:00,2024-04-25 14:17:30+00:00,TABUENCA01-45,Sensoria-C1-EEA1,Right,Gait,1.0.5,40.3878707,-3.629144,CB:AA:BC:3F:36:A5,SCKS,-0.085938,0.984376,0.011719,-4.48,28.0,41.439999,0.037376,0.728832,-0.261632,398,634,393,0.9881896499058266
2024-04-25 14:16:57.617000+00:00,2024-04-25 14:15:30+00:00,2024-04-25 14:17:30+00:00,TABUENCA01-45,Sensoria-C1-EEA1,Right,Gait,1.0.5,40.3878707,-3.629144,CB:AA:BC:3F:36:A5,SCKS,-0.089844,0.984376,-0.070313,-2.24,22.4,41.439999,0.04672,0.728832,-0.261632,384,621,405,0.9909651717800176
2024-04-25 14:16:57.625000+00:00,2024-04-25 14:15:30+00:00,2024-04-25 14:17:30+00:00,TABUENCA01-45,Sensoria-C1-E90A,Left,Gait,1.0.5,40.3878707,-3.629144,F0:75:B1:51:59:F6,SCKS,0.28125,0.999999,-0.1875,-11.2,75.040001,339.360016,0.205568,0.784896,-0.252288,700,542,688,1.0555831622856628
2024-04-25 14:16:57.634000+00:00,2024-04-25 14:15:30+00:00,2024-04-25 14:17:30+00:00,TABUENCA01-45,Sensoria-C1-EEA1,Right,Gait,1.0.5,40.3878707,-3.629144,CB:AA:BC:3F:36:A5,SCKS,-0.0625,0.964844,-0.046875,-3.36,19.040001,43.68,0.04672,0.738176,-0.252288,368,607,420,0.9680017871682883
2024-04-25 14:16:57.650000+00:00,2024-04-25 14:15:30+00:00,2024-04-25 14:17:30+00:00,TABUENCA01-45,Sensoria-C1-EEA1,Right,Gait,1.0.5,40.3878707,-3.629144,CB:AA:BC:3F:36:A5,SCKS,-0.042969,0.976563,-0.0625,-2.24,14.56,47.040001,0.056064,0.738176,-0.261632,351,590,435,0.9795038937799072
2024-04-25 14:16:57.657000+00:00,2024-04-25 14:15:30+00:00,2024-04-25 14:17:30+00:00,TABUENCA01-45,Sensoria-C1-E90A,Left,Gait,1.0.5,40.3878707,-3.629144,F0:75:B1:51:59:F6,SCKS,0.375,1.531249,-0.28125,-15.68,64.959999,380.799988,0.270976,0.756864,-0.261632,699,537,686,1.601390040714941
2024-04-25 14:16:57.682000+00:00,2024-04-25 14:15:30+00:00,2024-04-25 14:17:30+00:00,TABUENCA01-45,Sensoria-C1-EEA1,Right,Gait,1.0.5,40.3878707,-3.629144,CB:AA:BC:3F:36:A5,SCKS,-0.046875,1.003907,-0.0625,-3.36,13.440001,50.400002,0.065408,0.74752,-0.252288,333,576,451,1.0069422924249434
2024-04-25 14:16:57.690000+00:00,2024-04-25 14:15:30+00:00,2024-04-25 14:17:30+00:00,TABUENCA01-45,Sensoria-C1-E90A,Left,Gait,1.0.5,40.3878707,-3.629144,F0:75:B1:51:59:F6,SCKS,0.375,2.218749,-0.25,-15.68,64.959999,409.920013,0.392448,0.672768,-0.270976,698,539,685,2.2640609808485723
2024-04-25 14:16:57.714000+00:00,2024-04-25 14:15:30+00:00,2024-04-25 14:17:30+00:00,TABUENCA01-45,Sensoria-C1-EEA1,Right,Gait,1.0.5,40.3878707,-3.629144,CB:AA:BC:3F:36:A5,SCKS,-0.046875,1.003907,-0.03125,-3.36,13.440001,56.0,0.065408,0.74752,-0.252288,312,559,469,1.0054864955701792
2024-04-25 14:16:57.715000+00:00,2024-04-25 14:15:30+00:00,2024-04-25 14:17:30+00:00,TABUENCA01-45,Sensoria-C1-EEA1,Right,Gait,1.0.5,40.3878707,-3.629144,CB:AA:BC:3F:36:A5,SCKS,-0.03125,1.023438,-0.007813,-1.12,11.2,64.959999,0.074752,0.74752,-0.252288,292,542,493,1.0239447960280867
2024-04-25 14:16:57.722000+00:00,2024-04-25 14:15:30+00:00,2024-04-25 14:17:30+00:00,TABUENCA01-45,Sensoria-C1-E90A,Left,Gait,1.0.5,40.3878707,-3.629144,F0:75:B1:51:59:F6,SCKS,0.0,2.999998,-0.375,8.96,122.080002,432.320007,0.448512,0.616704,-0.289664,699,536,684,3.023344671056213
2024-04-25 14:16:57.731000+00:00,2024-04-25 14:15:30+00:00,2024-04-25 14:17:30+00:00,TABUENCA01-45,Sensoria-C1-EEA1,Right,Gait,1.0.5,40.3878707,-3.629144,CB:AA:BC:3F:36:A5,SCKS,-0.023438,1.054688,-0.019531,1.12,6.72,71.68,0.084096,0.74752,-0.252288,273,522,524,1.0551291755747256
2024-04-25 14:16:57.754000+00:00,2024-04-25 14:15:30+00:00,2024-04-25 14:17:30+00:00,TABUENCA01-45,Sensoria-C1-E90A,Left,Gait,1.0.5,40.3878707,-3.629144,F0:75:B1:51:59:F6,SCKS,-0.90625,3.187498,-0.8125,-38.080002,66.080002,407.679993,0.485888,0.551296,-0.299008,697,537,687,3.4119772584974832
2024-04-25 14:16:57.764000+00:00,2024-04-25 14:15:30+00:00,2024-04-25 14:17:30+00:00,TABUENCA01-45,Sensoria-C1-EEA1,Right,Gait,1.0.5,40.3878707,-3.629144,CB:AA:BC:3F:36:A5,SCKS,-0.042969,1.074219,0.078125,10.08,-2.24,79.519997,0.09344,0.766208,-0.242944,252,501,565,1.0779129420073776
2024-04-25 14:16:57.787000+00:00,2024-04-25 14:15:30+00:00,2024-04-25 14:17:30+00:00,TABUENCA01-45,Sensoria-C1-E90A,Left,Gait,1.0.5,40.3878707,-3.629144,F0:75:B1:51:59:F6,SCKS,-3.281248,1.781249,-0.8125,12.32,61.599998,247.520004,0.51392,0.495232,-0.32704,696,536,689,3.8209413352608546
2024-04-25 14:16:57.795000+00:00,2024-04-25 14:15:30+00:00,2024-04-25 14:17:30+00:00,TABUENCA01-45,Sensoria-C1-EEA1,Right,Gait,1.0.5,40.3878707,-3.629144,CB:AA:BC:3F:36:A5,SCKS,-0.09375,1.179688,0.046875,13.440001,-11.2,92.959999,0.102784,0.766208,-0.242944,234,482,607,1.1843353011157778
2024-04-25 14:16:57.797000+00:00,2024-04-25 14:15:30+00:00,2024-04-25 14:17:30+00:00,TABUENCA01-45,Sensoria-C1-EEA1,Right,Gait,1.0.5,40.3878707,-3.629144,CB:AA:BC:3F:36:A5,SCKS,-0.09375,1.250001,0.082031,8.96,-16.799999,108.639999,0.102784,0.766208,-0.242944,217,464,644,1.2561929180910072
2024-04-25 14:16:57.803000+00:00,2024-04-25 14:15:30+00:00,2024-04-25 14:17:30+00:00,TABUENCA01-45,Sensoria-C1-E90A,Left,Gait,1.0.5,40.3878707,-3.629144,F0:75:B1:51:59:F6,SCKS,-3.562498,1.499999,-0.375,24.639999,-87.360001,35.84,0.523264,0.4672,-0.317696,694,536,695,3.883556874825577
2024-04-25 14:16:57.812000+00:00,2024-04-25 14:15:30+00:00,2024-04-25 14:17:30+00:00,TABUENCA01-45,Sensoria-C1-EEA1,Right,Gait,1.0.5,40.3878707,-3.629144,CB:AA:BC:3F:36:A5,SCKS,-0.128906,1.316407,0.035156,0.0,-24.639999,126.559998,0.121472,0.766208,-0.242944,204,452,668,1.3231704692975128
2024-04-25 14:16:57.836000+00:00,2024-04-25 14:15:30+00:00,2024-04-25 14:17:30+00:00,TABUENCA01-45,Sensoria-C1-E90A,Left,Gait,1.0.5,40.3878707,-3.629144,F0:75:B1:51:59:F6,SCKS,2.624999,1.281249,0.34375,23.52,56.0,-147.839996,0.51392,0.495232,-0.308352,691,533,686,2.9411533133282934
2024-04-25 14:16:57.844000+00:00,2024-04-25 14:15:30+00:00,2024-04-25 14:17:30+00:00,TABUENCA01-45,Sensoria-C1-EEA1,Right,Gait,1.0.5,40.3878707,-3.629144,CB:AA:BC:3F:36:A5,SCKS,-0.191406,1.468751,-0.203125,-12.32,-22.4,145.600006,0.14016,0.784896,-0.242944,193,445,684,1.4950336191744986
2024-04-25 14:16:57.861000+00:00,2024-04-25 14:15:30+00:00,2024-04-25 14:17:30+00:00,TABUENCA01-45,Sensoria-C1-EEA1,Right,Gait,1.0.5,40.3878707,-3.629144,CB:AA:BC:3F:36:A5,SCKS,-0.386719,1.789064,0.007813,-23.52,5.6,173.600006,0.168192,0.784896,-0.242944,186,453,697,1.8303995804266346
2024-04-25 14:16:57.868000+00:00,2024-04-25 14:15:30+00:00,2024-04-25 14:17:30+00:00,TABUENCA01-45,Sensoria-C1-E90A,Left,Gait,1.0.5,40.3878707,-3.629144,F0:75:B1:51:59:F6,SCKS,-1.249999,1.218749,0.5625,63.84,210.559998,-237.440002,0.485888,0.532608,-0.336384,698,538,643,1.8341899778926938
2024-04-25 14:16:57.877000+00:00,2024-04-25 14:15:30+00:00,2024-04-25 14:17:30+00:00,TABUENCA01-45,Sensoria-C1-EEA1,Right,Gait,1.0.5,40.3878707,-3.629144,CB:AA:BC:3F:36:A5,SCKS,-0.722657,1.996095,0.394532,-30.24,36.959999,198.240005,0.196224,0.79424,-0.242944,190,466,700,2.1592322449653256
2024-04-25 14:16:57.893000+00:00,2024-04-25 14:15:30+00:00,2024-04-25 14:17:30+00:00,TABUENCA01-45,Sensoria-C1-EEA1,Right,Gait,1.0.5,40.3878707,-3.629144,CB:AA:BC:3F:36:A5,SCKS,-1.195313,1.996095,0.457032,-48.16,68.32,226.240005,0.242944,0.79424,-0.252288,204,486,700,2.3710855459088775
2024-04-25 14:16:57.901000+00:00,2024-04-25 14:15:30+00:00,2024-04-25 14:17:30+00:00,TABUENCA01-45,Sensoria-C1-E90A,Left,Gait,1.0.5,40.3878707,-3.629144,F0:75:B1:51:59:F6,SCKS,-0.125,1.874999,-0.03125,98.559998,-10.08,-200.479996,0.4672,0.569984,-0.336384,696,542,518,1.8794208715721448
2024-04-25 14:16:57.909000+00:00,2024-04-25 14:15:30+00:00,2024-04-25 14:17:30+00:00,TABUENCA01-45,Sensoria-C1-EEA1,Right,Gait,1.0.5,40.3878707,-3.629144,CB:AA:BC:3F:36:A5,SCKS,-0.390625,1.996095,-0.09375,-30.24,22.4,262.079987,0.28032,0.803584,-0.252288,237,524,697,2.036116942159757
2024-04-25 14:16:57.933000+00:00,2024-04-25 14:15:30+00:00,2024-04-25 14:17:30+00:00,TABUENCA01-45,Sensoria-C1-E90A,Left,Gait,1.0.5,40.3878707,-3.629144,F0:75:B1:51:59:F6,SCKS,0.09375,1.218749,0.125,71.68,-45.920002,-193.759995,0.448512,0.60736,-0.336384,693,552,405,1.2287242113269357
2024-04-25 14:16:57.942000+00:00,2024-04-25 14:15:30+00:00,2024-04-25 14:17:30+00:00,TABUENCA01-45,Sensoria-C1-EEA1,Right,Gait,1.0.5,40.3878707,-3.629144,CB:AA:BC:3F:36:A5,SCKS,-0.855469,1.996095,-0.515625,-8.96,-26.880001,294.559998,0.336384,0.803584,-0.252288,293,579,695,2.2320599453444343
2024-04-25 14:16:57.958000+00:00,2024-04-25 14:15:30+00:00,2024-04-25 14:17:30+00:00,TABUENCA01-45,Sensoria-C1-EEA1,Right,Gait,1.0.5,40.3878707,-3.629144,CB:AA:BC:3F:36:A5,SCKS,-0.59375,1.996095,-0.546875,8.96,-86.239998,324.799988,0.336384,0.803584,-0.252288,359,636,694,2.153138773314437
2024-04-25 14:16:57.965000+00:00,2024-04-25 14:15:30+00:00,2024-04-25 14:17:30+00:00,TABUENCA01-45,Sensoria-C1-E90A,Left,Gait,1.0.5,40.3878707,-3.629144,F0:75:B1:51:59:F6,SCKS,0.0625,0.968749,-0.25,41.439999,-64.959999,-96.32,0.411136,0.65408,-0.299008,656,537,342,1.002437466878109
2024-04-25 14:16:57.974000+00:00,2024-04-25 14:15:30+00:00,2024-04-25 14:17:30+00:00,TABUENCA01-45,Sensoria-C1-EEA1,Right,Gait,1.0.5,40.3878707,-3.629144,CB:AA:BC:3F:36:A5,SCKS,-0.195313,0.703125,-0.589844,26.880001,-44.799999,266.559998,0.383104,0.79424,-0.252288,418,674,695,0.9383218413369689
2024-04-25 14:16:57.991000+00:00,2024-04-25 14:15:30+00:00,2024-04-25 14:17:30+00:00,TABUENCA01-45,Sensoria-C1-EEA1,Right,Gait,1.0.5,40.3878707,-3.629144,CB:AA:BC:3F:36:A5,SCKS,0.632813,0.289063,-0.945313,19.040001,58.240002,170.240005,0.42048,0.784896,-0.252288,452,690,693,1.1737232974202223
2024-04-25 14:16:57.998000+00:00,2024-04-25 14:15:30+00:00,2024-04-25 14:17:30+00:00,TABUENCA01-45,Sensoria-C1-E90A,Left,Gait,1.0.5,40.3878707,-3.629144,F0:75:B1:51:59:F6,SCKS,0.15625,0.968749,-0.09375,16.799999,-51.52,-33.599998,0.401792,0.663424,-0.299008,634,520,328,0.9857371607081676
2024-04-25 14:16:58.023000+00:00,2024-04-25 14:15:30+00:00,2024-04-25 14:17:30+00:00,TABUENCA01-45,Sensoria-C1-EEA1,Right,Gait,1.0.5,40.3878707,-3.629144,CB:AA:BC:3F:36:A5,SCKS,-1.472657,0.382813,-0.363282,-13.440001,210.559998,-17.92,0.429824,0.79424,-0.252288,468,701,692,1.5643651249443016
2024-04-25 14:16:58.031000+00:00,2024-04-25 14:15:30+00:00,2024-04-25 14:17:30+00:00,TABUENCA01-45,Sensoria-C1-E90A,Left,Gait,1.0.5,40.3878707,-3.629144,F0:75:B1:51:59:F6,SCKS,0.15625,0.999999,-0.15625,12.32,-38.080002,-24.639999,0.392448,0.672768,-0.28032,620,507,329,1.0241221240657776
2024-04-25 14:16:58.040000+00:00,2024-04-25 14:15:30+00:00,2024-04-25 14:17:30+00:00,TABUENCA01-45,Sensoria-C1-EEA1,Right,Gait,1.0.5,40.3878707,-3.629144,CB:AA:BC:3F:36:A5,SCKS,-1.039063,0.015625,-0.015625,-36.959999,147.839996,-64.959999,0.429824,0.79424,-0.28032,477,706,690,1.03929793573306
2024-04-25 14:16:58.057000+00:00,2024-04-25 14:15:30+00:00,2024-04-25 14:17:30+00:00,TABUENCA01-45,Sensoria-C1-EEA1,Right,Gait,1.0.5,40.3878707,-3.629144,CB:AA:BC:3F:36:A5,SCKS,-0.535157,-0.179688,0.054688,1.12,75.040001,-101.919998,0.429824,0.79424,-0.28032,481,708,689,0.5671609730376377
2024-04-25 14:16:58.064000+00:00,2024-04-25 14:15:30+00:00,2024-04-25 14:17:30+00:00,TABUENCA01-45,Sensoria-C1-E90A,Left,Gait,1.0.5,40.3878707,-3.629144,F0:75:B1:51:59:F6,SCKS,0.1875,0.968749,-0.1875,3.36,-34.720001,-26.880001,0.392448,0.682112,-0.28032,603,491,345,1.0043839529786407
2024-04-25 14:16:58.072000+00:00,2024-04-25 14:15:30+00:00,2024-04-25 14:17:30+00:00,TABUENCA01-45,Sensoria-C1-EEA1,Right,Gait,1.0.5,40.3878707,-3.629144,CB:AA:BC:3F:36:A5,SCKS,-0.527344,-0.015625,-0.066406,36.959999,42.560001,-156.800003,0.411136,0.79424,-0.270976,481,709,686,0.5317382737747961
2024-04-25 14:16:58.088000+00:00,2024-04-25 14:15:30+00:00,2024-04-25 14:17:30+00:00,TABUENCA01-45,Sensoria-C1-EEA1,Right,Gait,1.0.5,40.3878707,-3.629144,CB:AA:BC:3F:36:A5,SCKS,-0.605469,0.214844,-0.074219,42.560001,23.52,-202.720001,0.37376,0.803584,-0.261632,483,709,687,0.6467295526400506
2024-04-25 14:16:58.096000+00:00,2024-04-25 14:15:30+00:00,2024-04-25 14:17:30+00:00,TABUENCA01-45,Sensoria-C1-E90A,Left,Gait,1.0.5,40.3878707,-3.629144,F0:75:B1:51:59:F6,SCKS,0.15625,0.9375,-0.28125,-1.12,-48.16,-29.120001,0.392448,0.682112,-0.270976,587,476,382,0.9911719704471066
2024-04-25 14:16:58.128000+00:00,2024-04-25 14:15:30+00:00,2024-04-25 14:17:30+00:00,TABUENCA01-45,Sensoria-C1-E90A,Left,Gait,1.0.5,40.3878707,-3.629144,F0:75:B1:51:59:F6,SCKS,0.09375,0.968749,-0.1875,1.12,-48.16,-22.4,0.383104,0.7008,-0.270976,568,451,454,0.9911709930688044
2024-04-25 14:16:58.137000+00:00,2024-04-25 14:15:30+00:00,2024-04-25 14:17:30+00:00,TABUENCA01-45,Sensoria-C1-EEA1,Right,Gait,1.0.5,40.3878707,-3.629144,CB:AA:BC:3F:36:A5,SCKS,-0.503907,0.496094,-0.019531,48.16,-30.24,-280.0,0.289664,0.812928,-0.261632,482,708,686,0.7073987428925782
2024-04-25 14:16:58.144000+00:00,2024-04-25 14:15:30+00:00,2024-04-25 14:17:30+00:00,TABUENCA01-45,Sensoria-C1-E90A,Left,Gait,1.0.5,40.3878707,-3.629144,F0:75:B1:51:59:F6,SCKS,0.125,0.9375,-0.21875,1.12,-43.68,-23.52,0.383104,0.691456,-0.252288,552,432,495,0.9707640354380667
2024-04-25 14:16:58.153000+00:00,2024-04-25 14:15:30+00:00,2024-04-25 14:17:30+00:00,TABUENCA01-45,Sensoria-C1-EEA1,Right,Gait,1.0.5,40.3878707,-3.629144,CB:AA:BC:3F:36:A5,SCKS,-0.515625,0.734376,-0.011719,51.52,-47.040001,-311.360016,0.289664,0.812928,-0.261632,483,708,685,0.8973932164675639
2024-04-25 14:16:58.170000+00:00,2024-04-25 14:15:30+00:00,2024-04-25 14:17:30+00:00,TABUENCA01-45,Sensoria-C1-EEA1,Right,Gait,1.0.5,40.3878707,-3.629144,CB:AA:BC:3F:36:A5,SCKS,-0.480469,1.011719,-0.035156,48.16,-54.880001,-340.480011,0.224256,0.803584,-0.252288,481,706,685,1.1205631348826357
2024-04-25 14:16:58.177000+00:00,2024-04-25 14:15:30+00:00,2024-04-25 14:17:30+00:00,TABUENCA01-45,Sensoria-C1-E90A,Left,Gait,1.0.5,40.3878707,-3.629144,F0:75:B1:51:59:F6,SCKS,0.0625,0.9375,-0.21875,0.0,-39.200001,-29.120001,0.364416,0.7008,-0.242944,536,413,530,0.9647093150270707
2024-04-25 14:16:58.202000+00:00,2024-04-25 14:15:30+00:00,2024-04-25 14:17:30+00:00,TABUENCA01-45,Sensoria-C1-EEA1,Right,Gait,1.0.5,40.3878707,-3.629144,CB:AA:BC:3F:36:A5,SCKS,-0.441407,1.328126,-0.027344,38.080002,-47.040001,-368.480011,0.158848,0.784896,-0.242944,482,705,686,1.399823740997773
2024-04-25 14:16:58.225000+00:00,2024-04-25 14:15:30+00:00,2024-04-25 14:17:30+00:00,TABUENCA01-45,Sensoria-C1-E90A,Left,Gait,1.0.5,40.3878707,-3.629144,F0:75:B1:51:59:F6,SCKS,0.0625,0.9375,-0.1875,1.12,-38.080002,-34.720001,0.355072,0.710144,-0.261632,516,390,561,0.9581068572972432
2024-04-25 14:16:58.234000+00:00,2024-04-25 14:15:30+00:00,2024-04-25 14:17:30+00:00,TABUENCA01-45,Sensoria-C1-EEA1,Right,Gait,1.0.5,40.3878707,-3.629144,CB:AA:BC:3F:36:A5,SCKS,-0.457032,1.851564,0.042969,22.4,-22.4,-386.399994,0.09344,0.756864,-0.252288,481,703,683,1.907619938583417
2024-04-25 14:16:58.235000+00:00,2024-04-25 14:15:30+00:00,2024-04-25 14:17:30+00:00,TABUENCA01-45,Sensoria-C1-EEA1,Right,Gait,1.0.5,40.3878707,-3.629144,CB:AA:BC:3F:36:A5,SCKS,-0.449219,1.996095,0.105469,17.92,0.0,-390.880005,0.04672,0.719488,-0.242944,480,704,683,2.0487353828513335
2024-04-25 14:16:58.242000+00:00,2024-04-25 14:15:30+00:00,2024-04-25 14:17:30+00:00,TABUENCA01-45,Sensoria-C1-E90A,Left,Gait,1.0.5,40.3878707,-3.629144,F0:75:B1:51:59:F6,SCKS,0.03125,0.9375,-0.15625,2.24,-35.84,-40.32,0.355072,0.719488,-0.242944,492,362,587,0.9509452534189337
2024-04-25 14:16:58.251000+00:00,2024-04-25 14:15:30+00:00,2024-04-25 14:17:30+00:00,TABUENCA01-45,Sensoria-C1-EEA1,Right,Gait,1.0.5,40.3878707,-3.629144,CB:AA:BC:3F:36:A5,SCKS,0.121094,1.996095,-0.117188,61.599998,-57.119999,-400.959991,0.04672,0.719488,-0.242944,481,703,683,2.0031954555671794
2024-04-25 14:16:58.274000+00:00,2024-04-25 14:15:30+00:00,2024-04-25 14:17:30+00:00,TABUENCA01-45,Sensoria-C1-E90A,Left,Gait,1.0.5,40.3878707,-3.629144,F0:75:B1:51:59:F6,SCKS,0.03125,1.031249,-0.1875,2.24,-33.599998,-49.279999,0.345728,0.719488,-0.242944,466,336,618,1.0486216250397473
2024-04-25 14:16:58.284000+00:00,2024-04-25 14:15:30+00:00,2024-04-25 14:17:30+00:00,TABUENCA01-45,Sensoria-C1-EEA1,Right,Gait,1.0.5,40.3878707,-3.629144,CB:AA:BC:3F:36:A5,SCKS,0.828126,1.996095,0.136719,42.560001,-52.639999,-411.040009,-0.018688,0.663424,-0.252288,481,704,683,2.1653821847105883
2024-04-25 14:16:58.307000+00:00,2024-04-25 14:15:30+00:00,2024-04-25 14:17:30+00:00,TABUENCA01-45,Sensoria-C1-E90A,Left,Gait,1.0.5,40.3878707,-3.629144,F0:75:B1:51:59:F6,SCKS,0.09375,1.093749,-0.15625,-1.12,-36.959999,-63.84,0.336384,0.728832,-0.224256,438,308,649,1.1088237010458426
2024-04-25 14:16:58.316000+00:00,2024-04-25 14:15:30+00:00,2024-04-25 14:17:30+00:00,TABUENCA01-45,Sensoria-C1-EEA1,Right,Gait,1.0.5,40.3878707,-3.629144,CB:AA:BC:3F:36:A5,SCKS,1.996095,1.941408,-0.230469,48.16,-8.96,-253.119995,-0.074752,0.569984,-0.252288,479,703,687,2.794025094992885
2024-04-25 14:16:58.332000+00:00,2024-04-25 14:15:30+00:00,2024-04-25 14:17:30+00:00,TABUENCA01-45,Sensoria-C1-EEA1,Right,Gait,1.0.5,40.3878707,-3.629144,CB:AA:BC:3F:36:A5,SCKS,1.996095,1.621095,0.183594,59.360001,51.52,-142.240005,-0.084096,0.541952,-0.2336,478,704,688,2.577993600629373
2024-04-25 14:16:58.340000+00:00,2024-04-25 14:15:30+00:00,2024-04-25 14:17:30+00:00,TABUENCA01-45,Sensoria-C1-E90A,Left,Gait,1.0.5,40.3878707,-3.629144,F0:75:B1:51:59:F6,SCKS,0.125,1.218749,-0.0625,-1.12,-30.24,-88.480003,0.299008,0.74752,-0.2336,414,284,670,1.226735658159899
2024-04-25 14:16:58.349000+00:00,2024-04-25 14:15:30+00:00,2024-04-25 14:17:30+00:00,TABUENCA01-45,Sensoria-C1-EEA1,Right,Gait,1.0.5,40.3878707,-3.629144,CB:AA:BC:3F:36:A5,SCKS,1.996095,1.906251,0.980469,23.52,48.16,4.48,-0.084096,0.541952,-0.2336,478,705,692,2.929079647941824
2024-04-25 14:16:58.381000+00:00,2024-04-25 14:15:30+00:00,2024-04-25 14:17:30+00:00,TABUENCA01-45,Sensoria-C1-EEA1,Right,Gait,1.0.5,40.3878707,-3.629144,CB:AA:BC:3F:36:A5,SCKS,0.476563,1.632814,0.351563,5.6,-87.360001,132.160004,-0.084096,0.541952,-0.242944,477,705,690,1.7368910140057723
2024-04-25 14:16:58.389000+00:00,2024-04-25 14:15:30+00:00,2024-04-25 14:17:30+00:00,TABUENCA01-45,Sensoria-C1-E90A,Left,Gait,1.0.5,40.3878707,-3.629144,F0:75:B1:51:59:F6,SCKS,0.15625,1.312499,-0.15625,8.96,-11.2,-117.599998,0.289664,0.756864,-0.224256,393,272,682,1.3309702288184362
2024-04-25 14:16:58.397000+00:00,2024-04-25 14:15:30+00:00,2024-04-25 14:17:30+00:00,TABUENCA01-45,Sensoria-C1-EEA1,Right,Gait,1.0.5,40.3878707,-3.629144,CB:AA:BC:3F:36:A5,SCKS,-2.000001,0.679688,0.671875,39.200001,-151.199997,70.559998,-0.084096,0.569984,-0.261632,483,704,666,2.216618098132829
2024-04-25 14:16:58.405000+00:00,2024-04-25 14:15:30+00:00,2024-04-25 14:17:30+00:00,TABUENCA01-45,Sensoria-C1-E90A,Left,Gait,1.0.5,40.3878707,-3.629144,F0:75:B1:51:59:F6,SCKS,0.21875,1.531249,-0.21875,13.440001,-10.08,-146.720001,0.261632,0.766208,-0.224256,388,276,687,1.5621864885477021
2024-04-25 14:16:58.414000+00:00,2024-04-25 14:15:30+00:00,2024-04-25 14:17:30+00:00,TABUENCA01-45,Sensoria-C1-EEA1,Right,Gait,1.0.5,40.3878707,-3.629144,CB:AA:BC:3F:36:A5,SCKS,0.980469,1.351563,1.121095,67.199997,-231.839996,245.279999,-0.074752,0.598016,-0.28032,492,709,627,2.0111926814591885
2024-04-25 14:16:58.430000+00:00,2024-04-25 14:15:30+00:00,2024-04-25 14:17:30+00:00,TABUENCA01-45,Sensoria-C1-EEA1,Right,Gait,1.0.5,40.3878707,-3.629144,CB:AA:BC:3F:36:A5,SCKS,0.507813,1.988283,0.214844,39.200001,-4.48,221.759995,-0.065408,0.635392,-0.289664,499,713,557,2.06332287230913
2024-04-25 14:16:58.438000+00:00,2024-04-25 14:15:30+00:00,2024-04-25 14:17:30+00:00,TABUENCA01-45,Sensoria-C1-E90A,Left,Gait,1.0.5,40.3878707,-3.629144,F0:75:B1:51:59:F6,SCKS,0.46875,1.874999,-0.0625,6.72,-16.799999,-181.440002,0.2336,0.784896,-0.224256,418,317,689,1.9337150934150047
2024-04-25 14:16:58.462000+00:00,2024-04-25 14:15:30+00:00,2024-04-25 14:17:30+00:00,TABUENCA01-45,Sensoria-C1-EEA1,Right,Gait,1.0.5,40.3878707,-3.629144,CB:AA:BC:3F:36:A5,SCKS,0.28125,1.539064,-0.570313,59.360001,40.32,200.479996,-0.065408,0.635392,-0.289664,503,714,479,1.665255679037006
2024-04-25 14:16:58.470000+00:00,2024-04-25 14:15:30+00:00,2024-04-25 14:17:30+00:00,TABUENCA01-45,Sensoria-C1-E90A,Left,Gait,1.0.5,40.3878707,-3.629144,F0:75:B1:51:59:F6,SCKS,0.9375,2.187499,-0.25,-31.360001,-71.68,-197.119995,0.158848,0.803584,-0.224256,517,401,689,2.393022800769144
2024-04-25 14:16:58.478000+00:00,2024-04-25 14:15:30+00:00,2024-04-25 14:17:30+00:00,TABUENCA01-45,Sensoria-C1-EEA1,Right,Gait,1.0.5,40.3878707,-3.629144,CB:AA:BC:3F:36:A5,SCKS,0.199219,1.23047,-0.253906,15.68,14.56,181.440002,-0.04672,0.663424,-0.28032,503,716,422,1.2720899683972828
2024-04-25 14:16:58.486000+00:00,2024-04-25 14:15:30+00:00,2024-04-25 14:17:30+00:00,TABUENCA01-45,Sensoria-C1-E90A,Left,Gait,1.0.5,40.3878707,-3.629144,F0:75:B1:51:59:F6,SCKS,0.78125,2.281249,-0.78125,-8.96,-97.440002,-254.240005,0.112128,0.803584,-0.224256,573,459,693,2.534718943985901
2024-04-25 14:16:58.495000+00:00,2024-04-25 14:15:30+00:00,2024-04-25 14:17:30+00:00,TABUENCA01-45,Sensoria-C1-EEA1,Right,Gait,1.0.5,40.3878707,-3.629144,CB:AA:BC:3F:36:A5,SCKS,0.167969,0.867188,-0.011719,7.84,3.36,131.039993,-0.028032,0.682112,-0.270976,494,718,388,0.8833832391810476
2024-04-25 14:16:58.511000+00:00,2024-04-25 14:15:30+00:00,2024-04-25 14:17:30+00:00,TABUENCA01-45,Sensoria-C1-EEA1,Right,Gait,1.0.5,40.3878707,-3.629144,CB:AA:BC:3F:36:A5,SCKS,-0.085938,0.937501,0.046875,-6.72,28.0,114.239998,0.0,0.7008,-0.270976,482,722,364,0.9425978625426646
2024-04-25 14:16:58.519000+00:00,2024-04-25 14:15:30+00:00,2024-04-25 14:17:30+00:00,TABUENCA01-45,Sensoria-C1-E90A,Left,Gait,1.0.5,40.3878707,-3.629144,F0:75:B1:51:59:F6,SCKS,0.6875,0.9375,-0.46875,26.880001,8.96,-225.119995,0.065408,0.803584,-0.2336,636,516,696,1.2535106950082238
2024-04-25 14:16:58.544000+00:00,2024-04-25 14:15:30+00:00,2024-04-25 14:17:30+00:00,TABUENCA01-45,Sensoria-C1-EEA1,Right,Gait,1.0.5,40.3878707,-3.629144,CB:AA:BC:3F:36:A5,SCKS,-0.121094,0.984376,-0.117188,-7.84,14.56,92.959999,0.0,0.710144,-0.270976,471,720,349,0.9986955960431586
2024-04-25 14:16:58.551000+00:00,2024-04-25 14:15:30+00:00,2024-04-25 14:17:30+00:00,TABUENCA01-45,Sensoria-C1-E90A,Left,Gait,1.0.5,40.3878707,-3.629144,F0:75:B1:51:59:F6,SCKS,-0.71875,0.34375,-0.53125,28.0,-68.32,-127.68,0.0,0.79424,-0.224256,674,538,698,0.9575970903777852
2024-04-25 14:16:58.559000+00:00,2024-04-25 14:15:30+00:00,2024-04-25 14:17:30+00:00,TABUENCA01-45,Sensoria-C1-EEA1,Right,Gait,1.0.5,40.3878707,-3.629144,CB:AA:BC:3F:36:A5,SCKS,-0.101563,0.964844,0.085938,-11.2,16.799999,77.279999,0.0,0.710144,-0.270976,459,712,342,0.9739734735345723
2024-04-25 14:16:58.576000+00:00,2024-04-25 14:15:30+00:00,2024-04-25 14:17:30+00:00,TABUENCA01-45,Sensoria-C1-EEA1,Right,Gait,1.0.5,40.3878707,-3.629144,CB:AA:BC:3F:36:A5,SCKS,-0.078125,1.000001,0.113281,-1.12,7.84,54.880001,0.009344,0.710144,-0.270976,449,700,339,1.0094246383891172
2024-04-25 14:16:58.583000+00:00,2024-04-25 14:15:30+00:00,2024-04-25 14:17:30+00:00,TABUENCA01-45,Sensoria-C1-E90A,Left,Gait,1.0.5,40.3878707,-3.629144,F0:75:B1:51:59:F6,SCKS,0.875,0.15625,-0.125,6.72,-133.279999,72.800003,-0.018688,0.803584,-0.242944,691,542,695,0.897587913521567
2024-04-25 14:16:58.592000+00:00,2024-04-25 14:15:30+00:00,2024-04-25 14:17:30+00:00,TABUENCA01-45,Sensoria-C1-EEA1,Right,Gait,1.0.5,40.3878707,-3.629144,CB:AA:BC:3F:36:A5,SCKS,-0.113281,1.019532,-0.035156,5.6,4.48,44.799999,0.009344,0.719488,-0.261632,440,689,340,1.0264083146199665
2024-04-25 14:16:58.608000+00:00,2024-04-25 14:15:30+00:00,2024-04-25 14:17:30+00:00,TABUENCA01-45,Sensoria-C1-EEA1,Right,Gait,1.0.5,40.3878707,-3.629144,CB:AA:BC:3F:36:A5,SCKS,-0.121094,0.960938,0.035156,0.0,11.2,41.439999,0.028032,0.719488,-0.261632,431,678,345,0.9691757018291368
2024-04-25 14:16:58.616000+00:00,2024-04-25 14:15:30+00:00,2024-04-25 14:17:30+00:00,TABUENCA01-45,Sensoria-C1-E90A,Left,Gait,1.0.5,40.3878707,-3.629144,F0:75:B1:51:59:F6,SCKS,0.6875,-0.03125,-0.03125,-7.84,-11.2,154.559998,0.009344,0.812928,-0.2336,699,541,694,0.6889189901577688
2024-04-25 14:16:58.641000+00:00,2024-04-25 14:15:30+00:00,2024-04-25 14:17:30+00:00,TABUENCA01-45,Sensoria-C1-EEA1,Right,Gait,1.0.5,40.3878707,-3.629144,CB:AA:BC:3F:36:A5,SCKS,-0.160156,1.000001,-0.0625,2.24,5.6,40.32,0.028032,0.728832,-0.261632,422,669,355,1.0146714711358549
2024-04-25 14:16:58.648000+00:00,2024-04-25 14:15:30+00:00,2024-04-25 14:17:30+00:00,TABUENCA01-45,Sensoria-C1-E90A,Left,Gait,1.0.5,40.3878707,-3.629144,F0:75:B1:51:59:F6,SCKS,0.375,0.125,-0.0625,-10.08,31.360001,197.119995,0.037376,0.812928,-0.252288,701,540,693,0.40019526483955303
2024-04-25 14:16:58.657000+00:00,2024-04-25 14:15:30+00:00,2024-04-25 14:17:30+00:00,TABUENCA01-45,Sensoria-C1-EEA1,Right,Gait,1.0.5,40.3878707,-3.629144,CB:AA:BC:3F:36:A5,SCKS,-0.082031,0.964844,-0.148438,-2.24,13.440001,44.799999,0.028032,0.728832,-0.261632,410,659,367,0.9796360901584833
2024-04-25 14:16:58.673000+00:00,2024-04-25 14:15:30+00:00,2024-04-25 14:17:30+00:00,TABUENCA01-45,Sensoria-C1-EEA1,Right,Gait,1.0.5,40.3878707,-3.629144,CB:AA:BC:3F:36:A5,SCKS,-0.058594,0.964844,-0.074219,-8.96,21.280001,44.799999,0.037376,0.728832,-0.270976,397,650,382,0.9694666890270135
2024-04-25 14:16:58.681000+00:00,2024-04-25 14:15:30+00:00,2024-04-25 14:17:30+00:00,TABUENCA01-45,Sensoria-C1-E90A,Left,Gait,1.0.5,40.3878707,-3.629144,F0:75:B1:51:59:F6,SCKS,0.3125,0.34375,-0.25,7.84,39.200001,255.360001,0.074752,0.812928,-0.252288,701,539,691,0.5275607192541917
2024-04-25 14:16:58.689000+00:00,2024-04-25 14:15:30+00:00,2024-04-25 14:17:30+00:00,TABUENCA01-45,Sensoria-C1-EEA1,Right,Gait,1.0.5,40.3878707,-3.629144,CB:AA:BC:3F:36:A5,SCKS,-0.042969,0.976563,-0.03125,-8.96,28.0,42.560001,0.037376,0.738176,-0.270976,382,637,397,0.9780072547941553
2024-04-25 14:16:58.713000+00:00,2024-04-25 14:15:30+00:00,2024-04-25 14:17:30+00:00,TABUENCA01-45,Sensoria-C1-E90A,Left,Gait,1.0.5,40.3878707,-3.629144,F0:75:B1:51:59:F6,SCKS,0.40625,0.6875,-0.15625,-6.72,36.959999,297.920013,0.177536,0.803584,-0.2336,701,538,690,0.813701035393221
2024-04-25 14:16:58.722000+00:00,2024-04-25 14:15:30+00:00,2024-04-25 14:17:30+00:00,TABUENCA01-45,Sensoria-C1-EEA1,Right,Gait,1.0.5,40.3878707,-3.629144,CB:AA:BC:3F:36:A5,SCKS,-0.074219,0.980469,0.007813,-5.6,32.48,41.439999,0.056064,0.738176,-0.252288,369,626,411,0.9833051219692696
2024-04-25 14:16:58.738000+00:00,2024-04-25 14:15:30+00:00,2024-04-25 14:17:30+00:00,TABUENCA01-45,Sensoria-C1-EEA1,Right,Gait,1.0.5,40.3878707,-3.629144,CB:AA:BC:3F:36:A5,SCKS,-0.066406,0.984376,-0.050781,-1.12,26.880001,42.560001,0.04672,0.738176,-0.252288,353,614,429,0.987919316631171
2024-04-25 14:16:58.746000+00:00,2024-04-25 14:15:30+00:00,2024-04-25 14:17:30+00:00,TABUENCA01-45,Sensoria-C1-E90A,Left,Gait,1.0.5,40.3878707,-3.629144,F0:75:B1:51:59:F6,SCKS,0.3125,0.999999,-0.125,-5.6,56.0,343.839996,0.2336,0.784896,-0.252288,700,538,687,1.055120490750227
2024-04-25 14:16:58.755000+00:00,2024-04-25 14:15:30+00:00,2024-04-25 14:17:30+00:00,TABUENCA01-45,Sensoria-C1-EEA1,Right,Gait,1.0.5,40.3878707,-3.629144,CB:AA:BC:3F:36:A5,SCKS,-0.050781,0.968751,-0.023438,0.0,20.16,45.920002,0.065408,0.74752,-0.252288,336,600,447,0.9703641325842582
2024-04-25 14:16:58.771000+00:00,2024-04-25 14:15:30+00:00,2024-04-25 14:17:30+00:00,TABUENCA01-45,Sensoria-C1-EEA1,Right,Gait,1.0.5,40.3878707,-3.629144,CB:AA:BC:3F:36:A5,SCKS,-0.046875,0.984376,-0.050781,6.72,11.2,51.52,0.065408,0.74752,-0.252288,319,585,468,0.9867989080668867
2024-04-25 14:16:58.778000+00:00,2024-04-25 14:15:30+00:00,2024-04-25 14:17:30+00:00,TABUENCA01-45,Sensoria-C1-E90A,Left,Gait,1.0.5,40.3878707,-3.629144,F0:75:B1:51:59:F6,SCKS,0.375,1.531249,-0.15625,-7.84,45.920002,385.279999,0.308352,0.74752,-0.242944,698,537,686,1.584223015393035
2024-04-25 14:16:58.804000+00:00,2024-04-25 14:15:30+00:00,2024-04-25 14:17:30+00:00,TABUENCA01-45,Sensoria-C1-EEA1,Right,Gait,1.0.5,40.3878707,-3.629144,CB:AA:BC:3F:36:A5,SCKS,-0.058594,0.976563,0.0,6.72,8.96,58.240002,0.065408,0.756864,-0.242944,300,569,489,0.9783192473855351
2024-04-25 14:16:58.811000+00:00,2024-04-25 14:15:30+00:00,2024-04-25 14:17:30+00:00,TABUENCA01-45,Sensoria-C1-E90A,Left,Gait,1.0.5,40.3878707,-3.629144,F0:75:B1:51:59:F6,SCKS,0.25,2.843749,-0.25,-3.36,84.0,431.200012,0.42048,0.644736,-0.252288,699,536,685,2.8656427507630813
2024-04-25 14:16:58.820000+00:00,2024-04-25 14:15:30+00:00,2024-04-25 14:17:30+00:00,TABUENCA01-45,Sensoria-C1-EEA1,Right,Gait,1.0.5,40.3878707,-3.629144,CB:AA:BC:3F:36:A5,SCKS,-0.023438,1.019532,-0.015625,15.68,0.0,64.959999,0.074752,0.74752,-0.242944,281,550,513,1.0199210653246653
2024-04-25 14:16:58.828000+00:00,2024-04-25 14:15:30+00:00,2024-04-25 14:17:30+00:00,TABUENCA01-45,Sensoria-C1-E90A,Left,Gait,1.0.5,40.3878707,-3.629144,F0:75:B1:51:59:F6,SCKS,-0.5625,3.374998,-0.125,-33.599998,80.639999,422.23999,0.476544,0.579328,-0.28032,698,535,686,3.4238345097279455
2024-04-25 14:16:58.836000+00:00,2024-04-25 14:15:30+00:00,2024-04-25 14:17:30+00:00,TABUENCA01-45,Sensoria-C1-EEA1,Right,Gait,1.0.5,40.3878707,-3.629144,CB:AA:BC:3F:36:A5,SCKS,0.003906,1.082032,-0.0625,11.2,-1.12,71.68,0.084096,0.756864,-0.2336,262,530,544,1.0838425881372258
2024-04-25 14:16:58.852000+00:00,2024-04-25 14:15:30+00:00,2024-04-25 14:17:30+00:00,TABUENCA01-45,Sensoria-C1-EEA1,Right,Gait,1.0.5,40.3878707,-3.629144,CB:AA:BC:3F:36:A5,SCKS,-0.007813,1.070313,0.046875,4.48,2.24,78.400002,0.09344,0.756864,-0.224256,243,510,582,1.0713674563673288
2024-04-25 14:16:58.860000+00:00,2024-04-25 14:15:30+00:00,2024-04-25 14:17:30+00:00,TABUENCA01-45,Sensoria-C1-E90A,Left,Gait,1.0.5,40.3878707,-3.629144,F0:75:B1:51:59:F6,SCKS,-1.937499,2.218749,-1.406249,13.440001,135.520004,294.559998,0.495232,0.51392,-0.299008,696,534,689,3.2640903403556405
2024-04-25 14:16:58.868000+00:00,2024-04-25 14:15:30+00:00,2024-04-25 14:17:30+00:00,TABUENCA01-45,Sensoria-C1-EEA1,Right,Gait,1.0.5,40.3878707,-3.629144,CB:AA:BC:3F:36:A5,SCKS,-0.097656,1.128907,0.011719,3.36,-3.36,88.480003,0.09344,0.756864,-0.224256,227,487,619,1.1331835879265109
2024-04-25 14:16:58.892000+00:00,2024-04-25 14:15:30+00:00,2024-04-25 14:17:30+00:00,TABUENCA01-45,Sensoria-C1-E90A,Left,Gait,1.0.5,40.3878707,-3.629144,F0:75:B1:51:59:F6,SCKS,-3.812498,1.312499,-0.59375,10.08,-73.919998,97.440002,0.51392,0.476544,-0.32704,694,535,693,4.07557771211702
2024-04-25 14:16:58.901000+00:00,2024-04-25 14:15:30+00:00,2024-04-25 14:17:30+00:00,TABUENCA01-45,Sensoria-C1-EEA1,Right,Gait,1.0.5,40.3878707,-3.629144,CB:AA:BC:3F:36:A5,SCKS,-0.085938,1.26172,0.097656,-4.48,-16.799999,113.120003,0.130816,0.775552,-0.2336,205,459,660,1.26840821212258
2024-04-25 14:16:58.917000+00:00,2024-04-25 14:15:30+00:00,2024-04-25 14:17:30+00:00,TABUENCA01-45,Sensoria-C1-EEA1,Right,Gait,1.0.5,40.3878707,-3.629144,CB:AA:BC:3F:36:A5,SCKS,-0.089844,1.371095,0.003906,-6.72,-28.0,127.68,0.130816,0.775552,-0.2336,199,445,678,1.374041011104472
2024-04-25 14:16:58.925000+00:00,2024-04-25 14:15:30+00:00,2024-04-25 14:17:30+00:00,TABUENCA01-45,Sensoria-C1-E90A,Left,Gait,1.0.5,40.3878707,-3.629144,F0:75:B1:51:59:F6,SCKS,-0.59375,3.218748,-0.3125,23.52,-19.040001,-126.559998,0.51392,0.485888,-0.299008,690,533,696,3.287937651477595
2024-04-25 14:16:58.933000+00:00,2024-04-25 14:15:30+00:00,2024-04-25 14:17:30+00:00,TABUENCA01-45,Sensoria-C1-EEA1,Right,Gait,1.0.5,40.3878707,-3.629144,CB:AA:BC:3F:36:A5,SCKS,-0.132813,1.468751,-0.183594,-13.440001,-22.4,142.240005,0.14016,0.784896,-0.2336,188,437,691,1.4861277030612141
2024-04-25 14:16:58.950000+00:00,2024-04-25 14:15:30+00:00,2024-04-25 14:17:30+00:00,TABUENCA01-45,Sensoria-C1-EEA1,Right,Gait,1.0.5,40.3878707,-3.629144,CB:AA:BC:3F:36:A5,SCKS,-0.261719,1.679689,-0.042969,-22.4,-2.24,160.160004,0.168192,0.79424,-0.242944,185,439,698,1.7004994285923767
2024-04-25 14:16:58.957000+00:00,2024-04-25 14:15:30+00:00,2024-04-25 14:17:30+00:00,TABUENCA01-45,Sensoria-C1-E90A,Left,Gait,1.0.5,40.3878707,-3.629144,F0:75:B1:51:59:F6,SCKS,1.812499,0.5,0.78125,52.639999,116.480003,-134.399994,0.504576,0.51392,-0.308352,697,536,671,2.0360511259546015
2024-04-25 14:16:58.982000+00:00,2024-04-25 14:15:30+00:00,2024-04-25 14:17:30+00:00,TABUENCA01-45,Sensoria-C1-EEA1,Right,Gait,1.0.5,40.3878707,-3.629144,CB:AA:BC:3F:36:A5,SCKS,-0.503907,1.945314,0.175781,-31.360001,24.639999,181.440002,0.196224,0.79424,-0.261632,186,451,700,2.0171930455972724
2024-04-25 14:16:58.990000+00:00,2024-04-25 14:15:30+00:00,2024-04-25 14:17:30+00:00,TABUENCA01-45,Sensoria-C1-E90A,Left,Gait,1.0.5,40.3878707,-3.629144,F0:75:B1:51:59:F6,SCKS,-0.5625,1.624999,0.0625,87.360001,92.959999,-218.399994,0.476544,0.551296,-0.336384,697,539,595,1.7207365428795312
2024-04-25 14:16:58.999000+00:00,2024-04-25 14:15:30+00:00,2024-04-25 14:17:30+00:00,TABUENCA01-45,Sensoria-C1-EEA1,Right,Gait,1.0.5,40.3878707,-3.629144,CB:AA:BC:3F:36:A5,SCKS,-1.015626,1.996095,0.46875,-50.400002,60.48,207.199997,0.242944,0.803584,-0.252288,198,469,699,2.2881472818420145
2024-04-25 14:16:59.015000+00:00,2024-04-25 14:15:30+00:00,2024-04-25 14:17:30+00:00,TABUENCA01-45,Sensoria-C1-EEA1,Right,Gait,1.0.5,40.3878707,-3.629144,CB:AA:BC:3F:36:A5,SCKS,-0.703125,1.996095,0.335938,-56.0,57.119999,240.800003,0.242944,0.803584,-0.252288,224,501,699,2.142809920290178
2024-04-25 14:16:59.022000+00:00,2024-04-25 14:15:30+00:00,2024-04-25 14:17:30+00:00,TABUENCA01-45,Sensoria-C1-E90A,Left,Gait,1.0.5,40.3878707,-3.629144,F0:75:B1:51:59:F6,SCKS,-0.999999,2.093749,0.0625,87.360001,15.68,-185.919998,0.457856,0.588672,-0.32704,696,546,429,2.3211396177313417
2024-04-25 14:16:59.047000+00:00,2024-04-25 14:15:30+00:00,2024-04-25 14:17:30+00:00,TABUENCA01-45,Sensoria-C1-EEA1,Right,Gait,1.0.5,40.3878707,-3.629144,CB:AA:BC:3F:36:A5,SCKS,-0.644532,1.996095,-0.527344,-23.52,-4.48,276.640015,0.289664,0.803584,-0.261632,272,554,697,2.1628472998307116
2024-04-25 14:16:59.055000+00:00,2024-04-25 14:15:30+00:00,2024-04-25 14:17:30+00:00,TABUENCA01-45,Sensoria-C1-E90A,Left,Gait,1.0.5,40.3878707,-3.629144,F0:75:B1:51:59:F6,SCKS,-0.03125,0.875,-0.34375,84.0,-25.76,-144.479996,0.42048,0.65408,-0.308352,684,547,369,0.9406198089557757
2024-04-25 14:16:59.064000+00:00,2024-04-25 14:15:30+00:00,2024-04-25 14:17:30+00:00,TABUENCA01-45,Sensoria-C1-EEA1,Right,Gait,1.0.5,40.3878707,-3.629144,CB:AA:BC:3F:36:A5,SCKS,-0.511719,1.996095,-0.65625,-5.6,-81.760002,325.920013,0.336384,0.803584,-0.252288,335,613,696,2.1626177763271066
2024-04-25 14:16:59.080000+00:00,2024-04-25 14:15:30+00:00,2024-04-25 14:17:30+00:00,TABUENCA01-45,Sensoria-C1-EEA1,Right,Gait,1.0.5,40.3878707,-3.629144,CB:AA:BC:3F:36:A5,SCKS,-0.242188,0.613282,-0.726563,30.24,-49.279999,252.0,0.383104,0.803584,-0.261632,400,660,697,0.9811542344794727
2024-04-25 14:16:59.096000+00:00,2024-04-25 14:15:30+00:00,2024-04-25 14:17:30+00:00,TABUENCA01-45,Sensoria-C1-EEA1,Right,Gait,1.0.5,40.3878707,-3.629144,CB:AA:BC:3F:36:A5,SCKS,1.019532,-0.058594,-1.042969,22.4,54.880001,160.160004,0.42048,0.784896,-0.252288,443,684,695,1.4596791054272855
2024-04-25 14:16:59.103000+00:00,2024-04-25 14:15:30+00:00,2024-04-25 14:17:30+00:00,TABUENCA01-45,Sensoria-C1-E90A,Left,Gait,1.0.5,40.3878707,-3.629144,F0:75:B1:51:59:F6,SCKS,0.0625,0.968749,-0.25,32.48,-56.0,-76.160004,0.401792,0.663424,-0.299008,663,533,338,1.002437466878109
2024-04-25 14:16:59.119000+00:00,2024-04-25 14:15:30+00:00,2024-04-25 14:17:30+00:00,TABUENCA01-45,Sensoria-C1-E90A,Left,Gait,1.0.5,40.3878707,-3.629144,F0:75:B1:51:59:F6,SCKS,0.125,0.999999,-0.0625,10.08,-45.920002,-26.880001,0.401792,0.663424,-0.299008,645,514,325,1.009717410962592
2024-04-25 14:16:59.128000+00:00,2024-04-25 14:15:30+00:00,2024-04-25 14:17:30+00:00,TABUENCA01-45,Sensoria-C1-EEA1,Right,Gait,1.0.5,40.3878707,-3.629144,CB:AA:BC:3F:36:A5,SCKS,-1.164063,0.476563,-0.660157,16.799999,232.960007,29.120001,0.42048,0.784896,-0.252288,465,696,694,1.420549972928443
2024-04-25 14:16:59.129000+00:00,2024-04-25 14:15:30+00:00,2024-04-25 14:17:30+00:00,TABUENCA01-45,Sensoria-C1-EEA1,Right,Gait,1.0.5,40.3878707,-3.629144,CB:AA:BC:3F:36:A5,SCKS,-1.394532,0.199219,-0.214844,-21.280001,202.720001,-61.599998,0.429824,0.79424,-0.242944,476,704,690,1.4249791764517123
2024-04-25 14:16:59.136000+00:00,2024-04-25 14:15:30+00:00,2024-04-25 14:17:30+00:00,TABUENCA01-45,Sensoria-C1-E90A,Left,Gait,1.0.5,40.3878707,-3.629144,F0:75:B1:51:59:F6,SCKS,0.1875,0.999999,-0.1875,4.48,-33.599998,-16.799999,0.392448,0.672768,-0.289664,633,500,328,1.0345581182326105
2024-04-25 14:16:59.161000+00:00,2024-04-25 14:15:30+00:00,2024-04-25 14:17:30+00:00,TABUENCA01-45,Sensoria-C1-EEA1,Right,Gait,1.0.5,40.3878707,-3.629144,CB:AA:BC:3F:36:A5,SCKS,-0.738282,-0.167969,0.066406,-12.32,125.440002,-87.360001,0.42048,0.79424,-0.270976,478,709,691,0.7600550330870786
2024-04-25 14:16:59.168000+00:00,2024-04-25 14:15:30+00:00,2024-04-25 14:17:30+00:00,TABUENCA01-45,Sensoria-C1-E90A,Left,Gait,1.0.5,40.3878707,-3.629144,F0:75:B1:51:59:F6,SCKS,0.15625,0.968749,-0.125,-2.24,-33.599998,-15.68,0.392448,0.672768,-0.28032,620,490,346,0.9891985076318099
2024-04-25 14:16:59.193000+00:00,2024-04-25 14:15:30+00:00,2024-04-25 14:17:30+00:00,TABUENCA01-45,Sensoria-C1-EEA1,Right,Gait,1.0.5,40.3878707,-3.629144,CB:AA:BC:3F:36:A5,SCKS,-0.492188,-0.042969,0.019531,39.200001,60.48,-135.520004,0.411136,0.803584,-0.270976,480,711,688,0.4944459750731115
2024-04-25 14:16:59.194000+00:00,2024-04-25 14:15:30+00:00,2024-04-25 14:17:30+00:00,TABUENCA01-45,Sensoria-C1-EEA1,Right,Gait,1.0.5,40.3878707,-3.629144,CB:AA:BC:3F:36:A5,SCKS,-0.617188,0.140625,-0.039063,58.240002,31.360001,-187.039993,0.37376,0.812928,-0.261632,480,709,688,0.6342100093328707
2024-04-25 14:16:59.201000+00:00,2024-04-25 14:15:30+00:00,2024-04-25 14:17:30+00:00,TABUENCA01-45,Sensoria-C1-E90A,Left,Gait,1.0.5,40.3878707,-3.629144,F0:75:B1:51:59:F6,SCKS,0.15625,0.9375,-0.21875,-1.12,-38.080002,-19.040001,0.383104,0.682112,-0.270976,611,480,379,0.9752804083954522
2024-04-25 14:16:59.209000+00:00,2024-04-25 14:15:30+00:00,2024-04-25 14:17:30+00:00,TABUENCA01-45,Sensoria-C1-EEA1,Right,Gait,1.0.5,40.3878707,-3.629144,CB:AA:BC:3F:36:A5,SCKS,-0.625,0.339844,-0.003906,57.119999,-3.36,-228.479996,0.32704,0.812928,-0.270976,481,710,686,0.7114310937624247
2024-04-25 14:16:59.233000+00:00,2024-04-25 14:15:30+00:00,2024-04-25 14:17:30+00:00,TABUENCA01-45,Sensoria-C1-E90A,Left,Gait,1.0.5,40.3878707,-3.629144,F0:75:B1:51:59:F6,SCKS,0.09375,0.9375,-0.21875,-2.24,-47.040001,-19.040001,0.383104,0.682112,-0.28032,602,470,417,0.967236721283885
2024-04-25 14:16:59.242000+00:00,2024-04-25 14:15:30+00:00,2024-04-25 14:17:30+00:00,TABUENCA01-45,Sensoria-C1-EEA1,Right,Gait,1.0.5,40.3878707,-3.629144,CB:AA:BC:3F:36:A5,SCKS,-0.535157,0.445313,0.046875,59.360001,-40.32,-267.679993,0.32704,0.812928,-0.270976,482,708,685,0.6977778645407147
2024-04-25 14:16:59.258000+00:00,2024-04-25 14:15:30+00:00,2024-04-25 14:17:30+00:00,TABUENCA01-45,Sensoria-C1-EEA1,Right,Gait,1.0.5,40.3878707,-3.629144,CB:AA:BC:3F:36:A5,SCKS,-0.507813,0.664063,0.035156,62.720001,-64.959999,-302.399994,0.28032,0.803584,-0.242944,479,708,686,0.8367136040928222
2024-04-25 14:16:59.267000+00:00,2024-04-25 14:15:30+00:00,2024-04-25 14:17:30+00:00,TABUENCA01-45,Sensoria-C1-E90A,Left,Gait,1.0.5,40.3878707,-3.629144,F0:75:B1:51:59:F6,SCKS,0.125,0.9375,-0.15625,-1.12,-49.279999,-13.440001,0.383104,0.691456,-0.261632,590,453,451,0.9586163531361229
2024-04-25 14:16:59.275000+00:00,2024-04-25 14:15:30+00:00,2024-04-25 14:17:30+00:00,TABUENCA01-45,Sensoria-C1-EEA1,Right,Gait,1.0.5,40.3878707,-3.629144,CB:AA:BC:3F:36:A5,SCKS,-0.476563,0.941407,-0.011719,59.360001,-76.160004,-332.640015,0.224256,0.79424,-0.242944,482,705,686,1.0552235628429647
2024-04-25 14:16:59.314000+00:00,2024-04-25 14:15:30+00:00,2024-04-25 14:17:30+00:00,TABUENCA01-45,Sensoria-C1-E90A,Left,Gait,1.0.5,40.3878707,-3.629144,F0:75:B1:51:59:F6,SCKS,0.09375,0.9375,-0.1875,2.24,-42.560001,-30.24,0.37376,0.691456,-0.252288,567,424,493,0.9606516343087124
2024-04-25 14:16:59.323000+00:00,2024-04-25 14:15:30+00:00,2024-04-25 14:17:30+00:00,TABUENCA01-45,Sensoria-C1-EEA1,Right,Gait,1.0.5,40.3878707,-3.629144,CB:AA:BC:3F:36:A5,SCKS,-0.441407,1.691407,0.03125,28.0,-50.400002,-383.040009,0.158848,0.784896,-0.2336,480,704,684,1.748334733910529
2024-04-25 14:16:59.331000+00:00,2024-04-25 14:15:30+00:00,2024-04-25 14:17:30+00:00,TABUENCA01-45,Sensoria-C1-E90A,Left,Gait,1.0.5,40.3878707,-3.629144,F0:75:B1:51:59:F6,SCKS,0.09375,0.9375,-0.15625,5.6,-35.84,-40.32,0.364416,0.7008,-0.252288,546,396,515,0.9550441743710079
2024-04-25 14:16:59.339000+00:00,2024-04-25 14:15:30+00:00,2024-04-25 14:17:30+00:00,TABUENCA01-45,Sensoria-C1-EEA1,Right,Gait,1.0.5,40.3878707,-3.629144,CB:AA:BC:3F:36:A5,SCKS,-0.46875,1.996095,0.113281,4.48,-5.6,-389.76001,0.09344,0.74752,-0.252288,480,703,685,2.0535224363239863
2024-04-25 14:16:59.356000+00:00,2024-04-25 14:15:30+00:00,2024-04-25 14:17:30+00:00,TABUENCA01-45,Sensoria-C1-EEA1,Right,Gait,1.0.5,40.3878707,-3.629144,CB:AA:BC:3F:36:A5,SCKS,-0.199219,1.996095,0.160156,28.0,-26.880001,-392.0,0.037376,0.719488,-0.242944,479,704,683,2.0123949421825724
2024-04-25 14:16:59.364000+00:00,2024-04-25 14:15:30+00:00,2024-04-25 14:17:30+00:00,TABUENCA01-45,Sensoria-C1-E90A,Left,Gait,1.0.5,40.3878707,-3.629144,F0:75:B1:51:59:F6,SCKS,0.03125,0.968749,-0.15625,5.6,-31.360001,-45.920002,0.355072,0.710144,-0.2336,520,367,536,0.9817663927844545
2024-04-25 14:16:59.372000+00:00,2024-04-25 14:15:30+00:00,2024-04-25 14:17:30+00:00,TABUENCA01-45,Sensoria-C1-EEA1,Right,Gait,1.0.5,40.3878707,-3.629144,CB:AA:BC:3F:36:A5,SCKS,0.589844,1.996095,0.144531,49.279999,-58.240002,-399.839996,-0.009344,0.663424,-0.2336,479,702,683,2.0864324583657146
2024-04-25 14:16:59.389000+00:00,2024-04-25 14:15:30+00:00,2024-04-25 14:17:30+00:00,TABUENCA01-45,Sensoria-C1-EEA1,Right,Gait,1.0.5,40.3878707,-3.629144,CB:AA:BC:3F:36:A5,SCKS,1.332032,1.996095,-0.042969,24.639999,-42.560001,-397.600006,-0.056064,0.598016,-0.242944,479,703,684,2.4001147541336434
2024-04-25 14:16:59.396000+00:00,2024-04-25 14:15:30+00:00,2024-04-25 14:17:30+00:00,TABUENCA01-45,Sensoria-C1-E90A,Left,Gait,1.0.5,40.3878707,-3.629144,F0:75:B1:51:59:F6,SCKS,0.0625,1.031249,-0.1875,2.24,-34.720001,-52.639999,0.345728,0.719488,-0.242944,488,334,566,1.0500176189002737
2024-04-25 14:16:59.421000+00:00,2024-04-25 14:15:30+00:00,2024-04-25 14:17:30+00:00,TABUENCA01-45,Sensoria-C1-EEA1,Right,Gait,1.0.5,40.3878707,-3.629144,CB:AA:BC:3F:36:A5,SCKS,1.996095,1.996095,-0.742188,30.24,-8.96,-333.76001,-0.056064,0.598016,-0.242944,477,704,685,2.918841127124599
2024-04-25 14:16:59.429000+00:00,2024-04-25 14:15:30+00:00,2024-04-25 14:17:30+00:00,TABUENCA01-45,Sensoria-C1-E90A,Left,Gait,1.0.5,40.3878707,-3.629144,F0:75:B1:51:59:F6,SCKS,0.09375,1.093749,-0.21875,-4.48,-36.959999,-71.68,0.317696,0.728832,-0.2336,456,303,606,1.1193424409004602
2024-04-25 14:16:59.437000+00:00,2024-04-25 14:15:30+00:00,2024-04-25 14:17:30+00:00,TABUENCA01-45,Sensoria-C1-EEA1,Right,Gait,1.0.5,40.3878707,-3.629144,CB:AA:BC:3F:36:A5,SCKS,1.996095,1.371095,0.21875,60.48,28.0,-173.600006,-0.074752,0.56064,-0.2336,477,705,687,2.4314909645215628
2024-04-25 14:16:59.453000+00:00,2024-04-25 14:15:30+00:00,2024-04-25 14:17:30+00:00,TABUENCA01-45,Sensoria-C1-EEA1,Right,Gait,1.0.5,40.3878707,-3.629144,CB:AA:BC:3F:36:A5,SCKS,1.996095,1.957033,0.683594,45.920002,75.040001,-64.959999,-0.084096,0.541952,-0.224256,477,706,693,2.877789806248886
2024-04-25 14:16:59.461000+00:00,2024-04-25 14:15:30+00:00,2024-04-25 14:17:30+00:00,TABUENCA01-45,Sensoria-C1-E90A,Left,Gait,1.0.5,40.3878707,-3.629144,F0:75:B1:51:59:F6,SCKS,0.0625,1.187499,-0.03125,-5.6,-35.84,-95.199997,0.308352,0.738176,-0.242944,424,273,645,1.1895531461439628
2024-04-25 14:16:59.470000+00:00,2024-04-25 14:15:30+00:00,2024-04-25 14:17:30+00:00,TABUENCA01-45,Sensoria-C1-EEA1,Right,Gait,1.0.5,40.3878707,-3.629144,CB:AA:BC:3F:36:A5,SCKS,1.339845,1.996095,0.949219,-2.24,-101.919998,137.759995,-0.084096,0.541952,-0.205568,477,705,694,2.584685006535806
2024-04-25 14:16:59.477000+00:00,2024-04-25 14:15:30+00:00,2024-04-25 14:17:30+00:00,TABUENCA01-45,Sensoria-C1-E90A,Left,Gait,1.0.5,40.3878707,-3.629144,F0:75:B1:51:59:F6,SCKS,0.21875,1.406249,-0.25,4.48,-17.92,-119.840004,0.28032,0.756864,-0.2336,402,257,668,1.4449525294974226
2024-04-25 14:16:59.502000+00:00,2024-04-25 14:15:30+00:00,2024-04-25 14:17:30+00:00,TABUENCA01-45,Sensoria-C1-EEA1,Right,Gait,1.0.5,40.3878707,-3.629144,CB:AA:BC:3F:36:A5,SCKS,-2.000001,0.519532,1.13672,42.560001,-145.600006,81.760002,-0.084096,0.56064,-0.242944,479,706,677,2.3583998510483757
2024-04-25 14:16:59.510000+00:00,2024-04-25 14:15:30+00:00,2024-04-25 14:17:30+00:00,TABUENCA01-45,Sensoria-C1-E90A,Left,Gait,1.0.5,40.3878707,-3.629144,F0:75:B1:51:59:F6,SCKS,0.28125,1.593749,-0.1875,0.0,-22.4,-146.720001,0.261632,0.766208,-0.2336,396,263,679,1.6292003214770736
2024-04-25 14:16:59.519000+00:00,2024-04-25 14:15:30+00:00,2024-04-25 14:17:30+00:00,TABUENCA01-45,Sensoria-C1-EEA1,Right,Gait,1.0.5,40.3878707,-3.629144,CB:AA:BC:3F:36:A5,SCKS,1.121095,1.277345,0.839844,66.080002,-237.440002,250.880005,-0.074752,0.598016,-0.28032,490,706,644,1.8957326268189827
2024-04-25 14:16:59.534000+00:00,2024-04-25 14:15:30+00:00,2024-04-25 14:17:30+00:00,TABUENCA01-45,Sensoria-C1-EEA1,Right,Gait,1.0.5,40.3878707,-3.629144,CB:AA:BC:3F:36:A5,SCKS,0.722657,1.996095,0.214844,51.52,-88.480003,226.240005,-0.074752,0.598016,-0.28032,498,713,581,2.1337259273416533
2024-04-25 14:16:59.542000+00:00,2024-04-25 14:15:30+00:00,2024-04-25 14:17:30+00:00,TABUENCA01-45,Sensoria-C1-E90A,Left,Gait,1.0.5,40.3878707,-3.629144,F0:75:B1:51:59:F6,SCKS,0.78125,2.281249,-0.0625,-13.440001,-24.639999,-194.880005,0.224256,0.775552,-0.224256,438,317,682,2.4121266161835284
2024-04-25 14:16:59.551000+00:00,2024-04-25 14:15:30+00:00,2024-04-25 14:17:30+00:00,TABUENCA01-45,Sensoria-C1-EEA1,Right,Gait,1.0.5,40.3878707,-3.629144,CB:AA:BC:3F:36:A5,SCKS,0.195313,1.507814,-0.320313,43.68,45.920002,211.680008,-0.056064,0.635392,-0.289664,501,715,501,1.5537859069170372
2024-04-25 14:16:59.575000+00:00,2024-04-25 14:15:30+00:00,2024-04-25 14:17:30+00:00,TABUENCA01-45,Sensoria-C1-E90A,Left,Gait,1.0.5,40.3878707,-3.629144,F0:75:B1:51:59:F6,SCKS,0.999999,1.999999,-0.25,-44.799999,-76.160004,-204.960007,0.149504,0.803584,-0.224256,508,374,681,2.249998666666716
2024-04-25 14:16:59.584000+00:00,2024-04-25 14:15:30+00:00,2024-04-25 14:17:30+00:00,TABUENCA01-45,Sensoria-C1-EEA1,Right,Gait,1.0.5,40.3878707,-3.629144,CB:AA:BC:3F:36:A5,SCKS,0.253906,1.359376,-0.234375,28.0,24.639999,184.800003,-0.037376,0.65408,-0.270976,503,714,439,1.4026057916738401
2024-04-25 14:16:59.600000+00:00,2024-04-25 14:15:30+00:00,2024-04-25 14:17:30+00:00,TABUENCA01-45,Sensoria-C1-EEA1,Right,Gait,1.0.5,40.3878707,-3.629144,CB:AA:BC:3F:36:A5,SCKS,-0.1875,0.765626,-0.246094,8.96,31.360001,152.320007,-0.028032,0.682112,-0.252288,497,718,401,0.8257733821769747
2024-04-25 14:16:59.607000+00:00,2024-04-25 14:15:30+00:00,2024-04-25 14:17:30+00:00,TABUENCA01-45,Sensoria-C1-E90A,Left,Gait,1.0.5,40.3878707,-3.629144,F0:75:B1:51:59:F6,SCKS,0.65625,2.187499,-0.8125,-25.76,-105.279999,-252.0,0.112128,0.803584,-0.242944,565,435,689,2.4240404673810625
2024-04-25 14:16:59.616000+00:00,2024-04-25 14:15:30+00:00,2024-04-25 14:17:30+00:00,TABUENCA01-45,Sensoria-C1-EEA1,Right,Gait,1.0.5,40.3878707,-3.629144,CB:AA:BC:3F:36:A5,SCKS,0.21875,0.992188,0.117188,-6.72,17.92,124.32,-0.009344,0.7008,-0.261632,484,719,373,1.02275198224594
2024-04-25 14:16:59.632000+00:00,2024-04-25 14:15:30+00:00,2024-04-25 14:17:30+00:00,TABUENCA01-45,Sensoria-C1-EEA1,Right,Gait,1.0.5,40.3878707,-3.629144,CB:AA:BC:3F:36:A5,SCKS,-0.128906,0.964844,-0.082031,-4.48,20.16,97.440002,-0.009344,0.7008,-0.261632,472,720,359,0.9768673329234631
2024-04-25 14:16:59.640000+00:00,2024-04-25 14:15:30+00:00,2024-04-25 14:17:30+00:00,TABUENCA01-45,Sensoria-C1-E90A,Left,Gait,1.0.5,40.3878707,-3.629144,F0:75:B1:51:59:F6,SCKS,0.875,0.78125,-0.375,21.280001,1.12,-222.880005,0.018688,0.79424,-0.242944,653,521,694,1.231503780952377
2024-04-25 14:16:59.649000+00:00,2024-04-25 14:15:30+00:00,2024-04-25 14:17:30+00:00,TABUENCA01-45,Sensoria-C1-EEA1,Right,Gait,1.0.5,40.3878707,-3.629144,CB:AA:BC:3F:36:A5,SCKS,-0.148438,0.964844,-0.046875,-12.32,21.280001,84.0,0.0,0.7008,-0.252288,462,713,348,0.9773203414464472
2024-04-25 14:16:59.672000+00:00,2024-04-25 14:15:30+00:00,2024-04-25 14:17:30+00:00,TABUENCA01-45,Sensoria-C1-E90A,Left,Gait,1.0.5,40.3878707,-3.629144,F0:75:B1:51:59:F6,SCKS,-0.84375,0.40625,-0.5,30.24,-67.199997,-136.639999,-0.009344,0.79424,-0.242944,684,534,694,1.0615804844664394
2024-04-25 14:16:59.681000+00:00,2024-04-25 14:15:30+00:00,2024-04-25 14:17:30+00:00,TABUENCA01-45,Sensoria-C1-EEA1,Right,Gait,1.0.5,40.3878707,-3.629144,CB:AA:BC:3F:36:A5,SCKS,-0.039063,1.003907,0.054688,-6.72,7.84,63.84,0.009344,0.710144,-0.252288,452,701,344,1.006154043853127
2024-04-25 14:16:59.697000+00:00,2024-04-25 14:15:30+00:00,2024-04-25 14:17:30+00:00,TABUENCA01-45,Sensoria-C1-EEA1,Right,Gait,1.0.5,40.3878707,-3.629144,CB:AA:BC:3F:36:A5,SCKS,-0.113281,0.992188,0.03125,2.24,4.48,48.16,0.018688,0.719488,-0.261632,443,692,342,0.9991227025771159
2024-04-25 14:16:59.705000+00:00,2024-04-25 14:15:30+00:00,2024-04-25 14:17:30+00:00,TABUENCA01-45,Sensoria-C1-E90A,Left,Gait,1.0.5,40.3878707,-3.629144,F0:75:B1:51:59:F6,SCKS,0.9375,0.28125,-0.25,-5.6,-64.959999,80.639999,-0.009344,0.79424,-0.252288,695,538,692,1.0102018672027884
2024-04-25 14:16:59.714000+00:00,2024-04-25 14:15:30+00:00,2024-04-25 14:17:30+00:00,TABUENCA01-45,Sensoria-C1-EEA1,Right,Gait,1.0.5,40.3878707,-3.629144,CB:AA:BC:3F:36:A5,SCKS,-0.121094,0.992188,-0.023438,0.0,7.84,41.439999,0.028032,0.719488,-0.252288,434,682,345,0.9998250467076727
2024-04-25 14:16:59.730000+00:00,2024-04-25 14:15:30+00:00,2024-04-25 14:17:30+00:00,TABUENCA01-45,Sensoria-C1-EEA1,Right,Gait,1.0.5,40.3878707,-3.629144,CB:AA:BC:3F:36:A5,SCKS,-0.132813,0.988282,-0.015625,-2.24,6.72,39.200001,0.028032,0.719488,-0.252288,426,675,352,0.9972886969769587
2024-04-25 14:16:59.737000+00:00,2024-04-25 14:15:30+00:00,2024-04-25 14:17:30+00:00,TABUENCA01-45,Sensoria-C1-E90A,Left,Gait,1.0.5,40.3878707,-3.629144,F0:75:B1:51:59:F6,SCKS,0.5625,-0.0625,-0.0625,0.0,47.040001,152.320007,0.009344,0.803584,-0.242944,701,537,691,0.5694020986965187
2024-04-25 14:16:59.762000+00:00,2024-04-25 14:15:30+00:00,2024-04-25 14:17:30+00:00,TABUENCA01-45,Sensoria-C1-EEA1,Right,Gait,1.0.5,40.3878707,-3.629144,CB:AA:BC:3F:36:A5,SCKS,-0.101563,0.992188,-0.105469,-2.24,8.96,39.200001,0.028032,0.728832,-0.252288,416,666,362,1.0029335871701575
2024-04-25 14:16:59.770000+00:00,2024-04-25 14:15:30+00:00,2024-04-25 14:17:30+00:00,TABUENCA01-45,Sensoria-C1-E90A,Left,Gait,1.0.5,40.3878707,-3.629144,F0:75:B1:51:59:F6,SCKS,0.3125,0.15625,-0.15625,-6.72,39.200001,216.160004,0.037376,0.803584,-0.2336,702,537,690,0.38273277230987157
2024-04-25 14:16:59.779000+00:00,2024-04-25 14:15:30+00:00,2024-04-25 14:17:30+00:00,TABUENCA01-45,Sensoria-C1-EEA1,Right,Gait,1.0.5,40.3878707,-3.629144,CB:AA:BC:3F:36:A5,SCKS,-0.070313,0.960938,-0.09375,-8.96,21.280001,40.32,0.037376,0.728832,-0.242944,406,659,373,0.9680572402048341
2024-04-25 14:16:59.795000+00:00,2024-04-25 14:15:30+00:00,2024-04-25 14:17:30+00:00,TABUENCA01-45,Sensoria-C1-EEA1,Right,Gait,1.0.5,40.3878707,-3.629144,CB:AA:BC:3F:36:A5,SCKS,-0.066406,0.976563,-0.046875,-11.2,26.880001,33.599998,0.037376,0.728832,-0.242944,395,651,387,0.9799399550125507
2024-04-25 14:16:59.802000+00:00,2024-04-25 14:15:30+00:00,2024-04-25 14:17:30+00:00,TABUENCA01-45,Sensoria-C1-E90A,Left,Gait,1.0.5,40.3878707,-3.629144,F0:75:B1:51:59:F6,SCKS,0.3125,0.46875,-0.25,-8.96,32.48,259.839996,0.130816,0.803584,-0.2336,702,536,690,0.6163463413536256
2024-04-25 14:16:59.811000+00:00,2024-04-25 14:15:30+00:00,2024-04-25 14:17:30+00:00,TABUENCA01-45,Sensoria-C1-EEA1,Right,Gait,1.0.5,40.3878707,-3.629144,CB:AA:BC:3F:36:A5,SCKS,-0.078125,0.988282,-0.019531,-10.08,29.120001,30.24,0.04672,0.738176,-0.242944,384,641,400,0.9915575056999972
2024-04-25 14:16:59.834000+00:00,2024-04-25 14:15:30+00:00,2024-04-25 14:17:30+00:00,TABUENCA01-45,Sensoria-C1-E90A,Left,Gait,1.0.5,40.3878707,-3.629144,F0:75:B1:51:59:F6,SCKS,0.3125,0.75,-0.15625,-21.280001,48.16,308.0,0.18688,0.79424,-0.242944,702,536,686,0.8273876434296079
2024-04-25 14:16:59.844000+00:00,2024-04-25 14:15:30+00:00,2024-04-25 14:17:30+00:00,TABUENCA01-45,Sensoria-C1-EEA1,Right,Gait,1.0.5,40.3878707,-3.629144,CB:AA:BC:3F:36:A5,SCKS,-0.070313,0.992188,-0.050781,-6.72,24.639999,30.24,0.04672,0.738176,-0.242944,371,631,413,0.995971714093327
2024-04-25 14:16:59.852000+00:00,2024-04-25 14:15:30+00:00,2024-04-25 14:17:30+00:00,TABUENCA01-45,Sensoria-C1-E90A,Left,Gait,1.0.5,40.3878707,-3.629144,F0:75:B1:51:59:F6,SCKS,0.3125,1.093749,-0.1875,-20.16,66.080002,360.640015,0.242944,0.766208,-0.261632,701,534,686,1.1528657228840662
2024-04-25 14:16:59.860000+00:00,2024-04-25 14:15:30+00:00,2024-04-25 14:17:30+00:00,TABUENCA01-45,Sensoria-C1-EEA1,Right,Gait,1.0.5,40.3878707,-3.629144,CB:AA:BC:3F:36:A5,SCKS,-0.0625,1.000001,-0.035156,-5.6,26.880001,33.599998,0.04672,0.738176,-0.242944,358,622,429,1.0025687978074123
2024-04-25 14:16:59.876000+00:00,2024-04-25 14:15:30+00:00,2024-04-25 14:17:30+00:00,TABUENCA01-45,Sensoria-C1-EEA1,Right,Gait,1.0.5,40.3878707,-3.629144,CB:AA:BC:3F:36:A5,SCKS,-0.070313,0.972657,-0.023438,-3.36,25.76,39.200001,0.04672,0.728832,-0.242944,339,610,444,0.9754767539321477
2024-04-25 14:16:59.884000+00:00,2024-04-25 14:15:30+00:00,2024-04-25 14:17:30+00:00,TABUENCA01-45,Sensoria-C1-E90A,Left,Gait,1.0.5,40.3878707,-3.629144,F0:75:B1:51:59:F6,SCKS,0.46875,1.812499,-0.25,-20.16,58.240002,400.959991,0.308352,0.738176,-0.261632,700,534,684,1.8887506949041741
2024-04-25 14:16:59.893000+00:00,2024-04-25 14:15:30+00:00,2024-04-25 14:17:30+00:00,TABUENCA01-45,Sensoria-C1-EEA1,Right,Gait,1.0.5,40.3878707,-3.629144,CB:AA:BC:3F:36:A5,SCKS,-0.101563,0.976563,-0.023438,0.0,19.040001,49.279999,0.065408,0.738176,-0.242944,319,597,462,0.982109808413499
2024-04-25 14:16:59.916000+00:00,2024-04-25 14:15:30+00:00,2024-04-25 14:17:30+00:00,TABUENCA01-45,Sensoria-C1-E90A,Left,Gait,1.0.5,40.3878707,-3.629144,F0:75:B1:51:59:F6,SCKS,0.3125,2.687499,-0.21875,-8.96,82.879997,428.959991,0.37376,0.7008,-0.270976,700,533,683,2.714435242826949
2024-04-25 14:16:59.925000+00:00,2024-04-25 14:15:30+00:00,2024-04-25 14:17:30+00:00,TABUENCA01-45,Sensoria-C1-EEA1,Right,Gait,1.0.5,40.3878707,-3.629144,CB:AA:BC:3F:36:A5,SCKS,-0.058594,0.996094,0.003906,5.6,4.48,68.32,0.074752,0.738176,-0.242944,291,576,493,0.9978235167142535
2024-04-25 14:16:59.941000+00:00,2024-04-25 14:15:30+00:00,2024-04-25 14:17:30+00:00,TABUENCA01-45,Sensoria-C1-EEA1,Right,Gait,1.0.5,40.3878707,-3.629144,CB:AA:BC:3F:36:A5,SCKS,-0.035156,1.074219,-0.027344,20.16,-7.84,75.040001,0.074752,0.74752,-0.242944,270,556,520,1.0751418969759294
2024-04-25 14:16:59.948000+00:00,2024-04-25 14:15:30+00:00,2024-04-25 14:17:30+00:00,TABUENCA01-45,Sensoria-C1-E90A,Left,Gait,1.0.5,40.3878707,-3.629144,F0:75:B1:51:59:F6,SCKS,-0.5,3.187498,-0.125,-26.880001,76.160004,431.200012,0.476544,0.569984,-0.289664,699,534,684,3.2288958639144747
2024-04-25 14:16:59.957000+00:00,2024-04-25 14:15:30+00:00,2024-04-25 14:17:30+00:00,TABUENCA01-45,Sensoria-C1-EEA1,Right,Gait,1.0.5,40.3878707,-3.629144,CB:AA:BC:3F:36:A5,SCKS,-0.054688,1.085938,0.027344,17.92,-5.6,82.879997,0.084096,0.756864,-0.242944,250,535,556,1.0876579478512536
2024-04-25 14:16:59.973000+00:00,2024-04-25 14:15:30+00:00,2024-04-25 14:17:30+00:00,TABUENCA01-45,Sensoria-C1-EEA1,Right,Gait,1.0.5,40.3878707,-3.629144,CB:AA:BC:3F:36:A5,SCKS,-0.082031,1.179688,-0.035156,5.6,-5.6,95.199997,0.09344,0.756864,-0.242944,234,509,597,1.1830590883979548
2024-04-25 14:16:59.981000+00:00,2024-04-25 14:15:30+00:00,2024-04-25 14:17:30+00:00,TABUENCA01-45,Sensoria-C1-E90A,Left,Gait,1.0.5,40.3878707,-3.629144,F0:75:B1:51:59:F6,SCKS,-3.562498,1.312499,-0.53125,11.2,72.800003,219.520004,0.495232,0.504576,-0.317696,696,533,688,3.83357172718928
2024-04-25 14:16:59.989000+00:00,2024-04-25 14:15:30+00:00,2024-04-25 14:17:30+00:00,TABUENCA01-45,Sensoria-C1-EEA1,Right,Gait,1.0.5,40.3878707,-3.629144,CB:AA:BC:3F:36:A5,SCKS,-0.109375,1.246095,0.144531,-6.72,-8.96,109.760002,0.09344,0.756864,-0.242944,218,486,632,1.259208024756434
2024-04-25 14:17:00.022000+00:00,2024-04-25 14:15:30+00:00,2024-04-25 14:17:30+00:00,TABUENCA01-45,Sensoria-C1-EEA1,Right,Gait,1.0.5,40.3878707,-3.629144,CB:AA:BC:3F:36:A5,SCKS,-0.121094,1.277345,0.144531,-11.2,-17.92,123.199997,0.121472,0.775552,-0.2336,205,464,659,1.2911867470749536
2024-04-25 14:17:00.038000+00:00,2024-04-25 14:15:30+00:00,2024-04-25 14:17:30+00:00,TABUENCA01-45,Sensoria-C1-EEA1,Right,Gait,1.0.5,40.3878707,-3.629144,CB:AA:BC:3F:36:A5,SCKS,-0.128906,1.441407,-0.085938,-13.440001,-26.880001,136.639999,0.14016,0.775552,-0.2336,193,452,679,1.4497090178132301
2024-04-25 14:17:00.046000+00:00,2024-04-25 14:15:30+00:00,2024-04-25 14:17:30+00:00,TABUENCA01-45,Sensoria-C1-E90A,Left,Gait,1.0.5,40.3878707,-3.629144,F0:75:B1:51:59:F6,SCKS,-0.84375,1.093749,0.03125,8.96,-14.56,-136.639999,0.51392,0.476544,-0.299008,692,533,694,1.3817298940100413
2024-04-25 14:17:00.054000+00:00,2024-04-25 14:15:30+00:00,2024-04-25 14:17:30+00:00,TABUENCA01-45,Sensoria-C1-EEA1,Right,Gait,1.0.5,40.3878707,-3.629144,CB:AA:BC:3F:36:A5,SCKS,-0.125,1.527345,-0.132813,-19.040001,-15.68,153.440002,0.158848,0.784896,-0.2336,188,445,692,1.5381960349688852
2024-04-25 14:17:00.071000+00:00,2024-04-25 14:15:30+00:00,2024-04-25 14:17:30+00:00,TABUENCA01-45,Sensoria-C1-EEA1,Right,Gait,1.0.5,40.3878707,-3.629144,CB:AA:BC:3F:36:A5,SCKS,-0.351563,1.750001,0.003906,-25.76,6.72,171.360001,0.18688,0.79424,-0.242944,185,452,697,1.7849692713898466
2024-04-25 14:17:00.078000+00:00,2024-04-25 14:15:30+00:00,2024-04-25 14:17:30+00:00,TABUENCA01-45,Sensoria-C1-E90A,Left,Gait,1.0.5,40.3878707,-3.629144,F0:75:B1:51:59:F6,SCKS,0.6875,0.9375,0.999999,25.76,114.239998,-169.119995,0.495232,0.523264,-0.317696,696,533,667,1.5334798661870328
2024-04-25 14:17:00.087000+00:00,2024-04-25 14:15:30+00:00,2024-04-25 14:17:30+00:00,TABUENCA01-45,Sensoria-C1-EEA1,Right,Gait,1.0.5,40.3878707,-3.629144,CB:AA:BC:3F:36:A5,SCKS,-0.730469,1.996095,0.34375,-35.84,36.959999,196.0,0.18688,0.79424,-0.242944,194,465,698,2.153170748335115
2024-04-25 14:17:00.111000+00:00,2024-04-25 14:15:30+00:00,2024-04-25 14:17:30+00:00,TABUENCA01-45,Sensoria-C1-E90A,Left,Gait,1.0.5,40.3878707,-3.629144,F0:75:B1:51:59:F6,SCKS,-0.125,1.937499,-0.15625,72.800003,32.48,-201.600006,0.485888,0.569984,-0.32704,697,537,575,1.9478042605716315
2024-04-25 14:17:00.119000+00:00,2024-04-25 14:15:30+00:00,2024-04-25 14:17:30+00:00,TABUENCA01-45,Sensoria-C1-EEA1,Right,Gait,1.0.5,40.3878707,-3.629144,CB:AA:BC:3F:36:A5,SCKS,-1.16797,1.996095,0.21875,-58.240002,53.760002,240.800003,0.2336,0.79424,-0.242944,212,487,697,2.3230154395580325
2024-04-25 14:17:00.136000+00:00,2024-04-25 14:15:30+00:00,2024-04-25 14:17:30+00:00,TABUENCA01-45,Sensoria-C1-EEA1,Right,Gait,1.0.5,40.3878707,-3.629144,CB:AA:BC:3F:36:A5,SCKS,-0.550782,1.996095,-0.277344,-28.0,2.24,277.76001,0.28032,0.803584,-0.252288,250,530,695,2.089180641994607
2024-04-25 14:17:00.143000+00:00,2024-04-25 14:15:30+00:00,2024-04-25 14:17:30+00:00,TABUENCA01-45,Sensoria-C1-E90A,Left,Gait,1.0.5,40.3878707,-3.629144,F0:75:B1:51:59:F6,SCKS,0.15625,0.6875,-0.53125,84.0,-22.4,-175.839996,0.439168,0.626048,-0.317696,695,547,418,0.8827779307390959
2024-04-25 14:17:00.152000+00:00,2024-04-25 14:15:30+00:00,2024-04-25 14:17:30+00:00,TABUENCA01-45,Sensoria-C1-EEA1,Right,Gait,1.0.5,40.3878707,-3.629144,CB:AA:BC:3F:36:A5,SCKS,-0.6875,1.996095,-0.585938,-14.56,-68.32,306.880005,0.32704,0.803584,-0.252288,307,591,693,2.190975773227308
2024-04-25 14:17:00.160000+00:00,2024-04-25 14:15:30+00:00,2024-04-25 14:17:30+00:00,TABUENCA01-45,Sensoria-C1-E90A,Left,Gait,1.0.5,40.3878707,-3.629144,F0:75:B1:51:59:F6,SCKS,-0.09375,1.031249,-0.15625,39.200001,-45.920002,-96.32,0.411136,0.644736,-0.299008,679,547,367,1.047223770261638
2024-04-25 14:17:00.169000+00:00,2024-04-25 14:15:30+00:00,2024-04-25 14:17:30+00:00,TABUENCA01-45,Sensoria-C1-EEA1,Right,Gait,1.0.5,40.3878707,-3.629144,CB:AA:BC:3F:36:A5,SCKS,-0.359375,0.976563,-0.640625,16.799999,-76.160004,299.040009,0.383104,0.803584,-0.261632,373,644,695,1.2219762985504259
2024-04-25 14:17:00.192000+00:00,2024-04-25 14:15:30+00:00,2024-04-25 14:17:30+00:00,TABUENCA01-45,Sensoria-C1-E90A,Left,Gait,1.0.5,40.3878707,-3.629144,F0:75:B1:51:59:F6,SCKS,0.1875,0.968749,-0.21875,17.92,-42.560001,-36.959999,0.411136,0.65408,-0.289664,661,538,334,1.0106841432915628
2024-04-25 14:17:00.201000+00:00,2024-04-25 14:15:30+00:00,2024-04-25 14:17:30+00:00,TABUENCA01-45,Sensoria-C1-EEA1,Right,Gait,1.0.5,40.3878707,-3.629144,CB:AA:BC:3F:36:A5,SCKS,-0.535157,0.058594,-0.601563,28.0,-11.2,200.479996,0.383104,0.803584,-0.261632,428,677,693,0.807282053841159
2024-04-25 14:17:00.217000+00:00,2024-04-25 14:15:30+00:00,2024-04-25 14:17:30+00:00,TABUENCA01-45,Sensoria-C1-EEA1,Right,Gait,1.0.5,40.3878707,-3.629144,CB:AA:BC:3F:36:A5,SCKS,-0.070313,0.941407,-0.789063,23.52,174.720001,119.840004,0.411136,0.784896,-0.252288,456,693,693,1.2303704627416086
2024-04-25 14:17:00.226000+00:00,2024-04-25 14:15:30+00:00,2024-04-25 14:17:30+00:00,TABUENCA01-45,Sensoria-C1-E90A,Left,Gait,1.0.5,40.3878707,-3.629144,F0:75:B1:51:59:F6,SCKS,0.125,0.999999,-0.15625,7.84,-30.24,-17.92,0.401792,0.663424,-0.28032,650,528,323,1.019822073942803
2024-04-25 14:17:00.249000+00:00,2024-04-25 14:15:30+00:00,2024-04-25 14:17:30+00:00,TABUENCA01-45,Sensoria-C1-EEA1,Right,Gait,1.0.5,40.3878707,-3.629144,CB:AA:BC:3F:36:A5,SCKS,-1.464845,0.332031,-0.460938,-20.16,208.320007,-15.68,0.429824,0.79424,-0.261632,470,701,691,1.5711394905704585
2024-04-25 14:17:00.250000+00:00,2024-04-25 14:15:30+00:00,2024-04-25 14:17:30+00:00,TABUENCA01-45,Sensoria-C1-EEA1,Right,Gait,1.0.5,40.3878707,-3.629144,CB:AA:BC:3F:36:A5,SCKS,-0.988282,0.011719,-0.046875,-40.32,143.360001,-61.599998,0.42048,0.79424,-0.270976,475,705,689,0.9894624359267006
2024-04-25 14:17:00.258000+00:00,2024-04-25 14:15:30+00:00,2024-04-25 14:17:30+00:00,TABUENCA01-45,Sensoria-C1-E90A,Left,Gait,1.0.5,40.3878707,-3.629144,F0:75:B1:51:59:F6,SCKS,0.15625,0.968749,-0.15625,-2.24,-32.48,-12.32,0.392448,0.672768,-0.28032,637,518,324,0.9936310935155964
2024-04-25 14:17:00.283000+00:00,2024-04-25 14:15:30+00:00,2024-04-25 14:17:30+00:00,TABUENCA01-45,Sensoria-C1-EEA1,Right,Gait,1.0.5,40.3878707,-3.629144,CB:AA:BC:3F:36:A5,SCKS,-0.507813,-0.15625,0.0,8.96,56.0,-101.919998,0.401792,0.79424,-0.270976,478,708,687,0.531307919637003
2024-04-25 14:17:00.290000+00:00,2024-04-25 14:15:30+00:00,2024-04-25 14:17:30+00:00,TABUENCA01-45,Sensoria-C1-E90A,Left,Gait,1.0.5,40.3878707,-3.629144,F0:75:B1:51:59:F6,SCKS,0.1875,0.968749,-0.15625,-3.36,-24.639999,-11.2,0.392448,0.672768,-0.270976,632,511,343,0.9990219904992081
2024-04-25 14:17:00.315000+00:00,2024-04-25 14:15:30+00:00,2024-04-25 14:17:30+00:00,TABUENCA01-45,Sensoria-C1-EEA1,Right,Gait,1.0.5,40.3878707,-3.629144,CB:AA:BC:3F:36:A5,SCKS,-0.601563,0.226563,-0.109375,43.68,-5.6,-201.600006,0.37376,0.803584,-0.261632,479,708,686,0.6520519354798358
2024-04-25 14:17:00.322000+00:00,2024-04-25 14:15:30+00:00,2024-04-25 14:17:30+00:00,TABUENCA01-45,Sensoria-C1-E90A,Left,Gait,1.0.5,40.3878707,-3.629144,F0:75:B1:51:59:F6,SCKS,0.1875,0.9375,-0.28125,-6.72,-33.599998,-17.92,0.392448,0.682112,-0.270976,623,508,373,0.9965761699438734
2024-04-25 14:17:00.331000+00:00,2024-04-25 14:15:30+00:00,2024-04-25 14:17:30+00:00,TABUENCA01-45,Sensoria-C1-EEA1,Right,Gait,1.0.5,40.3878707,-3.629144,CB:AA:BC:3F:36:A5,SCKS,-0.472657,0.320313,-0.0625,42.560001,-32.48,-239.680008,0.336384,0.803584,-0.261632,482,706,685,0.5743790626563611
2024-04-25 14:17:00.348000+00:00,2024-04-25 14:15:30+00:00,2024-04-25 14:17:30+00:00,TABUENCA01-45,Sensoria-C1-EEA1,Right,Gait,1.0.5,40.3878707,-3.629144,CB:AA:BC:3F:36:A5,SCKS,-0.484375,0.5,-0.082031,45.920002,-53.760002,-277.76001,0.28032,0.812928,-0.242944,481,708,685,0.700962356753913
2024-04-25 14:17:00.355000+00:00,2024-04-25 14:15:30+00:00,2024-04-25 14:17:30+00:00,TABUENCA01-45,Sensoria-C1-E90A,Left,Gait,1.0.5,40.3878707,-3.629144,F0:75:B1:51:59:F6,SCKS,0.125,0.9375,-0.1875,-13.440001,-29.120001,-12.32,0.383104,0.682112,-0.261632,614,498,402,0.9642030387838445
2024-04-25 14:17:00.381000+00:00,2024-04-25 14:15:30+00:00,2024-04-25 14:17:30+00:00,TABUENCA01-45,Sensoria-C1-EEA1,Right,Gait,1.0.5,40.3878707,-3.629144,CB:AA:BC:3F:36:A5,SCKS,-0.5,0.730469,-0.097656,47.040001,-67.199997,-309.119995,0.224256,0.812928,-0.252288,481,706,683,0.8905737781323904
2024-04-25 14:17:00.388000+00:00,2024-04-25 14:15:30+00:00,2024-04-25 14:17:30+00:00,TABUENCA01-45,Sensoria-C1-E90A,Left,Gait,1.0.5,40.3878707,-3.629144,F0:75:B1:51:59:F6,SCKS,0.15625,0.9375,-0.15625,-7.84,-31.360001,-14.56,0.383104,0.691456,-0.28032,602,488,430,0.9631896879639026
2024-04-25 14:17:00.397000+00:00,2024-04-25 14:15:30+00:00,2024-04-25 14:17:30+00:00,TABUENCA01-45,Sensoria-C1-EEA1,Right,Gait,1.0.5,40.3878707,-3.629144,CB:AA:BC:3F:36:A5,SCKS,-0.4375,1.007813,-0.117188,42.560001,-72.800003,-336.0,0.224256,0.812928,-0.252288,481,705,684,1.1049100960317995
2024-04-25 14:17:00.413000+00:00,2024-04-25 14:15:30+00:00,2024-04-25 14:17:30+00:00,TABUENCA01-45,Sensoria-C1-EEA1,Right,Gait,1.0.5,40.3878707,-3.629144,CB:AA:BC:3F:36:A5,SCKS,-0.386719,1.32422,-0.109375,31.360001,-64.959999,-361.76001,0.158848,0.79424,-0.242944,482,703,682,1.3838616563753763
2024-04-25 14:17:00.420000+00:00,2024-04-25 14:15:30+00:00,2024-04-25 14:17:30+00:00,TABUENCA01-45,Sensoria-C1-E90A,Left,Gait,1.0.5,40.3878707,-3.629144,F0:75:B1:51:59:F6,SCKS,0.125,0.9375,-0.15625,-1.12,-38.080002,-28.0,0.392448,0.682112,-0.261632,585,470,455,0.9586163531361229
2024-04-25 14:17:00.429000+00:00,2024-04-25 14:15:30+00:00,2024-04-25 14:17:30+00:00,TABUENCA01-45,Sensoria-C1-EEA1,Right,Gait,1.0.5,40.3878707,-3.629144,CB:AA:BC:3F:36:A5,SCKS,-0.40625,1.816408,-0.03125,15.68,-38.080002,-381.920013,0.102784,0.756864,-0.242944,480,702,681,1.861546036890842
2024-04-25 14:17:00.452000+00:00,2024-04-25 14:15:30+00:00,2024-04-25 14:17:30+00:00,TABUENCA01-45,Sensoria-C1-E90A,Left,Gait,1.0.5,40.3878707,-3.629144,F0:75:B1:51:59:F6,SCKS,0.09375,0.9375,-0.15625,10.08,-43.68,-40.32,0.37376,0.691456,-0.252288,563,445,475,0.9550441743710079
2024-04-25 14:17:00.461000+00:00,2024-04-25 14:15:30+00:00,2024-04-25 14:17:30+00:00,TABUENCA01-45,Sensoria-C1-EEA1,Right,Gait,1.0.5,40.3878707,-3.629144,CB:AA:BC:3F:36:A5,SCKS,-0.492188,1.996095,0.058594,10.08,-12.32,-388.640015,0.04672,0.728832,-0.252288,479,702,679,2.0567152290010884
2024-04-25 14:17:00.477000+00:00,2024-04-25 14:15:30+00:00,2024-04-25 14:17:30+00:00,TABUENCA01-45,Sensoria-C1-EEA1,Right,Gait,1.0.5,40.3878707,-3.629144,CB:AA:BC:3F:36:A5,SCKS,0.003906,1.996095,-0.171875,54.880001,-62.720001,-398.720001,-0.009344,0.682112,-0.242944,480,703,682,2.0034848443364877
2024-04-25 14:17:00.485000+00:00,2024-04-25 14:15:30+00:00,2024-04-25 14:17:30+00:00,TABUENCA01-45,Sensoria-C1-E90A,Left,Gait,1.0.5,40.3878707,-3.629144,F0:75:B1:51:59:F6,SCKS,0.0625,0.968749,-0.1875,19.040001,-51.52,-48.16,0.364416,0.7008,-0.2336,523,399,510,0.9887047714060047
2024-04-25 14:17:00.494000+00:00,2024-04-25 14:15:30+00:00,2024-04-25 14:17:30+00:00,TABUENCA01-45,Sensoria-C1-EEA1,Right,Gait,1.0.5,40.3878707,-3.629144,CB:AA:BC:3F:36:A5,SCKS,0.839844,1.996095,0.019531,47.040001,-54.880001,-403.200012,-0.009344,0.682112,-0.242944,478,702,682,2.1656672536015313
2024-04-25 14:17:00.501000+00:00,2024-04-25 14:15:30+00:00,2024-04-25 14:17:30+00:00,TABUENCA01-45,Sensoria-C1-E90A,Left,Gait,1.0.5,40.3878707,-3.629144,F0:75:B1:51:59:F6,SCKS,0.0625,1.062499,-0.1875,10.08,-53.760002,-60.48,0.345728,0.719488,-0.2336,489,363,543,1.0807250459765425
2024-04-25 14:17:00.510000+00:00,2024-04-25 14:15:30+00:00,2024-04-25 14:17:30+00:00,TABUENCA01-45,Sensoria-C1-EEA1,Right,Gait,1.0.5,40.3878707,-3.629144,CB:AA:BC:3F:36:A5,SCKS,1.996095,1.996095,-0.664063,36.959999,0.0,-347.200012,-0.04672,0.616704,-0.252288,478,704,681,2.899960373180813
2024-04-25 14:17:00.534000+00:00,2024-04-25 14:15:30+00:00,2024-04-25 14:17:30+00:00,TABUENCA01-45,Sensoria-C1-E90A,Left,Gait,1.0.5,40.3878707,-3.629144,F0:75:B1:51:59:F6,SCKS,0.125,1.156249,-0.15625,1.12,-48.16,-84.0,0.32704,0.728832,-0.2336,455,327,595,1.173435474366188
2024-04-25 14:17:00.542000+00:00,2024-04-25 14:15:30+00:00,2024-04-25 14:17:30+00:00,TABUENCA01-45,Sensoria-C1-EEA1,Right,Gait,1.0.5,40.3878707,-3.629144,CB:AA:BC:3F:36:A5,SCKS,1.996095,1.546876,0.050781,54.880001,45.920002,-188.160004,-0.074752,0.569984,-0.242944,479,704,685,2.5258264624399676
2024-04-25 14:17:00.559000+00:00,2024-04-25 14:15:30+00:00,2024-04-25 14:17:30+00:00,TABUENCA01-45,Sensoria-C1-EEA1,Right,Gait,1.0.5,40.3878707,-3.629144,CB:AA:BC:3F:36:A5,SCKS,1.996095,1.847658,0.484375,48.16,108.639999,-75.040001,-0.084096,0.541952,-0.224256,478,704,686,2.762762109667425
2024-04-25 14:17:00.566000+00:00,2024-04-25 14:15:30+00:00,2024-04-25 14:17:30+00:00,TABUENCA01-45,Sensoria-C1-E90A,Left,Gait,1.0.5,40.3878707,-3.629144,F0:75:B1:51:59:F6,SCKS,0.09375,1.218749,0.0,-1.12,-38.080002,-108.639999,0.308352,0.738176,-0.224256,419,298,641,1.2223494539210136
2024-04-25 14:17:00.575000+00:00,2024-04-25 14:15:30+00:00,2024-04-25 14:17:30+00:00,TABUENCA01-45,Sensoria-C1-EEA1,Right,Gait,1.0.5,40.3878707,-3.629144,CB:AA:BC:3F:36:A5,SCKS,1.984376,1.996095,1.074219,-10.08,44.799999,97.440002,-0.074752,0.551296,-0.214912,476,706,692,3.0126549451209974
2024-04-25 14:17:00.591000+00:00,2024-04-25 14:15:30+00:00,2024-04-25 14:17:30+00:00,TABUENCA01-45,Sensoria-C1-EEA1,Right,Gait,1.0.5,40.3878707,-3.629144,CB:AA:BC:3F:36:A5,SCKS,-2.000001,1.308595,-0.199219,3.36,-116.480003,123.199997,-0.074752,0.569984,-0.2336,477,703,686,2.3983563296530814
2024-04-25 14:17:00.598000+00:00,2024-04-25 14:15:30+00:00,2024-04-25 14:17:30+00:00,TABUENCA01-45,Sensoria-C1-E90A,Left,Gait,1.0.5,40.3878707,-3.629144,F0:75:B1:51:59:F6,SCKS,0.21875,1.406249,-0.25,5.6,-29.120001,-131.039993,0.289664,0.74752,-0.224256,392,285,666,1.4449525294974226
2024-04-25 14:17:00.607000+00:00,2024-04-25 14:15:30+00:00,2024-04-25 14:17:30+00:00,TABUENCA01-45,Sensoria-C1-EEA1,Right,Gait,1.0.5,40.3878707,-3.629144,CB:AA:BC:3F:36:A5,SCKS,-1.394532,0.507813,1.796876,49.279999,-219.520004,128.800003,-0.074752,0.569984,-0.2336,483,704,665,2.330527172415932
2024-04-25 14:17:00.631000+00:00,2024-04-25 14:15:30+00:00,2024-04-25 14:17:30+00:00,TABUENCA01-45,Sensoria-C1-E90A,Left,Gait,1.0.5,40.3878707,-3.629144,F0:75:B1:51:59:F6,SCKS,0.375,1.687499,-0.125,10.08,-20.16,-155.680008,0.261632,0.766208,-0.224256,383,298,676,1.733177104337869
2024-04-25 14:17:00.640000+00:00,2024-04-25 14:15:30+00:00,2024-04-25 14:17:30+00:00,TABUENCA01-45,Sensoria-C1-EEA1,Right,Gait,1.0.5,40.3878707,-3.629144,CB:AA:BC:3F:36:A5,SCKS,0.820313,1.531251,0.601563,82.879997,-258.720001,240.800003,-0.084096,0.598016,-0.270976,492,708,618,1.8383473790170888
2024-04-25 14:17:00.656000+00:00,2024-04-25 14:15:30+00:00,2024-04-25 14:17:30+00:00,TABUENCA01-45,Sensoria-C1-EEA1,Right,Gait,1.0.5,40.3878707,-3.629144,CB:AA:BC:3F:36:A5,SCKS,0.765626,1.804689,-0.046875,63.84,-63.84,237.440002,-0.065408,0.635392,-0.289664,500,714,539,1.9609392709163638
2024-04-25 14:17:00.664000+00:00,2024-04-25 14:15:30+00:00,2024-04-25 14:17:30+00:00,TABUENCA01-45,Sensoria-C1-E90A,Left,Gait,1.0.5,40.3878707,-3.629144,F0:75:B1:51:59:F6,SCKS,0.84375,2.249999,-0.09375,-7.84,-24.639999,-192.639999,0.196224,0.784896,-0.224256,426,355,681,2.4048281903289888
2024-04-25 14:17:00.672000+00:00,2024-04-25 14:15:30+00:00,2024-04-25 14:17:30+00:00,TABUENCA01-45,Sensoria-C1-EEA1,Right,Gait,1.0.5,40.3878707,-3.629144,CB:AA:BC:3F:36:A5,SCKS,0.15625,1.406251,-0.476563,54.880001,40.32,203.839996,-0.04672,0.663424,-0.28032,501,713,460,1.4930064401970944
2024-04-25 14:17:00.688000+00:00,2024-04-25 14:15:30+00:00,2024-04-25 14:17:30+00:00,TABUENCA01-45,Sensoria-C1-EEA1,Right,Gait,1.0.5,40.3878707,-3.629144,CB:AA:BC:3F:36:A5,SCKS,0.214844,1.187501,0.027344,6.72,19.040001,184.800003,-0.028032,0.682112,-0.261632,497,715,411,1.2070891697273238
2024-04-25 14:17:00.696000+00:00,2024-04-25 14:15:30+00:00,2024-04-25 14:17:30+00:00,TABUENCA01-45,Sensoria-C1-E90A,Left,Gait,1.0.5,40.3878707,-3.629144,F0:75:B1:51:59:F6,SCKS,0.9375,2.281249,-0.40625,-35.84,-66.080002,-208.320007,0.158848,0.79424,-0.214912,505,414,683,2.499608431835074
2024-04-25 14:17:00.720000+00:00,2024-04-25 14:15:30+00:00,2024-04-25 14:17:30+00:00,TABUENCA01-45,Sensoria-C1-EEA1,Right,Gait,1.0.5,40.3878707,-3.629144,CB:AA:BC:3F:36:A5,SCKS,0.011719,0.808594,-0.214844,23.52,-4.48,126.559998,-0.028032,0.682112,-0.261632,488,721,381,0.8367314599876116
2024-04-25 14:17:00.728000+00:00,2024-04-25 14:15:30+00:00,2024-04-25 14:17:30+00:00,TABUENCA01-45,Sensoria-C1-E90A,Left,Gait,1.0.5,40.3878707,-3.629144,F0:75:B1:51:59:F6,SCKS,0.999999,2.124999,-0.78125,-16.799999,-97.440002,-252.0,0.112128,0.803584,-0.224256,575,473,688,2.475069759118316
2024-04-25 14:17:00.737000+00:00,2024-04-25 14:15:30+00:00,2024-04-25 14:17:30+00:00,TABUENCA01-45,Sensoria-C1-EEA1,Right,Gait,1.0.5,40.3878707,-3.629144,CB:AA:BC:3F:36:A5,SCKS,0.011719,0.968751,0.039063,-6.72,20.16,123.199997,-0.009344,0.7008,-0.28032,478,721,360,0.9696090722198303
2024-04-25 14:17:00.753000+00:00,2024-04-25 14:15:30+00:00,2024-04-25 14:17:30+00:00,TABUENCA01-45,Sensoria-C1-EEA1,Right,Gait,1.0.5,40.3878707,-3.629144,CB:AA:BC:3F:36:A5,SCKS,-0.136719,0.992188,-0.132813,0.0,11.2,88.480003,0.0,0.710144,-0.28032,465,714,348,1.010330839514463
2024-04-25 14:17:00.761000+00:00,2024-04-25 14:15:30+00:00,2024-04-25 14:17:30+00:00,TABUENCA01-45,Sensoria-C1-E90A,Left,Gait,1.0.5,40.3878707,-3.629144,F0:75:B1:51:59:F6,SCKS,0.78125,1.093749,-0.4375,23.52,11.2,-254.240005,0.056064,0.803584,-0.214912,638,524,691,1.4135220859615176
2024-04-25 14:17:00.769000+00:00,2024-04-25 14:15:30+00:00,2024-04-25 14:17:30+00:00,TABUENCA01-45,Sensoria-C1-EEA1,Right,Gait,1.0.5,40.3878707,-3.629144,CB:AA:BC:3F:36:A5,SCKS,-0.046875,0.972657,0.128906,3.36,0.0,69.440002,0.009344,0.719488,-0.270976,454,700,342,0.9822808468610187
2024-04-25 14:17:00.793000+00:00,2024-04-25 14:15:30+00:00,2024-04-25 14:17:30+00:00,TABUENCA01-45,Sensoria-C1-E90A,Left,Gait,1.0.5,40.3878707,-3.629144,F0:75:B1:51:59:F6,SCKS,-0.21875,-0.125,-0.65625,23.52,-40.32,-114.239998,0.018688,0.803584,-0.224256,677,540,693,0.7029513674501245
2024-04-25 14:17:00.802000+00:00,2024-04-25 14:15:30+00:00,2024-04-25 14:17:30+00:00,TABUENCA01-45,Sensoria-C1-EEA1,Right,Gait,1.0.5,40.3878707,-3.629144,CB:AA:BC:3F:36:A5,SCKS,-0.113281,0.992188,0.074219,23.52,-6.72,56.0,0.018688,0.719488,-0.270976,444,684,341,1.0013880727600064
2024-04-25 14:17:00.818000+00:00,2024-04-25 14:15:30+00:00,2024-04-25 14:17:30+00:00,TABUENCA01-45,Sensoria-C1-EEA1,Right,Gait,1.0.5,40.3878707,-3.629144,CB:AA:BC:3F:36:A5,SCKS,-0.078125,1.011719,0.046875,5.6,10.08,44.799999,0.018688,0.719488,-0.270976,433,670,340,1.0158130321131937
2024-04-25 14:17:00.826000+00:00,2024-04-25 14:15:30+00:00,2024-04-25 14:17:30+00:00,TABUENCA01-45,Sensoria-C1-E90A,Left,Gait,1.0.5,40.3878707,-3.629144,F0:75:B1:51:59:F6,SCKS,1.156249,0.09375,0.03125,-8.96,-77.279999,120.959999,0.009344,0.803584,-0.242944,698,547,690,1.1604642928591125
2024-04-25 14:17:00.834000+00:00,2024-04-25 14:15:30+00:00,2024-04-25 14:17:30+00:00,TABUENCA01-45,Sensoria-C1-EEA1,Right,Gait,1.0.5,40.3878707,-3.629144,CB:AA:BC:3F:36:A5,SCKS,-0.144531,1.003907,-0.144531,12.32,1.12,49.279999,0.018688,0.719488,-0.270976,426,657,351,1.0245036283835214
2024-04-25 14:17:00.842000+00:00,2024-04-25 14:15:30+00:00,2024-04-25 14:17:30+00:00,TABUENCA01-45,Sensoria-C1-E90A,Left,Gait,1.0.5,40.3878707,-3.629144,F0:75:B1:51:59:F6,SCKS,0.34375,0.0625,0.0625,-12.32,2.24,172.479996,0.037376,0.803584,-0.2336,701,546,687,0.3549317716125171
2024-04-25 14:17:00.851000+00:00,2024-04-25 14:15:30+00:00,2024-04-25 14:17:30+00:00,TABUENCA01-45,Sensoria-C1-EEA1,Right,Gait,1.0.5,40.3878707,-3.629144,CB:AA:BC:3F:36:A5,SCKS,-0.054688,0.949219,-0.21875,-6.72,16.799999,50.400002,0.018688,0.728832,-0.261632,415,643,361,0.9756326408054417
2024-04-25 14:17:00.867000+00:00,2024-04-25 14:15:30+00:00,2024-04-25 14:17:30+00:00,TABUENCA01-45,Sensoria-C1-EEA1,Right,Gait,1.0.5,40.3878707,-3.629144,CB:AA:BC:3F:36:A5,SCKS,-0.054688,0.960938,-0.050781,-20.16,29.120001,47.040001,0.037376,0.728832,-0.252288,404,633,373,0.9638315865072071
2024-04-25 14:17:00.874000+00:00,2024-04-25 14:15:30+00:00,2024-04-25 14:17:30+00:00,TABUENCA01-45,Sensoria-C1-E90A,Left,Gait,1.0.5,40.3878707,-3.629144,F0:75:B1:51:59:F6,SCKS,0.46875,0.34375,-0.1875,11.2,15.68,254.240005,0.112128,0.812928,-0.2336,704,545,688,0.610775633927877
2024-04-25 14:17:00.899000+00:00,2024-04-25 14:15:30+00:00,2024-04-25 14:17:30+00:00,TABUENCA01-45,Sensoria-C1-EEA1,Right,Gait,1.0.5,40.3878707,-3.629144,CB:AA:BC:3F:36:A5,SCKS,-0.070313,0.980469,0.0,-8.96,30.24,47.040001,0.037376,0.728832,-0.261632,393,620,386,0.9829869673245928
2024-04-25 14:17:00.907000+00:00,2024-04-25 14:15:30+00:00,2024-04-25 14:17:30+00:00,TABUENCA01-45,Sensoria-C1-E90A,Left,Gait,1.0.5,40.3878707,-3.629144,F0:75:B1:51:59:F6,SCKS,0.4375,0.65625,-0.09375,0.0,29.120001,300.160004,0.168192,0.803584,-0.2336,702,542,686,0.7942665641961771
2024-04-25 14:17:00.916000+00:00,2024-04-25 14:15:30+00:00,2024-04-25 14:17:30+00:00,TABUENCA01-45,Sensoria-C1-EEA1,Right,Gait,1.0.5,40.3878707,-3.629144,CB:AA:BC:3F:36:A5,SCKS,-0.078125,1.003907,-0.070313,-3.36,29.120001,48.16,0.037376,0.728832,-0.261632,381,603,401,1.0093942234048103
2024-04-25 14:17:00.932000+00:00,2024-04-25 14:15:30+00:00,2024-04-25 14:17:30+00:00,TABUENCA01-45,Sensoria-C1-EEA1,Right,Gait,1.0.5,40.3878707,-3.629144,CB:AA:BC:3F:36:A5,SCKS,-0.058594,0.980469,-0.054688,-6.72,23.52,49.279999,0.04672,0.738176,-0.252288,370,585,418,0.9837395458865117
2024-04-25 14:17:00.940000+00:00,2024-04-25 14:15:30+00:00,2024-04-25 14:17:30+00:00,TABUENCA01-45,Sensoria-C1-E90A,Left,Gait,1.0.5,40.3878707,-3.629144,F0:75:B1:51:59:F6,SCKS,0.34375,0.968749,-0.0625,-3.36,44.799999,347.200012,0.224256,0.784896,-0.2336,701,540,684,1.029827625139761
2024-04-25 14:17:00.948000+00:00,2024-04-25 14:15:30+00:00,2024-04-25 14:17:30+00:00,TABUENCA01-45,Sensoria-C1-EEA1,Right,Gait,1.0.5,40.3878707,-3.629144,CB:AA:BC:3F:36:A5,SCKS,-0.019531,0.992188,-0.058594,-10.08,17.92,50.400002,0.056064,0.74752,-0.252288,352,567,437,0.9941085172862166
2024-04-25 14:17:00.972000+00:00,2024-04-25 14:15:30+00:00,2024-04-25 14:17:30+00:00,TABUENCA01-45,Sensoria-C1-E90A,Left,Gait,1.0.5,40.3878707,-3.629144,F0:75:B1:51:59:F6,SCKS,0.40625,1.562499,-0.15625,-12.32,38.080002,389.76001,0.299008,0.756864,-0.2336,700,540,683,1.6219914457237439
2024-04-25 14:17:00.996000+00:00,2024-04-25 14:15:30+00:00,2024-04-25 14:17:30+00:00,TABUENCA01-45,Sensoria-C1-EEA1,Right,Gait,1.0.5,40.3878707,-3.629144,CB:AA:BC:3F:36:A5,SCKS,-0.003906,1.000001,-0.058594,-13.440001,19.040001,50.400002,0.065408,0.74752,-0.252288,336,548,459,1.0017237711430231
2024-04-25 14:17:00.998000+00:00,2024-04-25 14:15:30+00:00,2024-04-25 14:17:30+00:00,TABUENCA01-45,Sensoria-C1-EEA1,Right,Gait,1.0.5,40.3878707,-3.629144,CB:AA:BC:3F:36:A5,SCKS,-0.007813,1.003907,-0.03125,-14.56,20.16,51.52,0.074752,0.74752,-0.261632,320,526,484,1.0044236507161708
2024-04-25 14:17:01.014000+00:00,2024-04-25 14:15:30+00:00,2024-04-25 14:17:30+00:00,TABUENCA01-45,Sensoria-C1-EEA1,Right,Gait,1.0.5,40.3878707,-3.629144,CB:AA:BC:3F:36:A5,SCKS,0.011719,0.992188,-0.054688,-6.72,13.440001,57.119999,0.084096,0.756864,-0.252288,302,507,512,0.9937631204914982
2024-04-25 14:17:01.030000+00:00,2024-04-25 14:15:30+00:00,2024-04-25 14:17:30+00:00,TABUENCA01-45,Sensoria-C1-EEA1,Right,Gait,1.0.5,40.3878707,-3.629144,CB:AA:BC:3F:36:A5,SCKS,0.007813,0.996094,-0.011719,0.0,7.84,62.720001,0.084096,0.756864,-0.252288,281,486,545,0.9961935729395166
2024-04-25 14:17:01.037000+00:00,2024-04-25 14:15:30+00:00,2024-04-25 14:17:30+00:00,TABUENCA01-45,Sensoria-C1-E90A,Left,Gait,1.0.5,40.3878707,-3.629144,F0:75:B1:51:59:F6,SCKS,-0.4375,3.156248,0.25,8.96,137.759995,421.119995,0.457856,0.588672,-0.28032,700,538,680,3.196217715911105
2024-04-25 14:17:01.063000+00:00,2024-04-25 14:15:30+00:00,2024-04-25 14:17:30+00:00,TABUENCA01-45,Sensoria-C1-EEA1,Right,Gait,1.0.5,40.3878707,-3.629144,CB:AA:BC:3F:36:A5,SCKS,0.003906,1.058594,-0.019531,4.48,1.12,68.32,0.084096,0.766208,-0.252288,264,467,584,1.0587813625262772
2024-04-25 14:17:01.070000+00:00,2024-04-25 14:15:30+00:00,2024-04-25 14:17:30+00:00,TABUENCA01-45,Sensoria-C1-E90A,Left,Gait,1.0.5,40.3878707,-3.629144,F0:75:B1:51:59:F6,SCKS,-1.218749,2.624999,-1.062499,-6.72,119.840004,370.720001,0.504576,0.532608,-0.28032,698,537,682,3.082997405124273
2024-04-25 14:17:01.079000+00:00,2024-04-25 14:15:30+00:00,2024-04-25 14:17:30+00:00,TABUENCA01-45,Sensoria-C1-EEA1,Right,Gait,1.0.5,40.3878707,-3.629144,CB:AA:BC:3F:36:A5,SCKS,-0.039063,1.082032,0.078125,1.12,0.0,73.919998,0.09344,0.766208,-0.252288,245,450,620,1.085551787165403
2024-04-25 14:17:01.095000+00:00,2024-04-25 14:15:30+00:00,2024-04-25 14:17:30+00:00,TABUENCA01-45,Sensoria-C1-EEA1,Right,Gait,1.0.5,40.3878707,-3.629144,CB:AA:BC:3F:36:A5,SCKS,-0.074219,1.16797,0.070313,-4.48,-6.72,85.120003,0.102784,0.766208,-0.252288,230,435,649,1.1724360531943736
2024-04-25 14:17:01.103000+00:00,2024-04-25 14:15:30+00:00,2024-04-25 14:17:30+00:00,TABUENCA01-45,Sensoria-C1-E90A,Left,Gait,1.0.5,40.3878707,-3.629144,F0:75:B1:51:59:F6,SCKS,-3.562498,1.374999,-0.71875,15.68,47.040001,209.440002,0.51392,0.485888,-0.308352,698,537,685,3.88569373632367
2024-04-25 14:17:01.111000+00:00,2024-04-25 14:15:30+00:00,2024-04-25 14:17:30+00:00,TABUENCA01-45,Sensoria-C1-EEA1,Right,Gait,1.0.5,40.3878707,-3.629144,CB:AA:BC:3F:36:A5,SCKS,-0.054688,1.210938,0.078125,-10.08,-23.52,109.760002,0.130816,0.775552,-0.252288,218,426,671,1.2146872572036804
2024-04-25 14:17:01.127000+00:00,2024-04-25 14:15:30+00:00,2024-04-25 14:17:30+00:00,TABUENCA01-45,Sensoria-C1-EEA1,Right,Gait,1.0.5,40.3878707,-3.629144,CB:AA:BC:3F:36:A5,SCKS,-0.15625,1.367188,-0.183594,-15.68,-32.48,128.800003,0.130816,0.775552,-0.252288,209,421,686,1.3882808961733935
2024-04-25 14:17:01.135000+00:00,2024-04-25 14:15:30+00:00,2024-04-25 14:17:30+00:00,TABUENCA01-45,Sensoria-C1-E90A,Left,Gait,1.0.5,40.3878707,-3.629144,F0:75:B1:51:59:F6,SCKS,-3.187498,1.624999,-0.34375,26.880001,-45.920002,-22.4,0.51392,0.457856,-0.299008,695,536,692,3.5942912114219405
2024-04-25 14:17:01.151000+00:00,2024-04-25 14:15:30+00:00,2024-04-25 14:17:30+00:00,TABUENCA01-45,Sensoria-C1-E90A,Left,Gait,1.0.5,40.3878707,-3.629144,F0:75:B1:51:59:F6,SCKS,3.749998,1.312499,0.4375,34.720001,90.720001,-110.879997,0.504576,0.495232,-0.308352,695,534,677,3.997067034089496
2024-04-25 14:17:01.160000+00:00,2024-04-25 14:15:30+00:00,2024-04-25 14:17:30+00:00,TABUENCA01-45,Sensoria-C1-EEA1,Right,Gait,1.0.5,40.3878707,-3.629144,CB:AA:BC:3F:36:A5,SCKS,-0.09375,1.492189,-0.199219,-21.280001,-20.16,144.479996,0.149504,0.784896,-0.261632,202,420,695,1.5083452138625295
2024-04-25 14:17:01.176000+00:00,2024-04-25 14:15:30+00:00,2024-04-25 14:17:30+00:00,TABUENCA01-45,Sensoria-C1-EEA1,Right,Gait,1.0.5,40.3878707,-3.629144,CB:AA:BC:3F:36:A5,SCKS,-0.410157,1.851564,0.074219,-30.24,17.92,172.479996,0.168192,0.784896,-0.270976,200,439,700,1.8979005428910125
2024-04-25 14:17:01.183000+00:00,2024-04-25 14:15:30+00:00,2024-04-25 14:17:30+00:00,TABUENCA01-45,Sensoria-C1-E90A,Left,Gait,1.0.5,40.3878707,-3.629144,F0:75:B1:51:59:F6,SCKS,-0.625,1.843749,0.09375,85.120003,125.440002,-255.360001,0.495232,0.541952,-0.345728,700,540,617,1.9490573202194441
2024-04-25 14:17:01.192000+00:00,2024-04-25 14:15:30+00:00,2024-04-25 14:17:30+00:00,TABUENCA01-45,Sensoria-C1-EEA1,Right,Gait,1.0.5,40.3878707,-3.629144,CB:AA:BC:3F:36:A5,SCKS,-0.742188,1.996095,0.277344,-40.32,43.68,199.360001,0.205568,0.803584,-0.270976,209,456,701,2.1475935301413536
2024-04-25 14:17:01.208000+00:00,2024-04-25 14:15:30+00:00,2024-04-25 14:17:30+00:00,TABUENCA01-45,Sensoria-C1-EEA1,Right,Gait,1.0.5,40.3878707,-3.629144,CB:AA:BC:3F:36:A5,SCKS,-0.968751,1.996095,0.386719,-54.880001,70.559998,232.960007,0.252288,0.803584,-0.270976,226,476,701,2.252204549766073
2024-04-25 14:17:01.216000+00:00,2024-04-25 14:15:30+00:00,2024-04-25 14:17:30+00:00,TABUENCA01-45,Sensoria-C1-E90A,Left,Gait,1.0.5,40.3878707,-3.629144,F0:75:B1:51:59:F6,SCKS,-0.625,1.812499,-1.281249,134.399994,29.120001,-185.919998,0.457856,0.579328,-0.345728,698,543,477,2.305943760155915
2024-04-25 14:17:01.241000+00:00,2024-04-25 14:15:30+00:00,2024-04-25 14:17:30+00:00,TABUENCA01-45,Sensoria-C1-EEA1,Right,Gait,1.0.5,40.3878707,-3.629144,CB:AA:BC:3F:36:A5,SCKS,-0.449219,1.996095,-0.339844,-26.880001,12.32,266.559998,0.289664,0.803584,-0.270976,262,518,699,2.074050843957785
2024-04-25 14:17:01.248000+00:00,2024-04-25 14:15:30+00:00,2024-04-25 14:17:30+00:00,TABUENCA01-45,Sensoria-C1-E90A,Left,Gait,1.0.5,40.3878707,-3.629144,F0:75:B1:51:59:F6,SCKS,0.09375,0.78125,-0.15625,70.559998,-86.239998,-194.880005,0.448512,0.616704,-0.32704,685,550,385,0.8022186033120897
2024-04-25 14:17:01.273000+00:00,2024-04-25 14:15:30+00:00,2024-04-25 14:17:30+00:00,TABUENCA01-45,Sensoria-C1-EEA1,Right,Gait,1.0.5,40.3878707,-3.629144,CB:AA:BC:3F:36:A5,SCKS,-0.765626,1.996095,-0.609375,-7.84,-38.080002,299.040009,0.336384,0.803584,-0.270976,317,579,696,2.223042129948508
2024-04-25 14:17:01.274000+00:00,2024-04-25 14:15:30+00:00,2024-04-25 14:17:30+00:00,TABUENCA01-45,Sensoria-C1-EEA1,Right,Gait,1.0.5,40.3878707,-3.629144,CB:AA:BC:3F:36:A5,SCKS,-0.308594,1.097657,-0.417969,26.880001,-49.279999,308.0,0.336384,0.803584,-0.270976,382,635,697,1.214404887772608
2024-04-25 14:17:01.281000+00:00,2024-04-25 14:15:30+00:00,2024-04-25 14:17:30+00:00,TABUENCA01-45,Sensoria-C1-E90A,Left,Gait,1.0.5,40.3878707,-3.629144,F0:75:B1:51:59:F6,SCKS,0.0,0.9375,-0.15625,53.760002,-54.880001,-108.639999,0.42048,0.644736,-0.317696,653,537,348,0.9504316453590969
2024-04-25 14:17:01.313000+00:00,2024-04-25 14:15:30+00:00,2024-04-25 14:17:30+00:00,TABUENCA01-45,Sensoria-C1-E90A,Left,Gait,1.0.5,40.3878707,-3.629144,F0:75:B1:51:59:F6,SCKS,0.125,0.999999,-0.125,16.799999,-44.799999,-31.360001,0.392448,0.672768,-0.308352,608,500,332,1.015503815847582
2024-04-25 14:17:01.322000+00:00,2024-04-25 14:15:30+00:00,2024-04-25 14:17:30+00:00,TABUENCA01-45,Sensoria-C1-EEA1,Right,Gait,1.0.5,40.3878707,-3.629144,CB:AA:BC:3F:36:A5,SCKS,-0.320313,1.019532,-0.675782,25.76,170.240005,123.199997,0.42048,0.784896,-0.261632,456,685,692,1.2644078568709547
2024-04-25 14:17:01.338000+00:00,2024-04-25 14:15:30+00:00,2024-04-25 14:17:30+00:00,TABUENCA01-45,Sensoria-C1-EEA1,Right,Gait,1.0.5,40.3878707,-3.629144,CB:AA:BC:3F:36:A5,SCKS,-1.347657,0.226563,-0.378907,-10.08,206.080002,14.56,0.429824,0.79424,-0.270976,470,696,691,1.4181257691992626
2024-04-25 14:17:01.347000+00:00,2024-04-25 14:15:30+00:00,2024-04-25 14:17:30+00:00,TABUENCA01-45,Sensoria-C1-E90A,Left,Gait,1.0.5,40.3878707,-3.629144,F0:75:B1:51:59:F6,SCKS,0.125,1.031249,-0.15625,7.84,-29.120001,-25.76,0.392448,0.682112,-0.289664,583,478,343,1.0504825379324494
2024-04-25 14:17:01.356000+00:00,2024-04-25 14:15:30+00:00,2024-04-25 14:17:30+00:00,TABUENCA01-45,Sensoria-C1-EEA1,Right,Gait,1.0.5,40.3878707,-3.629144,CB:AA:BC:3F:36:A5,SCKS,-0.878907,0.042969,0.03125,-1.12,136.639999,-36.959999,0.429824,0.803584,-0.289664,475,702,688,0.8805114491646318
2024-04-25 14:17:01.371000+00:00,2024-04-25 14:15:30+00:00,2024-04-25 14:17:30+00:00,TABUENCA01-45,Sensoria-C1-EEA1,Right,Gait,1.0.5,40.3878707,-3.629144,CB:AA:BC:3F:36:A5,SCKS,-0.527344,-0.109375,0.078125,41.439999,76.160004,-80.639999,0.429824,0.803584,-0.289664,479,706,686,0.5442040982811505
2024-04-25 14:17:01.379000+00:00,2024-04-25 14:15:30+00:00,2024-04-25 14:17:30+00:00,TABUENCA01-45,Sensoria-C1-E90A,Left,Gait,1.0.5,40.3878707,-3.629144,F0:75:B1:51:59:F6,SCKS,0.15625,0.968749,-0.1875,0.0,-36.959999,-28.0,0.383104,0.682112,-0.28032,563,461,376,0.9990219904992081
2024-04-25 14:17:01.387000+00:00,2024-04-25 14:15:30+00:00,2024-04-25 14:17:30+00:00,TABUENCA01-45,Sensoria-C1-EEA1,Right,Gait,1.0.5,40.3878707,-3.629144,CB:AA:BC:3F:36:A5,SCKS,-0.644532,0.046875,0.035156,61.599998,38.080002,-135.520004,0.411136,0.803584,-0.270976,480,705,687,0.6471898554404264
2024-04-25 14:17:01.411000+00:00,2024-04-25 14:15:30+00:00,2024-04-25 14:17:30+00:00,TABUENCA01-45,Sensoria-C1-E90A,Left,Gait,1.0.5,40.3878707,-3.629144,F0:75:B1:51:59:F6,SCKS,0.09375,0.9375,-0.15625,-1.12,-51.52,-26.880001,0.383104,0.691456,-0.270976,548,444,424,0.9550441743710079
2024-04-25 14:17:01.419000+00:00,2024-04-25 14:15:30+00:00,2024-04-25 14:17:30+00:00,TABUENCA01-45,Sensoria-C1-EEA1,Right,Gait,1.0.5,40.3878707,-3.629144,CB:AA:BC:3F:36:A5,SCKS,-0.613282,0.183594,0.113281,64.959999,-4.48,-183.680008,0.37376,0.803584,-0.270976,479,707,684,0.65011856866344
2024-04-25 14:17:01.435000+00:00,2024-04-25 14:15:30+00:00,2024-04-25 14:17:30+00:00,TABUENCA01-45,Sensoria-C1-EEA1,Right,Gait,1.0.5,40.3878707,-3.629144,CB:AA:BC:3F:36:A5,SCKS,-0.484375,0.277344,0.128906,67.199997,-39.200001,-228.479996,0.336384,0.812928,-0.261632,477,705,685,0.5728486639567207
2024-04-25 14:17:01.443000+00:00,2024-04-25 14:15:30+00:00,2024-04-25 14:17:30+00:00,TABUENCA01-45,Sensoria-C1-E90A,Left,Gait,1.0.5,40.3878707,-3.629144,F0:75:B1:51:59:F6,SCKS,0.09375,0.9375,-0.1875,1.12,-50.400002,-21.280001,0.37376,0.691456,-0.270976,533,426,475,0.9606516343087124
2024-04-25 14:17:01.452000+00:00,2024-04-25 14:15:30+00:00,2024-04-25 14:17:30+00:00,TABUENCA01-45,Sensoria-C1-EEA1,Right,Gait,1.0.5,40.3878707,-3.629144,CB:AA:BC:3F:36:A5,SCKS,-0.472657,0.503907,0.117188,70.559998,-63.84,-267.679993,0.289664,0.803584,-0.252288,479,705,683,0.7007566850498109
2024-04-25 14:17:01.468000+00:00,2024-04-25 14:15:30+00:00,2024-04-25 14:17:30+00:00,TABUENCA01-45,Sensoria-C1-EEA1,Right,Gait,1.0.5,40.3878707,-3.629144,CB:AA:BC:3F:36:A5,SCKS,-0.433594,0.722657,0.121094,63.84,-73.919998,-299.040009,0.289664,0.803584,-0.252288,479,704,684,0.8514109779190071
2024-04-25 14:17:01.476000+00:00,2024-04-25 14:15:30+00:00,2024-04-25 14:17:30+00:00,TABUENCA01-45,Sensoria-C1-E90A,Left,Gait,1.0.5,40.3878707,-3.629144,F0:75:B1:51:59:F6,SCKS,0.09375,0.9375,-0.21875,0.0,-41.439999,-23.52,0.37376,0.691456,-0.261632,519,406,522,0.967236721283885
2024-04-25 14:17:01.492000+00:00,2024-04-25 14:15:30+00:00,2024-04-25 14:17:30+00:00,TABUENCA01-45,Sensoria-C1-E90A,Left,Gait,1.0.5,40.3878707,-3.629144,F0:75:B1:51:59:F6,SCKS,0.0625,0.9375,-0.1875,-1.12,-35.84,-24.639999,0.37376,0.7008,-0.252288,505,388,559,0.9581068572972432
2024-04-25 14:17:01.501000+00:00,2024-04-25 14:15:30+00:00,2024-04-25 14:17:30+00:00,TABUENCA01-45,Sensoria-C1-EEA1,Right,Gait,1.0.5,40.3878707,-3.629144,CB:AA:BC:3F:36:A5,SCKS,-0.375,0.964844,0.121094,51.52,-68.32,-328.160004,0.224256,0.79424,-0.2336,478,703,682,1.0422152854242734
2024-04-25 14:17:01.517000+00:00,2024-04-25 14:15:30+00:00,2024-04-25 14:17:30+00:00,TABUENCA01-45,Sensoria-C1-EEA1,Right,Gait,1.0.5,40.3878707,-3.629144,CB:AA:BC:3F:36:A5,SCKS,-0.355469,1.242188,0.125,33.599998,-47.040001,-355.040009,0.168192,0.784896,-0.2336,478,702,683,1.2980809825681139
2024-04-25 14:17:01.524000+00:00,2024-04-25 14:15:30+00:00,2024-04-25 14:17:30+00:00,TABUENCA01-45,Sensoria-C1-E90A,Left,Gait,1.0.5,40.3878707,-3.629144,F0:75:B1:51:59:F6,SCKS,0.03125,0.968749,-0.15625,-2.24,-35.84,-28.0,0.364416,0.710144,-0.252288,491,369,587,0.9817663927844545
2024-04-25 14:17:01.533000+00:00,2024-04-25 14:15:30+00:00,2024-04-25 14:17:30+00:00,TABUENCA01-45,Sensoria-C1-EEA1,Right,Gait,1.0.5,40.3878707,-3.629144,CB:AA:BC:3F:36:A5,SCKS,-0.390625,1.660157,0.167969,12.32,-12.32,-375.200012,0.102784,0.756864,-0.2336,478,701,681,1.7137452378445872
2024-04-25 14:17:01.550000+00:00,2024-04-25 14:15:30+00:00,2024-04-25 14:17:30+00:00,TABUENCA01-45,Sensoria-C1-EEA1,Right,Gait,1.0.5,40.3878707,-3.629144,CB:AA:BC:3F:36:A5,SCKS,-0.34375,1.996095,0.332031,1.12,16.799999,-381.920013,0.056064,0.719488,-0.2336,477,701,679,2.0525116069065237
2024-04-25 14:17:01.557000+00:00,2024-04-25 14:15:30+00:00,2024-04-25 14:17:30+00:00,TABUENCA01-45,Sensoria-C1-E90A,Left,Gait,1.0.5,40.3878707,-3.629144,F0:75:B1:51:59:F6,SCKS,0.03125,0.968749,-0.15625,0.0,-33.599998,-35.84,0.355072,0.719488,-0.242944,472,346,610,0.9817663927844545
2024-04-25 14:17:01.582000+00:00,2024-04-25 14:15:30+00:00,2024-04-25 14:17:30+00:00,TABUENCA01-45,Sensoria-C1-EEA1,Right,Gait,1.0.5,40.3878707,-3.629144,CB:AA:BC:3F:36:A5,SCKS,-0.136719,1.996095,0.042969,24.639999,-28.0,-400.959991,0.056064,0.719488,-0.2336,477,701,681,2.001233037141602
2024-04-25 14:17:01.589000+00:00,2024-04-25 14:15:30+00:00,2024-04-25 14:17:30+00:00,TABUENCA01-45,Sensoria-C1-E90A,Left,Gait,1.0.5,40.3878707,-3.629144,F0:75:B1:51:59:F6,SCKS,0.0,0.999999,-0.125,-2.24,-30.24,-42.560001,0.345728,0.719488,-0.242944,454,320,631,1.0077812262594494
2024-04-25 14:17:01.598000+00:00,2024-04-25 14:15:30+00:00,2024-04-25 14:17:30+00:00,TABUENCA01-45,Sensoria-C1-EEA1,Right,Gait,1.0.5,40.3878707,-3.629144,CB:AA:BC:3F:36:A5,SCKS,0.496094,1.996095,0.195313,8.96,-39.200001,-418.880005,0.0,0.672768,-0.2336,478,699,680,2.066071555834889
2024-04-25 14:17:01.614000+00:00,2024-04-25 14:15:30+00:00,2024-04-25 14:17:30+00:00,TABUENCA01-45,Sensoria-C1-EEA1,Right,Gait,1.0.5,40.3878707,-3.629144,CB:AA:BC:3F:36:A5,SCKS,1.60547,1.996095,-0.507813,4.48,-21.280001,-390.880005,-0.04672,0.616704,-0.242944,478,701,681,2.6114752943296247
2024-04-25 14:17:01.631000+00:00,2024-04-25 14:15:30+00:00,2024-04-25 14:17:30+00:00,TABUENCA01-45,Sensoria-C1-EEA1,Right,Gait,1.0.5,40.3878707,-3.629144,CB:AA:BC:3F:36:A5,SCKS,1.996095,1.839845,-0.464844,56.0,-2.24,-264.320007,-0.074752,0.569984,-0.242944,478,700,682,2.7541795180027755
2024-04-25 14:17:01.638000+00:00,2024-04-25 14:15:30+00:00,2024-04-25 14:17:30+00:00,TABUENCA01-45,Sensoria-C1-E90A,Left,Gait,1.0.5,40.3878707,-3.629144,F0:75:B1:51:59:F6,SCKS,0.03125,1.062499,-0.125,-8.96,-29.120001,-50.400002,0.336384,0.728832,-0.242944,432,297,652,1.0702829941193124
2024-04-25 14:17:01.647000+00:00,2024-04-25 14:15:30+00:00,2024-04-25 14:17:30+00:00,TABUENCA01-45,Sensoria-C1-EEA1,Right,Gait,1.0.5,40.3878707,-3.629144,CB:AA:BC:3F:36:A5,SCKS,1.996095,1.550782,0.460938,50.400002,86.239998,-131.039993,-0.084096,0.532608,-0.214912,476,701,685,2.569393683418911
2024-04-25 14:17:01.654000+00:00,2024-04-25 14:15:30+00:00,2024-04-25 14:17:30+00:00,TABUENCA01-45,Sensoria-C1-E90A,Left,Gait,1.0.5,40.3878707,-3.629144,F0:75:B1:51:59:F6,SCKS,0.09375,1.156249,0.0,-4.48,-15.68,-84.0,0.308352,0.74752,-0.252288,404,272,675,1.1600434528503663
2024-04-25 14:17:01.679000+00:00,2024-04-25 14:15:30+00:00,2024-04-25 14:17:30+00:00,TABUENCA01-45,Sensoria-C1-EEA1,Right,Gait,1.0.5,40.3878707,-3.629144,CB:AA:BC:3F:36:A5,SCKS,1.996095,1.996095,0.863282,12.32,52.639999,12.32,-0.084096,0.532608,-0.214912,477,703,688,2.9519563529249546
2024-04-25 14:17:01.687000+00:00,2024-04-25 14:15:30+00:00,2024-04-25 14:17:30+00:00,TABUENCA01-45,Sensoria-C1-E90A,Left,Gait,1.0.5,40.3878707,-3.629144,F0:75:B1:51:59:F6,SCKS,0.15625,1.281249,-0.25,3.36,0.0,-113.120003,0.289664,0.756864,-0.242944,394,265,685,1.314729273463172
2024-04-25 14:17:01.696000+00:00,2024-04-25 14:15:30+00:00,2024-04-25 14:17:30+00:00,TABUENCA01-45,Sensoria-C1-EEA1,Right,Gait,1.0.5,40.3878707,-3.629144,CB:AA:BC:3F:36:A5,SCKS,0.21875,1.933595,-0.109375,-6.72,-89.599998,148.960007,-0.074752,0.541952,-0.214912,476,704,689,1.94900078941749
2024-04-25 14:17:01.712000+00:00,2024-04-25 14:15:30+00:00,2024-04-25 14:17:30+00:00,TABUENCA01-45,Sensoria-C1-EEA1,Right,Gait,1.0.5,40.3878707,-3.629144,CB:AA:BC:3F:36:A5,SCKS,-2.000001,0.554688,0.097656,42.560001,-116.480003,90.720001,-0.074752,0.56064,-0.224256,480,702,674,2.077791970260979
2024-04-25 14:17:01.719000+00:00,2024-04-25 14:15:30+00:00,2024-04-25 14:17:30+00:00,TABUENCA01-45,Sensoria-C1-E90A,Left,Gait,1.0.5,40.3878707,-3.629144,F0:75:B1:51:59:F6,SCKS,0.15625,1.499999,-0.21875,-2.24,-5.6,-140.0,0.270976,0.766208,-0.242944,393,274,687,1.5238971832118464
2024-04-25 14:17:01.728000+00:00,2024-04-25 14:15:30+00:00,2024-04-25 14:17:30+00:00,TABUENCA01-45,Sensoria-C1-EEA1,Right,Gait,1.0.5,40.3878707,-3.629144,CB:AA:BC:3F:36:A5,SCKS,0.539063,0.992188,1.164063,50.400002,-187.039993,238.559998,-0.074752,0.588672,-0.270976,488,706,640,1.6217486282657987
2024-04-25 14:17:01.752000+00:00,2024-04-25 14:15:30+00:00,2024-04-25 14:17:30+00:00,TABUENCA01-45,Sensoria-C1-E90A,Left,Gait,1.0.5,40.3878707,-3.629144,F0:75:B1:51:59:F6,SCKS,0.46875,1.874999,0.0,-8.96,-11.2,-169.119995,0.214912,0.79424,-0.242944,433,318,690,1.9327047918657936
2024-04-25 14:17:01.760000+00:00,2024-04-25 14:15:30+00:00,2024-04-25 14:17:30+00:00,TABUENCA01-45,Sensoria-C1-EEA1,Right,Gait,1.0.5,40.3878707,-3.629144,CB:AA:BC:3F:36:A5,SCKS,0.667969,1.94922,0.402344,50.400002,-127.68,216.160004,-0.074752,0.616704,-0.270976,495,711,576,2.099409890349429
2024-04-25 14:17:01.777000+00:00,2024-04-25 14:15:30+00:00,2024-04-25 14:17:30+00:00,TABUENCA01-45,Sensoria-C1-EEA1,Right,Gait,1.0.5,40.3878707,-3.629144,CB:AA:BC:3F:36:A5,SCKS,0.285156,1.566407,-0.042969,38.080002,33.599998,207.199997,-0.074752,0.616704,-0.270976,500,712,494,1.5927307270678241
2024-04-25 14:17:01.785000+00:00,2024-04-25 14:15:30+00:00,2024-04-25 14:17:30+00:00,TABUENCA01-45,Sensoria-C1-E90A,Left,Gait,1.0.5,40.3878707,-3.629144,F0:75:B1:51:59:F6,SCKS,0.968749,2.281249,-0.125,-28.0,-40.32,-178.080002,0.18688,0.79424,-0.242944,506,375,688,2.481571402358191
2024-04-25 14:17:01.793000+00:00,2024-04-25 14:15:30+00:00,2024-04-25 14:17:30+00:00,TABUENCA01-45,Sensoria-C1-EEA1,Right,Gait,1.0.5,40.3878707,-3.629144,CB:AA:BC:3F:36:A5,SCKS,-0.078125,1.226563,-0.183594,26.880001,58.240002,182.559998,-0.04672,0.644736,-0.261632,504,711,429,1.2426854249688455
2024-04-25 14:17:01.810000+00:00,2024-04-25 14:15:30+00:00,2024-04-25 14:17:30+00:00,TABUENCA01-45,Sensoria-C1-EEA1,Right,Gait,1.0.5,40.3878707,-3.629144,CB:AA:BC:3F:36:A5,SCKS,0.046875,0.988282,-0.398438,22.4,10.08,148.960007,-0.028032,0.663424,-0.261632,503,712,392,1.0666074334041555
2024-04-25 14:17:01.817000+00:00,2024-04-25 14:15:30+00:00,2024-04-25 14:17:30+00:00,TABUENCA01-45,Sensoria-C1-E90A,Left,Gait,1.0.5,40.3878707,-3.629144,F0:75:B1:51:59:F6,SCKS,0.5,2.124999,-0.4375,-35.84,-80.639999,-225.119995,0.149504,0.803584,-0.261632,559,426,690,2.2264381868807854
2024-04-25 14:17:01.833000+00:00,2024-04-25 14:15:30+00:00,2024-04-25 14:17:30+00:00,TABUENCA01-45,Sensoria-C1-E90A,Left,Gait,1.0.5,40.3878707,-3.629144,F0:75:B1:51:59:F6,SCKS,0.71875,1.531249,-0.65625,-7.84,-12.32,-264.320007,0.09344,0.812928,-0.270976,617,488,693,1.8143839519244542
2024-04-25 14:17:01.842000+00:00,2024-04-25 14:15:30+00:00,2024-04-25 14:17:30+00:00,TABUENCA01-45,Sensoria-C1-EEA1,Right,Gait,1.0.5,40.3878707,-3.629144,CB:AA:BC:3F:36:A5,SCKS,0.160156,0.933594,0.113281,-6.72,21.280001,125.440002,-0.009344,0.691456,-0.261632,494,715,368,0.9539812818567249
2024-04-25 14:17:01.859000+00:00,2024-04-25 14:15:30+00:00,2024-04-25 14:17:30+00:00,TABUENCA01-45,Sensoria-C1-EEA1,Right,Gait,1.0.5,40.3878707,-3.629144,CB:AA:BC:3F:36:A5,SCKS,-0.160156,0.976563,-0.105469,-2.24,17.92,92.959999,0.009344,0.7008,-0.261632,480,714,353,0.9952130160252125
2024-04-25 14:17:01.866000+00:00,2024-04-25 14:15:30+00:00,2024-04-25 14:17:30+00:00,TABUENCA01-45,Sensoria-C1-E90A,Left,Gait,1.0.5,40.3878707,-3.629144,F0:75:B1:51:59:F6,SCKS,0.6875,0.5625,-0.4375,15.68,-16.799999,-179.199997,0.056064,0.812928,-0.261632,663,528,696,0.9901862198596787
2024-04-25 14:17:01.875000+00:00,2024-04-25 14:15:30+00:00,2024-04-25 14:17:30+00:00,TABUENCA01-45,Sensoria-C1-EEA1,Right,Gait,1.0.5,40.3878707,-3.629144,CB:AA:BC:3F:36:A5,SCKS,-0.128906,0.960938,0.019531,-7.84,17.92,75.040001,0.009344,0.7008,-0.2336,471,706,348,0.9697422629962045
2024-04-25 14:17:01.891000+00:00,2024-04-25 14:15:30+00:00,2024-04-25 14:17:30+00:00,TABUENCA01-45,Sensoria-C1-EEA1,Right,Gait,1.0.5,40.3878707,-3.629144,CB:AA:BC:3F:36:A5,SCKS,-0.113281,0.992188,0.070313,-2.24,14.56,56.0,0.009344,0.7008,-0.2336,461,698,344,1.001106153349384
2024-04-25 14:17:01.898000+00:00,2024-04-25 14:15:30+00:00,2024-04-25 14:17:30+00:00,TABUENCA01-45,Sensoria-C1-E90A,Left,Gait,1.0.5,40.3878707,-3.629144,F0:75:B1:51:59:F6,SCKS,-0.25,0.6875,-0.40625,14.56,-116.480003,-79.519997,0.0,0.803584,-0.261632,688,539,695,0.8367767399372428
2024-04-25 14:17:01.908000+00:00,2024-04-25 14:15:30+00:00,2024-04-25 14:17:30+00:00,TABUENCA01-45,Sensoria-C1-EEA1,Right,Gait,1.0.5,40.3878707,-3.629144,CB:AA:BC:3F:36:A5,SCKS,-0.144531,1.007813,-0.046875,2.24,10.08,45.920002,0.018688,0.710144,-0.252288,452,686,344,1.0192023933228376
2024-04-25 14:17:01.931000+00:00,2024-04-25 14:15:30+00:00,2024-04-25 14:17:30+00:00,TABUENCA01-45,Sensoria-C1-E90A,Left,Gait,1.0.5,40.3878707,-3.629144,F0:75:B1:51:59:F6,SCKS,0.999999,0.1875,-0.15625,1.12,-95.199997,94.080002,0.009344,0.812928,-0.261632,699,539,693,1.0293533467672797
2024-04-25 14:17:01.940000+00:00,2024-04-25 14:15:30+00:00,2024-04-25 14:17:30+00:00,TABUENCA01-45,Sensoria-C1-EEA1,Right,Gait,1.0.5,40.3878707,-3.629144,CB:AA:BC:3F:36:A5,SCKS,-0.152344,0.976563,0.011719,-1.12,11.2,44.799999,0.018688,0.710144,-0.242944,442,676,348,0.9884438892855779
2024-04-25 14:17:01.956000+00:00,2024-04-25 14:15:30+00:00,2024-04-25 14:17:30+00:00,TABUENCA01-45,Sensoria-C1-EEA1,Right,Gait,1.0.5,40.3878707,-3.629144,CB:AA:BC:3F:36:A5,SCKS,-0.140625,1.000001,-0.121094,0.0,10.08,47.040001,0.028032,0.719488,-0.2336,431,666,355,1.0170747993446696
2024-04-25 14:17:01.964000+00:00,2024-04-25 14:15:30+00:00,2024-04-25 14:17:30+00:00,TABUENCA01-45,Sensoria-C1-E90A,Left,Gait,1.0.5,40.3878707,-3.629144,F0:75:B1:51:59:F6,SCKS,0.34375,0.125,-0.03125,-11.2,43.68,168.0,0.065408,0.812928,-0.261632,702,538,691,0.3671043788897103
2024-04-25 14:17:02.004000+00:00,2024-04-25 14:15:30+00:00,2024-04-25 14:17:30+00:00,TABUENCA01-45,Sensoria-C1-EEA1,Right,Gait,1.0.5,40.3878707,-3.629144,CB:AA:BC:3F:36:A5,SCKS,-0.097656,0.953126,-0.09375,-5.6,15.68,48.16,0.037376,0.719488,-0.224256,420,656,367,0.9626915023578426
2024-04-25 14:17:02.005000+00:00,2024-04-25 14:15:30+00:00,2024-04-25 14:17:30+00:00,TABUENCA01-45,Sensoria-C1-EEA1,Right,Gait,1.0.5,40.3878707,-3.629144,CB:AA:BC:3F:36:A5,SCKS,-0.078125,0.960938,-0.066406,-7.84,20.16,48.16,0.037376,0.719488,-0.224256,404,644,380,0.9663928353961446
2024-04-25 14:17:02.021000+00:00,2024-04-25 14:15:30+00:00,2024-04-25 14:17:30+00:00,TABUENCA01-45,Sensoria-C1-EEA1,Right,Gait,1.0.5,40.3878707,-3.629144,CB:AA:BC:3F:36:A5,SCKS,-0.074219,0.972657,-0.035156,-7.84,25.76,47.040001,0.04672,0.719488,-0.2336,390,631,391,0.9761178432679121
2024-04-25 14:17:02.028000+00:00,2024-04-25 14:15:30+00:00,2024-04-25 14:17:30+00:00,TABUENCA01-45,Sensoria-C1-E90A,Left,Gait,1.0.5,40.3878707,-3.629144,F0:75:B1:51:59:F6,SCKS,0.3125,0.34375,-0.25,13.440001,45.920002,232.960007,0.102784,0.812928,-0.261632,702,538,689,0.5275607192541917
2024-04-25 14:17:02.029000+00:00,2024-04-25 14:15:30+00:00,2024-04-25 14:17:30+00:00,TABUENCA01-45,Sensoria-C1-E90A,Left,Gait,1.0.5,40.3878707,-3.629144,F0:75:B1:51:59:F6,SCKS,0.40625,0.59375,-0.21875,2.24,38.080002,260.959991,0.149504,0.803584,-0.261632,702,538,688,0.7519505884697478
2024-04-25 14:17:02.052000+00:00,2024-04-25 14:15:30+00:00,2024-04-25 14:17:30+00:00,TABUENCA01-45,Sensoria-C1-EEA1,Right,Gait,1.0.5,40.3878707,-3.629144,CB:AA:BC:3F:36:A5,SCKS,-0.078125,0.972657,-0.035156,-4.48,26.880001,48.16,0.056064,0.728832,-0.2336,374,619,406,0.9764226029798778
2024-04-25 14:17:02.054000+00:00,2024-04-25 14:15:30+00:00,2024-04-25 14:17:30+00:00,TABUENCA01-45,Sensoria-C1-EEA1,Right,Gait,1.0.5,40.3878707,-3.629144,CB:AA:BC:3F:36:A5,SCKS,-0.058594,0.992188,-0.054688,-3.36,21.280001,48.16,0.056064,0.728832,-0.224256,359,603,419,0.9954200427578299
2024-04-25 14:17:02.061000+00:00,2024-04-25 14:15:30+00:00,2024-04-25 14:17:30+00:00,TABUENCA01-45,Sensoria-C1-E90A,Left,Gait,1.0.5,40.3878707,-3.629144,F0:75:B1:51:59:F6,SCKS,0.25,0.8125,-0.125,-1.12,57.119999,303.519989,0.205568,0.784896,-0.270976,700,536,687,0.85923294280422
2024-04-25 14:17:02.070000+00:00,2024-04-25 14:15:30+00:00,2024-04-25 14:17:30+00:00,TABUENCA01-45,Sensoria-C1-EEA1,Right,Gait,1.0.5,40.3878707,-3.629144,CB:AA:BC:3F:36:A5,SCKS,-0.027344,0.968751,-0.03125,-3.36,16.799999,47.040001,0.065408,0.738176,-0.2336,343,587,437,0.9696405297000533
2024-04-25 14:17:02.094000+00:00,2024-04-25 14:15:30+00:00,2024-04-25 14:17:30+00:00,TABUENCA01-45,Sensoria-C1-E90A,Left,Gait,1.0.5,40.3878707,-3.629144,F0:75:B1:51:59:F6,SCKS,0.3125,1.218749,-0.15625,2.24,61.599998,343.839996,0.261632,0.766208,-0.28032,701,536,688,1.2678404621643058
2024-04-25 14:17:02.102000+00:00,2024-04-25 14:15:30+00:00,2024-04-25 14:17:30+00:00,TABUENCA01-45,Sensoria-C1-EEA1,Right,Gait,1.0.5,40.3878707,-3.629144,CB:AA:BC:3F:36:A5,SCKS,-0.027344,0.980469,-0.046875,-3.36,15.68,47.040001,0.065408,0.738176,-0.2336,327,573,453,0.9819696634428174
2024-04-25 14:17:02.119000+00:00,2024-04-25 14:15:30+00:00,2024-04-25 14:17:30+00:00,TABUENCA01-45,Sensoria-C1-EEA1,Right,Gait,1.0.5,40.3878707,-3.629144,CB:AA:BC:3F:36:A5,SCKS,-0.03125,1.003907,-0.050781,-4.48,15.68,48.16,0.074752,0.738176,-0.224256,310,560,474,1.005676159163575
2024-04-25 14:17:02.126000+00:00,2024-04-25 14:15:30+00:00,2024-04-25 14:17:30+00:00,TABUENCA01-45,Sensoria-C1-E90A,Left,Gait,1.0.5,40.3878707,-3.629144,F0:75:B1:51:59:F6,SCKS,0.34375,2.156249,-0.125,-3.36,71.68,396.480011,0.37376,0.691456,-0.270976,699,535,687,2.1870525399498293
2024-04-25 14:17:02.134000+00:00,2024-04-25 14:15:30+00:00,2024-04-25 14:17:30+00:00,TABUENCA01-45,Sensoria-C1-EEA1,Right,Gait,1.0.5,40.3878707,-3.629144,CB:AA:BC:3F:36:A5,SCKS,-0.015625,1.007813,-0.039063,-2.24,13.440001,51.52,0.074752,0.74752,-0.214912,295,544,496,1.0086907859017054
2024-04-25 14:17:02.151000+00:00,2024-04-25 14:15:30+00:00,2024-04-25 14:17:30+00:00,TABUENCA01-45,Sensoria-C1-EEA1,Right,Gait,1.0.5,40.3878707,-3.629144,CB:AA:BC:3F:36:A5,SCKS,0.003906,0.996094,-0.007813,1.12,7.84,58.240002,0.084096,0.74752,-0.224256,277,529,520,0.9961322987640748
2024-04-25 14:17:02.158000+00:00,2024-04-25 14:15:30+00:00,2024-04-25 14:17:30+00:00,TABUENCA01-45,Sensoria-C1-E90A,Left,Gait,1.0.5,40.3878707,-3.629144,F0:75:B1:51:59:F6,SCKS,0.125,2.906248,-0.3125,-1.12,107.520004,414.399994,0.429824,0.635392,-0.28032,700,534,686,2.925672347940555
2024-04-25 14:17:02.167000+00:00,2024-04-25 14:15:30+00:00,2024-04-25 14:17:30+00:00,TABUENCA01-45,Sensoria-C1-EEA1,Right,Gait,1.0.5,40.3878707,-3.629144,CB:AA:BC:3F:36:A5,SCKS,-0.003906,1.046876,-0.019531,5.6,0.0,61.599998,0.09344,0.74752,-0.224256,261,511,549,1.0470654593543804
2024-04-25 14:17:02.174000+00:00,2024-04-25 14:15:30+00:00,2024-04-25 14:17:30+00:00,TABUENCA01-45,Sensoria-C1-E90A,Left,Gait,1.0.5,40.3878707,-3.629144,F0:75:B1:51:59:F6,SCKS,-0.75,2.999998,-0.59375,-41.439999,72.800003,386.399994,0.4672,0.569984,-0.308352,698,534,686,3.148813596023747
2024-04-25 14:17:02.199000+00:00,2024-04-25 14:15:30+00:00,2024-04-25 14:17:30+00:00,TABUENCA01-45,Sensoria-C1-EEA1,Right,Gait,1.0.5,40.3878707,-3.629144,CB:AA:BC:3F:36:A5,SCKS,-0.019531,1.070313,0.042969,5.6,0.0,68.32,0.09344,0.74752,-0.224256,245,495,583,1.0713532157467958
2024-04-25 14:17:02.207000+00:00,2024-04-25 14:15:30+00:00,2024-04-25 14:17:30+00:00,TABUENCA01-45,Sensoria-C1-E90A,Left,Gait,1.0.5,40.3878707,-3.629144,F0:75:B1:51:59:F6,SCKS,-2.968748,1.687499,-0.59375,11.2,69.440002,252.0,0.495232,0.504576,-0.317696,696,534,688,3.4660722186655315
2024-04-25 14:17:02.216000+00:00,2024-04-25 14:15:30+00:00,2024-04-25 14:17:30+00:00,TABUENCA01-45,Sensoria-C1-EEA1,Right,Gait,1.0.5,40.3878707,-3.629144,CB:AA:BC:3F:36:A5,SCKS,-0.09375,1.128907,0.050781,6.72,-6.72,78.400002,0.102784,0.756864,-0.224256,229,479,616,1.1339306800285458
2024-04-25 14:17:02.232000+00:00,2024-04-25 14:15:30+00:00,2024-04-25 14:17:30+00:00,TABUENCA01-45,Sensoria-C1-EEA1,Right,Gait,1.0.5,40.3878707,-3.629144,CB:AA:BC:3F:36:A5,SCKS,-0.074219,1.222657,0.105469,6.72,-22.4,100.800003,0.121472,0.766208,-0.214912,208,459,659,1.2294398356857485
2024-04-25 14:17:02.239000+00:00,2024-04-25 14:15:30+00:00,2024-04-25 14:17:30+00:00,TABUENCA01-45,Sensoria-C1-E90A,Left,Gait,1.0.5,40.3878707,-3.629144,F0:75:B1:51:59:F6,SCKS,-3.218748,1.531249,-0.4375,23.52,-80.639999,63.84,0.523264,0.4672,-0.317696,695,535,693,3.591165331407759
2024-04-25 14:17:02.248000+00:00,2024-04-25 14:15:30+00:00,2024-04-25 14:17:30+00:00,TABUENCA01-45,Sensoria-C1-EEA1,Right,Gait,1.0.5,40.3878707,-3.629144,CB:AA:BC:3F:36:A5,SCKS,-0.074219,1.335938,-0.085938,0.0,-32.48,116.480003,0.121472,0.766208,-0.214912,197,450,678,1.340755063256895
2024-04-25 14:17:02.272000+00:00,2024-04-25 14:15:30+00:00,2024-04-25 14:17:30+00:00,TABUENCA01-45,Sensoria-C1-E90A,Left,Gait,1.0.5,40.3878707,-3.629144,F0:75:B1:51:59:F6,SCKS,-0.0625,1.468749,0.09375,30.24,25.76,-150.080002,0.51392,0.485888,-0.317696,692,535,690,1.4730644716036703
2024-04-25 14:17:02.297000+00:00,2024-04-25 14:15:30+00:00,2024-04-25 14:17:30+00:00,TABUENCA01-45,Sensoria-C1-EEA1,Right,Gait,1.0.5,40.3878707,-3.629144,CB:AA:BC:3F:36:A5,SCKS,-0.140625,1.402345,-0.210938,-13.440001,-23.52,134.399994,0.14016,0.766208,-0.214912,191,445,692,1.425076043407509
2024-04-25 14:17:02.304000+00:00,2024-04-25 14:15:30+00:00,2024-04-25 14:17:30+00:00,TABUENCA01-45,Sensoria-C1-E90A,Left,Gait,1.0.5,40.3878707,-3.629144,F0:75:B1:51:59:F6,SCKS,0.34375,1.031249,0.9375,49.279999,165.759995,-159.039993,0.495232,0.504576,-0.336384,697,535,667,1.435459791321582
2024-04-25 14:17:02.313000+00:00,2024-04-25 14:15:30+00:00,2024-04-25 14:17:30+00:00,TABUENCA01-45,Sensoria-C1-EEA1,Right,Gait,1.0.5,40.3878707,-3.629144,CB:AA:BC:3F:36:A5,SCKS,-0.410157,1.785158,0.132813,-25.76,15.68,171.360001,0.196224,0.784896,-0.224256,184,454,701,1.8364795513650567
2024-04-25 14:17:02.329000+00:00,2024-04-25 14:15:30+00:00,2024-04-25 14:17:30+00:00,TABUENCA01-45,Sensoria-C1-EEA1,Right,Gait,1.0.5,40.3878707,-3.629144,CB:AA:BC:3F:36:A5,SCKS,-0.800782,1.996095,0.425782,-38.080002,42.560001,197.119995,0.196224,0.784896,-0.224256,188,468,701,2.1924728897008054
2024-04-25 14:17:02.337000+00:00,2024-04-25 14:15:30+00:00,2024-04-25 14:17:30+00:00,TABUENCA01-45,Sensoria-C1-E90A,Left,Gait,1.0.5,40.3878707,-3.629144,F0:75:B1:51:59:F6,SCKS,-0.59375,1.874999,-0.125,79.519997,106.400002,-218.399994,0.476544,0.541952,-0.355072,699,538,588,1.9707321767558879
2024-04-25 14:17:02.346000+00:00,2024-04-25 14:15:30+00:00,2024-04-25 14:17:30+00:00,TABUENCA01-45,Sensoria-C1-EEA1,Right,Gait,1.0.5,40.3878707,-3.629144,CB:AA:BC:3F:36:A5,SCKS,-1.085938,1.996095,0.464844,-52.639999,67.199997,226.240005,0.2336,0.79424,-0.2336,205,488,700,2.3194259059528073
2024-04-25 14:17:02.370000+00:00,2024-04-25 14:15:30+00:00,2024-04-25 14:17:30+00:00,TABUENCA01-45,Sensoria-C1-E90A,Left,Gait,1.0.5,40.3878707,-3.629144,F0:75:B1:51:59:F6,SCKS,-0.625,1.812499,-0.75,103.040001,30.24,-169.119995,0.448512,0.588672,-0.355072,698,543,459,2.058707756093856
2024-04-25 14:17:02.394000+00:00,2024-04-25 14:15:30+00:00,2024-04-25 14:17:30+00:00,TABUENCA01-45,Sensoria-C1-EEA1,Right,Gait,1.0.5,40.3878707,-3.629144,CB:AA:BC:3F:36:A5,SCKS,-0.378907,1.996095,-0.292969,-21.280001,14.56,263.200012,0.28032,0.79424,-0.242944,242,525,700,2.052753418858437
2024-04-25 14:17:02.395000+00:00,2024-04-25 14:15:30+00:00,2024-04-25 14:17:30+00:00,TABUENCA01-45,Sensoria-C1-EEA1,Right,Gait,1.0.5,40.3878707,-3.629144,CB:AA:BC:3F:36:A5,SCKS,-0.828126,1.996095,-0.507813,-7.84,-51.52,299.040009,0.32704,0.803584,-0.2336,295,580,698,2.2199238644309403
2024-04-25 14:17:02.402000+00:00,2024-04-25 14:15:30+00:00,2024-04-25 14:17:30+00:00,TABUENCA01-45,Sensoria-C1-E90A,Left,Gait,1.0.5,40.3878707,-3.629144,F0:75:B1:51:59:F6,SCKS,-0.0625,0.9375,-0.375,86.239998,-16.799999,-160.160004,0.411136,0.644736,-0.336384,683,549,385,1.0116508785149154
2024-04-25 14:17:02.411000+00:00,2024-04-25 14:15:30+00:00,2024-04-25 14:17:30+00:00,TABUENCA01-45,Sensoria-C1-EEA1,Right,Gait,1.0.5,40.3878707,-3.629144,CB:AA:BC:3F:36:A5,SCKS,-0.492188,1.859376,-0.519532,19.040001,-78.400002,315.839996,0.37376,0.79424,-0.2336,361,635,697,1.992345762096529
2024-04-25 14:17:02.427000+00:00,2024-04-25 14:15:30+00:00,2024-04-25 14:17:30+00:00,TABUENCA01-45,Sensoria-C1-EEA1,Right,Gait,1.0.5,40.3878707,-3.629144,CB:AA:BC:3F:36:A5,SCKS,-0.292969,0.574219,-0.621094,33.599998,-26.880001,237.440002,0.37376,0.79424,-0.2336,420,671,697,0.8951625839801394
2024-04-25 14:17:02.435000+00:00,2024-04-25 14:15:30+00:00,2024-04-25 14:17:30+00:00,TABUENCA01-45,Sensoria-C1-E90A,Left,Gait,1.0.5,40.3878707,-3.629144,F0:75:B1:51:59:F6,SCKS,-0.03125,1.031249,-0.1875,43.68,-42.560001,-64.959999,0.401792,0.663424,-0.32704,664,538,346,1.0486216250397473
2024-04-25 14:17:02.460000+00:00,2024-04-25 14:15:30+00:00,2024-04-25 14:17:30+00:00,TABUENCA01-45,Sensoria-C1-EEA1,Right,Gait,1.0.5,40.3878707,-3.629144,CB:AA:BC:3F:36:A5,SCKS,0.906251,0.40625,-1.062501,24.639999,91.840004,148.960007,0.411136,0.784896,-0.2336,452,690,698,1.4543858884429537
2024-04-25 14:17:02.468000+00:00,2024-04-25 14:15:30+00:00,2024-04-25 14:17:30+00:00,TABUENCA01-45,Sensoria-C1-E90A,Left,Gait,1.0.5,40.3878707,-3.629144,F0:75:B1:51:59:F6,SCKS,0.15625,0.999999,-0.125,8.96,-43.68,-15.68,0.392448,0.672768,-0.308352,640,518,323,1.019822073942803
2024-04-25 14:17:02.476000+00:00,2024-04-25 14:15:30+00:00,2024-04-25 14:17:30+00:00,TABUENCA01-45,Sensoria-C1-EEA1,Right,Gait,1.0.5,40.3878707,-3.629144,CB:AA:BC:3F:36:A5,SCKS,-1.183595,0.382813,-0.535157,2.24,238.559998,21.280001,0.429824,0.775552,-0.242944,467,700,696,1.354191984780223
2024-04-25 14:17:02.492000+00:00,2024-04-25 14:15:30+00:00,2024-04-25 14:17:30+00:00,TABUENCA01-45,Sensoria-C1-EEA1,Right,Gait,1.0.5,40.3878707,-3.629144,CB:AA:BC:3F:36:A5,SCKS,-1.222657,0.113281,-0.113281,-32.48,199.360001,-52.639999,0.429824,0.784896,-0.252288,475,706,694,1.2331079877979059
2024-04-25 14:17:02.500000+00:00,2024-04-25 14:15:30+00:00,2024-04-25 14:17:30+00:00,TABUENCA01-45,Sensoria-C1-E90A,Left,Gait,1.0.5,40.3878707,-3.629144,F0:75:B1:51:59:F6,SCKS,0.1875,0.968749,-0.1875,0.0,-39.200001,-11.2,0.392448,0.682112,-0.317696,629,510,329,1.0043839529786407
2024-04-25 14:17:02.508000+00:00,2024-04-25 14:15:30+00:00,2024-04-25 14:17:30+00:00,TABUENCA01-45,Sensoria-C1-EEA1,Right,Gait,1.0.5,40.3878707,-3.629144,CB:AA:BC:3F:36:A5,SCKS,-0.667969,-0.167969,0.074219,-6.72,113.120003,-85.120003,0.42048,0.784896,-0.252288,478,708,693,0.6927514921550152
2024-04-25 14:17:02.516000+00:00,2024-04-25 14:15:30+00:00,2024-04-25 14:17:30+00:00,TABUENCA01-45,Sensoria-C1-E90A,Left,Gait,1.0.5,40.3878707,-3.629144,F0:75:B1:51:59:F6,SCKS,0.1875,0.968749,-0.1875,-1.12,-34.720001,-13.440001,0.383104,0.691456,-0.308352,622,502,352,1.0043839529786407
2024-04-25 14:17:02.541000+00:00,2024-04-25 14:15:30+00:00,2024-04-25 14:17:30+00:00,TABUENCA01-45,Sensoria-C1-EEA1,Right,Gait,1.0.5,40.3878707,-3.629144,CB:AA:BC:3F:36:A5,SCKS,-0.5,-0.050781,0.019531,36.959999,61.599998,-133.279999,0.42048,0.79424,-0.242944,478,708,691,0.5029514588128758
2024-04-25 14:17:02.548000+00:00,2024-04-25 14:15:30+00:00,2024-04-25 14:17:30+00:00,TABUENCA01-45,Sensoria-C1-E90A,Left,Gait,1.0.5,40.3878707,-3.629144,F0:75:B1:51:59:F6,SCKS,0.15625,0.90625,-0.25,-2.24,-45.920002,-21.280001,0.37376,0.691456,-0.308352,614,498,382,0.9529969176235566
2024-04-25 14:17:02.557000+00:00,2024-04-25 14:15:30+00:00,2024-04-25 14:17:30+00:00,TABUENCA01-45,Sensoria-C1-EEA1,Right,Gait,1.0.5,40.3878707,-3.629144,CB:AA:BC:3F:36:A5,SCKS,-0.640625,0.15625,-0.011719,51.52,31.360001,-180.320007,0.392448,0.79424,-0.242944,480,711,692,0.6595087475431998
2024-04-25 14:17:02.573000+00:00,2024-04-25 14:15:30+00:00,2024-04-25 14:17:30+00:00,TABUENCA01-45,Sensoria-C1-EEA1,Right,Gait,1.0.5,40.3878707,-3.629144,CB:AA:BC:3F:36:A5,SCKS,-0.585938,0.300781,0.054688,54.880001,-25.76,-241.919998,0.364416,0.803584,-0.242944,479,709,691,0.6608958519683718
2024-04-25 14:17:02.581000+00:00,2024-04-25 14:15:30+00:00,2024-04-25 14:17:30+00:00,TABUENCA01-45,Sensoria-C1-E90A,Left,Gait,1.0.5,40.3878707,-3.629144,F0:75:B1:51:59:F6,SCKS,0.125,0.9375,-0.125,-1.12,-56.0,-16.799999,0.37376,0.691456,-0.308352,605,485,414,0.9540210951546092
2024-04-25 14:17:02.590000+00:00,2024-04-25 14:15:30+00:00,2024-04-25 14:17:30+00:00,TABUENCA01-45,Sensoria-C1-EEA1,Right,Gait,1.0.5,40.3878707,-3.629144,CB:AA:BC:3F:36:A5,SCKS,-0.519532,0.554688,0.058594,59.360001,-54.880001,-278.880005,0.308352,0.803584,-0.2336,479,706,690,0.7622503087595307
2024-04-25 14:17:02.606000+00:00,2024-04-25 14:15:30+00:00,2024-04-25 14:17:30+00:00,TABUENCA01-45,Sensoria-C1-EEA1,Right,Gait,1.0.5,40.3878707,-3.629144,CB:AA:BC:3F:36:A5,SCKS,-0.46875,0.777344,0.050781,59.360001,-71.68,-311.360016,0.261632,0.79424,-0.2336,479,706,692,0.909158383779746
2024-04-25 14:17:02.613000+00:00,2024-04-25 14:15:30+00:00,2024-04-25 14:17:30+00:00,TABUENCA01-45,Sensoria-C1-E90A,Left,Gait,1.0.5,40.3878707,-3.629144,F0:75:B1:51:59:F6,SCKS,0.15625,0.968749,-0.1875,5.6,-43.68,-23.52,0.37376,0.691456,-0.28032,594,467,441,0.9990219904992081
2024-04-25 14:17:02.639000+00:00,2024-04-25 14:15:30+00:00,2024-04-25 14:17:30+00:00,TABUENCA01-45,Sensoria-C1-EEA1,Right,Gait,1.0.5,40.3878707,-3.629144,CB:AA:BC:3F:36:A5,SCKS,-0.449219,1.070313,0.03125,51.52,-72.800003,-341.600006,0.205568,0.784896,-0.214912,479,706,690,1.1611822382511714
2024-04-25 14:17:02.646000+00:00,2024-04-25 14:15:30+00:00,2024-04-25 14:17:30+00:00,TABUENCA01-45,Sensoria-C1-E90A,Left,Gait,1.0.5,40.3878707,-3.629144,F0:75:B1:51:59:F6,SCKS,0.09375,0.9375,-0.1875,4.48,-38.080002,-36.959999,0.37376,0.7008,-0.270976,574,441,470,0.9606516343087124
2024-04-25 14:17:02.655000+00:00,2024-04-25 14:15:30+00:00,2024-04-25 14:17:30+00:00,TABUENCA01-45,Sensoria-C1-EEA1,Right,Gait,1.0.5,40.3878707,-3.629144,CB:AA:BC:3F:36:A5,SCKS,-0.4375,1.390626,0.054688,36.959999,-59.360001,-369.600006,0.205568,0.784896,-0.214912,478,706,688,1.458848072699827
2024-04-25 14:17:02.672000+00:00,2024-04-25 14:15:30+00:00,2024-04-25 14:17:30+00:00,TABUENCA01-45,Sensoria-C1-EEA1,Right,Gait,1.0.5,40.3878707,-3.629144,CB:AA:BC:3F:36:A5,SCKS,-0.460938,1.882814,0.125,16.799999,-28.0,-385.279999,0.130816,0.756864,-0.214912,479,704,687,1.9424410926563513
2024-04-25 14:17:02.679000+00:00,2024-04-25 14:15:30+00:00,2024-04-25 14:17:30+00:00,TABUENCA01-45,Sensoria-C1-E90A,Left,Gait,1.0.5,40.3878707,-3.629144,F0:75:B1:51:59:F6,SCKS,0.09375,0.968749,-0.1875,5.6,-35.84,-47.040001,0.364416,0.710144,-0.270976,548,412,498,0.9911709930688044
2024-04-25 14:17:02.687000+00:00,2024-04-25 14:15:30+00:00,2024-04-25 14:17:30+00:00,TABUENCA01-45,Sensoria-C1-EEA1,Right,Gait,1.0.5,40.3878707,-3.629144,CB:AA:BC:3F:36:A5,SCKS,-0.46875,1.996095,0.265625,2.24,3.36,-387.519989,0.074752,0.728832,-0.224256,478,703,686,2.0675295529084945
2024-04-25 14:17:02.711000+00:00,2024-04-25 14:15:30+00:00,2024-04-25 14:17:30+00:00,TABUENCA01-45,Sensoria-C1-E90A,Left,Gait,1.0.5,40.3878707,-3.629144,F0:75:B1:51:59:F6,SCKS,0.03125,0.999999,-0.1875,5.6,-32.48,-54.880001,0.345728,0.710144,-0.270976,521,375,529,1.017905109772517
2024-04-25 14:17:02.720000+00:00,2024-04-25 14:15:30+00:00,2024-04-25 14:17:30+00:00,TABUENCA01-45,Sensoria-C1-EEA1,Right,Gait,1.0.5,40.3878707,-3.629144,CB:AA:BC:3F:36:A5,SCKS,-0.078125,1.996095,0.042969,34.720001,-44.799999,-396.480011,0.018688,0.691456,-0.214912,478,704,688,1.9980853584396738
2024-04-25 14:17:02.736000+00:00,2024-04-25 14:15:30+00:00,2024-04-25 14:17:30+00:00,TABUENCA01-45,Sensoria-C1-EEA1,Right,Gait,1.0.5,40.3878707,-3.629144,CB:AA:BC:3F:36:A5,SCKS,0.65625,1.996095,0.164063,24.639999,-53.760002,-403.200012,-0.028032,0.635392,-0.224256,477,703,687,2.107599577598648
2024-04-25 14:17:02.743000+00:00,2024-04-25 14:15:30+00:00,2024-04-25 14:17:30+00:00,TABUENCA01-45,Sensoria-C1-E90A,Left,Gait,1.0.5,40.3878707,-3.629144,F0:75:B1:51:59:F6,SCKS,0.03125,1.031249,-0.21875,0.0,-35.84,-59.360001,0.345728,0.728832,-0.270976,489,340,566,1.0546575866133046
2024-04-25 14:17:02.752000+00:00,2024-04-25 14:15:30+00:00,2024-04-25 14:17:30+00:00,TABUENCA01-45,Sensoria-C1-EEA1,Right,Gait,1.0.5,40.3878707,-3.629144,CB:AA:BC:3F:36:A5,SCKS,1.781251,1.996095,-0.679688,19.040001,-57.119999,-383.040009,-0.028032,0.635392,-0.224256,477,704,686,2.760294576919282
2024-04-25 14:17:02.768000+00:00,2024-04-25 14:15:30+00:00,2024-04-25 14:17:30+00:00,TABUENCA01-45,Sensoria-C1-EEA1,Right,Gait,1.0.5,40.3878707,-3.629144,CB:AA:BC:3F:36:A5,SCKS,1.996095,1.843751,-0.371094,50.400002,-26.880001,-271.040009,-0.065408,0.588672,-0.2336,478,704,689,2.7425396543827767
2024-04-25 14:17:02.776000+00:00,2024-04-25 14:15:30+00:00,2024-04-25 14:17:30+00:00,TABUENCA01-45,Sensoria-C1-E90A,Left,Gait,1.0.5,40.3878707,-3.629144,F0:75:B1:51:59:F6,SCKS,0.0625,1.062499,-0.21875,-7.84,-40.32,-70.559998,0.317696,0.738176,-0.261632,456,307,611,1.0865826878342026
2024-04-25 14:17:02.801000+00:00,2024-04-25 14:15:30+00:00,2024-04-25 14:17:30+00:00,TABUENCA01-45,Sensoria-C1-EEA1,Right,Gait,1.0.5,40.3878707,-3.629144,CB:AA:BC:3F:36:A5,SCKS,1.996095,1.445314,0.207031,60.48,41.439999,-147.839996,-0.074752,0.551296,-0.224256,475,706,691,2.473093132613893
2024-04-25 14:17:02.809000+00:00,2024-04-25 14:15:30+00:00,2024-04-25 14:17:30+00:00,TABUENCA01-45,Sensoria-C1-E90A,Left,Gait,1.0.5,40.3878707,-3.629144,F0:75:B1:51:59:F6,SCKS,0.0625,1.156249,0.0,-3.36,-28.0,-95.199997,0.308352,0.74752,-0.261632,418,273,659,1.1579369585607846
2024-04-25 14:17:02.817000+00:00,2024-04-25 14:15:30+00:00,2024-04-25 14:17:30+00:00,TABUENCA01-45,Sensoria-C1-EEA1,Right,Gait,1.0.5,40.3878707,-3.629144,CB:AA:BC:3F:36:A5,SCKS,1.996095,1.996095,0.800782,21.280001,39.200001,-4.48,-0.074752,0.532608,-0.214912,476,706,696,2.9342873597475077
2024-04-25 14:17:02.834000+00:00,2024-04-25 14:15:30+00:00,2024-04-25 14:17:30+00:00,TABUENCA01-45,Sensoria-C1-EEA1,Right,Gait,1.0.5,40.3878707,-3.629144,CB:AA:BC:3F:36:A5,SCKS,0.082031,1.996095,0.066406,-5.6,-85.120003,140.0,-0.074752,0.551296,-0.2336,476,706,694,1.998883210901027
2024-04-25 14:17:02.841000+00:00,2024-04-25 14:15:30+00:00,2024-04-25 14:17:30+00:00,TABUENCA01-45,Sensoria-C1-E90A,Left,Gait,1.0.5,40.3878707,-3.629144,F0:75:B1:51:59:F6,SCKS,0.1875,1.343749,-0.34375,7.84,-6.72,-123.199997,0.261632,0.766208,-0.261632,405,265,675,1.3996362697147429
2024-04-25 14:17:02.850000+00:00,2024-04-25 14:15:30+00:00,2024-04-25 14:17:30+00:00,TABUENCA01-45,Sensoria-C1-EEA1,Right,Gait,1.0.5,40.3878707,-3.629144,CB:AA:BC:3F:36:A5,SCKS,-2.000001,0.960938,0.027344,34.720001,-129.919998,91.840004,-0.074752,0.551296,-0.2336,479,707,674,2.219043382672137
2024-04-25 14:17:02.857000+00:00,2024-04-25 14:15:30+00:00,2024-04-25 14:17:30+00:00,TABUENCA01-45,Sensoria-C1-E90A,Left,Gait,1.0.5,40.3878707,-3.629144,F0:75:B1:51:59:F6,SCKS,0.1875,1.562499,-0.25,1.12,-16.799999,-147.839996,0.2336,0.784896,-0.261632,417,289,680,1.5934426174170817
2024-04-25 14:17:02.866000+00:00,2024-04-25 14:15:30+00:00,2024-04-25 14:17:30+00:00,TABUENCA01-45,Sensoria-C1-EEA1,Right,Gait,1.0.5,40.3878707,-3.629144,CB:AA:BC:3F:36:A5,SCKS,0.558594,0.984376,1.218751,50.400002,-199.360001,230.720001,-0.074752,0.569984,-0.252288,489,708,634,1.663243026804261
2024-04-25 14:17:02.889000+00:00,2024-04-25 14:15:30+00:00,2024-04-25 14:17:30+00:00,TABUENCA01-45,Sensoria-C1-E90A,Left,Gait,1.0.5,40.3878707,-3.629144,F0:75:B1:51:59:F6,SCKS,0.75,2.218749,-0.09375,-16.799999,-28.0,-185.919998,0.196224,0.79424,-0.261632,479,347,681,2.3439573774923894
2024-04-25 14:17:02.898000+00:00,2024-04-25 14:15:30+00:00,2024-04-25 14:17:30+00:00,TABUENCA01-45,Sensoria-C1-EEA1,Right,Gait,1.0.5,40.3878707,-3.629144,CB:AA:BC:3F:36:A5,SCKS,0.855469,1.894533,0.265625,48.16,-33.599998,218.399994,-0.065408,0.60736,-0.28032,497,714,562,2.095623806572878
2024-04-25 14:17:02.914000+00:00,2024-04-25 14:15:30+00:00,2024-04-25 14:17:30+00:00,TABUENCA01-45,Sensoria-C1-EEA1,Right,Gait,1.0.5,40.3878707,-3.629144,CB:AA:BC:3F:36:A5,SCKS,0.121094,1.476564,-0.257813,42.560001,54.880001,199.360001,-0.056064,0.644736,-0.270976,500,716,480,1.5037860705236634
2024-04-25 14:17:02.922000+00:00,2024-04-25 14:15:30+00:00,2024-04-25 14:17:30+00:00,TABUENCA01-45,Sensoria-C1-E90A,Left,Gait,1.0.5,40.3878707,-3.629144,F0:75:B1:51:59:F6,SCKS,0.6875,2.093749,-0.25,-47.040001,-72.800003,-199.360001,0.177536,0.803584,-0.28032,538,397,681,2.21786859957956
2024-04-25 14:17:02.931000+00:00,2024-04-25 14:15:30+00:00,2024-04-25 14:17:30+00:00,TABUENCA01-45,Sensoria-C1-EEA1,Right,Gait,1.0.5,40.3878707,-3.629144,CB:AA:BC:3F:36:A5,SCKS,0.050781,1.113282,-0.417969,24.639999,39.200001,175.839996,-0.037376,0.663424,-0.252288,501,715,422,1.1902409867106745
2024-04-25 14:17:02.947000+00:00,2024-04-25 14:15:30+00:00,2024-04-25 14:17:30+00:00,TABUENCA01-45,Sensoria-C1-EEA1,Right,Gait,1.0.5,40.3878707,-3.629144,CB:AA:BC:3F:36:A5,SCKS,0.054688,0.902344,-0.023438,11.2,6.72,133.279999,-0.018688,0.682112,-0.261632,495,718,385,0.9043034952514559
2024-04-25 14:17:02.954000+00:00,2024-04-25 14:15:30+00:00,2024-04-25 14:17:30+00:00,TABUENCA01-45,Sensoria-C1-E90A,Left,Gait,1.0.5,40.3878707,-3.629144,F0:75:B1:51:59:F6,SCKS,0.5,1.906249,-0.9375,-23.52,-88.480003,-240.800003,0.130816,0.803584,-0.270976,592,452,689,2.1823591592588514
2024-04-25 14:17:02.980000+00:00,2024-04-25 14:15:30+00:00,2024-04-25 14:17:30+00:00,TABUENCA01-45,Sensoria-C1-EEA1,Right,Gait,1.0.5,40.3878707,-3.629144,CB:AA:BC:3F:36:A5,SCKS,-0.136719,0.957032,0.113281,-6.72,31.360001,115.360001,-0.018688,0.682112,-0.261632,484,720,364,0.9733626862305746
2024-04-25 14:17:02.987000+00:00,2024-04-25 14:15:30+00:00,2024-04-25 14:17:30+00:00,TABUENCA01-45,Sensoria-C1-E90A,Left,Gait,1.0.5,40.3878707,-3.629144,F0:75:B1:51:59:F6,SCKS,0.53125,0.9375,-0.46875,40.32,28.0,-226.240005,0.037376,0.803584,-0.270976,647,508,691,1.175099729810198
2024-04-25 14:17:02.996000+00:00,2024-04-25 14:15:30+00:00,2024-04-25 14:17:30+00:00,TABUENCA01-45,Sensoria-C1-EEA1,Right,Gait,1.0.5,40.3878707,-3.629144,CB:AA:BC:3F:36:A5,SCKS,-0.089844,0.988282,-0.082031,0.0,2.24,89.599998,-0.009344,0.691456,-0.261632,473,719,349,0.9957421055780458
2024-04-25 14:17:03.012000+00:00,2024-04-25 14:15:30+00:00,2024-04-25 14:17:30+00:00,TABUENCA01-45,Sensoria-C1-EEA1,Right,Gait,1.0.5,40.3878707,-3.629144,CB:AA:BC:3F:36:A5,SCKS,-0.140625,0.964844,0.039063,-8.96,12.32,76.160004,0.009344,0.7008,-0.252288,463,713,344,0.9758202974574777
2024-04-25 14:17:03.019000+00:00,2024-04-25 14:15:30+00:00,2024-04-25 14:17:30+00:00,TABUENCA01-45,Sensoria-C1-E90A,Left,Gait,1.0.5,40.3878707,-3.629144,F0:75:B1:51:59:F6,SCKS,-0.28125,0.71875,-0.25,28.0,-153.440002,-73.919998,0.009344,0.803584,-0.28032,688,535,694,0.8112971866091981
2024-04-25 14:17:03.029000+00:00,2024-04-25 14:15:30+00:00,2024-04-25 14:17:30+00:00,TABUENCA01-45,Sensoria-C1-EEA1,Right,Gait,1.0.5,40.3878707,-3.629144,CB:AA:BC:3F:36:A5,SCKS,-0.082031,0.988282,0.078125,-2.24,3.36,56.0,0.018688,0.7008,-0.252288,454,704,341,0.9947531915555737
2024-04-25 14:17:03.052000+00:00,2024-04-25 14:15:30+00:00,2024-04-25 14:17:30+00:00,TABUENCA01-45,Sensoria-C1-E90A,Left,Gait,1.0.5,40.3878707,-3.629144,F0:75:B1:51:59:F6,SCKS,0.968749,0.125,-0.0625,11.2,-143.360001,94.080002,0.0,0.803584,-0.28032,699,541,693,0.9787777454565464
2024-04-25 14:17:03.061000+00:00,2024-04-25 14:15:30+00:00,2024-04-25 14:17:30+00:00,TABUENCA01-45,Sensoria-C1-EEA1,Right,Gait,1.0.5,40.3878707,-3.629144,CB:AA:BC:3F:36:A5,SCKS,-0.132813,1.000001,0.019531,2.24,1.12,42.560001,0.028032,0.710144,-0.242944,448,696,340,1.0089711358264912
2024-04-25 14:17:03.077000+00:00,2024-04-25 14:15:30+00:00,2024-04-25 14:17:30+00:00,TABUENCA01-45,Sensoria-C1-EEA1,Right,Gait,1.0.5,40.3878707,-3.629144,CB:AA:BC:3F:36:A5,SCKS,-0.132813,0.984376,-0.015625,-1.12,6.72,40.32,0.028032,0.710144,-0.242944,441,688,343,0.9934181108526259
2024-04-25 14:17:03.084000+00:00,2024-04-25 14:15:30+00:00,2024-04-25 14:17:30+00:00,TABUENCA01-45,Sensoria-C1-E90A,Left,Gait,1.0.5,40.3878707,-3.629144,F0:75:B1:51:59:F6,SCKS,0.53125,0.0,0.0,2.24,-8.96,135.520004,0.037376,0.812928,-0.270976,703,540,689,0.53125
2024-04-25 14:17:03.093000+00:00,2024-04-25 14:15:30+00:00,2024-04-25 14:17:30+00:00,TABUENCA01-45,Sensoria-C1-EEA1,Right,Gait,1.0.5,40.3878707,-3.629144,CB:AA:BC:3F:36:A5,SCKS,-0.140625,0.960938,0.007813,-3.36,7.84,39.200001,0.028032,0.710144,-0.242944,436,681,349,0.9712045476818979
2024-04-25 14:17:03.109000+00:00,2024-04-25 14:15:30+00:00,2024-04-25 14:17:30+00:00,TABUENCA01-45,Sensoria-C1-EEA1,Right,Gait,1.0.5,40.3878707,-3.629144,CB:AA:BC:3F:36:A5,SCKS,-0.121094,0.960938,-0.042969,-2.24,5.6,40.32,0.028032,0.719488,-0.242944,427,673,358,0.9694905526311228
2024-04-25 14:17:03.117000+00:00,2024-04-25 14:15:30+00:00,2024-04-25 14:17:30+00:00,TABUENCA01-45,Sensoria-C1-E90A,Left,Gait,1.0.5,40.3878707,-3.629144,F0:75:B1:51:59:F6,SCKS,0.34375,0.125,-0.09375,30.24,31.360001,192.639999,0.074752,0.803584,-0.270976,703,539,689,0.3775951866748304
2024-04-25 14:17:03.125000+00:00,2024-04-25 14:15:30+00:00,2024-04-25 14:17:30+00:00,TABUENCA01-45,Sensoria-C1-EEA1,Right,Gait,1.0.5,40.3878707,-3.629144,CB:AA:BC:3F:36:A5,SCKS,-0.097656,0.984376,-0.089844,-6.72,15.68,41.439999,0.037376,0.719488,-0.252288,420,664,365,0.9932797934358677
2024-04-25 14:17:03.149000+00:00,2024-04-25 14:15:30+00:00,2024-04-25 14:17:30+00:00,TABUENCA01-45,Sensoria-C1-E90A,Left,Gait,1.0.5,40.3878707,-3.629144,F0:75:B1:51:59:F6,SCKS,0.34375,0.4375,-0.15625,39.200001,42.560001,240.800003,0.112128,0.803584,-0.261632,704,537,688,0.5779138127783415
2024-04-25 14:17:03.158000+00:00,2024-04-25 14:15:30+00:00,2024-04-25 14:17:30+00:00,TABUENCA01-45,Sensoria-C1-EEA1,Right,Gait,1.0.5,40.3878707,-3.629144,CB:AA:BC:3F:36:A5,SCKS,-0.085938,0.960938,-0.019531,-11.2,22.4,40.32,0.04672,0.719488,-0.2336,409,656,377,0.9649707973037319
2024-04-25 14:17:03.174000+00:00,2024-04-25 14:15:30+00:00,2024-04-25 14:17:30+00:00,TABUENCA01-45,Sensoria-C1-EEA1,Right,Gait,1.0.5,40.3878707,-3.629144,CB:AA:BC:3F:36:A5,SCKS,-0.074219,0.976563,0.007813,-8.96,23.52,39.200001,0.04672,0.719488,-0.2336,398,646,386,0.9794104328109845
2024-04-25 14:17:03.182000+00:00,2024-04-25 14:15:30+00:00,2024-04-25 14:17:30+00:00,TABUENCA01-45,Sensoria-C1-E90A,Left,Gait,1.0.5,40.3878707,-3.629144,F0:75:B1:51:59:F6,SCKS,0.25,0.6875,-0.03125,24.639999,49.279999,287.839996,0.158848,0.803584,-0.261632,702,538,686,0.7322109071162488
2024-04-25 14:17:03.191000+00:00,2024-04-25 14:15:30+00:00,2024-04-25 14:17:30+00:00,TABUENCA01-45,Sensoria-C1-EEA1,Right,Gait,1.0.5,40.3878707,-3.629144,CB:AA:BC:3F:36:A5,SCKS,-0.070313,0.968751,-0.003906,-4.48,23.52,35.84,0.056064,0.719488,-0.224256,384,636,395,0.9713071989880442
2024-04-25 14:17:03.198000+00:00,2024-04-25 14:15:30+00:00,2024-04-25 14:17:30+00:00,TABUENCA01-45,Sensoria-C1-E90A,Left,Gait,1.0.5,40.3878707,-3.629144,F0:75:B1:51:59:F6,SCKS,0.3125,0.999999,0.0,17.92,35.84,338.23999,0.224256,0.784896,-0.252288,703,536,683,1.0476899589100774
2024-04-25 14:17:03.207000+00:00,2024-04-25 14:15:30+00:00,2024-04-25 14:17:30+00:00,TABUENCA01-45,Sensoria-C1-EEA1,Right,Gait,1.0.5,40.3878707,-3.629144,CB:AA:BC:3F:36:A5,SCKS,-0.074219,0.988282,-0.023438,-3.36,20.16,35.84,0.056064,0.728832,-0.242944,370,625,404,0.9913420758391122
2024-04-25 14:17:03.231000+00:00,2024-04-25 14:15:30+00:00,2024-04-25 14:17:30+00:00,TABUENCA01-45,Sensoria-C1-E90A,Left,Gait,1.0.5,40.3878707,-3.629144,F0:75:B1:51:59:F6,SCKS,0.375,1.499999,0.0,11.2,32.48,368.480011,0.28032,0.719488,-0.261632,703,536,685,1.5461636394641416
2024-04-25 14:17:03.239000+00:00,2024-04-25 14:15:30+00:00,2024-04-25 14:17:30+00:00,TABUENCA01-45,Sensoria-C1-EEA1,Right,Gait,1.0.5,40.3878707,-3.629144,CB:AA:BC:3F:36:A5,SCKS,-0.054688,1.011719,-0.015625,-4.48,19.040001,36.959999,0.056064,0.728832,-0.2336,356,613,413,1.0133164623798432
2024-04-25 14:17:03.256000+00:00,2024-04-25 14:15:30+00:00,2024-04-25 14:17:30+00:00,TABUENCA01-45,Sensoria-C1-EEA1,Right,Gait,1.0.5,40.3878707,-3.629144,CB:AA:BC:3F:36:A5,SCKS,-0.082031,0.972657,0.039063,-5.6,17.92,42.560001,0.065408,0.728832,-0.2336,340,601,425,0.9768913156431477
2024-04-25 14:17:03.263000+00:00,2024-04-25 14:15:30+00:00,2024-04-25 14:17:30+00:00,TABUENCA01-45,Sensoria-C1-E90A,Left,Gait,1.0.5,40.3878707,-3.629144,F0:75:B1:51:59:F6,SCKS,0.40625,2.124999,0.125,3.36,48.16,392.0,0.392448,0.672768,-0.261632,701,536,684,2.1670913253716373
2024-04-25 14:17:03.272000+00:00,2024-04-25 14:15:30+00:00,2024-04-25 14:17:30+00:00,TABUENCA01-45,Sensoria-C1-EEA1,Right,Gait,1.0.5,40.3878707,-3.629144,CB:AA:BC:3F:36:A5,SCKS,-0.082031,0.968751,0.03125,-3.36,11.2,52.639999,0.065408,0.728832,-0.2336,320,583,437,0.9727199738167198
2024-04-25 14:17:03.296000+00:00,2024-04-25 14:15:30+00:00,2024-04-25 14:17:30+00:00,TABUENCA01-45,Sensoria-C1-E90A,Left,Gait,1.0.5,40.3878707,-3.629144,F0:75:B1:51:59:F6,SCKS,-0.375,3.249998,-0.03125,-23.52,96.32,402.079987,0.448512,0.616704,-0.28032,701,534,681,3.2717103420847025
2024-04-25 14:17:03.321000+00:00,2024-04-25 14:15:30+00:00,2024-04-25 14:17:30+00:00,TABUENCA01-45,Sensoria-C1-EEA1,Right,Gait,1.0.5,40.3878707,-3.629144,CB:AA:BC:3F:36:A5,SCKS,-0.035156,1.054688,0.023438,-1.12,-1.12,71.68,0.084096,0.738176,-0.2336,274,539,484,1.0555340172272991
2024-04-25 14:17:03.329000+00:00,2024-04-25 14:15:30+00:00,2024-04-25 14:17:30+00:00,TABUENCA01-45,Sensoria-C1-E90A,Left,Gait,1.0.5,40.3878707,-3.629144,F0:75:B1:51:59:F6,SCKS,-1.531249,2.124999,-1.718749,-29.120001,95.199997,306.880005,0.504576,0.504576,-0.317696,699,535,684,3.1328010429969853
2024-04-25 14:17:03.337000+00:00,2024-04-25 14:15:30+00:00,2024-04-25 14:17:30+00:00,TABUENCA01-45,Sensoria-C1-EEA1,Right,Gait,1.0.5,40.3878707,-3.629144,CB:AA:BC:3F:36:A5,SCKS,-0.089844,1.132813,0.039063,7.84,-10.08,80.639999,0.084096,0.74752,-0.2336,255,515,513,1.1370414043798054
2024-04-25 14:17:03.354000+00:00,2024-04-25 14:15:30+00:00,2024-04-25 14:17:30+00:00,TABUENCA01-45,Sensoria-C1-EEA1,Right,Gait,1.0.5,40.3878707,-3.629144,CB:AA:BC:3F:36:A5,SCKS,-0.105469,1.203126,0.121094,14.56,-15.68,96.32,0.09344,0.756864,-0.224256,238,492,559,1.2137955506068556
2024-04-25 14:17:03.361000+00:00,2024-04-25 14:15:30+00:00,2024-04-25 14:17:30+00:00,TABUENCA01-45,Sensoria-C1-E90A,Left,Gait,1.0.5,40.3878707,-3.629144,F0:75:B1:51:59:F6,SCKS,-4.187498,1.156249,-0.21875,-4.48,-52.639999,107.520004,0.51392,0.4672,-0.317696,696,535,686,4.349701462457509
2024-04-25 14:17:03.370000+00:00,2024-04-25 14:15:30+00:00,2024-04-25 14:17:30+00:00,TABUENCA01-45,Sensoria-C1-EEA1,Right,Gait,1.0.5,40.3878707,-3.629144,CB:AA:BC:3F:36:A5,SCKS,-0.105469,1.19922,0.15625,2.24,-22.4,113.120003,0.121472,0.766208,-0.224256,219,468,605,1.213946613678295
2024-04-25 14:17:03.386000+00:00,2024-04-25 14:15:30+00:00,2024-04-25 14:17:30+00:00,TABUENCA01-45,Sensoria-C1-EEA1,Right,Gait,1.0.5,40.3878707,-3.629144,CB:AA:BC:3F:36:A5,SCKS,-0.210938,1.390626,0.03125,-12.32,-26.880001,124.32,0.130816,0.775552,-0.2336,206,449,641,1.406880262929294
2024-04-25 14:17:03.393000+00:00,2024-04-25 14:15:30+00:00,2024-04-25 14:17:30+00:00,TABUENCA01-45,Sensoria-C1-E90A,Left,Gait,1.0.5,40.3878707,-3.629144,F0:75:B1:51:59:F6,SCKS,-1.562499,2.406249,-0.09375,7.84,-29.120001,-98.559998,0.51392,0.4672,-0.308352,693,534,690,2.870579460231331
2024-04-25 14:17:03.419000+00:00,2024-04-25 14:15:30+00:00,2024-04-25 14:17:30+00:00,TABUENCA01-45,Sensoria-C1-EEA1,Right,Gait,1.0.5,40.3878707,-3.629144,CB:AA:BC:3F:36:A5,SCKS,-0.144531,1.496095,-0.199219,-21.280001,-24.639999,138.880005,0.130816,0.775552,-0.2336,196,437,666,1.5162050220689154
2024-04-25 14:17:03.426000+00:00,2024-04-25 14:15:30+00:00,2024-04-25 14:17:30+00:00,TABUENCA01-45,Sensoria-C1-E90A,Left,Gait,1.0.5,40.3878707,-3.629144,F0:75:B1:51:59:F6,SCKS,2.187499,0.3125,0.65625,49.279999,69.440002,-114.239998,0.51392,0.485888,-0.317696,697,533,670,2.305097001755241
2024-04-25 14:17:03.435000+00:00,2024-04-25 14:15:30+00:00,2024-04-25 14:17:30+00:00,TABUENCA01-45,Sensoria-C1-EEA1,Right,Gait,1.0.5,40.3878707,-3.629144,CB:AA:BC:3F:36:A5,SCKS,-0.234375,1.691407,-0.070313,-26.880001,-10.08,156.800003,0.149504,0.784896,-0.2336,192,431,679,1.709015271506665
2024-04-25 14:17:03.451000+00:00,2024-04-25 14:15:30+00:00,2024-04-25 14:17:30+00:00,TABUENCA01-45,Sensoria-C1-EEA1,Right,Gait,1.0.5,40.3878707,-3.629144,CB:AA:BC:3F:36:A5,SCKS,-0.523438,1.921876,0.191406,-32.48,8.96,180.320007,0.177536,0.784896,-0.242944,192,437,689,2.001057459458873
2024-04-25 14:17:03.459000+00:00,2024-04-25 14:15:30+00:00,2024-04-25 14:17:30+00:00,TABUENCA01-45,Sensoria-C1-E90A,Left,Gait,1.0.5,40.3878707,-3.629144,F0:75:B1:51:59:F6,SCKS,-0.3125,1.624999,-0.09375,61.599998,70.559998,-198.240005,0.495232,0.523264,-0.336384,699,537,604,1.6574278453377693
2024-04-25 14:17:03.467000+00:00,2024-04-25 14:15:30+00:00,2024-04-25 14:17:30+00:00,TABUENCA01-45,Sensoria-C1-EEA1,Right,Gait,1.0.5,40.3878707,-3.629144,CB:AA:BC:3F:36:A5,SCKS,-0.906251,1.996095,0.371094,-44.799999,23.52,206.080002,0.214912,0.79424,-0.2336,207,448,693,2.223375110246132
2024-04-25 14:17:03.491000+00:00,2024-04-25 14:15:30+00:00,2024-04-25 14:17:30+00:00,TABUENCA01-45,Sensoria-C1-E90A,Left,Gait,1.0.5,40.3878707,-3.629144,F0:75:B1:51:59:F6,SCKS,-0.28125,1.812499,0.0,63.84,1.12,-175.839996,0.457856,0.588672,-0.32704,698,541,471,1.8341903356797518
2024-04-25 14:17:03.500000+00:00,2024-04-25 14:15:30+00:00,2024-04-25 14:17:30+00:00,TABUENCA01-45,Sensoria-C1-EEA1,Right,Gait,1.0.5,40.3878707,-3.629144,CB:AA:BC:3F:36:A5,SCKS,-0.980469,1.996095,0.121094,-51.52,38.080002,237.440002,0.261632,0.803584,-0.261632,236,465,693,2.227190711596562
2024-04-25 14:17:03.516000+00:00,2024-04-25 14:15:30+00:00,2024-04-25 14:17:30+00:00,TABUENCA01-45,Sensoria-C1-EEA1,Right,Gait,1.0.5,40.3878707,-3.629144,CB:AA:BC:3F:36:A5,SCKS,-0.351563,1.996095,-0.507813,-30.24,-5.6,271.040009,0.261632,0.803584,-0.261632,280,510,693,2.089465442395016
2024-04-25 14:17:03.523000+00:00,2024-04-25 14:15:30+00:00,2024-04-25 14:17:30+00:00,TABUENCA01-45,Sensoria-C1-E90A,Left,Gait,1.0.5,40.3878707,-3.629144,F0:75:B1:51:59:F6,SCKS,0.21875,0.53125,-0.5625,75.040001,-36.959999,-153.440002,0.439168,0.616704,-0.317696,696,550,407,0.8040425206417879
2024-04-25 14:17:03.532000+00:00,2024-04-25 14:15:30+00:00,2024-04-25 14:17:30+00:00,TABUENCA01-45,Sensoria-C1-EEA1,Right,Gait,1.0.5,40.3878707,-3.629144,CB:AA:BC:3F:36:A5,SCKS,-0.683594,1.996095,-0.535157,-16.799999,-40.32,287.839996,0.308352,0.803584,-0.252288,338,574,693,2.176715190490019
2024-04-25 14:17:03.540000+00:00,2024-04-25 14:15:30+00:00,2024-04-25 14:17:30+00:00,TABUENCA01-45,Sensoria-C1-E90A,Left,Gait,1.0.5,40.3878707,-3.629144,F0:75:B1:51:59:F6,SCKS,-0.03125,1.031249,-0.09375,34.720001,-48.16,-90.720001,0.42048,0.644736,-0.317696,682,549,368,1.0359730329506653
2024-04-25 14:17:03.549000+00:00,2024-04-25 14:15:30+00:00,2024-04-25 14:17:30+00:00,TABUENCA01-45,Sensoria-C1-EEA1,Right,Gait,1.0.5,40.3878707,-3.629144,CB:AA:BC:3F:36:A5,SCKS,-0.292969,0.894532,-0.542969,12.32,-48.16,287.839996,0.355072,0.803584,-0.261632,399,629,692,1.0866617086039243
2024-04-25 14:17:03.572000+00:00,2024-04-25 14:15:30+00:00,2024-04-25 14:17:30+00:00,TABUENCA01-45,Sensoria-C1-E90A,Left,Gait,1.0.5,40.3878707,-3.629144,F0:75:B1:51:59:F6,SCKS,0.21875,0.9375,-0.21875,19.040001,-36.959999,-39.200001,0.411136,0.65408,-0.308352,667,543,345,0.9872230624332071
2024-04-25 14:17:03.581000+00:00,2024-04-25 14:15:30+00:00,2024-04-25 14:17:30+00:00,TABUENCA01-45,Sensoria-C1-EEA1,Right,Gait,1.0.5,40.3878707,-3.629144,CB:AA:BC:3F:36:A5,SCKS,-0.167969,0.5,-0.570313,24.639999,3.36,213.919998,0.392448,0.79424,-0.252288,443,670,692,0.7768336391596338
2024-04-25 14:17:03.597000+00:00,2024-04-25 14:15:30+00:00,2024-04-25 14:17:30+00:00,TABUENCA01-45,Sensoria-C1-EEA1,Right,Gait,1.0.5,40.3878707,-3.629144,CB:AA:BC:3F:36:A5,SCKS,0.347656,0.882813,-0.683594,16.799999,109.760002,142.240005,0.411136,0.784896,-0.252288,464,688,691,1.169411922352855
2024-04-25 14:17:03.604000+00:00,2024-04-25 14:15:30+00:00,2024-04-25 14:17:30+00:00,TABUENCA01-45,Sensoria-C1-E90A,Left,Gait,1.0.5,40.3878707,-3.629144,F0:75:B1:51:59:F6,SCKS,0.15625,0.999999,-0.125,7.84,-29.120001,-24.639999,0.401792,0.65408,-0.299008,652,531,336,1.019822073942803
2024-04-25 14:17:03.613000+00:00,2024-04-25 14:15:30+00:00,2024-04-25 14:17:30+00:00,TABUENCA01-45,Sensoria-C1-EEA1,Right,Gait,1.0.5,40.3878707,-3.629144,CB:AA:BC:3F:36:A5,SCKS,-1.253907,0.289063,-0.25,-33.599998,166.880005,-13.440001,0.411136,0.784896,-0.252288,474,698,688,1.3108547526778092
2024-04-25 14:17:03.629000+00:00,2024-04-25 14:15:30+00:00,2024-04-25 14:17:30+00:00,TABUENCA01-45,Sensoria-C1-EEA1,Right,Gait,1.0.5,40.3878707,-3.629144,CB:AA:BC:3F:36:A5,SCKS,-0.765626,-0.007813,-0.019531,-22.4,82.879997,-47.040001,0.42048,0.79424,-0.261632,479,705,689,0.7659149266113046
2024-04-25 14:17:03.637000+00:00,2024-04-25 14:15:30+00:00,2024-04-25 14:17:30+00:00,TABUENCA01-45,Sensoria-C1-E90A,Left,Gait,1.0.5,40.3878707,-3.629144,F0:75:B1:51:59:F6,SCKS,0.1875,0.968749,-0.1875,0.0,-24.639999,-22.4,0.401792,0.672768,-0.299008,624,513,353,1.0043839529786407
2024-04-25 14:17:03.646000+00:00,2024-04-25 14:15:30+00:00,2024-04-25 14:17:30+00:00,TABUENCA01-45,Sensoria-C1-EEA1,Right,Gait,1.0.5,40.3878707,-3.629144,CB:AA:BC:3F:36:A5,SCKS,-0.464844,-0.050781,-0.011719,19.040001,21.280001,-86.239998,0.42048,0.79424,-0.270976,480,708,686,0.46775633534779615
2024-04-25 14:17:03.669000+00:00,2024-04-25 14:15:30+00:00,2024-04-25 14:17:30+00:00,TABUENCA01-45,Sensoria-C1-E90A,Left,Gait,1.0.5,40.3878707,-3.629144,F0:75:B1:51:59:F6,SCKS,0.15625,0.9375,-0.25,-5.6,-28.0,-28.0,0.392448,0.682112,-0.289664,604,499,383,0.9827615745947742
2024-04-25 14:17:03.694000+00:00,2024-04-25 14:15:30+00:00,2024-04-25 14:17:30+00:00,TABUENCA01-45,Sensoria-C1-EEA1,Right,Gait,1.0.5,40.3878707,-3.629144,CB:AA:BC:3F:36:A5,SCKS,-0.488282,0.074219,-0.105469,38.080002,-5.6,-133.279999,0.401792,0.79424,-0.261632,482,710,686,0.5050262185728578
2024-04-25 14:17:03.695000+00:00,2024-04-25 14:15:30+00:00,2024-04-25 14:17:30+00:00,TABUENCA01-45,Sensoria-C1-EEA1,Right,Gait,1.0.5,40.3878707,-3.629144,CB:AA:BC:3F:36:A5,SCKS,-0.523438,0.253906,-0.113281,38.080002,-32.48,-179.199997,0.364416,0.79424,-0.252288,481,709,685,0.5926956905875054
2024-04-25 14:17:03.702000+00:00,2024-04-25 14:15:30+00:00,2024-04-25 14:17:30+00:00,TABUENCA01-45,Sensoria-C1-E90A,Left,Gait,1.0.5,40.3878707,-3.629144,F0:75:B1:51:59:F6,SCKS,0.09375,0.9375,-0.15625,-7.84,-35.84,-25.76,0.383104,0.682112,-0.28032,582,485,421,0.9550441743710079
2024-04-25 14:17:03.711000+00:00,2024-04-25 14:15:30+00:00,2024-04-25 14:17:30+00:00,TABUENCA01-45,Sensoria-C1-EEA1,Right,Gait,1.0.5,40.3878707,-3.629144,CB:AA:BC:3F:36:A5,SCKS,-0.476563,0.351563,-0.082031,36.959999,-59.360001,-222.880005,0.317696,0.803584,-0.252288,481,708,685,0.597861121749023
2024-04-25 14:17:03.727000+00:00,2024-04-25 14:15:30+00:00,2024-04-25 14:17:30+00:00,TABUENCA01-45,Sensoria-C1-EEA1,Right,Gait,1.0.5,40.3878707,-3.629144,CB:AA:BC:3F:36:A5,SCKS,-0.417969,0.496094,-0.078125,42.560001,-81.760002,-262.079987,0.317696,0.803584,-0.252288,481,708,684,0.6533841576147986
2024-04-25 14:17:03.734000+00:00,2024-04-25 14:15:30+00:00,2024-04-25 14:17:30+00:00,TABUENCA01-45,Sensoria-C1-E90A,Left,Gait,1.0.5,40.3878707,-3.629144,F0:75:B1:51:59:F6,SCKS,0.125,0.968749,-0.1875,-2.24,-34.720001,-26.880001,0.383104,0.682112,-0.28032,563,468,458,0.994613429931951
2024-04-25 14:17:03.759000+00:00,2024-04-25 14:15:30+00:00,2024-04-25 14:17:30+00:00,TABUENCA01-45,Sensoria-C1-EEA1,Right,Gait,1.0.5,40.3878707,-3.629144,CB:AA:BC:3F:36:A5,SCKS,-0.390625,0.703125,-0.09375,43.68,-88.480003,-294.559998,0.270976,0.803584,-0.242944,482,707,683,0.8097911574906211
2024-04-25 14:17:03.767000+00:00,2024-04-25 14:15:30+00:00,2024-04-25 14:17:30+00:00,TABUENCA01-45,Sensoria-C1-E90A,Left,Gait,1.0.5,40.3878707,-3.629144,F0:75:B1:51:59:F6,SCKS,0.09375,0.968749,-0.1875,2.24,-39.200001,-33.599998,0.37376,0.691456,-0.270976,542,447,495,0.9911709930688044
2024-04-25 14:17:03.776000+00:00,2024-04-25 14:15:30+00:00,2024-04-25 14:17:30+00:00,TABUENCA01-45,Sensoria-C1-EEA1,Right,Gait,1.0.5,40.3878707,-3.629144,CB:AA:BC:3F:36:A5,SCKS,-0.417969,0.980469,-0.085938,36.959999,-84.0,-321.440002,0.214912,0.79424,-0.242944,481,705,683,1.0693001845908379
2024-04-25 14:17:03.793000+00:00,2024-04-25 14:15:30+00:00,2024-04-25 14:17:30+00:00,TABUENCA01-45,Sensoria-C1-EEA1,Right,Gait,1.0.5,40.3878707,-3.629144,CB:AA:BC:3F:36:A5,SCKS,-0.351563,1.238282,-0.042969,26.880001,-75.040001,-348.320007,0.149504,0.775552,-0.2336,479,705,682,1.287938348467814
2024-04-25 14:17:03.800000+00:00,2024-04-25 14:15:30+00:00,2024-04-25 14:17:30+00:00,TABUENCA01-45,Sensoria-C1-E90A,Left,Gait,1.0.5,40.3878707,-3.629144,F0:75:B1:51:59:F6,SCKS,0.0625,0.9375,-0.1875,10.08,-50.400002,-35.84,0.37376,0.7008,-0.270976,519,428,530,0.9581068572972432
2024-04-25 14:17:03.809000+00:00,2024-04-25 14:15:30+00:00,2024-04-25 14:17:30+00:00,TABUENCA01-45,Sensoria-C1-EEA1,Right,Gait,1.0.5,40.3878707,-3.629144,CB:AA:BC:3F:36:A5,SCKS,-0.394532,1.656251,0.03125,15.68,-47.040001,-369.600006,0.09344,0.74752,-0.242944,480,703,681,1.7028797481105353
2024-04-25 14:17:03.832000+00:00,2024-04-25 14:15:30+00:00,2024-04-25 14:17:30+00:00,TABUENCA01-45,Sensoria-C1-E90A,Left,Gait,1.0.5,40.3878707,-3.629144,F0:75:B1:51:59:F6,SCKS,0.0625,0.9375,-0.1875,17.92,-53.760002,-35.84,0.364416,0.7008,-0.252288,497,404,563,0.9581068572972432
2024-04-25 14:17:03.840000+00:00,2024-04-25 14:15:30+00:00,2024-04-25 14:17:30+00:00,TABUENCA01-45,Sensoria-C1-EEA1,Right,Gait,1.0.5,40.3878707,-3.629144,CB:AA:BC:3F:36:A5,SCKS,-0.417969,1.996095,0.125,2.24,-8.96,-377.440002,0.09344,0.74752,-0.242944,479,702,681,2.043212748096977
2024-04-25 14:17:03.857000+00:00,2024-04-25 14:15:30+00:00,2024-04-25 14:17:30+00:00,TABUENCA01-45,Sensoria-C1-EEA1,Right,Gait,1.0.5,40.3878707,-3.629144,CB:AA:BC:3F:36:A5,SCKS,-0.132813,1.996095,0.003906,31.360001,-30.24,-386.399994,0.037376,0.710144,-0.242944,480,704,680,2.0005123840731405
2024-04-25 14:17:03.864000+00:00,2024-04-25 14:15:30+00:00,2024-04-25 14:17:30+00:00,TABUENCA01-45,Sensoria-C1-E90A,Left,Gait,1.0.5,40.3878707,-3.629144,F0:75:B1:51:59:F6,SCKS,0.03125,0.968749,-0.21875,14.56,-47.040001,-40.32,0.345728,0.719488,-0.242944,474,378,594,0.9936310935155964
2024-04-25 14:17:03.873000+00:00,2024-04-25 14:15:30+00:00,2024-04-25 14:17:30+00:00,TABUENCA01-45,Sensoria-C1-EEA1,Right,Gait,1.0.5,40.3878707,-3.629144,CB:AA:BC:3F:36:A5,SCKS,0.652344,1.996095,0.097656,35.84,-40.32,-397.600006,-0.009344,0.663424,-0.2336,479,703,680,2.102257034165185
2024-04-25 14:17:03.881000+00:00,2024-04-25 14:15:30+00:00,2024-04-25 14:17:30+00:00,TABUENCA01-45,Sensoria-C1-E90A,Left,Gait,1.0.5,40.3878707,-3.629144,F0:75:B1:51:59:F6,SCKS,0.03125,0.999999,-0.21875,3.36,-45.920002,-44.799999,0.345728,0.719488,-0.242944,447,349,626,1.0241221240657776
2024-04-25 14:17:03.890000+00:00,2024-04-25 14:15:30+00:00,2024-04-25 14:17:30+00:00,TABUENCA01-45,Sensoria-C1-EEA1,Right,Gait,1.0.5,40.3878707,-3.629144,CB:AA:BC:3F:36:A5,SCKS,1.441407,1.996095,-0.03125,22.4,-26.880001,-383.040009,-0.04672,0.60736,-0.242944,477,704,681,2.4623212526341884
2024-04-25 14:17:03.906000+00:00,2024-04-25 14:15:30+00:00,2024-04-25 14:17:30+00:00,TABUENCA01-45,Sensoria-C1-EEA1,Right,Gait,1.0.5,40.3878707,-3.629144,CB:AA:BC:3F:36:A5,SCKS,1.996095,1.996095,-0.429688,62.720001,-13.440001,-224.0,-0.074752,0.56064,-0.252288,479,703,682,2.85541980720769
2024-04-25 14:17:03.913000+00:00,2024-04-25 14:15:30+00:00,2024-04-25 14:17:30+00:00,TABUENCA01-45,Sensoria-C1-E90A,Left,Gait,1.0.5,40.3878707,-3.629144,F0:75:B1:51:59:F6,SCKS,0.0625,1.093749,-0.15625,-4.48,-36.959999,-66.080002,0.32704,0.728832,-0.242944,420,321,656,1.1066197122322556
2024-04-25 14:17:03.938000+00:00,2024-04-25 14:15:30+00:00,2024-04-25 14:17:30+00:00,TABUENCA01-45,Sensoria-C1-EEA1,Right,Gait,1.0.5,40.3878707,-3.629144,CB:AA:BC:3F:36:A5,SCKS,1.996095,1.578126,0.4375,56.0,35.84,-99.68,-0.074752,0.56064,-0.252288,478,706,684,2.5819146327679
2024-04-25 14:17:03.955000+00:00,2024-04-25 14:15:30+00:00,2024-04-25 14:17:30+00:00,TABUENCA01-45,Sensoria-C1-EEA1,Right,Gait,1.0.5,40.3878707,-3.629144,CB:AA:BC:3F:36:A5,SCKS,1.003907,1.996095,0.863282,5.6,12.32,53.760002,-0.084096,0.541952,-0.2336,478,706,687,2.3953038064508645
2024-04-25 14:17:03.962000+00:00,2024-04-25 14:15:30+00:00,2024-04-25 14:17:30+00:00,TABUENCA01-45,Sensoria-C1-E90A,Left,Gait,1.0.5,40.3878707,-3.629144,F0:75:B1:51:59:F6,SCKS,0.09375,1.187499,-0.03125,-3.36,-26.880001,-90.720001,0.317696,0.738176,-0.2336,394,300,674,1.1916037512533266
2024-04-25 14:17:03.971000+00:00,2024-04-25 14:15:30+00:00,2024-04-25 14:17:30+00:00,TABUENCA01-45,Sensoria-C1-EEA1,Right,Gait,1.0.5,40.3878707,-3.629144,CB:AA:BC:3F:36:A5,SCKS,-1.660157,1.44922,-0.296875,16.799999,-151.199997,129.919998,-0.074752,0.56064,-0.2336,480,705,682,2.2236219639754413
2024-04-25 14:17:03.979000+00:00,2024-04-25 14:15:30+00:00,2024-04-25 14:17:30+00:00,TABUENCA01-45,Sensoria-C1-E90A,Left,Gait,1.0.5,40.3878707,-3.629144,F0:75:B1:51:59:F6,SCKS,0.21875,1.437499,-0.3125,4.48,-8.96,-129.919998,0.270976,0.756864,-0.2336,375,291,688,1.4872495377376993
2024-04-25 14:17:03.987000+00:00,2024-04-25 14:15:30+00:00,2024-04-25 14:17:30+00:00,TABUENCA01-45,Sensoria-C1-EEA1,Right,Gait,1.0.5,40.3878707,-3.629144,CB:AA:BC:3F:36:A5,SCKS,-0.812501,0.710938,1.183595,41.439999,-190.399994,137.759995,-0.084096,0.569984,-0.261632,484,702,658,1.6020261667245013
2024-04-25 14:17:04.020000+00:00,2024-04-25 14:15:30+00:00,2024-04-25 14:17:30+00:00,TABUENCA01-45,Sensoria-C1-EEA1,Right,Gait,1.0.5,40.3878707,-3.629144,CB:AA:BC:3F:36:A5,SCKS,0.863282,1.515626,0.101563,63.84,-159.039993,246.399994,-0.074752,0.60736,-0.289664,492,708,608,1.747195760746059
2024-04-25 14:17:04.036000+00:00,2024-04-25 14:15:30+00:00,2024-04-25 14:17:30+00:00,TABUENCA01-45,Sensoria-C1-EEA1,Right,Gait,1.0.5,40.3878707,-3.629144,CB:AA:BC:3F:36:A5,SCKS,0.472657,1.79297,-0.222656,42.560001,4.48,215.040009,-0.074752,0.60736,-0.289664,496,712,524,1.8675443113578323
2024-04-25 14:17:04.043000+00:00,2024-04-25 14:15:30+00:00,2024-04-25 14:17:30+00:00,TABUENCA01-45,Sensoria-C1-E90A,Left,Gait,1.0.5,40.3878707,-3.629144,F0:75:B1:51:59:F6,SCKS,0.75,2.187499,-0.0625,-11.2,-24.639999,-182.559998,0.224256,0.784896,-0.224256,440,360,687,2.313343494814594
2024-04-25 14:17:04.052000+00:00,2024-04-25 14:15:30+00:00,2024-04-25 14:17:30+00:00,TABUENCA01-45,Sensoria-C1-EEA1,Right,Gait,1.0.5,40.3878707,-3.629144,CB:AA:BC:3F:36:A5,SCKS,0.296875,1.570314,-0.292969,42.560001,12.32,190.399994,-0.056064,0.635392,-0.28032,498,712,450,1.624762031554775
2024-04-25 14:17:04.068000+00:00,2024-04-25 14:15:30+00:00,2024-04-25 14:17:30+00:00,TABUENCA01-45,Sensoria-C1-EEA1,Right,Gait,1.0.5,40.3878707,-3.629144,CB:AA:BC:3F:36:A5,SCKS,-0.066406,0.882813,0.347656,-16.799999,82.879997,192.639999,-0.037376,0.663424,-0.270976,494,714,406,0.951122097388658
2024-04-25 14:17:04.076000+00:00,2024-04-25 14:15:30+00:00,2024-04-25 14:17:30+00:00,TABUENCA01-45,Sensoria-C1-E90A,Left,Gait,1.0.5,40.3878707,-3.629144,F0:75:B1:51:59:F6,SCKS,0.40625,2.156249,-0.34375,-32.48,-39.200001,-221.759995,0.18688,0.79424,-0.242944,516,420,688,2.2209486430354484
2024-04-25 14:17:04.101000+00:00,2024-04-25 14:15:30+00:00,2024-04-25 14:17:30+00:00,TABUENCA01-45,Sensoria-C1-EEA1,Right,Gait,1.0.5,40.3878707,-3.629144,CB:AA:BC:3F:36:A5,SCKS,-0.148438,0.839844,-0.34375,57.119999,4.48,125.440002,-0.018688,0.682112,-0.261632,483,718,383,0.9195302315204216
2024-04-25 14:17:04.109000+00:00,2024-04-25 14:15:30+00:00,2024-04-25 14:17:30+00:00,TABUENCA01-45,Sensoria-C1-E90A,Left,Gait,1.0.5,40.3878707,-3.629144,F0:75:B1:51:59:F6,SCKS,0.75,1.874999,-0.75,-3.36,-76.160004,-249.759995,0.09344,0.803584,-0.2336,586,477,691,2.1542101220635375
2024-04-25 14:17:04.117000+00:00,2024-04-25 14:15:30+00:00,2024-04-25 14:17:30+00:00,TABUENCA01-45,Sensoria-C1-EEA1,Right,Gait,1.0.5,40.3878707,-3.629144,CB:AA:BC:3F:36:A5,SCKS,0.074219,0.964844,-0.039063,24.639999,-3.36,127.68,-0.009344,0.691456,-0.261632,470,712,366,0.9684824842329366
2024-04-25 14:17:04.134000+00:00,2024-04-25 14:15:30+00:00,2024-04-25 14:17:30+00:00,TABUENCA01-45,Sensoria-C1-EEA1,Right,Gait,1.0.5,40.3878707,-3.629144,CB:AA:BC:3F:36:A5,SCKS,-0.089844,0.890626,0.003906,4.48,-5.6,89.599998,0.009344,0.710144,-0.261632,456,696,356,0.8951546643167314
2024-04-25 14:17:04.141000+00:00,2024-04-25 14:15:30+00:00,2024-04-25 14:17:30+00:00,TABUENCA01-45,Sensoria-C1-E90A,Left,Gait,1.0.5,40.3878707,-3.629144,F0:75:B1:51:59:F6,SCKS,0.4375,0.5625,-0.375,26.880001,-14.56,-163.520004,0.056064,0.803584,-0.242944,663,534,692,0.8052561704203204
2024-04-25 14:17:04.150000+00:00,2024-04-25 14:15:30+00:00,2024-04-25 14:17:30+00:00,TABUENCA01-45,Sensoria-C1-EEA1,Right,Gait,1.0.5,40.3878707,-3.629144,CB:AA:BC:3F:36:A5,SCKS,-0.117188,1.011719,-0.027344,21.280001,-19.040001,75.040001,0.009344,0.710144,-0.261632,445,676,349,1.0188503602791728
2024-04-25 14:17:04.166000+00:00,2024-04-25 14:15:30+00:00,2024-04-25 14:17:30+00:00,TABUENCA01-45,Sensoria-C1-EEA1,Right,Gait,1.0.5,40.3878707,-3.629144,CB:AA:BC:3F:36:A5,SCKS,-0.039063,1.035157,-0.035156,23.52,-12.32,63.84,0.018688,0.719488,-0.270976,434,657,348,1.0364901721453996
2024-04-25 14:17:04.174000+00:00,2024-04-25 14:15:30+00:00,2024-04-25 14:17:30+00:00,TABUENCA01-45,Sensoria-C1-E90A,Left,Gait,1.0.5,40.3878707,-3.629144,F0:75:B1:51:59:F6,SCKS,0.4375,0.625,-0.34375,22.4,-169.119995,-39.200001,0.018688,0.79424,-0.252288,688,539,692,0.8367767399372428
2024-04-25 14:17:04.190000+00:00,2024-04-25 14:15:30+00:00,2024-04-25 14:17:30+00:00,TABUENCA01-45,Sensoria-C1-E90A,Left,Gait,1.0.5,40.3878707,-3.629144,F0:75:B1:51:59:F6,SCKS,1.156249,0.15625,0.0,-4.48,-113.120003,97.440002,0.028032,0.803584,-0.252288,697,542,689,1.1667586779197316
2024-04-25 14:17:04.199000+00:00,2024-04-25 14:15:30+00:00,2024-04-25 14:17:30+00:00,TABUENCA01-45,Sensoria-C1-EEA1,Right,Gait,1.0.5,40.3878707,-3.629144,CB:AA:BC:3F:36:A5,SCKS,-0.105469,0.988282,0.0,16.799999,-4.48,53.760002,0.018688,0.719488,-0.261632,425,637,348,0.993893868320456
2024-04-25 14:17:04.214000+00:00,2024-04-25 14:15:30+00:00,2024-04-25 14:17:30+00:00,TABUENCA01-45,Sensoria-C1-EEA1,Right,Gait,1.0.5,40.3878707,-3.629144,CB:AA:BC:3F:36:A5,SCKS,-0.097656,1.000001,-0.058594,15.68,-5.6,53.760002,0.028032,0.719488,-0.252288,416,620,352,1.006465076976345
2024-04-25 14:17:04.222000+00:00,2024-04-25 14:15:30+00:00,2024-04-25 14:17:30+00:00,TABUENCA01-45,Sensoria-C1-E90A,Left,Gait,1.0.5,40.3878707,-3.629144,F0:75:B1:51:59:F6,SCKS,0.34375,0.0,0.0625,-7.84,1.12,142.240005,0.056064,0.803584,-0.242944,700,540,688,0.34938562148434216
2024-04-25 14:17:04.231000+00:00,2024-04-25 14:15:30+00:00,2024-04-25 14:17:30+00:00,TABUENCA01-45,Sensoria-C1-EEA1,Right,Gait,1.0.5,40.3878707,-3.629144,CB:AA:BC:3F:36:A5,SCKS,-0.054688,0.968751,-0.152344,0.0,11.2,51.52,0.028032,0.719488,-0.261632,406,600,361,0.9821802134440503
2024-04-25 14:17:04.247000+00:00,2024-04-25 14:15:30+00:00,2024-04-25 14:17:30+00:00,TABUENCA01-45,Sensoria-C1-EEA1,Right,Gait,1.0.5,40.3878707,-3.629144,CB:AA:BC:3F:36:A5,SCKS,-0.023438,0.964844,-0.046875,-7.84,22.4,48.16,0.028032,0.719488,-0.261632,397,584,372,0.9662662934227811
2024-04-25 14:17:04.254000+00:00,2024-04-25 14:15:30+00:00,2024-04-25 14:17:30+00:00,TABUENCA01-45,Sensoria-C1-E90A,Left,Gait,1.0.5,40.3878707,-3.629144,F0:75:B1:51:59:F6,SCKS,0.3125,0.21875,-0.09375,23.52,5.6,238.559998,0.09344,0.803584,-0.242944,701,540,685,0.3928064090617667
2024-04-25 14:17:04.279000+00:00,2024-04-25 14:15:30+00:00,2024-04-25 14:17:30+00:00,TABUENCA01-45,Sensoria-C1-EEA1,Right,Gait,1.0.5,40.3878707,-3.629144,CB:AA:BC:3F:36:A5,SCKS,-0.046875,0.992188,-0.007813,-8.96,26.880001,41.439999,0.037376,0.728832,-0.252288,388,567,389,0.9933253927782174
2024-04-25 14:17:04.304000+00:00,2024-04-25 14:15:30+00:00,2024-04-25 14:17:30+00:00,TABUENCA01-45,Sensoria-C1-E90A,Left,Gait,1.0.5,40.3878707,-3.629144,F0:75:B1:51:59:F6,SCKS,0.4375,0.65625,0.0,6.72,19.040001,284.480011,0.14016,0.803584,-0.2336,701,538,686,0.7887143415077477
2024-04-25 14:17:04.312000+00:00,2024-04-25 14:15:30+00:00,2024-04-25 14:17:30+00:00,TABUENCA01-45,Sensoria-C1-EEA1,Right,Gait,1.0.5,40.3878707,-3.629144,CB:AA:BC:3F:36:A5,SCKS,-0.027344,0.968751,-0.074219,-17.92,24.639999,36.959999,0.056064,0.728832,-0.242944,365,532,426,0.9719746160769838
2024-04-25 14:17:04.319000+00:00,2024-04-25 14:15:30+00:00,2024-04-25 14:17:30+00:00,TABUENCA01-45,Sensoria-C1-E90A,Left,Gait,1.0.5,40.3878707,-3.629144,F0:75:B1:51:59:F6,SCKS,0.21875,0.90625,0.03125,4.48,34.720001,327.040009,0.18688,0.784896,-0.224256,701,537,683,0.9328007222874563
2024-04-25 14:17:04.328000+00:00,2024-04-25 14:15:30+00:00,2024-04-25 14:17:30+00:00,TABUENCA01-45,Sensoria-C1-EEA1,Right,Gait,1.0.5,40.3878707,-3.629144,CB:AA:BC:3F:36:A5,SCKS,-0.015625,0.980469,-0.078125,-22.4,26.880001,35.84,0.056064,0.738176,-0.252288,354,517,444,0.983700724921457
2024-04-25 14:17:04.352000+00:00,2024-04-25 14:15:30+00:00,2024-04-25 14:17:30+00:00,TABUENCA01-45,Sensoria-C1-E90A,Left,Gait,1.0.5,40.3878707,-3.629144,F0:75:B1:51:59:F6,SCKS,0.375,1.374999,-0.03125,-5.6,16.799999,370.720001,0.308352,0.738176,-0.214912,699,536,683,1.4255608764626644
2024-04-25 14:17:04.361000+00:00,2024-04-25 14:15:30+00:00,2024-04-25 14:17:30+00:00,TABUENCA01-45,Sensoria-C1-EEA1,Right,Gait,1.0.5,40.3878707,-3.629144,CB:AA:BC:3F:36:A5,SCKS,-0.007813,0.972657,-0.050781,-19.040001,21.280001,36.959999,0.065408,0.738176,-0.2336,344,507,461,0.9740130351176005
2024-04-25 14:17:04.377000+00:00,2024-04-25 14:15:30+00:00,2024-04-25 14:17:30+00:00,TABUENCA01-45,Sensoria-C1-EEA1,Right,Gait,1.0.5,40.3878707,-3.629144,CB:AA:BC:3F:36:A5,SCKS,-0.035156,0.988282,-0.09375,-7.84,12.32,41.439999,0.065408,0.738176,-0.2336,331,494,484,0.993340987959321
2024-04-25 14:17:04.384000+00:00,2024-04-25 14:15:30+00:00,2024-04-25 14:17:30+00:00,TABUENCA01-45,Sensoria-C1-E90A,Left,Gait,1.0.5,40.3878707,-3.629144,F0:75:B1:51:59:F6,SCKS,0.4375,2.031249,0.03125,-7.84,24.639999,394.23999,0.364416,0.7008,-0.2336,699,534,681,2.078065281097059
2024-04-25 14:17:04.393000+00:00,2024-04-25 14:15:30+00:00,2024-04-25 14:17:30+00:00,TABUENCA01-45,Sensoria-C1-EEA1,Right,Gait,1.0.5,40.3878707,-3.629144,CB:AA:BC:3F:36:A5,SCKS,-0.003906,0.964844,-0.042969,-5.6,8.96,48.16,0.065408,0.738176,-0.242944,317,477,509,0.9658082294808841
2024-04-25 14:17:04.410000+00:00,2024-04-25 14:15:30+00:00,2024-04-25 14:17:30+00:00,TABUENCA01-45,Sensoria-C1-EEA1,Right,Gait,1.0.5,40.3878707,-3.629144,CB:AA:BC:3F:36:A5,SCKS,0.039063,0.972657,-0.015625,-5.6,7.84,52.639999,0.074752,0.74752,-0.242944,304,461,532,0.9735664837303101
2024-04-25 14:17:04.417000+00:00,2024-04-25 14:15:30+00:00,2024-04-25 14:17:30+00:00,TABUENCA01-45,Sensoria-C1-E90A,Left,Gait,1.0.5,40.3878707,-3.629144,F0:75:B1:51:59:F6,SCKS,0.375,2.781249,-0.0625,3.36,81.760002,409.920013,0.411136,0.644736,-0.252288,699,534,682,2.8071119055002063
2024-04-25 14:17:04.426000+00:00,2024-04-25 14:15:30+00:00,2024-04-25 14:17:30+00:00,TABUENCA01-45,Sensoria-C1-EEA1,Right,Gait,1.0.5,40.3878707,-3.629144,CB:AA:BC:3F:36:A5,SCKS,0.03125,1.027344,-0.03125,-8.96,6.72,56.0,0.084096,0.74752,-0.242944,288,442,561,1.0282941307505358
2024-04-25 14:17:04.449000+00:00,2024-04-25 14:15:30+00:00,2024-04-25 14:17:30+00:00,TABUENCA01-45,Sensoria-C1-E90A,Left,Gait,1.0.5,40.3878707,-3.629144,F0:75:B1:51:59:F6,SCKS,-0.375,3.124998,-0.125,-21.280001,101.919998,396.480011,0.457856,0.579328,-0.252288,698,535,681,3.1498988078990733
2024-04-25 14:17:04.458000+00:00,2024-04-25 14:15:30+00:00,2024-04-25 14:17:30+00:00,TABUENCA01-45,Sensoria-C1-EEA1,Right,Gait,1.0.5,40.3878707,-3.629144,CB:AA:BC:3F:36:A5,SCKS,0.0,1.074219,0.039063,-14.56,12.32,60.48,0.09344,0.756864,-0.242944,271,428,592,1.0749290106467497
2024-04-25 14:17:04.474000+00:00,2024-04-25 14:15:30+00:00,2024-04-25 14:17:30+00:00,TABUENCA01-45,Sensoria-C1-EEA1,Right,Gait,1.0.5,40.3878707,-3.629144,CB:AA:BC:3F:36:A5,SCKS,-0.050781,1.113282,0.046875,-19.040001,8.96,69.440002,0.102784,0.766208,-0.242944,256,415,622,1.115424935668017
2024-04-25 14:17:04.482000+00:00,2024-04-25 14:15:30+00:00,2024-04-25 14:17:30+00:00,TABUENCA01-45,Sensoria-C1-E90A,Left,Gait,1.0.5,40.3878707,-3.629144,F0:75:B1:51:59:F6,SCKS,-3.031248,1.531249,-0.5625,20.16,133.279999,237.440002,0.51392,0.476544,-0.308352,697,535,683,3.442323951563101
2024-04-25 14:17:04.491000+00:00,2024-04-25 14:15:30+00:00,2024-04-25 14:17:30+00:00,TABUENCA01-45,Sensoria-C1-EEA1,Right,Gait,1.0.5,40.3878707,-3.629144,CB:AA:BC:3F:36:A5,SCKS,-0.074219,1.16797,0.089844,-14.56,-5.6,81.760002,0.102784,0.766208,-0.242944,243,405,649,1.1737692810757145
2024-04-25 14:17:04.514000+00:00,2024-04-25 14:15:30+00:00,2024-04-25 14:17:30+00:00,TABUENCA01-45,Sensoria-C1-E90A,Left,Gait,1.0.5,40.3878707,-3.629144,F0:75:B1:51:59:F6,SCKS,-2.749999,1.812499,-0.3125,13.440001,-47.040001,-24.639999,0.51392,0.457856,-0.308352,693,534,689,3.3083686878886396
2024-04-25 14:17:04.523000+00:00,2024-04-25 14:15:30+00:00,2024-04-25 14:17:30+00:00,TABUENCA01-45,Sensoria-C1-EEA1,Right,Gait,1.0.5,40.3878707,-3.629144,CB:AA:BC:3F:36:A5,SCKS,-0.035156,1.203126,0.085938,-14.56,-20.16,97.440002,0.112128,0.775552,-0.252288,229,396,670,1.2067035493674492
2024-04-25 14:17:04.531000+00:00,2024-04-25 14:15:30+00:00,2024-04-25 14:17:30+00:00,TABUENCA01-45,Sensoria-C1-E90A,Left,Gait,1.0.5,40.3878707,-3.629144,F0:75:B1:51:59:F6,SCKS,3.937498,1.249999,0.03125,38.080002,32.48,-128.800003,0.51392,0.457856,-0.299008,693,533,683,4.131266701933561
2024-04-25 14:17:04.539000+00:00,2024-04-25 14:15:30+00:00,2024-04-25 14:17:30+00:00,TABUENCA01-45,Sensoria-C1-EEA1,Right,Gait,1.0.5,40.3878707,-3.629144,CB:AA:BC:3F:36:A5,SCKS,-0.054688,1.335938,-0.175781,-21.280001,-25.76,113.120003,0.130816,0.775552,-0.252288,220,390,685,1.3485622259091348
2024-04-25 14:17:04.556000+00:00,2024-04-25 14:15:30+00:00,2024-04-25 14:17:30+00:00,TABUENCA01-45,Sensoria-C1-EEA1,Right,Gait,1.0.5,40.3878707,-3.629144,CB:AA:BC:3F:36:A5,SCKS,-0.089844,1.453126,-0.121094,-26.880001,-17.92,128.800003,0.149504,0.775552,-0.252288,214,387,693,1.4609280862000018
2024-04-25 14:17:04.563000+00:00,2024-04-25 14:15:30+00:00,2024-04-25 14:17:30+00:00,TABUENCA01-45,Sensoria-C1-E90A,Left,Gait,1.0.5,40.3878707,-3.629144,F0:75:B1:51:59:F6,SCKS,-0.75,1.218749,0.59375,63.84,140.0,-222.880005,0.495232,0.523264,-0.32704,697,533,654,1.5493186203944622
2024-04-25 14:17:04.572000+00:00,2024-04-25 14:15:30+00:00,2024-04-25 14:17:30+00:00,TABUENCA01-45,Sensoria-C1-EEA1,Right,Gait,1.0.5,40.3878707,-3.629144,CB:AA:BC:3F:36:A5,SCKS,-0.242188,1.640626,-0.007813,-32.48,-4.48,145.600006,0.168192,0.784896,-0.252288,211,396,698,1.658423872895286
2024-04-25 14:17:04.588000+00:00,2024-04-25 14:15:30+00:00,2024-04-25 14:17:30+00:00,TABUENCA01-45,Sensoria-C1-EEA1,Right,Gait,1.0.5,40.3878707,-3.629144,CB:AA:BC:3F:36:A5,SCKS,-0.40625,1.890626,0.269531,-38.080002,11.2,164.639999,0.168192,0.784896,-0.252288,220,415,698,1.9524734810841862
2024-04-25 14:17:04.604000+00:00,2024-04-25 14:15:30+00:00,2024-04-25 14:17:30+00:00,TABUENCA01-45,Sensoria-C1-EEA1,Right,Gait,1.0.5,40.3878707,-3.629144,CB:AA:BC:3F:36:A5,SCKS,-0.824219,1.996095,0.289063,-50.400002,32.48,189.279999,0.205568,0.79424,-0.261632,233,433,699,2.178827580822998
2024-04-25 14:17:04.612000+00:00,2024-04-25 14:15:30+00:00,2024-04-25 14:17:30+00:00,TABUENCA01-45,Sensoria-C1-E90A,Left,Gait,1.0.5,40.3878707,-3.629144,F0:75:B1:51:59:F6,SCKS,-0.21875,1.749999,-0.125,64.959999,10.08,-172.479996,0.4672,0.56064,-0.336384,698,538,559,1.76804215518211
2024-04-25 14:17:04.629000+00:00,2024-04-25 14:15:30+00:00,2024-04-25 14:17:30+00:00,TABUENCA01-45,Sensoria-C1-E90A,Left,Gait,1.0.5,40.3878707,-3.629144,F0:75:B1:51:59:F6,SCKS,-0.21875,1.343749,0.09375,68.32,-21.280001,-173.600006,0.457856,0.588672,-0.336384,696,542,450,1.364661862880692
2024-04-25 14:17:04.637000+00:00,2024-04-25 14:15:30+00:00,2024-04-25 14:17:30+00:00,TABUENCA01-45,Sensoria-C1-EEA1,Right,Gait,1.0.5,40.3878707,-3.629144,CB:AA:BC:3F:36:A5,SCKS,-0.800782,1.996095,0.136719,-59.360001,45.920002,220.639999,0.242944,0.79424,-0.28032,257,460,699,2.1550728863567468
2024-04-25 14:17:04.653000+00:00,2024-04-25 14:15:30+00:00,2024-04-25 14:17:30+00:00,TABUENCA01-45,Sensoria-C1-EEA1,Right,Gait,1.0.5,40.3878707,-3.629144,CB:AA:BC:3F:36:A5,SCKS,-0.589844,1.996095,-0.46875,-29.120001,-4.48,267.679993,0.289664,0.803584,-0.261632,297,509,697,2.1335505046426717
2024-04-25 14:17:04.661000+00:00,2024-04-25 14:15:30+00:00,2024-04-25 14:17:30+00:00,TABUENCA01-45,Sensoria-C1-E90A,Left,Gait,1.0.5,40.3878707,-3.629144,F0:75:B1:51:59:F6,SCKS,-0.25,1.218749,-0.1875,67.199997,-13.440001,-112.0,0.439168,0.616704,-0.317696,689,551,396,1.2581754150359958
2024-04-25 14:17:04.670000+00:00,2024-04-25 14:15:30+00:00,2024-04-25 14:17:30+00:00,TABUENCA01-45,Sensoria-C1-EEA1,Right,Gait,1.0.5,40.3878707,-3.629144,CB:AA:BC:3F:36:A5,SCKS,-0.417969,1.957033,-0.613282,8.96,-76.160004,290.079987,0.336384,0.803584,-0.261632,351,577,697,2.0930339365557358
2024-04-25 14:17:04.686000+00:00,2024-04-25 14:15:30+00:00,2024-04-25 14:17:30+00:00,TABUENCA01-45,Sensoria-C1-EEA1,Right,Gait,1.0.5,40.3878707,-3.629144,CB:AA:BC:3F:36:A5,SCKS,-0.199219,0.5625,-0.585938,29.120001,-39.200001,253.119995,0.336384,0.803584,-0.261632,408,630,695,0.8363120229944084
2024-04-25 14:17:04.694000+00:00,2024-04-25 14:15:30+00:00,2024-04-25 14:17:30+00:00,TABUENCA01-45,Sensoria-C1-E90A,Left,Gait,1.0.5,40.3878707,-3.629144,F0:75:B1:51:59:F6,SCKS,0.09375,1.031249,-0.1875,30.24,-34.720001,-62.720001,0.42048,0.635392,-0.308352,671,548,361,1.052340160072303
2024-04-25 14:17:04.718000+00:00,2024-04-25 14:15:30+00:00,2024-04-25 14:17:30+00:00,TABUENCA01-45,Sensoria-C1-EEA1,Right,Gait,1.0.5,40.3878707,-3.629144,CB:AA:BC:3F:36:A5,SCKS,0.425782,-0.03125,-0.769532,22.4,29.120001,169.119995,0.37376,0.79424,-0.270976,447,665,694,0.8800263479282879
2024-04-25 14:17:04.726000+00:00,2024-04-25 14:15:30+00:00,2024-04-25 14:17:30+00:00,TABUENCA01-45,Sensoria-C1-E90A,Left,Gait,1.0.5,40.3878707,-3.629144,F0:75:B1:51:59:F6,SCKS,0.15625,0.999999,-0.0625,6.72,-34.720001,-33.599998,0.411136,0.65408,-0.299008,656,538,342,1.0140603100905783
2024-04-25 14:17:04.735000+00:00,2024-04-25 14:15:30+00:00,2024-04-25 14:17:30+00:00,TABUENCA01-45,Sensoria-C1-EEA1,Right,Gait,1.0.5,40.3878707,-3.629144,CB:AA:BC:3F:36:A5,SCKS,-0.582032,0.59375,-0.5625,6.72,191.520004,79.519997,0.401792,0.79424,-0.270976,467,684,691,1.0038458853449568
2024-04-25 14:17:04.751000+00:00,2024-04-25 14:15:30+00:00,2024-04-25 14:17:30+00:00,TABUENCA01-45,Sensoria-C1-EEA1,Right,Gait,1.0.5,40.3878707,-3.629144,CB:AA:BC:3F:36:A5,SCKS,-1.128907,0.265625,-0.285156,-21.280001,181.440002,-11.2,0.411136,0.79424,-0.289664,478,694,690,1.1942786942795223
2024-04-25 14:17:04.759000+00:00,2024-04-25 14:15:30+00:00,2024-04-25 14:17:30+00:00,TABUENCA01-45,Sensoria-C1-E90A,Left,Gait,1.0.5,40.3878707,-3.629144,F0:75:B1:51:59:F6,SCKS,0.1875,0.999999,-0.125,2.24,-30.24,-19.040001,0.401792,0.65408,-0.28032,642,528,338,1.0250752411413515
2024-04-25 14:17:04.768000+00:00,2024-04-25 14:15:30+00:00,2024-04-25 14:17:30+00:00,TABUENCA01-45,Sensoria-C1-EEA1,Right,Gait,1.0.5,40.3878707,-3.629144,CB:AA:BC:3F:36:A5,SCKS,-0.683594,-0.007813,0.007813,-8.96,113.120003,-42.560001,0.401792,0.803584,-0.289664,481,701,690,0.6836832912789371
2024-04-25 14:17:04.791000+00:00,2024-04-25 14:15:30+00:00,2024-04-25 14:17:30+00:00,TABUENCA01-45,Sensoria-C1-E90A,Left,Gait,1.0.5,40.3878707,-3.629144,F0:75:B1:51:59:F6,SCKS,0.15625,0.968749,-0.0625,-3.36,-24.639999,-15.68,0.401792,0.663424,-0.289664,626,518,348,0.9832573099148564
2024-04-25 14:17:04.800000+00:00,2024-04-25 14:15:30+00:00,2024-04-25 14:17:30+00:00,TABUENCA01-45,Sensoria-C1-EEA1,Right,Gait,1.0.5,40.3878707,-3.629144,CB:AA:BC:3F:36:A5,SCKS,-0.453125,-0.03125,0.042969,34.720001,52.639999,-80.639999,0.401792,0.803584,-0.289664,482,702,688,0.45622928784329486
2024-04-25 14:17:04.816000+00:00,2024-04-25 14:15:30+00:00,2024-04-25 14:17:30+00:00,TABUENCA01-45,Sensoria-C1-EEA1,Right,Gait,1.0.5,40.3878707,-3.629144,CB:AA:BC:3F:36:A5,SCKS,-0.5,0.097656,-0.003906,54.880001,23.52,-124.32,0.392448,0.803584,-0.289664,485,703,686,0.5094624138952746
2024-04-25 14:17:04.824000+00:00,2024-04-25 14:15:30+00:00,2024-04-25 14:17:30+00:00,TABUENCA01-45,Sensoria-C1-E90A,Left,Gait,1.0.5,40.3878707,-3.629144,F0:75:B1:51:59:F6,SCKS,0.15625,0.9375,-0.21875,-6.72,-25.76,-21.280001,0.392448,0.663424,-0.28032,602,503,389,0.9752804083954522
2024-04-25 14:17:04.832000+00:00,2024-04-25 14:15:30+00:00,2024-04-25 14:17:30+00:00,TABUENCA01-45,Sensoria-C1-EEA1,Right,Gait,1.0.5,40.3878707,-3.629144,CB:AA:BC:3F:36:A5,SCKS,-0.523438,0.25,0.011719,59.360001,-10.08,-169.119995,0.364416,0.803584,-0.28032,484,704,687,0.580193652847909
2024-04-25 14:17:04.849000+00:00,2024-04-25 14:15:30+00:00,2024-04-25 14:17:30+00:00,TABUENCA01-45,Sensoria-C1-EEA1,Right,Gait,1.0.5,40.3878707,-3.629144,CB:AA:BC:3F:36:A5,SCKS,-0.472657,0.347656,0.039063,62.720001,-41.439999,-212.800003,0.32704,0.803584,-0.270976,484,703,686,0.588043579978559
2024-04-25 14:17:04.856000+00:00,2024-04-25 14:15:30+00:00,2024-04-25 14:17:30+00:00,TABUENCA01-45,Sensoria-C1-E90A,Left,Gait,1.0.5,40.3878707,-3.629144,F0:75:B1:51:59:F6,SCKS,0.125,0.9375,-0.125,-8.96,-30.24,-16.799999,0.392448,0.663424,-0.270976,586,493,417,0.9540210951546092
2024-04-25 14:17:04.865000+00:00,2024-04-25 14:15:30+00:00,2024-04-25 14:17:30+00:00,TABUENCA01-45,Sensoria-C1-EEA1,Right,Gait,1.0.5,40.3878707,-3.629144,CB:AA:BC:3F:36:A5,SCKS,-0.449219,0.5,0.042969,66.080002,-64.959999,-253.119995,0.28032,0.812928,-0.270976,485,701,685,0.6735310274382317
2024-04-25 14:17:04.872000+00:00,2024-04-25 14:15:30+00:00,2024-04-25 14:17:30+00:00,TABUENCA01-45,Sensoria-C1-E90A,Left,Gait,1.0.5,40.3878707,-3.629144,F0:75:B1:51:59:F6,SCKS,0.125,0.9375,-0.125,-5.6,-26.880001,-19.040001,0.392448,0.672768,-0.289664,571,479,443,0.9540210951546092
2024-04-25 14:17:04.897000+00:00,2024-04-25 14:15:30+00:00,2024-04-25 14:17:30+00:00,TABUENCA01-45,Sensoria-C1-EEA1,Right,Gait,1.0.5,40.3878707,-3.629144,CB:AA:BC:3F:36:A5,SCKS,-0.410157,0.691407,0.03125,67.199997,-75.040001,-286.720001,0.224256,0.803584,-0.252288,483,701,685,0.8045178474079987
2024-04-25 14:17:04.905000+00:00,2024-04-25 14:15:30+00:00,2024-04-25 14:17:30+00:00,TABUENCA01-45,Sensoria-C1-E90A,Left,Gait,1.0.5,40.3878707,-3.629144,F0:75:B1:51:59:F6,SCKS,0.125,0.968749,-0.125,-4.48,-32.48,-22.4,0.392448,0.672768,-0.270976,556,463,471,0.9847459697815473
2024-04-25 14:17:04.929000+00:00,2024-04-25 14:15:30+00:00,2024-04-25 14:17:30+00:00,TABUENCA01-45,Sensoria-C1-EEA1,Right,Gait,1.0.5,40.3878707,-3.629144,CB:AA:BC:3F:36:A5,SCKS,-0.382813,0.957032,-0.003906,60.48,-70.559998,-314.720001,0.224256,0.803584,-0.252288,482,701,683,1.0307624841974992
2024-04-25 14:17:04.931000+00:00,2024-04-25 14:15:30+00:00,2024-04-25 14:17:30+00:00,TABUENCA01-45,Sensoria-C1-EEA1,Right,Gait,1.0.5,40.3878707,-3.629144,CB:AA:BC:3F:36:A5,SCKS,-0.359375,1.210938,0.03125,47.040001,-51.52,-339.360016,0.168192,0.784896,-0.2336,483,701,683,1.2635259368010614
2024-04-25 14:17:04.938000+00:00,2024-04-25 14:15:30+00:00,2024-04-25 14:17:30+00:00,TABUENCA01-45,Sensoria-C1-E90A,Left,Gait,1.0.5,40.3878707,-3.629144,F0:75:B1:51:59:F6,SCKS,0.09375,0.968749,-0.09375,-2.24,-36.959999,-26.880001,0.383104,0.691456,-0.270976,539,446,493,0.9777794996833387
2024-04-25 14:17:04.946000+00:00,2024-04-25 14:15:30+00:00,2024-04-25 14:17:30+00:00,TABUENCA01-45,Sensoria-C1-EEA1,Right,Gait,1.0.5,40.3878707,-3.629144,CB:AA:BC:3F:36:A5,SCKS,-0.355469,1.578126,0.105469,17.92,14.56,-353.920013,0.112128,0.756864,-0.242944,482,699,683,1.6210995008937605
2024-04-25 14:17:04.970000+00:00,2024-04-25 14:15:30+00:00,2024-04-25 14:17:30+00:00,TABUENCA01-45,Sensoria-C1-E90A,Left,Gait,1.0.5,40.3878707,-3.629144,F0:75:B1:51:59:F6,SCKS,0.09375,0.968749,-0.125,3.36,-41.439999,-33.599998,0.37376,0.691456,-0.270976,521,424,515,0.981268917015616
2024-04-25 14:17:04.978000+00:00,2024-04-25 14:15:30+00:00,2024-04-25 14:17:30+00:00,TABUENCA01-45,Sensoria-C1-EEA1,Right,Gait,1.0.5,40.3878707,-3.629144,CB:AA:BC:3F:36:A5,SCKS,-0.253906,1.996095,0.339844,31.360001,20.16,-355.040009,0.056064,0.719488,-0.2336,482,698,682,2.0406757337208186
2024-04-25 14:17:04.995000+00:00,2024-04-25 14:15:30+00:00,2024-04-25 14:17:30+00:00,TABUENCA01-45,Sensoria-C1-EEA1,Right,Gait,1.0.5,40.3878707,-3.629144,CB:AA:BC:3F:36:A5,SCKS,-0.082031,1.996095,0.125,54.880001,-17.92,-371.839996,0.009344,0.672768,-0.2336,481,699,681,2.001686622322785
2024-04-25 14:17:05.011000+00:00,2024-04-25 14:15:30+00:00,2024-04-25 14:17:30+00:00,TABUENCA01-45,Sensoria-C1-EEA1,Right,Gait,1.0.5,40.3878707,-3.629144,CB:AA:BC:3F:36:A5,SCKS,0.472657,1.996095,0.394532,34.720001,-30.24,-395.360016,0.009344,0.672768,-0.2336,481,696,682,2.0888885532019175
2024-04-25 14:17:05.027000+00:00,2024-04-25 14:15:30+00:00,2024-04-25 14:17:30+00:00,TABUENCA01-45,Sensoria-C1-EEA1,Right,Gait,1.0.5,40.3878707,-3.629144,CB:AA:BC:3F:36:A5,SCKS,1.871095,1.953126,0.234375,28.0,-41.439999,-371.839996,-0.037376,0.626048,-0.2336,481,699,682,2.7148902945655093
2024-04-25 14:17:05.035000+00:00,2024-04-25 14:15:30+00:00,2024-04-25 14:17:30+00:00,TABUENCA01-45,Sensoria-C1-E90A,Left,Gait,1.0.5,40.3878707,-3.629144,F0:75:B1:51:59:F6,SCKS,0.0625,1.031249,-0.125,6.72,-42.560001,-50.400002,0.345728,0.710144,-0.242944,467,360,569,1.0406756218923359
2024-04-25 14:17:05.059000+00:00,2024-04-25 14:15:30+00:00,2024-04-25 14:17:30+00:00,TABUENCA01-45,Sensoria-C1-EEA1,Right,Gait,1.0.5,40.3878707,-3.629144,CB:AA:BC:3F:36:A5,SCKS,1.890626,1.996095,-0.054688,6.72,-20.16,-285.600006,-0.065408,0.569984,-0.242944,479,699,681,2.7498823062533058
2024-04-25 14:17:05.068000+00:00,2024-04-25 14:15:30+00:00,2024-04-25 14:17:30+00:00,TABUENCA01-45,Sensoria-C1-E90A,Left,Gait,1.0.5,40.3878707,-3.629144,F0:75:B1:51:59:F6,SCKS,0.125,1.156249,-0.125,-2.24,-42.560001,-75.040001,0.336384,0.719488,-0.242944,442,330,607,1.1696844659996986
2024-04-25 14:17:05.076000+00:00,2024-04-25 14:15:30+00:00,2024-04-25 14:17:30+00:00,TABUENCA01-45,Sensoria-C1-EEA1,Right,Gait,1.0.5,40.3878707,-3.629144,CB:AA:BC:3F:36:A5,SCKS,1.996095,1.453126,-0.246094,85.120003,-54.880001,-159.039993,-0.074752,0.532608,-0.242944,482,699,684,2.4812361189006173
2024-04-25 14:17:05.092000+00:00,2024-04-25 14:15:30+00:00,2024-04-25 14:17:30+00:00,TABUENCA01-45,Sensoria-C1-EEA1,Right,Gait,1.0.5,40.3878707,-3.629144,CB:AA:BC:3F:36:A5,SCKS,1.996095,1.515626,0.730469,3.36,87.360001,5.6,-0.074752,0.532608,-0.242944,480,701,685,2.6105751053861677
2024-04-25 14:17:05.099000+00:00,2024-04-25 14:15:30+00:00,2024-04-25 14:17:30+00:00,TABUENCA01-45,Sensoria-C1-E90A,Left,Gait,1.0.5,40.3878707,-3.629144,F0:75:B1:51:59:F6,SCKS,0.0625,1.156249,0.09375,-6.72,-29.120001,-98.559998,0.317696,0.728832,-0.242944,417,303,642,1.1617258981795147
2024-04-25 14:17:05.108000+00:00,2024-04-25 14:15:30+00:00,2024-04-25 14:17:30+00:00,TABUENCA01-45,Sensoria-C1-EEA1,Right,Gait,1.0.5,40.3878707,-3.629144,CB:AA:BC:3F:36:A5,SCKS,0.804688,0.390625,0.738282,-14.56,-24.639999,106.400002,-0.074752,0.532608,-0.242944,480,700,685,1.1598150626255033
2024-04-25 14:17:05.124000+00:00,2024-04-25 14:15:30+00:00,2024-04-25 14:17:30+00:00,TABUENCA01-45,Sensoria-C1-EEA1,Right,Gait,1.0.5,40.3878707,-3.629144,CB:AA:BC:3F:36:A5,SCKS,-2.000001,1.19922,0.125,34.720001,-114.239998,84.0,-0.074752,0.551296,-0.2336,484,697,666,2.335328158610905
2024-04-25 14:17:05.132000+00:00,2024-04-25 14:15:30+00:00,2024-04-25 14:17:30+00:00,TABUENCA01-45,Sensoria-C1-E90A,Left,Gait,1.0.5,40.3878707,-3.629144,F0:75:B1:51:59:F6,SCKS,0.21875,1.374999,-0.28125,-4.48,-12.32,-117.599998,0.299008,0.738176,-0.252288,394,286,665,1.4204138041433558
2024-04-25 14:17:05.157000+00:00,2024-04-25 14:15:30+00:00,2024-04-25 14:17:30+00:00,TABUENCA01-45,Sensoria-C1-EEA1,Right,Gait,1.0.5,40.3878707,-3.629144,CB:AA:BC:3F:36:A5,SCKS,0.699219,0.957032,1.128907,41.439999,-131.039993,226.240005,-0.065408,0.569984,-0.261632,489,701,636,1.63684100438436
2024-04-25 14:17:05.164000+00:00,2024-04-25 14:15:30+00:00,2024-04-25 14:17:30+00:00,TABUENCA01-45,Sensoria-C1-E90A,Left,Gait,1.0.5,40.3878707,-3.629144,F0:75:B1:51:59:F6,SCKS,0.25,1.531249,-0.25,-7.84,-11.2,-135.520004,0.270976,0.756864,-0.252288,386,288,674,1.5715353957200584
2024-04-25 14:17:05.173000+00:00,2024-04-25 14:15:30+00:00,2024-04-25 14:17:30+00:00,TABUENCA01-45,Sensoria-C1-EEA1,Right,Gait,1.0.5,40.3878707,-3.629144,CB:AA:BC:3F:36:A5,SCKS,0.125,1.726564,0.128906,56.0,-84.0,207.199997,-0.065408,0.60736,-0.28032,495,707,585,1.7358758604612254
2024-04-25 14:17:05.197000+00:00,2024-04-25 14:15:30+00:00,2024-04-25 14:17:30+00:00,TABUENCA01-45,Sensoria-C1-E90A,Left,Gait,1.0.5,40.3878707,-3.629144,F0:75:B1:51:59:F6,SCKS,0.625,1.999999,-0.09375,-24.639999,-7.84,-166.880005,0.214912,0.775552,-0.242944,425,328,677,2.0974770707926704
2024-04-25 14:17:05.205000+00:00,2024-04-25 14:15:30+00:00,2024-04-25 14:17:30+00:00,TABUENCA01-45,Sensoria-C1-EEA1,Right,Gait,1.0.5,40.3878707,-3.629144,CB:AA:BC:3F:36:A5,SCKS,0.082031,1.207032,-0.359375,48.16,22.4,202.720001,-0.04672,0.626048,-0.28032,497,708,521,1.2620640731000943
2024-04-25 14:17:05.206000+00:00,2024-04-25 14:15:30+00:00,2024-04-25 14:17:30+00:00,TABUENCA01-45,Sensoria-C1-EEA1,Right,Gait,1.0.5,40.3878707,-3.629144,CB:AA:BC:3F:36:A5,SCKS,0.078125,1.367188,-0.199219,31.360001,15.68,174.720001,-0.04672,0.626048,-0.28032,500,709,466,1.3838333544650527
2024-04-25 14:17:05.213000+00:00,2024-04-25 14:15:30+00:00,2024-04-25 14:17:30+00:00,TABUENCA01-45,Sensoria-C1-E90A,Left,Gait,1.0.5,40.3878707,-3.629144,F0:75:B1:51:59:F6,SCKS,0.8125,2.062499,-0.25,-43.68,-23.52,-188.160004,0.177536,0.784896,-0.252288,511,388,678,2.230820112649382
2024-04-25 14:17:05.239000+00:00,2024-04-25 14:15:30+00:00,2024-04-25 14:17:30+00:00,TABUENCA01-45,Sensoria-C1-EEA1,Right,Gait,1.0.5,40.3878707,-3.629144,CB:AA:BC:3F:36:A5,SCKS,0.132813,1.054688,-0.105469,10.08,11.2,157.919998,-0.028032,0.65408,-0.270976,496,711,429,1.0682367622741693
2024-04-25 14:17:05.246000+00:00,2024-04-25 14:15:30+00:00,2024-04-25 14:17:30+00:00,TABUENCA01-45,Sensoria-C1-E90A,Left,Gait,1.0.5,40.3878707,-3.629144,F0:75:B1:51:59:F6,SCKS,0.59375,1.906249,-0.46875,-38.080002,-57.119999,-235.199997,0.14016,0.803584,-0.270976,579,446,680,2.05086588420623
2024-04-25 14:17:05.254000+00:00,2024-04-25 14:15:30+00:00,2024-04-25 14:17:30+00:00,TABUENCA01-45,Sensoria-C1-EEA1,Right,Gait,1.0.5,40.3878707,-3.629144,CB:AA:BC:3F:36:A5,SCKS,0.007813,0.917969,-0.09375,15.68,-5.6,125.440002,-0.018688,0.672768,-0.252288,488,715,402,0.9227768909275958
2024-04-25 14:17:05.271000+00:00,2024-04-25 14:15:30+00:00,2024-04-25 14:17:30+00:00,TABUENCA01-45,Sensoria-C1-EEA1,Right,Gait,1.0.5,40.3878707,-3.629144,CB:AA:BC:3F:36:A5,SCKS,-0.039063,1.015626,0.015625,-7.84,20.16,98.559998,-0.009344,0.682112,-0.261632,477,710,378,1.0164970390857022
2024-04-25 14:17:05.278000+00:00,2024-04-25 14:15:30+00:00,2024-04-25 14:17:30+00:00,TABUENCA01-45,Sensoria-C1-E90A,Left,Gait,1.0.5,40.3878707,-3.629144,F0:75:B1:51:59:F6,SCKS,0.46875,1.437499,-0.53125,-21.280001,19.040001,-263.200012,0.09344,0.803584,-0.28032,636,504,686,1.6026092786456094
2024-04-25 14:17:05.311000+00:00,2024-04-25 14:15:30+00:00,2024-04-25 14:17:30+00:00,TABUENCA01-45,Sensoria-C1-E90A,Left,Gait,1.0.5,40.3878707,-3.629144,F0:75:B1:51:59:F6,SCKS,-0.28125,0.625,-0.3125,4.48,-38.080002,-104.160004,0.028032,0.79424,-0.270976,688,538,688,0.7532481745746219
2024-04-25 14:17:05.319000+00:00,2024-04-25 14:15:30+00:00,2024-04-25 14:17:30+00:00,TABUENCA01-45,Sensoria-C1-EEA1,Right,Gait,1.0.5,40.3878707,-3.629144,CB:AA:BC:3F:36:A5,SCKS,-0.085938,0.984376,0.039063,-10.08,22.4,60.48,0.009344,0.691456,-0.252288,461,688,349,0.9888919896475045
2024-04-25 14:17:05.336000+00:00,2024-04-25 14:15:30+00:00,2024-04-25 14:17:30+00:00,TABUENCA01-45,Sensoria-C1-EEA1,Right,Gait,1.0.5,40.3878707,-3.629144,CB:AA:BC:3F:36:A5,SCKS,-0.175781,0.976563,-0.015625,-2.24,23.52,47.040001,0.018688,0.7008,-0.252288,455,681,346,0.9923801658411961
2024-04-25 14:17:05.343000+00:00,2024-04-25 14:15:30+00:00,2024-04-25 14:17:30+00:00,TABUENCA01-45,Sensoria-C1-E90A,Left,Gait,1.0.5,40.3878707,-3.629144,F0:75:B1:51:59:F6,SCKS,0.968749,0.21875,-0.09375,-4.48,-77.279999,35.84,0.028032,0.803584,-0.270976,698,542,686,0.9975546350957425
2024-04-25 14:17:05.352000+00:00,2024-04-25 14:15:30+00:00,2024-04-25 14:17:30+00:00,TABUENCA01-45,Sensoria-C1-EEA1,Right,Gait,1.0.5,40.3878707,-3.629144,CB:AA:BC:3F:36:A5,SCKS,-0.175781,0.972657,-0.054688,2.24,10.08,45.920002,0.018688,0.7008,-0.252288,449,676,345,0.9899249350097208
2024-04-25 14:17:05.369000+00:00,2024-04-25 14:15:30+00:00,2024-04-25 14:17:30+00:00,TABUENCA01-45,Sensoria-C1-EEA1,Right,Gait,1.0.5,40.3878707,-3.629144,CB:AA:BC:3F:36:A5,SCKS,-0.132813,0.957032,-0.085938,0.0,0.0,48.16,0.018688,0.7008,-0.242944,443,670,347,0.9700179801617081
2024-04-25 14:17:05.385000+00:00,2024-04-25 14:15:30+00:00,2024-04-25 14:17:30+00:00,TABUENCA01-45,Sensoria-C1-EEA1,Right,Gait,1.0.5,40.3878707,-3.629144,CB:AA:BC:3F:36:A5,SCKS,-0.070313,0.972657,-0.089844,-1.12,1.12,43.68,0.028032,0.710144,-0.242944,435,663,349,0.9793250236535366
2024-04-25 14:17:05.392000+00:00,2024-04-25 14:15:30+00:00,2024-04-25 14:17:30+00:00,TABUENCA01-45,Sensoria-C1-E90A,Left,Gait,1.0.5,40.3878707,-3.629144,F0:75:B1:51:59:F6,SCKS,0.46875,0.0,-0.0625,-10.08,11.2,92.959999,0.037376,0.803584,-0.270976,704,542,684,0.47289831095067364
2024-04-25 14:17:05.409000+00:00,2024-04-25 14:15:30+00:00,2024-04-25 14:17:30+00:00,TABUENCA01-45,Sensoria-C1-E90A,Left,Gait,1.0.5,40.3878707,-3.629144,F0:75:B1:51:59:F6,SCKS,0.21875,0.1875,-0.15625,7.84,39.200001,150.080002,0.084096,0.803584,-0.270976,703,541,684,0.32775276505317236
2024-04-25 14:17:05.417000+00:00,2024-04-25 14:15:30+00:00,2024-04-25 14:17:30+00:00,TABUENCA01-45,Sensoria-C1-EEA1,Right,Gait,1.0.5,40.3878707,-3.629144,CB:AA:BC:3F:36:A5,SCKS,-0.082031,1.000001,-0.117188,-4.48,12.32,39.200001,0.028032,0.719488,-0.252288,426,656,356,1.0101802375348667
2024-04-25 14:17:05.433000+00:00,2024-04-25 14:15:30+00:00,2024-04-25 14:17:30+00:00,TABUENCA01-45,Sensoria-C1-EEA1,Right,Gait,1.0.5,40.3878707,-3.629144,CB:AA:BC:3F:36:A5,SCKS,-0.070313,0.984376,-0.0625,-7.84,12.32,31.360001,0.037376,0.719488,-0.242944,415,650,363,0.9888611011385775
2024-04-25 14:17:05.441000+00:00,2024-04-25 14:15:30+00:00,2024-04-25 14:17:30+00:00,TABUENCA01-45,Sensoria-C1-E90A,Left,Gait,1.0.5,40.3878707,-3.629144,F0:75:B1:51:59:F6,SCKS,0.3125,0.40625,-0.15625,0.0,51.52,209.440002,0.121472,0.79424,-0.252288,704,540,681,0.5358258812338202
2024-04-25 14:17:05.450000+00:00,2024-04-25 14:15:30+00:00,2024-04-25 14:17:30+00:00,TABUENCA01-45,Sensoria-C1-EEA1,Right,Gait,1.0.5,40.3878707,-3.629144,CB:AA:BC:3F:36:A5,SCKS,-0.082031,0.964844,0.011719,-10.08,6.72,25.76,0.037376,0.719488,-0.242944,405,644,370,0.9683957684015354
2024-04-25 14:17:05.466000+00:00,2024-04-25 14:15:30+00:00,2024-04-25 14:17:30+00:00,TABUENCA01-45,Sensoria-C1-EEA1,Right,Gait,1.0.5,40.3878707,-3.629144,CB:AA:BC:3F:36:A5,SCKS,-0.09375,0.992188,-0.058594,-5.6,4.48,26.880001,0.04672,0.719488,-0.242944,394,636,380,0.9983282760094497
2024-04-25 14:17:05.474000+00:00,2024-04-25 14:15:30+00:00,2024-04-25 14:17:30+00:00,TABUENCA01-45,Sensoria-C1-E90A,Left,Gait,1.0.5,40.3878707,-3.629144,F0:75:B1:51:59:F6,SCKS,0.25,0.59375,-0.15625,-6.72,71.68,260.959991,0.168192,0.79424,-0.28032,702,538,681,0.6629126073623883
2024-04-25 14:17:05.498000+00:00,2024-04-25 14:15:30+00:00,2024-04-25 14:17:30+00:00,TABUENCA01-45,Sensoria-C1-EEA1,Right,Gait,1.0.5,40.3878707,-3.629144,CB:AA:BC:3F:36:A5,SCKS,-0.070313,0.976563,-0.113281,-6.72,7.84,32.48,0.04672,0.719488,-0.2336,382,629,393,0.9856225423046086
2024-04-25 14:17:05.514000+00:00,2024-04-25 14:15:30+00:00,2024-04-25 14:17:30+00:00,TABUENCA01-45,Sensoria-C1-EEA1,Right,Gait,1.0.5,40.3878707,-3.629144,CB:AA:BC:3F:36:A5,SCKS,-0.042969,0.968751,-0.070313,-7.84,12.32,36.959999,0.04672,0.719488,-0.242944,369,622,407,0.9722493265263803
2024-04-25 14:17:05.522000+00:00,2024-04-25 14:15:30+00:00,2024-04-25 14:17:30+00:00,TABUENCA01-45,Sensoria-C1-E90A,Left,Gait,1.0.5,40.3878707,-3.629144,F0:75:B1:51:59:F6,SCKS,0.21875,0.875,-0.21875,-4.48,84.0,295.679993,0.214912,0.775552,-0.28032,701,537,680,0.9280776503073436
2024-04-25 14:17:05.531000+00:00,2024-04-25 14:15:30+00:00,2024-04-25 14:17:30+00:00,TABUENCA01-45,Sensoria-C1-EEA1,Right,Gait,1.0.5,40.3878707,-3.629144,CB:AA:BC:3F:36:A5,SCKS,-0.03125,0.980469,-0.054688,-4.48,16.799999,40.32,0.056064,0.728832,-0.252288,353,614,424,0.9824901016320725
2024-04-25 14:17:05.539000+00:00,2024-04-25 14:15:30+00:00,2024-04-25 14:17:30+00:00,TABUENCA01-45,Sensoria-C1-E90A,Left,Gait,1.0.5,40.3878707,-3.629144,F0:75:B1:51:59:F6,SCKS,0.21875,1.218749,-0.1875,-13.440001,81.760002,336.0,0.261632,0.74752,-0.28032,702,538,679,1.252340583667638
2024-04-25 14:17:05.547000+00:00,2024-04-25 14:15:30+00:00,2024-04-25 14:17:30+00:00,TABUENCA01-45,Sensoria-C1-EEA1,Right,Gait,1.0.5,40.3878707,-3.629144,CB:AA:BC:3F:36:A5,SCKS,-0.027344,0.980469,-0.070313,0.0,23.52,43.68,0.056064,0.728832,-0.252288,339,605,440,0.9833672113030818
2024-04-25 14:17:05.554000+00:00,2024-04-25 14:15:30+00:00,2024-04-25 14:17:30+00:00,TABUENCA01-45,Sensoria-C1-E90A,Left,Gait,1.0.5,40.3878707,-3.629144,F0:75:B1:51:59:F6,SCKS,0.3125,1.843749,-0.15625,-24.639999,75.040001,366.23999,0.317696,0.719488,-0.299008,701,536,677,1.8765608669854013
2024-04-25 14:17:05.580000+00:00,2024-04-25 14:15:30+00:00,2024-04-25 14:17:30+00:00,TABUENCA01-45,Sensoria-C1-EEA1,Right,Gait,1.0.5,40.3878707,-3.629144,CB:AA:BC:3F:36:A5,SCKS,-0.046875,0.957032,-0.0625,2.24,28.0,49.279999,0.065408,0.728832,-0.242944,321,595,460,0.9602154782386086
2024-04-25 14:17:05.587000+00:00,2024-04-25 14:15:30+00:00,2024-04-25 14:17:30+00:00,TABUENCA01-45,Sensoria-C1-E90A,Left,Gait,1.0.5,40.3878707,-3.629144,F0:75:B1:51:59:F6,SCKS,0.21875,2.656249,-0.46875,-29.120001,87.360001,392.0,0.42048,0.635392,-0.308352,700,535,677,2.7061479772918924
2024-04-25 14:17:05.596000+00:00,2024-04-25 14:15:30+00:00,2024-04-25 14:17:30+00:00,TABUENCA01-45,Sensoria-C1-EEA1,Right,Gait,1.0.5,40.3878707,-3.629144,CB:AA:BC:3F:36:A5,SCKS,-0.066406,0.976563,-0.035156,7.84,21.280001,57.119999,0.065408,0.728832,-0.2336,300,579,482,0.9794493320948255
2024-04-25 14:17:05.612000+00:00,2024-04-25 14:15:30+00:00,2024-04-25 14:17:30+00:00,TABUENCA01-45,Sensoria-C1-EEA1,Right,Gait,1.0.5,40.3878707,-3.629144,CB:AA:BC:3F:36:A5,SCKS,-0.03125,1.050782,-0.046875,12.32,10.08,64.959999,0.084096,0.738176,-0.2336,281,561,506,1.0522911382545233
2024-04-25 14:17:05.620000+00:00,2024-04-25 14:15:30+00:00,2024-04-25 14:17:30+00:00,TABUENCA01-45,Sensoria-C1-E90A,Left,Gait,1.0.5,40.3878707,-3.629144,F0:75:B1:51:59:F6,SCKS,-0.5,2.781249,-0.4375,-54.880001,38.080002,381.920013,0.448512,0.579328,-0.32704,699,534,675,2.859502098268333
2024-04-25 14:17:05.629000+00:00,2024-04-25 14:15:30+00:00,2024-04-25 14:17:30+00:00,TABUENCA01-45,Sensoria-C1-EEA1,Right,Gait,1.0.5,40.3878707,-3.629144,CB:AA:BC:3F:36:A5,SCKS,-0.042969,1.070313,0.011719,10.08,6.72,73.919998,0.084096,0.74752,-0.224256,262,540,543,1.0712392766749175
2024-04-25 14:17:05.645000+00:00,2024-04-25 14:15:30+00:00,2024-04-25 14:17:30+00:00,TABUENCA01-45,Sensoria-C1-EEA1,Right,Gait,1.0.5,40.3878707,-3.629144,CB:AA:BC:3F:36:A5,SCKS,-0.058594,1.117188,0.027344,12.32,-1.12,82.879997,0.102784,0.74752,-0.2336,243,521,584,1.1190576296670338
2024-04-25 14:17:05.652000+00:00,2024-04-25 14:15:30+00:00,2024-04-25 14:17:30+00:00,TABUENCA01-45,Sensoria-C1-E90A,Left,Gait,1.0.5,40.3878707,-3.629144,F0:75:B1:51:59:F6,SCKS,-2.687499,1.531249,-0.5,2.24,4.48,232.960007,0.495232,0.485888,-0.32704,697,533,678,3.1332689598886976
2024-04-25 14:17:05.678000+00:00,2024-04-25 14:15:30+00:00,2024-04-25 14:17:30+00:00,TABUENCA01-45,Sensoria-C1-EEA1,Right,Gait,1.0.5,40.3878707,-3.629144,CB:AA:BC:3F:36:A5,SCKS,-0.03125,1.160157,0.046875,11.2,-10.08,101.919998,0.102784,0.74752,-0.2336,227,503,624,1.1615240388274366
2024-04-25 14:17:05.685000+00:00,2024-04-25 14:15:30+00:00,2024-04-25 14:17:30+00:00,TABUENCA01-45,Sensoria-C1-E90A,Left,Gait,1.0.5,40.3878707,-3.629144,F0:75:B1:51:59:F6,SCKS,-2.874999,1.531249,-0.3125,14.56,-73.919998,52.639999,0.504576,0.476544,-0.317696,694,533,683,3.2723079011611973
2024-04-25 14:17:05.694000+00:00,2024-04-25 14:15:30+00:00,2024-04-25 14:17:30+00:00,TABUENCA01-45,Sensoria-C1-EEA1,Right,Gait,1.0.5,40.3878707,-3.629144,CB:AA:BC:3F:36:A5,SCKS,-0.078125,1.281251,-0.089844,0.0,-17.92,114.239998,0.112128,0.756864,-0.224256,213,488,654,1.286770991653915
2024-04-25 14:17:05.710000+00:00,2024-04-25 14:15:30+00:00,2024-04-25 14:17:30+00:00,TABUENCA01-45,Sensoria-C1-EEA1,Right,Gait,1.0.5,40.3878707,-3.629144,CB:AA:BC:3F:36:A5,SCKS,-0.066406,1.35547,-0.222656,-8.96,-15.68,128.800003,0.130816,0.756864,-0.2336,201,474,675,1.3752397507605718
2024-04-25 14:17:05.718000+00:00,2024-04-25 14:15:30+00:00,2024-04-25 14:17:30+00:00,TABUENCA01-45,Sensoria-C1-E90A,Left,Gait,1.0.5,40.3878707,-3.629144,F0:75:B1:51:59:F6,SCKS,0.78125,0.875,0.375,19.040001,69.440002,-150.080002,0.495232,0.495232,-0.32704,693,532,677,1.231503780952377
2024-04-25 14:17:05.727000+00:00,2024-04-25 14:15:30+00:00,2024-04-25 14:17:30+00:00,TABUENCA01-45,Sensoria-C1-EEA1,Right,Gait,1.0.5,40.3878707,-3.629144,CB:AA:BC:3F:36:A5,SCKS,-0.1875,1.496095,-0.097656,-15.68,-1.12,144.479996,0.149504,0.756864,-0.224256,193,467,688,1.5109577073369724
2024-04-25 14:17:05.750000+00:00,2024-04-25 14:15:30+00:00,2024-04-25 14:17:30+00:00,TABUENCA01-45,Sensoria-C1-E90A,Left,Gait,1.0.5,40.3878707,-3.629144,F0:75:B1:51:59:F6,SCKS,-0.28125,1.062499,0.53125,67.199997,131.039993,-224.0,0.485888,0.51392,-0.32704,698,535,643,1.220750691173673
2024-04-25 14:17:05.759000+00:00,2024-04-25 14:15:30+00:00,2024-04-25 14:17:30+00:00,TABUENCA01-45,Sensoria-C1-EEA1,Right,Gait,1.0.5,40.3878707,-3.629144,CB:AA:BC:3F:36:A5,SCKS,-0.308594,1.726564,-0.015625,-21.280001,11.2,164.639999,0.177536,0.775552,-0.2336,188,469,693,1.7539947672547374
2024-04-25 14:17:05.775000+00:00,2024-04-25 14:15:30+00:00,2024-04-25 14:17:30+00:00,TABUENCA01-45,Sensoria-C1-EEA1,Right,Gait,1.0.5,40.3878707,-3.629144,CB:AA:BC:3F:36:A5,SCKS,-0.726563,1.996095,0.234375,-29.120001,32.48,189.279999,0.177536,0.775552,-0.2336,191,480,696,2.137105678860781
2024-04-25 14:17:05.782000+00:00,2024-04-25 14:15:30+00:00,2024-04-25 14:17:30+00:00,TABUENCA01-45,Sensoria-C1-E90A,Left,Gait,1.0.5,40.3878707,-3.629144,F0:75:B1:51:59:F6,SCKS,-0.125,1.593749,-0.59375,85.120003,6.72,-178.080002,0.4672,0.551296,-0.345728,697,540,539,1.7053445216439405
2024-04-25 14:17:05.807000+00:00,2024-04-25 14:15:30+00:00,2024-04-25 14:17:30+00:00,TABUENCA01-45,Sensoria-C1-EEA1,Right,Gait,1.0.5,40.3878707,-3.629144,CB:AA:BC:3F:36:A5,SCKS,-0.328125,1.996095,-0.132813,-34.720001,28.0,253.119995,0.252288,0.784896,-0.242944,244,531,696,2.027239639909155
2024-04-25 14:17:05.814000+00:00,2024-04-25 14:15:30+00:00,2024-04-25 14:17:30+00:00,TABUENCA01-45,Sensoria-C1-E90A,Left,Gait,1.0.5,40.3878707,-3.629144,F0:75:B1:51:59:F6,SCKS,-0.3125,1.249999,0.375,57.119999,-21.280001,-180.320007,0.42048,0.616704,-0.336384,696,546,438,1.3419309781061768
2024-04-25 14:17:05.840000+00:00,2024-04-25 14:15:30+00:00,2024-04-25 14:17:30+00:00,TABUENCA01-45,Sensoria-C1-EEA1,Right,Gait,1.0.5,40.3878707,-3.629144,CB:AA:BC:3F:36:A5,SCKS,-0.882813,1.996095,-0.429688,-22.4,5.6,271.040009,0.289664,0.784896,-0.2336,296,581,694,2.224496756423349
2024-04-25 14:17:05.847000+00:00,2024-04-25 14:15:30+00:00,2024-04-25 14:17:30+00:00,TABUENCA01-45,Sensoria-C1-E90A,Left,Gait,1.0.5,40.3878707,-3.629144,F0:75:B1:51:59:F6,SCKS,-0.09375,1.031249,-0.21875,66.080002,-17.92,-114.239998,0.411136,0.635392,-0.32704,682,549,383,1.0583549144785978
2024-04-25 14:17:05.856000+00:00,2024-04-25 14:15:30+00:00,2024-04-25 14:17:30+00:00,TABUENCA01-45,Sensoria-C1-EEA1,Right,Gait,1.0.5,40.3878707,-3.629144,CB:AA:BC:3F:36:A5,SCKS,-0.324219,1.968751,-0.65625,7.84,-70.559998,292.320007,0.336384,0.775552,-0.224256,358,632,693,2.1004196062839444
2024-04-25 14:17:05.872000+00:00,2024-04-25 14:15:30+00:00,2024-04-25 14:17:30+00:00,TABUENCA01-45,Sensoria-C1-EEA1,Right,Gait,1.0.5,40.3878707,-3.629144,CB:AA:BC:3F:36:A5,SCKS,-0.171875,0.777344,-0.535157,31.360001,-26.880001,246.399994,0.336384,0.775552,-0.224256,417,670,693,0.959269370203177
2024-04-25 14:17:05.879000+00:00,2024-04-25 14:15:30+00:00,2024-04-25 14:17:30+00:00,TABUENCA01-45,Sensoria-C1-E90A,Left,Gait,1.0.5,40.3878707,-3.629144,F0:75:B1:51:59:F6,SCKS,0.09375,0.9375,-0.21875,22.4,-48.16,-56.0,0.392448,0.65408,-0.308352,662,537,353,0.967236721283885
2024-04-25 14:17:05.888000+00:00,2024-04-25 14:15:30+00:00,2024-04-25 14:17:30+00:00,TABUENCA01-45,Sensoria-C1-EEA1,Right,Gait,1.0.5,40.3878707,-3.629144,CB:AA:BC:3F:36:A5,SCKS,0.5625,-0.039063,-0.898438,23.52,50.400002,166.880005,0.37376,0.775552,-0.2336,453,688,691,1.0607181566339854
2024-04-25 14:17:05.896000+00:00,2024-04-25 14:15:30+00:00,2024-04-25 14:17:30+00:00,TABUENCA01-45,Sensoria-C1-E90A,Left,Gait,1.0.5,40.3878707,-3.629144,F0:75:B1:51:59:F6,SCKS,0.125,0.999999,-0.09375,13.440001,-35.84,-28.0,0.392448,0.663424,-0.308352,644,521,339,1.012132433281831
2024-04-25 14:17:05.904000+00:00,2024-04-25 14:15:30+00:00,2024-04-25 14:17:30+00:00,TABUENCA01-45,Sensoria-C1-EEA1,Right,Gait,1.0.5,40.3878707,-3.629144,CB:AA:BC:3F:36:A5,SCKS,-1.089845,0.558594,-0.414063,3.36,213.919998,54.880001,0.392448,0.766208,-0.2336,469,699,688,1.2927635316754569
2024-04-25 14:17:05.928000+00:00,2024-04-25 14:15:30+00:00,2024-04-25 14:17:30+00:00,TABUENCA01-45,Sensoria-C1-E90A,Left,Gait,1.0.5,40.3878707,-3.629144,F0:75:B1:51:59:F6,SCKS,0.1875,0.999999,-0.15625,16.799999,-19.040001,-23.52,0.383104,0.663424,-0.289664,625,504,341,1.0293533467672797
2024-04-25 14:17:05.937000+00:00,2024-04-25 14:15:30+00:00,2024-04-25 14:17:30+00:00,TABUENCA01-45,Sensoria-C1-EEA1,Right,Gait,1.0.5,40.3878707,-3.629144,CB:AA:BC:3F:36:A5,SCKS,-1.29297,0.226563,-0.105469,-30.24,169.119995,-29.120001,0.401792,0.766208,-0.252288,477,705,685,1.3169001191548277
2024-04-25 14:17:05.953000+00:00,2024-04-25 14:15:30+00:00,2024-04-25 14:17:30+00:00,TABUENCA01-45,Sensoria-C1-EEA1,Right,Gait,1.0.5,40.3878707,-3.629144,CB:AA:BC:3F:36:A5,SCKS,-0.718751,-0.097656,0.105469,-10.08,96.32,-62.720001,0.392448,0.766208,-0.270976,480,707,686,0.7329825402408983
2024-04-25 14:17:05.961000+00:00,2024-04-25 14:15:30+00:00,2024-04-25 14:17:30+00:00,TABUENCA01-45,Sensoria-C1-E90A,Left,Gait,1.0.5,40.3878707,-3.629144,F0:75:B1:51:59:F6,SCKS,0.1875,0.9375,-0.3125,15.68,-19.040001,-26.880001,0.37376,0.672768,-0.299008,610,491,361,1.0058423087144426
2024-04-25 14:17:05.993000+00:00,2024-04-25 14:15:30+00:00,2024-04-25 14:17:30+00:00,TABUENCA01-45,Sensoria-C1-E90A,Left,Gait,1.0.5,40.3878707,-3.629144,F0:75:B1:51:59:F6,SCKS,0.09375,0.968749,-0.15625,10.08,-43.68,-23.52,0.37376,0.682112,-0.28032,589,469,410,0.9857371607081676
2024-04-25 14:17:06.001000+00:00,2024-04-25 14:15:30+00:00,2024-04-25 14:17:30+00:00,TABUENCA01-45,Sensoria-C1-EEA1,Right,Gait,1.0.5,40.3878707,-3.629144,CB:AA:BC:3F:36:A5,SCKS,-0.503907,-0.027344,0.136719,31.360001,45.920002,-107.520004,0.392448,0.766208,-0.270976,482,707,683,0.5228403618180218
2024-04-25 14:17:06.002000+00:00,2024-04-25 14:15:30+00:00,2024-04-25 14:17:30+00:00,TABUENCA01-45,Sensoria-C1-EEA1,Right,Gait,1.0.5,40.3878707,-3.629144,CB:AA:BC:3F:36:A5,SCKS,-0.644532,0.28125,0.136719,43.68,7.84,-182.559998,0.37376,0.766208,-0.252288,482,707,682,0.7163903590117612
2024-04-25 14:17:06.018000+00:00,2024-04-25 14:15:30+00:00,2024-04-25 14:17:30+00:00,TABUENCA01-45,Sensoria-C1-EEA1,Right,Gait,1.0.5,40.3878707,-3.629144,CB:AA:BC:3F:36:A5,SCKS,-0.523438,0.382813,0.191406,41.439999,-23.52,-224.0,0.345728,0.766208,-0.242944,482,707,683,0.676143024551019
2024-04-25 14:17:06.026000+00:00,2024-04-25 14:15:30+00:00,2024-04-25 14:17:30+00:00,TABUENCA01-45,Sensoria-C1-E90A,Left,Gait,1.0.5,40.3878707,-3.629144,F0:75:B1:51:59:F6,SCKS,0.125,0.968749,-0.1875,6.72,-50.400002,-22.4,0.364416,0.682112,-0.299008,582,459,435,0.994613429931951
2024-04-25 14:17:06.034000+00:00,2024-04-25 14:15:30+00:00,2024-04-25 14:17:30+00:00,TABUENCA01-45,Sensoria-C1-EEA1,Right,Gait,1.0.5,40.3878707,-3.629144,CB:AA:BC:3F:36:A5,SCKS,-0.433594,0.535157,0.175781,43.68,-48.16,-262.079987,0.308352,0.766208,-0.242944,481,708,683,0.7108415656431466
2024-04-25 14:17:06.051000+00:00,2024-04-25 14:15:30+00:00,2024-04-25 14:17:30+00:00,TABUENCA01-45,Sensoria-C1-EEA1,Right,Gait,1.0.5,40.3878707,-3.629144,CB:AA:BC:3F:36:A5,SCKS,-0.445313,0.746094,0.140625,39.200001,-56.0,-295.679993,0.261632,0.766208,-0.224256,481,705,680,0.8801904995113274
2024-04-25 14:17:06.058000+00:00,2024-04-25 14:15:30+00:00,2024-04-25 14:17:30+00:00,TABUENCA01-45,Sensoria-C1-E90A,Left,Gait,1.0.5,40.3878707,-3.629144,F0:75:B1:51:59:F6,SCKS,0.125,0.968749,-0.21875,0.0,-43.68,-26.880001,0.364416,0.691456,-0.270976,570,438,466,1.0009751183226285
2024-04-25 14:17:06.067000+00:00,2024-04-25 14:15:30+00:00,2024-04-25 14:17:30+00:00,TABUENCA01-45,Sensoria-C1-EEA1,Right,Gait,1.0.5,40.3878707,-3.629144,CB:AA:BC:3F:36:A5,SCKS,-0.457032,0.996094,0.117188,28.0,-49.279999,-322.559998,0.196224,0.766208,-0.224256,481,704,681,1.1021862515945298
2024-04-25 14:17:06.091000+00:00,2024-04-25 14:15:30+00:00,2024-04-25 14:17:30+00:00,TABUENCA01-45,Sensoria-C1-E90A,Left,Gait,1.0.5,40.3878707,-3.629144,F0:75:B1:51:59:F6,SCKS,0.09375,0.968749,-0.21875,-5.6,-43.68,-30.24,0.355072,0.691456,-0.270976,554,415,499,0.9975546350957425
2024-04-25 14:17:06.100000+00:00,2024-04-25 14:15:30+00:00,2024-04-25 14:17:30+00:00,TABUENCA01-45,Sensoria-C1-EEA1,Right,Gait,1.0.5,40.3878707,-3.629144,CB:AA:BC:3F:36:A5,SCKS,-0.40625,1.277345,0.128906,15.68,-33.599998,-344.959991,0.196224,0.766208,-0.224256,480,704,679,1.3465756823739987
2024-04-25 14:17:06.116000+00:00,2024-04-25 14:15:30+00:00,2024-04-25 14:17:30+00:00,TABUENCA01-45,Sensoria-C1-EEA1,Right,Gait,1.0.5,40.3878707,-3.629144,CB:AA:BC:3F:36:A5,SCKS,-0.410157,1.660157,0.171875,0.0,-5.6,-362.880005,0.149504,0.756864,-0.224256,481,704,679,1.7186887574319558
2024-04-25 14:17:06.124000+00:00,2024-04-25 14:15:30+00:00,2024-04-25 14:17:30+00:00,TABUENCA01-45,Sensoria-C1-E90A,Left,Gait,1.0.5,40.3878707,-3.629144,F0:75:B1:51:59:F6,SCKS,0.09375,0.9375,-0.1875,-1.12,-36.959999,-36.959999,0.345728,0.691456,-0.270976,535,387,528,0.9606516343087124
2024-04-25 14:17:06.132000+00:00,2024-04-25 14:15:30+00:00,2024-04-25 14:17:30+00:00,TABUENCA01-45,Sensoria-C1-EEA1,Right,Gait,1.0.5,40.3878707,-3.629144,CB:AA:BC:3F:36:A5,SCKS,-0.433594,1.996095,0.28125,-19.040001,30.24,-368.480011,0.09344,0.728832,-0.224256,481,703,678,2.0619167219752113
2024-04-25 14:17:06.149000+00:00,2024-04-25 14:15:30+00:00,2024-04-25 14:17:30+00:00,TABUENCA01-45,Sensoria-C1-EEA1,Right,Gait,1.0.5,40.3878707,-3.629144,CB:AA:BC:3F:36:A5,SCKS,-0.402344,1.996095,0.167969,8.96,-1.12,-377.440002,0.037376,0.691456,-0.224256,478,703,680,2.043156755690077
2024-04-25 14:17:06.156000+00:00,2024-04-25 14:15:30+00:00,2024-04-25 14:17:30+00:00,TABUENCA01-45,Sensoria-C1-E90A,Left,Gait,1.0.5,40.3878707,-3.629144,F0:75:B1:51:59:F6,SCKS,0.0,0.999999,-0.15625,0.0,-29.120001,-49.279999,0.336384,0.710144,-0.261632,502,343,578,1.012132433281831
2024-04-25 14:17:06.165000+00:00,2024-04-25 14:15:30+00:00,2024-04-25 14:17:30+00:00,TABUENCA01-45,Sensoria-C1-EEA1,Right,Gait,1.0.5,40.3878707,-3.629144,CB:AA:BC:3F:36:A5,SCKS,0.460938,1.996095,0.234375,24.639999,-58.240002,-377.440002,-0.009344,0.644736,-0.2336,480,704,678,2.061987082766039
2024-04-25 14:17:06.190000+00:00,2024-04-25 14:15:30+00:00,2024-04-25 14:17:30+00:00,TABUENCA01-45,Sensoria-C1-E90A,Left,Gait,1.0.5,40.3878707,-3.629144,F0:75:B1:51:59:F6,SCKS,0.03125,1.031249,-0.1875,-4.48,-29.120001,-56.0,0.317696,0.719488,-0.252288,479,316,614,1.0486216250397473
2024-04-25 14:17:06.198000+00:00,2024-04-25 14:15:30+00:00,2024-04-25 14:17:30+00:00,TABUENCA01-45,Sensoria-C1-EEA1,Right,Gait,1.0.5,40.3878707,-3.629144,CB:AA:BC:3F:36:A5,SCKS,1.695314,1.996095,-0.152344,13.440001,-72.800003,-365.119995,-0.009344,0.644736,-0.2336,480,703,680,2.623298210641901
2024-04-25 14:17:06.213000+00:00,2024-04-25 14:15:30+00:00,2024-04-25 14:17:30+00:00,TABUENCA01-45,Sensoria-C1-EEA1,Right,Gait,1.0.5,40.3878707,-3.629144,CB:AA:BC:3F:36:A5,SCKS,1.996095,1.996095,-0.609375,38.080002,-57.119999,-312.480011,-0.04672,0.598016,-0.2336,481,703,679,2.8879280442343087
2024-04-25 14:17:06.230000+00:00,2024-04-25 14:15:30+00:00,2024-04-25 14:17:30+00:00,TABUENCA01-45,Sensoria-C1-EEA1,Right,Gait,1.0.5,40.3878707,-3.629144,CB:AA:BC:3F:36:A5,SCKS,1.996095,1.281251,0.144531,49.279999,-33.599998,-182.559998,-0.074752,0.56064,-0.242944,479,703,678,2.3763182833928203
2024-04-25 14:17:06.237000+00:00,2024-04-25 14:15:30+00:00,2024-04-25 14:17:30+00:00,TABUENCA01-45,Sensoria-C1-E90A,Left,Gait,1.0.5,40.3878707,-3.629144,F0:75:B1:51:59:F6,SCKS,0.0625,1.093749,-0.15625,-11.2,-34.720001,-67.199997,0.308352,0.728832,-0.261632,454,290,644,1.1066197122322556
2024-04-25 14:17:06.238000+00:00,2024-04-25 14:15:30+00:00,2024-04-25 14:17:30+00:00,TABUENCA01-45,Sensoria-C1-E90A,Left,Gait,1.0.5,40.3878707,-3.629144,F0:75:B1:51:59:F6,SCKS,0.0625,1.156249,-0.03125,-14.56,-30.24,-86.239998,0.299008,0.728832,-0.252288,436,271,666,1.15835856387433
2024-04-25 14:17:06.246000+00:00,2024-04-25 14:15:30+00:00,2024-04-25 14:17:30+00:00,TABUENCA01-45,Sensoria-C1-EEA1,Right,Gait,1.0.5,40.3878707,-3.629144,CB:AA:BC:3F:36:A5,SCKS,1.996095,1.785158,0.222656,56.0,-25.76,-77.279999,-0.074752,0.541952,-0.242944,479,707,684,2.6871471914141587
2024-04-25 14:17:06.270000+00:00,2024-04-25 14:15:30+00:00,2024-04-25 14:17:30+00:00,TABUENCA01-45,Sensoria-C1-E90A,Left,Gait,1.0.5,40.3878707,-3.629144,F0:75:B1:51:59:F6,SCKS,0.15625,1.312499,-0.25,-7.84,-15.68,-113.120003,0.270976,0.756864,-0.261632,423,260,678,1.3452017274375618
2024-04-25 14:17:06.279000+00:00,2024-04-25 14:15:30+00:00,2024-04-25 14:17:30+00:00,TABUENCA01-45,Sensoria-C1-EEA1,Right,Gait,1.0.5,40.3878707,-3.629144,CB:AA:BC:3F:36:A5,SCKS,1.843751,1.996095,0.320313,0.0,-49.279999,68.32,-0.074752,0.56064,-0.252288,479,706,685,2.736131103765863
2024-04-25 14:17:06.302000+00:00,2024-04-25 14:15:30+00:00,2024-04-25 14:17:30+00:00,TABUENCA01-45,Sensoria-C1-E90A,Left,Gait,1.0.5,40.3878707,-3.629144,F0:75:B1:51:59:F6,SCKS,0.1875,1.531249,-0.3125,-12.32,-14.56,-141.119995,0.242944,0.766208,-0.261632,432,267,683,1.5740190596053785
2024-04-25 14:17:06.311000+00:00,2024-04-25 14:15:30+00:00,2024-04-25 14:17:30+00:00,TABUENCA01-45,Sensoria-C1-EEA1,Right,Gait,1.0.5,40.3878707,-3.629144,CB:AA:BC:3F:36:A5,SCKS,0.976563,1.484376,0.667969,43.68,-91.840004,248.639999,-0.074752,0.569984,-0.261632,492,710,606,1.8982175816554854
2024-04-25 14:17:06.327000+00:00,2024-04-25 14:15:30+00:00,2024-04-25 14:17:30+00:00,TABUENCA01-45,Sensoria-C1-EEA1,Right,Gait,1.0.5,40.3878707,-3.629144,CB:AA:BC:3F:36:A5,SCKS,0.273438,1.753908,-0.019531,48.16,-15.68,197.119995,-0.065408,0.616704,-0.28032,501,715,520,1.775202262354631
2024-04-25 14:17:06.335000+00:00,2024-04-25 14:15:30+00:00,2024-04-25 14:17:30+00:00,TABUENCA01-45,Sensoria-C1-E90A,Left,Gait,1.0.5,40.3878707,-3.629144,F0:75:B1:51:59:F6,SCKS,0.5,2.031249,-0.25,-20.16,-14.56,-172.479996,0.214912,0.775552,-0.261632,492,317,683,2.106768259681401
2024-04-25 14:17:06.360000+00:00,2024-04-25 14:15:30+00:00,2024-04-25 14:17:30+00:00,TABUENCA01-45,Sensoria-C1-EEA1,Right,Gait,1.0.5,40.3878707,-3.629144,CB:AA:BC:3F:36:A5,SCKS,0.429688,1.503907,-0.332031,47.040001,19.040001,192.639999,-0.04672,0.635392,-0.270976,503,717,444,1.5989410955235344
2024-04-25 14:17:06.367000+00:00,2024-04-25 14:15:30+00:00,2024-04-25 14:17:30+00:00,TABUENCA01-45,Sensoria-C1-E90A,Left,Gait,1.0.5,40.3878707,-3.629144,F0:75:B1:51:59:F6,SCKS,0.90625,2.281249,-0.34375,-38.080002,-32.48,-191.520004,0.177536,0.784896,-0.28032,557,378,683,2.478618592079265
2024-04-25 14:17:06.376000+00:00,2024-04-25 14:15:30+00:00,2024-04-25 14:17:30+00:00,TABUENCA01-45,Sensoria-C1-EEA1,Right,Gait,1.0.5,40.3878707,-3.629144,CB:AA:BC:3F:36:A5,SCKS,-0.082031,0.972657,0.125,-2.24,63.84,176.960007,-0.028032,0.65408,-0.252288,498,718,401,0.9840811575322433
2024-04-25 14:17:06.393000+00:00,2024-04-25 14:15:30+00:00,2024-04-25 14:17:30+00:00,TABUENCA01-45,Sensoria-C1-EEA1,Right,Gait,1.0.5,40.3878707,-3.629144,CB:AA:BC:3F:36:A5,SCKS,-0.019531,0.875001,-0.132813,29.120001,4.48,110.879997,-0.018688,0.672768,-0.261632,489,721,376,0.8852386700381993
2024-04-25 14:17:06.400000+00:00,2024-04-25 14:15:30+00:00,2024-04-25 14:17:30+00:00,TABUENCA01-45,Sensoria-C1-E90A,Left,Gait,1.0.5,40.3878707,-3.629144,F0:75:B1:51:59:F6,SCKS,0.40625,2.031249,-0.46875,-35.84,-73.919998,-222.880005,0.14016,0.784896,-0.289664,604,435,687,2.1238498357937172
2024-04-25 14:17:06.409000+00:00,2024-04-25 14:15:30+00:00,2024-04-25 14:17:30+00:00,TABUENCA01-45,Sensoria-C1-EEA1,Right,Gait,1.0.5,40.3878707,-3.629144,CB:AA:BC:3F:36:A5,SCKS,-0.171875,0.960938,0.023438,2.24,33.599998,89.599998,0.0,0.682112,-0.261632,476,720,359,0.9764692495480848
2024-04-25 14:17:06.425000+00:00,2024-04-25 14:15:30+00:00,2024-04-25 14:17:30+00:00,TABUENCA01-45,Sensoria-C1-EEA1,Right,Gait,1.0.5,40.3878707,-3.629144,CB:AA:BC:3F:36:A5,SCKS,-0.164063,0.988282,-0.113281,5.6,4.48,70.559998,0.0,0.682112,-0.261632,467,714,354,1.0081917300067482
2024-04-25 14:17:06.432000+00:00,2024-04-25 14:15:30+00:00,2024-04-25 14:17:30+00:00,TABUENCA01-45,Sensoria-C1-E90A,Left,Gait,1.0.5,40.3878707,-3.629144,F0:75:B1:51:59:F6,SCKS,0.34375,1.156249,-0.59375,12.32,-28.0,-254.240005,0.056064,0.79424,-0.270976,656,503,690,1.344475687768656
2024-04-25 14:17:06.457000+00:00,2024-04-25 14:15:30+00:00,2024-04-25 14:17:30+00:00,TABUENCA01-45,Sensoria-C1-EEA1,Right,Gait,1.0.5,40.3878707,-3.629144,CB:AA:BC:3F:36:A5,SCKS,-0.214844,0.980469,-0.007813,-1.12,10.08,61.599998,0.0,0.691456,-0.252288,456,709,348,1.0037621467588824
2024-04-25 14:17:06.465000+00:00,2024-04-25 14:15:30+00:00,2024-04-25 14:17:30+00:00,TABUENCA01-45,Sensoria-C1-E90A,Left,Gait,1.0.5,40.3878707,-3.629144,F0:75:B1:51:59:F6,SCKS,-0.03125,-0.0625,-0.25,26.880001,-51.52,-141.119995,0.028032,0.79424,-0.28032,684,532,691,0.25958199571618984
2024-04-25 14:17:06.473000+00:00,2024-04-25 14:15:30+00:00,2024-04-25 14:17:30+00:00,TABUENCA01-45,Sensoria-C1-EEA1,Right,Gait,1.0.5,40.3878707,-3.629144,CB:AA:BC:3F:36:A5,SCKS,-0.160156,0.992188,0.015625,5.6,5.6,52.639999,0.009344,0.691456,-0.252288,446,700,349,1.005152283141714
2024-04-25 14:17:06.489000+00:00,2024-04-25 14:15:30+00:00,2024-04-25 14:17:30+00:00,TABUENCA01-45,Sensoria-C1-EEA1,Right,Gait,1.0.5,40.3878707,-3.629144,CB:AA:BC:3F:36:A5,SCKS,-0.171875,0.984376,-0.019531,3.36,10.08,48.16,0.018688,0.7008,-0.252288,436,693,352,0.9994591462195941
2024-04-25 14:17:06.497000+00:00,2024-04-25 14:15:30+00:00,2024-04-25 14:17:30+00:00,TABUENCA01-45,Sensoria-C1-E90A,Left,Gait,1.0.5,40.3878707,-3.629144,F0:75:B1:51:59:F6,SCKS,0.999999,0.1875,-0.09375,1.12,-132.160004,69.440002,0.028032,0.79424,-0.28032,701,542,691,1.0217354415410087
2024-04-25 14:17:06.506000+00:00,2024-04-25 14:15:30+00:00,2024-04-25 14:17:30+00:00,TABUENCA01-45,Sensoria-C1-EEA1,Right,Gait,1.0.5,40.3878707,-3.629144,CB:AA:BC:3F:36:A5,SCKS,-0.15625,1.003907,0.027344,1.12,6.72,45.920002,0.018688,0.7008,-0.242944,422,683,358,1.0163616588031055
2024-04-25 14:17:06.529000+00:00,2024-04-25 14:15:30+00:00,2024-04-25 14:17:30+00:00,TABUENCA01-45,Sensoria-C1-E90A,Left,Gait,1.0.5,40.3878707,-3.629144,F0:75:B1:51:59:F6,SCKS,0.34375,0.0,-0.03125,24.639999,7.84,112.0,0.04672,0.79424,-0.270976,706,542,689,0.3451675317871019
2024-04-25 14:17:06.538000+00:00,2024-04-25 14:15:30+00:00,2024-04-25 14:17:30+00:00,TABUENCA01-45,Sensoria-C1-EEA1,Right,Gait,1.0.5,40.3878707,-3.629144,CB:AA:BC:3F:36:A5,SCKS,-0.183594,1.039063,-0.058594,-2.24,8.96,45.920002,0.018688,0.7008,-0.242944,407,673,368,1.0567837676842884
2024-04-25 14:17:06.555000+00:00,2024-04-25 14:15:30+00:00,2024-04-25 14:17:30+00:00,TABUENCA01-45,Sensoria-C1-EEA1,Right,Gait,1.0.5,40.3878707,-3.629144,CB:AA:BC:3F:36:A5,SCKS,-0.109375,0.953126,0.003906,-3.36,7.84,44.799999,0.028032,0.710144,-0.2336,390,664,384,0.9593890344052303
2024-04-25 14:17:06.562000+00:00,2024-04-25 14:15:30+00:00,2024-04-25 14:17:30+00:00,TABUENCA01-45,Sensoria-C1-E90A,Left,Gait,1.0.5,40.3878707,-3.629144,F0:75:B1:51:59:F6,SCKS,0.375,0.1875,-0.09375,48.16,44.799999,178.080002,0.074752,0.79424,-0.270976,706,539,688,0.42961647140211
2024-04-25 14:17:06.571000+00:00,2024-04-25 14:15:30+00:00,2024-04-25 14:17:30+00:00,TABUENCA01-45,Sensoria-C1-EEA1,Right,Gait,1.0.5,40.3878707,-3.629144,CB:AA:BC:3F:36:A5,SCKS,-0.082031,0.968751,-0.003906,-2.24,1.12,40.32,0.028032,0.719488,-0.242944,370,655,402,0.9722257154580927
2024-04-25 14:17:06.578000+00:00,2024-04-25 14:15:30+00:00,2024-04-25 14:17:30+00:00,TABUENCA01-45,Sensoria-C1-E90A,Left,Gait,1.0.5,40.3878707,-3.629144,F0:75:B1:51:59:F6,SCKS,0.3125,0.4375,-0.09375,41.439999,67.199997,231.839996,0.112128,0.79424,-0.270976,704,539,687,0.5457577873929056
2024-04-25 14:17:06.587000+00:00,2024-04-25 14:15:30+00:00,2024-04-25 14:17:30+00:00,TABUENCA01-45,Sensoria-C1-EEA1,Right,Gait,1.0.5,40.3878707,-3.629144,CB:AA:BC:3F:36:A5,SCKS,-0.058594,0.949219,0.003906,-4.48,-2.24,34.720001,0.028032,0.710144,-0.2336,351,647,421,0.9510337657691235
2024-04-25 14:17:06.603000+00:00,2024-04-25 14:15:30+00:00,2024-04-25 14:17:30+00:00,TABUENCA01-45,Sensoria-C1-EEA1,Right,Gait,1.0.5,40.3878707,-3.629144,CB:AA:BC:3F:36:A5,SCKS,-0.066406,0.945313,-0.023438,-4.48,-3.36,33.599998,0.037376,0.719488,-0.2336,336,639,439,0.9479323629083458
2024-04-25 14:17:06.611000+00:00,2024-04-25 14:15:30+00:00,2024-04-25 14:17:30+00:00,TABUENCA01-45,Sensoria-C1-E90A,Left,Gait,1.0.5,40.3878707,-3.629144,F0:75:B1:51:59:F6,SCKS,0.28125,0.6875,0.0,31.360001,70.559998,281.119995,0.158848,0.79424,-0.270976,704,539,685,0.7428040202502946
2024-04-25 14:17:06.636000+00:00,2024-04-25 14:15:30+00:00,2024-04-25 14:17:30+00:00,TABUENCA01-45,Sensoria-C1-EEA1,Right,Gait,1.0.5,40.3878707,-3.629144,CB:AA:BC:3F:36:A5,SCKS,-0.085938,0.953126,-0.03125,-4.48,-5.6,32.48,0.037376,0.719488,-0.2336,325,632,458,0.9575025191716208
2024-04-25 14:17:06.643000+00:00,2024-04-25 14:15:30+00:00,2024-04-25 14:17:30+00:00,TABUENCA01-45,Sensoria-C1-E90A,Left,Gait,1.0.5,40.3878707,-3.629144,F0:75:B1:51:59:F6,SCKS,0.3125,1.062499,0.0,20.16,58.240002,323.679993,0.205568,0.775552,-0.252288,702,538,684,1.1075018623013688
2024-04-25 14:17:06.652000+00:00,2024-04-25 14:15:30+00:00,2024-04-25 14:17:30+00:00,TABUENCA01-45,Sensoria-C1-EEA1,Right,Gait,1.0.5,40.3878707,-3.629144,CB:AA:BC:3F:36:A5,SCKS,-0.042969,0.953126,-0.035156,1.12,-7.84,33.599998,0.04672,0.710144,-0.261632,313,625,473,0.9547415625042204
2024-04-25 14:17:06.668000+00:00,2024-04-25 14:15:30+00:00,2024-04-25 14:17:30+00:00,TABUENCA01-45,Sensoria-C1-EEA1,Right,Gait,1.0.5,40.3878707,-3.629144,CB:AA:BC:3F:36:A5,SCKS,-0.027344,0.957032,-0.035156,2.24,-3.36,36.959999,0.04672,0.719488,-0.242944,302,618,488,0.9580677886746846
2024-04-25 14:17:06.676000+00:00,2024-04-25 14:15:30+00:00,2024-04-25 14:17:30+00:00,TABUENCA01-45,Sensoria-C1-E90A,Left,Gait,1.0.5,40.3878707,-3.629144,F0:75:B1:51:59:F6,SCKS,0.3125,1.531249,0.0625,5.6,52.639999,352.799988,0.32704,0.719488,-0.261632,702,536,683,1.5640607405088207
2024-04-25 14:17:06.685000+00:00,2024-04-25 14:15:30+00:00,2024-04-25 14:17:30+00:00,TABUENCA01-45,Sensoria-C1-EEA1,Right,Gait,1.0.5,40.3878707,-3.629144,CB:AA:BC:3F:36:A5,SCKS,-0.042969,0.953126,-0.066406,0.0,2.24,40.32,0.04672,0.719488,-0.2336,291,607,504,0.9564022499309587
2024-04-25 14:17:06.709000+00:00,2024-04-25 14:15:30+00:00,2024-04-25 14:17:30+00:00,TABUENCA01-45,Sensoria-C1-E90A,Left,Gait,1.0.5,40.3878707,-3.629144,F0:75:B1:51:59:F6,SCKS,0.34375,2.031249,0.09375,-8.96,56.0,377.440002,0.383104,0.672768,-0.270976,701,536,683,2.06226225902551
2024-04-25 14:17:06.717000+00:00,2024-04-25 14:15:30+00:00,2024-04-25 14:17:30+00:00,TABUENCA01-45,Sensoria-C1-EEA1,Right,Gait,1.0.5,40.3878707,-3.629144,CB:AA:BC:3F:36:A5,SCKS,-0.066406,0.949219,-0.066406,0.0,4.48,51.52,0.056064,0.719488,-0.242944,282,593,517,0.9538533554131893
2024-04-25 14:17:06.741000+00:00,2024-04-25 14:15:30+00:00,2024-04-25 14:17:30+00:00,TABUENCA01-45,Sensoria-C1-E90A,Left,Gait,1.0.5,40.3878707,-3.629144,F0:75:B1:51:59:F6,SCKS,0.125,2.749999,-0.09375,-14.56,96.32,395.360016,0.429824,0.626048,-0.28032,700,536,682,2.754434345287794
2024-04-25 14:17:06.750000+00:00,2024-04-25 14:15:30+00:00,2024-04-25 14:17:30+00:00,TABUENCA01-45,Sensoria-C1-EEA1,Right,Gait,1.0.5,40.3878707,-3.629144,CB:AA:BC:3F:36:A5,SCKS,-0.007813,1.015626,0.074219,-1.12,4.48,56.0,0.056064,0.719488,-0.242944,275,573,529,1.018364215202989
2024-04-25 14:17:06.751000+00:00,2024-04-25 14:15:30+00:00,2024-04-25 14:17:30+00:00,TABUENCA01-45,Sensoria-C1-EEA1,Right,Gait,1.0.5,40.3878707,-3.629144,CB:AA:BC:3F:36:A5,SCKS,-0.003906,1.019532,0.09375,-1.12,10.08,56.0,0.065408,0.728832,-0.242944,263,547,544,1.0238407192332215
2024-04-25 14:17:06.767000+00:00,2024-04-25 14:15:30+00:00,2024-04-25 14:17:30+00:00,TABUENCA01-45,Sensoria-C1-EEA1,Right,Gait,1.0.5,40.3878707,-3.629144,CB:AA:BC:3F:36:A5,SCKS,-0.058594,1.058594,0.074219,3.36,14.56,59.360001,0.065408,0.738176,-0.224256,250,525,565,1.062809001482863
2024-04-25 14:17:06.773000+00:00,2024-04-25 14:15:30+00:00,2024-04-25 14:17:30+00:00,TABUENCA01-45,Sensoria-C1-E90A,Left,Gait,1.0.5,40.3878707,-3.629144,F0:75:B1:51:59:F6,SCKS,-0.5,2.999998,-0.3125,-47.040001,80.639999,375.200012,0.476544,0.569984,-0.299008,700,536,682,3.0573917397029775
2024-04-25 14:17:06.798000+00:00,2024-04-25 14:15:30+00:00,2024-04-25 14:17:30+00:00,TABUENCA01-45,Sensoria-C1-EEA1,Right,Gait,1.0.5,40.3878707,-3.629144,CB:AA:BC:3F:36:A5,SCKS,-0.105469,1.109376,0.050781,4.48,12.32,72.800003,0.084096,0.74752,-0.2336,239,502,595,1.1155346383228089
2024-04-25 14:17:06.806000+00:00,2024-04-25 14:15:30+00:00,2024-04-25 14:17:30+00:00,TABUENCA01-45,Sensoria-C1-E90A,Left,Gait,1.0.5,40.3878707,-3.629144,F0:75:B1:51:59:F6,SCKS,-3.031248,1.312499,-0.6875,6.72,1.12,173.600006,0.504576,0.476544,-0.32704,698,535,683,3.3739849306873024
2024-04-25 14:17:06.814000+00:00,2024-04-25 14:15:30+00:00,2024-04-25 14:17:30+00:00,TABUENCA01-45,Sensoria-C1-EEA1,Right,Gait,1.0.5,40.3878707,-3.629144,CB:AA:BC:3F:36:A5,SCKS,-0.085938,1.125001,0.011719,8.96,2.24,91.840004,0.09344,0.74752,-0.2336,225,482,625,1.1283394545995455
2024-04-25 14:17:06.831000+00:00,2024-04-25 14:15:30+00:00,2024-04-25 14:17:30+00:00,TABUENCA01-45,Sensoria-C1-EEA1,Right,Gait,1.0.5,40.3878707,-3.629144,CB:AA:BC:3F:36:A5,SCKS,-0.101563,1.23047,0.128906,2.24,-10.08,107.520004,0.102784,0.756864,-0.224256,213,466,653,1.241365466212509
2024-04-25 14:17:06.838000+00:00,2024-04-25 14:15:30+00:00,2024-04-25 14:17:30+00:00,TABUENCA01-45,Sensoria-C1-E90A,Left,Gait,1.0.5,40.3878707,-3.629144,F0:75:B1:51:59:F6,SCKS,-2.406249,1.562499,-0.15625,-14.56,-129.919998,-56.0,0.51392,0.457856,-0.308352,695,538,686,2.873299747242184
2024-04-25 14:17:06.847000+00:00,2024-04-25 14:15:30+00:00,2024-04-25 14:17:30+00:00,TABUENCA01-45,Sensoria-C1-EEA1,Right,Gait,1.0.5,40.3878707,-3.629144,CB:AA:BC:3F:36:A5,SCKS,-0.175781,1.390626,-0.113281,-10.08,-16.799999,120.959999,0.102784,0.756864,-0.224256,202,451,675,1.4062617881454362
2024-04-25 14:17:06.863000+00:00,2024-04-25 14:15:30+00:00,2024-04-25 14:17:30+00:00,TABUENCA01-45,Sensoria-C1-EEA1,Right,Gait,1.0.5,40.3878707,-3.629144,CB:AA:BC:3F:36:A5,SCKS,-0.121094,1.460939,-0.171875,-24.639999,-10.08,137.759995,0.130816,0.766208,-0.2336,194,441,687,1.4759903570762243
2024-04-25 14:17:06.871000+00:00,2024-04-25 14:15:30+00:00,2024-04-25 14:17:30+00:00,TABUENCA01-45,Sensoria-C1-E90A,Left,Gait,1.0.5,40.3878707,-3.629144,F0:75:B1:51:59:F6,SCKS,3.812498,1.156249,0.125,19.040001,7.84,-126.559998,0.504576,0.476544,-0.289664,696,535,673,3.985934990689763
2024-04-25 14:17:06.896000+00:00,2024-04-25 14:15:30+00:00,2024-04-25 14:17:30+00:00,TABUENCA01-45,Sensoria-C1-EEA1,Right,Gait,1.0.5,40.3878707,-3.629144,CB:AA:BC:3F:36:A5,SCKS,-0.222656,1.640626,-0.003906,-32.48,3.36,153.440002,0.149504,0.766208,-0.2336,189,441,696,1.655670445181649
2024-04-25 14:17:06.904000+00:00,2024-04-25 14:15:30+00:00,2024-04-25 14:17:30+00:00,TABUENCA01-45,Sensoria-C1-E90A,Left,Gait,1.0.5,40.3878707,-3.629144,F0:75:B1:51:59:F6,SCKS,-0.5,1.312499,0.25,60.48,117.599998,-203.839996,0.485888,0.532608,-0.308352,700,538,642,1.4265881062875159
2024-04-25 14:17:06.913000+00:00,2024-04-25 14:15:30+00:00,2024-04-25 14:17:30+00:00,TABUENCA01-45,Sensoria-C1-EEA1,Right,Gait,1.0.5,40.3878707,-3.629144,CB:AA:BC:3F:36:A5,SCKS,-0.492188,1.882814,0.296875,-38.080002,15.68,173.600006,0.177536,0.775552,-0.242944,190,451,697,1.9685965436231467
2024-04-25 14:17:06.920000+00:00,2024-04-25 14:15:30+00:00,2024-04-25 14:17:30+00:00,TABUENCA01-45,Sensoria-C1-E90A,Left,Gait,1.0.5,40.3878707,-3.629144,F0:75:B1:51:59:F6,SCKS,-0.4375,1.874999,-0.4375,58.240002,11.2,-164.639999,0.4672,0.569984,-0.299008,699,538,529,1.9744451752330325
2024-04-25 14:17:06.929000+00:00,2024-04-25 14:15:30+00:00,2024-04-25 14:17:30+00:00,TABUENCA01-45,Sensoria-C1-EEA1,Right,Gait,1.0.5,40.3878707,-3.629144,CB:AA:BC:3F:36:A5,SCKS,-0.851563,1.996095,0.40625,-49.279999,24.639999,198.240005,0.214912,0.784896,-0.242944,201,466,700,2.20784824082046
2024-04-25 14:17:06.945000+00:00,2024-04-25 14:15:30+00:00,2024-04-25 14:17:30+00:00,TABUENCA01-45,Sensoria-C1-EEA1,Right,Gait,1.0.5,40.3878707,-3.629144,CB:AA:BC:3F:36:A5,SCKS,-0.996094,1.996095,0.226563,-56.0,35.84,230.720001,0.214912,0.784896,-0.242944,230,490,697,2.242304461671073
2024-04-25 14:17:06.953000+00:00,2024-04-25 14:15:30+00:00,2024-04-25 14:17:30+00:00,TABUENCA01-45,Sensoria-C1-E90A,Left,Gait,1.0.5,40.3878707,-3.629144,F0:75:B1:51:59:F6,SCKS,-0.125,1.062499,0.0625,60.48,-10.08,-172.479996,0.439168,0.598016,-0.299008,698,545,446,1.0716507710075145
2024-04-25 14:17:06.978000+00:00,2024-04-25 14:15:30+00:00,2024-04-25 14:17:30+00:00,TABUENCA01-45,Sensoria-C1-EEA1,Right,Gait,1.0.5,40.3878707,-3.629144,CB:AA:BC:3F:36:A5,SCKS,-0.339844,1.996095,-0.386719,-29.120001,-11.2,263.200012,0.252288,0.79424,-0.242944,273,532,697,2.061417177167688
2024-04-25 14:17:06.985000+00:00,2024-04-25 14:15:30+00:00,2024-04-25 14:17:30+00:00,TABUENCA01-45,Sensoria-C1-E90A,Left,Gait,1.0.5,40.3878707,-3.629144,F0:75:B1:51:59:F6,SCKS,-0.0625,0.999999,-0.21875,66.080002,8.96,-107.520004,0.429824,0.626048,-0.289664,690,551,395,1.0255514675046786
2024-04-25 14:17:07.009000+00:00,2024-04-25 14:15:30+00:00,2024-04-25 14:17:30+00:00,TABUENCA01-45,Sensoria-C1-EEA1,Right,Gait,1.0.5,40.3878707,-3.629144,CB:AA:BC:3F:36:A5,SCKS,-0.707032,1.996095,-0.589844,-20.16,-43.68,287.839996,0.299008,0.79424,-0.252288,329,588,695,2.1982277958357725
2024-04-25 14:17:07.011000+00:00,2024-04-25 14:15:30+00:00,2024-04-25 14:17:30+00:00,TABUENCA01-45,Sensoria-C1-EEA1,Right,Gait,1.0.5,40.3878707,-3.629144,CB:AA:BC:3F:36:A5,SCKS,-0.160156,1.26172,-0.597657,0.0,-33.599998,265.440002,0.345728,0.79424,-0.252288,390,640,694,1.4052690818434026
2024-04-25 14:17:07.017000+00:00,2024-04-25 14:15:30+00:00,2024-04-25 14:17:30+00:00,TABUENCA01-45,Sensoria-C1-E90A,Left,Gait,1.0.5,40.3878707,-3.629144,F0:75:B1:51:59:F6,SCKS,0.15625,0.968749,-0.1875,21.280001,-34.720001,-42.560001,0.411136,0.644736,-0.28032,674,543,350,0.9990219904992081
2024-04-25 14:17:07.027000+00:00,2024-04-25 14:15:30+00:00,2024-04-25 14:17:30+00:00,TABUENCA01-45,Sensoria-C1-EEA1,Right,Gait,1.0.5,40.3878707,-3.629144,CB:AA:BC:3F:36:A5,SCKS,-0.019531,-0.011719,-0.644532,16.799999,6.72,187.039993,0.37376,0.79424,-0.252288,436,673,693,0.6449343330494974
2024-04-25 14:17:07.049000+00:00,2024-04-25 14:15:30+00:00,2024-04-25 14:17:30+00:00,TABUENCA01-45,Sensoria-C1-E90A,Left,Gait,1.0.5,40.3878707,-3.629144,F0:75:B1:51:59:F6,SCKS,0.15625,0.968749,-0.125,7.84,-34.720001,-26.880001,0.401792,0.644736,-0.28032,665,533,331,0.9891985076318099
2024-04-25 14:17:07.059000+00:00,2024-04-25 14:15:30+00:00,2024-04-25 14:17:30+00:00,TABUENCA01-45,Sensoria-C1-EEA1,Right,Gait,1.0.5,40.3878707,-3.629144,CB:AA:BC:3F:36:A5,SCKS,-0.417969,0.863282,-0.535157,0.0,172.479996,106.400002,0.37376,0.79424,-0.252288,460,690,691,1.0983382498729615
2024-04-25 14:17:07.075000+00:00,2024-04-25 14:15:30+00:00,2024-04-25 14:17:30+00:00,TABUENCA01-45,Sensoria-C1-EEA1,Right,Gait,1.0.5,40.3878707,-3.629144,CB:AA:BC:3F:36:A5,SCKS,-1.191407,0.28125,-0.257813,-35.84,166.880005,-4.48,0.392448,0.784896,-0.252288,472,701,688,1.251007492031123
2024-04-25 14:17:07.082000+00:00,2024-04-25 14:15:30+00:00,2024-04-25 14:17:30+00:00,TABUENCA01-45,Sensoria-C1-E90A,Left,Gait,1.0.5,40.3878707,-3.629144,F0:75:B1:51:59:F6,SCKS,0.1875,0.968749,-0.15625,4.48,-31.360001,-14.56,0.401792,0.65408,-0.28032,657,525,326,0.9990219904992081
2024-04-25 14:17:07.091000+00:00,2024-04-25 14:15:30+00:00,2024-04-25 14:17:30+00:00,TABUENCA01-45,Sensoria-C1-EEA1,Right,Gait,1.0.5,40.3878707,-3.629144,CB:AA:BC:3F:36:A5,SCKS,-0.746094,-0.015625,-0.03125,-34.720001,91.840004,-44.799999,0.392448,0.784896,-0.270976,476,705,688,0.7469116145575727
2024-04-25 14:17:07.108000+00:00,2024-04-25 14:15:30+00:00,2024-04-25 14:17:30+00:00,TABUENCA01-45,Sensoria-C1-EEA1,Right,Gait,1.0.5,40.3878707,-3.629144,CB:AA:BC:3F:36:A5,SCKS,-0.472657,-0.078125,0.003906,4.48,34.720001,-86.239998,0.383104,0.79424,-0.28032,478,706,685,0.47908601744363194
2024-04-25 14:17:07.115000+00:00,2024-04-25 14:15:30+00:00,2024-04-25 14:17:30+00:00,TABUENCA01-45,Sensoria-C1-E90A,Left,Gait,1.0.5,40.3878707,-3.629144,F0:75:B1:51:59:F6,SCKS,0.1875,0.9375,-0.15625,0.0,-30.24,-14.56,0.401792,0.65408,-0.289664,651,518,334,0.96875
2024-04-25 14:17:07.124000+00:00,2024-04-25 14:15:30+00:00,2024-04-25 14:17:30+00:00,TABUENCA01-45,Sensoria-C1-EEA1,Right,Gait,1.0.5,40.3878707,-3.629144,CB:AA:BC:3F:36:A5,SCKS,-0.503907,0.039063,-0.078125,25.76,6.72,-134.399994,0.364416,0.79424,-0.261632,480,707,685,0.5114212532179319
2024-04-25 14:17:07.147000+00:00,2024-04-25 14:15:30+00:00,2024-04-25 14:17:30+00:00,TABUENCA01-45,Sensoria-C1-E90A,Left,Gait,1.0.5,40.3878707,-3.629144,F0:75:B1:51:59:F6,SCKS,0.15625,0.9375,-0.21875,0.0,-31.360001,-14.56,0.392448,0.663424,-0.252288,644,511,350,0.9752804083954522
2024-04-25 14:17:07.156000+00:00,2024-04-25 14:15:30+00:00,2024-04-25 14:17:30+00:00,TABUENCA01-45,Sensoria-C1-EEA1,Right,Gait,1.0.5,40.3878707,-3.629144,CB:AA:BC:3F:36:A5,SCKS,-0.523438,0.191406,-0.082031,29.120001,-19.040001,-178.080002,0.364416,0.79424,-0.261632,479,707,683,0.563340644407094
2024-04-25 14:17:07.172000+00:00,2024-04-25 14:15:30+00:00,2024-04-25 14:17:30+00:00,TABUENCA01-45,Sensoria-C1-EEA1,Right,Gait,1.0.5,40.3878707,-3.629144,CB:AA:BC:3F:36:A5,SCKS,-0.46875,0.300781,-0.066406,32.48,-45.920002,-220.639999,0.336384,0.79424,-0.270976,479,705,683,0.5608970754933564
2024-04-25 14:17:07.180000+00:00,2024-04-25 14:15:30+00:00,2024-04-25 14:17:30+00:00,TABUENCA01-45,Sensoria-C1-E90A,Left,Gait,1.0.5,40.3878707,-3.629144,F0:75:B1:51:59:F6,SCKS,0.125,0.9375,-0.1875,-1.12,-47.040001,-13.440001,0.392448,0.663424,-0.261632,634,502,373,0.9642030387838445
2024-04-25 14:17:07.189000+00:00,2024-04-25 14:15:30+00:00,2024-04-25 14:17:30+00:00,TABUENCA01-45,Sensoria-C1-EEA1,Right,Gait,1.0.5,40.3878707,-3.629144,CB:AA:BC:3F:36:A5,SCKS,-0.441407,0.46875,-0.082031,38.080002,-66.080002,-258.720001,0.289664,0.803584,-0.28032,480,706,684,0.64907302140052
2024-04-25 14:17:07.205000+00:00,2024-04-25 14:15:30+00:00,2024-04-25 14:17:30+00:00,TABUENCA01-45,Sensoria-C1-EEA1,Right,Gait,1.0.5,40.3878707,-3.629144,CB:AA:BC:3F:36:A5,SCKS,-0.410157,0.691407,-0.105469,39.200001,-78.400002,-290.079987,0.242944,0.79424,-0.261632,479,703,682,0.8107996757886623
2024-04-25 14:17:07.212000+00:00,2024-04-25 14:15:30+00:00,2024-04-25 14:17:30+00:00,TABUENCA01-45,Sensoria-C1-E90A,Left,Gait,1.0.5,40.3878707,-3.629144,F0:75:B1:51:59:F6,SCKS,0.15625,0.9375,-0.1875,0.0,-48.16,-8.96,0.392448,0.663424,-0.261632,623,490,393,0.96875
2024-04-25 14:17:07.228000+00:00,2024-04-25 14:15:30+00:00,2024-04-25 14:17:30+00:00,TABUENCA01-45,Sensoria-C1-E90A,Left,Gait,1.0.5,40.3878707,-3.629144,F0:75:B1:51:59:F6,SCKS,0.125,0.968749,-0.1875,1.12,-40.32,-13.440001,0.392448,0.672768,-0.2336,612,475,412,0.994613429931951
2024-04-25 14:17:07.238000+00:00,2024-04-25 14:15:30+00:00,2024-04-25 14:17:30+00:00,TABUENCA01-45,Sensoria-C1-EEA1,Right,Gait,1.0.5,40.3878707,-3.629144,CB:AA:BC:3F:36:A5,SCKS,-0.363282,0.921876,-0.101563,33.599998,-79.519997,-316.959991,0.18688,0.775552,-0.270976,477,702,682,0.9960643623124964
2024-04-25 14:17:07.253000+00:00,2024-04-25 14:15:30+00:00,2024-04-25 14:17:30+00:00,TABUENCA01-45,Sensoria-C1-EEA1,Right,Gait,1.0.5,40.3878707,-3.629144,CB:AA:BC:3F:36:A5,SCKS,-0.324219,1.257813,-0.125,25.76,-73.919998,-342.720001,0.130816,0.766208,-0.270976,478,702,681,1.3049277769018484
2024-04-25 14:17:07.261000+00:00,2024-04-25 14:15:30+00:00,2024-04-25 14:17:30+00:00,TABUENCA01-45,Sensoria-C1-E90A,Left,Gait,1.0.5,40.3878707,-3.629144,F0:75:B1:51:59:F6,SCKS,0.09375,0.9375,-0.1875,2.24,-39.200001,-21.280001,0.392448,0.672768,-0.2336,593,456,430,0.9606516343087124
2024-04-25 14:17:07.270000+00:00,2024-04-25 14:15:30+00:00,2024-04-25 14:17:30+00:00,TABUENCA01-45,Sensoria-C1-EEA1,Right,Gait,1.0.5,40.3878707,-3.629144,CB:AA:BC:3F:36:A5,SCKS,-0.371094,1.632814,-0.035156,8.96,-45.920002,-361.76001,0.130816,0.766208,-0.270976,479,701,680,1.6748218591145745
2024-04-25 14:17:07.293000+00:00,2024-04-25 14:15:30+00:00,2024-04-25 14:17:30+00:00,TABUENCA01-45,Sensoria-C1-E90A,Left,Gait,1.0.5,40.3878707,-3.629144,F0:75:B1:51:59:F6,SCKS,0.09375,0.9375,-0.1875,3.36,-33.599998,-34.720001,0.37376,0.682112,-0.214912,560,421,457,0.9606516343087124
2024-04-25 14:17:07.318000+00:00,2024-04-25 14:15:30+00:00,2024-04-25 14:17:30+00:00,TABUENCA01-45,Sensoria-C1-EEA1,Right,Gait,1.0.5,40.3878707,-3.629144,CB:AA:BC:3F:36:A5,SCKS,0.15625,1.996095,-0.335938,44.799999,-36.959999,-380.799988,0.028032,0.691456,-0.270976,478,701,681,2.030188082757112
2024-04-25 14:17:07.334000+00:00,2024-04-25 14:15:30+00:00,2024-04-25 14:17:30+00:00,TABUENCA01-45,Sensoria-C1-EEA1,Right,Gait,1.0.5,40.3878707,-3.629144,CB:AA:BC:3F:36:A5,SCKS,0.964844,1.996095,-0.050781,38.080002,-15.68,-378.559998,-0.018688,0.644736,-0.28032,477,702,681,2.217633401471488
2024-04-25 14:17:07.351000+00:00,2024-04-25 14:15:30+00:00,2024-04-25 14:17:30+00:00,TABUENCA01-45,Sensoria-C1-EEA1,Right,Gait,1.0.5,40.3878707,-3.629144,CB:AA:BC:3F:36:A5,SCKS,1.765626,1.996095,-0.363282,41.439999,1.12,-352.799988,-0.04672,0.598016,-0.270976,477,702,681,2.689573243550917
2024-04-25 14:17:07.358000+00:00,2024-04-25 14:15:30+00:00,2024-04-25 14:17:30+00:00,TABUENCA01-45,Sensoria-C1-E90A,Left,Gait,1.0.5,40.3878707,-3.629144,F0:75:B1:51:59:F6,SCKS,0.09375,0.999999,-0.21875,2.24,-32.48,-43.68,0.364416,0.682112,-0.2336,533,390,479,1.0279292898837935
2024-04-25 14:17:07.359000+00:00,2024-04-25 14:15:30+00:00,2024-04-25 14:17:30+00:00,TABUENCA01-45,Sensoria-C1-E90A,Left,Gait,1.0.5,40.3878707,-3.629144,F0:75:B1:51:59:F6,SCKS,0.09375,1.031249,-0.21875,-3.36,-36.959999,-59.360001,0.345728,0.7008,-0.224256,499,356,518,1.0583549144785978
2024-04-25 14:17:07.367000+00:00,2024-04-25 14:15:30+00:00,2024-04-25 14:17:30+00:00,TABUENCA01-45,Sensoria-C1-EEA1,Right,Gait,1.0.5,40.3878707,-3.629144,CB:AA:BC:3F:36:A5,SCKS,1.996095,1.898439,0.066406,50.400002,35.84,-252.0,-0.065408,0.56064,-0.270976,477,702,681,2.7555173094324776
2024-04-25 14:17:07.391000+00:00,2024-04-25 14:15:30+00:00,2024-04-25 14:17:30+00:00,TABUENCA01-45,Sensoria-C1-E90A,Left,Gait,1.0.5,40.3878707,-3.629144,F0:75:B1:51:59:F6,SCKS,0.0625,1.124999,-0.15625,-6.72,-38.080002,-89.599998,0.336384,0.710144,-0.224256,466,320,572,1.1375161812040302
2024-04-25 14:17:07.399000+00:00,2024-04-25 14:15:30+00:00,2024-04-25 14:17:30+00:00,TABUENCA01-45,Sensoria-C1-EEA1,Right,Gait,1.0.5,40.3878707,-3.629144,CB:AA:BC:3F:36:A5,SCKS,1.996095,1.54297,0.132813,62.720001,34.720001,-146.720001,-0.065408,0.56064,-0.270976,476,703,683,2.5264186040508014
2024-04-25 14:17:07.416000+00:00,2024-04-25 14:15:30+00:00,2024-04-25 14:17:30+00:00,TABUENCA01-45,Sensoria-C1-EEA1,Right,Gait,1.0.5,40.3878707,-3.629144,CB:AA:BC:3F:36:A5,SCKS,1.996095,1.625001,0.742188,22.4,50.400002,-10.08,-0.074752,0.541952,-0.2336,477,704,686,2.6787807910260217
2024-04-25 14:17:07.423000+00:00,2024-04-25 14:15:30+00:00,2024-04-25 14:17:30+00:00,TABUENCA01-45,Sensoria-C1-E90A,Left,Gait,1.0.5,40.3878707,-3.629144,F0:75:B1:51:59:F6,SCKS,0.09375,1.218749,-0.15625,-2.24,-30.24,-101.919998,0.317696,0.719488,-0.224256,431,293,623,1.232295520563554
2024-04-25 14:17:07.432000+00:00,2024-04-25 14:15:30+00:00,2024-04-25 14:17:30+00:00,TABUENCA01-45,Sensoria-C1-EEA1,Right,Gait,1.0.5,40.3878707,-3.629144,CB:AA:BC:3F:36:A5,SCKS,0.082031,1.996095,0.750001,5.6,-30.24,117.599998,-0.065408,0.541952,-0.252288,476,702,686,2.1339226401130382
2024-04-25 14:17:07.448000+00:00,2024-04-25 14:15:30+00:00,2024-04-25 14:17:30+00:00,TABUENCA01-45,Sensoria-C1-EEA1,Right,Gait,1.0.5,40.3878707,-3.629144,CB:AA:BC:3F:36:A5,SCKS,-1.996095,0.648438,1.156251,50.400002,-207.199997,89.599998,-0.065408,0.56064,-0.261632,479,701,675,2.396201882953521
2024-04-25 14:17:07.456000+00:00,2024-04-25 14:15:30+00:00,2024-04-25 14:17:30+00:00,TABUENCA01-45,Sensoria-C1-E90A,Left,Gait,1.0.5,40.3878707,-3.629144,F0:75:B1:51:59:F6,SCKS,0.09375,1.281249,-0.21875,-4.48,-29.120001,-114.239998,0.299008,0.728832,-0.214912,405,278,655,1.3031652331922456
2024-04-25 14:17:07.465000+00:00,2024-04-25 14:15:30+00:00,2024-04-25 14:17:30+00:00,TABUENCA01-45,Sensoria-C1-EEA1,Right,Gait,1.0.5,40.3878707,-3.629144,CB:AA:BC:3F:36:A5,SCKS,0.503907,1.191407,1.003907,64.959999,-212.800003,207.199997,-0.065408,0.588672,-0.299008,486,705,647,1.6374376839889206
2024-04-25 14:17:07.488000+00:00,2024-04-25 14:15:30+00:00,2024-04-25 14:17:30+00:00,TABUENCA01-45,Sensoria-C1-E90A,Left,Gait,1.0.5,40.3878707,-3.629144,F0:75:B1:51:59:F6,SCKS,0.21875,1.499999,-0.09375,0.0,-17.92,-132.160004,0.270976,0.74752,-0.224256,399,281,670,1.5187618723819083
2024-04-25 14:17:07.497000+00:00,2024-04-25 14:15:30+00:00,2024-04-25 14:17:30+00:00,TABUENCA01-45,Sensoria-C1-EEA1,Right,Gait,1.0.5,40.3878707,-3.629144,CB:AA:BC:3F:36:A5,SCKS,0.679688,1.929689,0.09375,67.199997,-98.559998,219.520004,-0.065408,0.588672,-0.299008,491,708,595,2.0480391784741325
2024-04-25 14:17:07.514000+00:00,2024-04-25 14:15:30+00:00,2024-04-25 14:17:30+00:00,TABUENCA01-45,Sensoria-C1-EEA1,Right,Gait,1.0.5,40.3878707,-3.629144,CB:AA:BC:3F:36:A5,SCKS,0.105469,1.351563,-0.359375,43.68,44.799999,192.639999,-0.056064,0.626048,-0.308352,495,713,524,1.4024965752382428
2024-04-25 14:17:07.521000+00:00,2024-04-25 14:15:30+00:00,2024-04-25 14:17:30+00:00,TABUENCA01-45,Sensoria-C1-E90A,Left,Gait,1.0.5,40.3878707,-3.629144,F0:75:B1:51:59:F6,SCKS,0.59375,1.999999,-0.09375,-14.56,-11.2,-166.880005,0.224256,0.775552,-0.214912,431,325,675,2.0883783481450386
2024-04-25 14:17:07.529000+00:00,2024-04-25 14:15:30+00:00,2024-04-25 14:17:30+00:00,TABUENCA01-45,Sensoria-C1-EEA1,Right,Gait,1.0.5,40.3878707,-3.629144,CB:AA:BC:3F:36:A5,SCKS,0.226563,1.35547,-0.128906,26.880001,22.4,168.0,-0.037376,0.644736,-0.289664,497,713,463,1.380306658212225
2024-04-25 14:17:07.546000+00:00,2024-04-25 14:15:30+00:00,2024-04-25 14:17:30+00:00,TABUENCA01-45,Sensoria-C1-EEA1,Right,Gait,1.0.5,40.3878707,-3.629144,CB:AA:BC:3F:36:A5,SCKS,-0.289063,0.835938,-0.269531,13.440001,28.0,143.360001,-0.018688,0.672768,-0.299008,494,714,425,0.9246603256190891
2024-04-25 14:17:07.554000+00:00,2024-04-25 14:15:30+00:00,2024-04-25 14:17:30+00:00,TABUENCA01-45,Sensoria-C1-E90A,Left,Gait,1.0.5,40.3878707,-3.629144,F0:75:B1:51:59:F6,SCKS,0.78125,2.062499,-0.28125,-33.599998,-42.560001,-179.199997,0.18688,0.784896,-0.2336,509,384,676,2.2233657481397433
2024-04-25 14:17:07.570000+00:00,2024-04-25 14:15:30+00:00,2024-04-25 14:17:30+00:00,TABUENCA01-45,Sensoria-C1-E90A,Left,Gait,1.0.5,40.3878707,-3.629144,F0:75:B1:51:59:F6,SCKS,0.5625,1.874999,-0.375,-30.24,-78.400002,-219.520004,0.149504,0.79424,-0.224256,569,440,682,1.9931513991669072
2024-04-25 14:17:07.580000+00:00,2024-04-25 14:15:30+00:00,2024-04-25 14:17:30+00:00,TABUENCA01-45,Sensoria-C1-EEA1,Right,Gait,1.0.5,40.3878707,-3.629144,CB:AA:BC:3F:36:A5,SCKS,0.148438,0.992188,-0.015625,10.08,-16.799999,118.720001,0.0,0.682112,-0.289664,488,717,397,1.0033518863354969
2024-04-25 14:17:07.602000+00:00,2024-04-25 14:15:30+00:00,2024-04-25 14:17:30+00:00,TABUENCA01-45,Sensoria-C1-E90A,Left,Gait,1.0.5,40.3878707,-3.629144,F0:75:B1:51:59:F6,SCKS,0.59375,1.249999,-0.5,0.0,-2.24,-250.880005,0.102784,0.79424,-0.224256,627,498,685,1.47140632134737
2024-04-25 14:17:07.610000+00:00,2024-04-25 14:15:30+00:00,2024-04-25 14:17:30+00:00,TABUENCA01-45,Sensoria-C1-EEA1,Right,Gait,1.0.5,40.3878707,-3.629144,CB:AA:BC:3F:36:A5,SCKS,-0.046875,0.945313,-0.003906,-4.48,6.72,101.919998,0.009344,0.691456,-0.289664,479,716,378,0.9464825357237184
2024-04-25 14:17:07.612000+00:00,2024-04-25 14:15:30+00:00,2024-04-25 14:17:30+00:00,TABUENCA01-45,Sensoria-C1-EEA1,Right,Gait,1.0.5,40.3878707,-3.629144,CB:AA:BC:3F:36:A5,SCKS,-0.109375,0.988282,-0.046875,-6.72,10.08,82.879997,0.009344,0.691456,-0.289664,472,708,363,0.9954202468173932
2024-04-25 14:17:07.627000+00:00,2024-04-25 14:15:30+00:00,2024-04-25 14:17:30+00:00,TABUENCA01-45,Sensoria-C1-EEA1,Right,Gait,1.0.5,40.3878707,-3.629144,CB:AA:BC:3F:36:A5,SCKS,-0.050781,1.000001,0.109375,-2.24,11.2,66.080002,0.018688,0.7008,-0.28032,463,697,354,1.0072455512867753
2024-04-25 14:17:07.635000+00:00,2024-04-25 14:15:30+00:00,2024-04-25 14:17:30+00:00,TABUENCA01-45,Sensoria-C1-E90A,Left,Gait,1.0.5,40.3878707,-3.629144,F0:75:B1:51:59:F6,SCKS,-0.59375,0.59375,-0.40625,16.799999,-77.279999,-90.720001,0.037376,0.79424,-0.224256,685,538,688,0.9328007222874563
2024-04-25 14:17:07.643000+00:00,2024-04-25 14:15:30+00:00,2024-04-25 14:17:30+00:00,TABUENCA01-45,Sensoria-C1-EEA1,Right,Gait,1.0.5,40.3878707,-3.629144,CB:AA:BC:3F:36:A5,SCKS,-0.105469,0.988282,0.074219,4.48,13.440001,49.279999,0.028032,0.7008,-0.28032,456,685,349,0.9966611668194963
2024-04-25 14:17:07.668000+00:00,2024-04-25 14:15:30+00:00,2024-04-25 14:17:30+00:00,TABUENCA01-45,Sensoria-C1-E90A,Left,Gait,1.0.5,40.3878707,-3.629144,F0:75:B1:51:59:F6,SCKS,1.031249,0.125,-0.125,6.72,-157.919998,67.199997,0.028032,0.784896,-0.2336,698,541,688,1.0462908295502737
2024-04-25 14:17:07.676000+00:00,2024-04-25 14:15:30+00:00,2024-04-25 14:17:30+00:00,TABUENCA01-45,Sensoria-C1-EEA1,Right,Gait,1.0.5,40.3878707,-3.629144,CB:AA:BC:3F:36:A5,SCKS,-0.171875,0.980469,-0.039063,7.84,10.08,43.68,0.028032,0.710144,-0.270976,452,677,345,0.9961859231865305
2024-04-25 14:17:07.693000+00:00,2024-04-25 14:15:30+00:00,2024-04-25 14:17:30+00:00,TABUENCA01-45,Sensoria-C1-EEA1,Right,Gait,1.0.5,40.3878707,-3.629144,CB:AA:BC:3F:36:A5,SCKS,-0.132813,0.957032,-0.027344,4.48,8.96,45.920002,0.028032,0.710144,-0.270976,444,669,348,0.9665905215389814
2024-04-25 14:17:07.700000+00:00,2024-04-25 14:15:30+00:00,2024-04-25 14:17:30+00:00,TABUENCA01-45,Sensoria-C1-E90A,Left,Gait,1.0.5,40.3878707,-3.629144,F0:75:B1:51:59:F6,SCKS,0.59375,0.0625,0.0,-7.84,-42.560001,117.599998,0.037376,0.784896,-0.224256,704,541,686,0.5970304117044625
2024-04-25 14:17:07.709000+00:00,2024-04-25 14:15:30+00:00,2024-04-25 14:17:30+00:00,TABUENCA01-45,Sensoria-C1-EEA1,Right,Gait,1.0.5,40.3878707,-3.629144,CB:AA:BC:3F:36:A5,SCKS,-0.117188,0.972657,-0.066406,4.48,5.6,48.16,0.028032,0.710144,-0.270976,437,660,351,0.9819391141150249
2024-04-25 14:17:07.725000+00:00,2024-04-25 14:15:30+00:00,2024-04-25 14:17:30+00:00,TABUENCA01-45,Sensoria-C1-EEA1,Right,Gait,1.0.5,40.3878707,-3.629144,CB:AA:BC:3F:36:A5,SCKS,-0.074219,0.972657,-0.128906,1.12,11.2,48.16,0.037376,0.719488,-0.28032,428,651,357,0.9839648654530303
2024-04-25 14:17:07.733000+00:00,2024-04-25 14:15:30+00:00,2024-04-25 14:17:30+00:00,TABUENCA01-45,Sensoria-C1-E90A,Left,Gait,1.0.5,40.3878707,-3.629144,F0:75:B1:51:59:F6,SCKS,0.34375,0.21875,-0.03125,11.2,8.96,174.720001,0.084096,0.79424,-0.242944,704,540,683,0.40864677595693816
2024-04-25 14:17:07.757000+00:00,2024-04-25 14:15:30+00:00,2024-04-25 14:17:30+00:00,TABUENCA01-45,Sensoria-C1-EEA1,Right,Gait,1.0.5,40.3878707,-3.629144,CB:AA:BC:3F:36:A5,SCKS,-0.035156,0.988282,-0.066406,-7.84,26.880001,40.32,0.04672,0.719488,-0.270976,419,643,365,0.9911342051891863
2024-04-25 14:17:07.765000+00:00,2024-04-25 14:15:30+00:00,2024-04-25 14:17:30+00:00,TABUENCA01-45,Sensoria-C1-E90A,Left,Gait,1.0.5,40.3878707,-3.629144,F0:75:B1:51:59:F6,SCKS,0.375,0.5,-0.1875,16.799999,31.360001,229.600006,0.130816,0.79424,-0.224256,703,538,684,0.6525191568069094
2024-04-25 14:17:07.774000+00:00,2024-04-25 14:15:30+00:00,2024-04-25 14:17:30+00:00,TABUENCA01-45,Sensoria-C1-EEA1,Right,Gait,1.0.5,40.3878707,-3.629144,CB:AA:BC:3F:36:A5,SCKS,-0.082031,0.988282,0.007813,-6.72,21.280001,34.720001,0.056064,0.719488,-0.270976,410,631,373,0.9917113690252825
2024-04-25 14:17:07.791000+00:00,2024-04-25 14:15:30+00:00,2024-04-25 14:17:30+00:00,TABUENCA01-45,Sensoria-C1-EEA1,Right,Gait,1.0.5,40.3878707,-3.629144,CB:AA:BC:3F:36:A5,SCKS,-0.078125,0.976563,-0.007813,-5.6,13.440001,34.720001,0.056064,0.719488,-0.270976,399,619,381,0.9797141682975703
2024-04-25 14:17:07.797000+00:00,2024-04-25 14:15:30+00:00,2024-04-25 14:17:30+00:00,TABUENCA01-45,Sensoria-C1-E90A,Left,Gait,1.0.5,40.3878707,-3.629144,F0:75:B1:51:59:F6,SCKS,0.28125,0.6875,-0.15625,7.84,51.52,273.279999,0.168192,0.784896,-0.2336,701,538,681,0.7590598625931949
2024-04-25 14:17:07.806000+00:00,2024-04-25 14:15:30+00:00,2024-04-25 14:17:30+00:00,TABUENCA01-45,Sensoria-C1-EEA1,Right,Gait,1.0.5,40.3878707,-3.629144,CB:AA:BC:3F:36:A5,SCKS,-0.050781,0.988282,-0.066406,-4.48,6.72,36.959999,0.056064,0.719488,-0.270976,386,608,394,0.991811362266535
2024-04-25 14:17:07.830000+00:00,2024-04-25 14:15:30+00:00,2024-04-25 14:17:30+00:00,TABUENCA01-45,Sensoria-C1-E90A,Left,Gait,1.0.5,40.3878707,-3.629144,F0:75:B1:51:59:F6,SCKS,0.34375,0.999999,-0.15625,5.6,57.119999,315.839996,0.224256,0.766208,-0.2336,701,537,682,1.0689135255019462
2024-04-25 14:17:07.839000+00:00,2024-04-25 14:15:30+00:00,2024-04-25 14:17:30+00:00,TABUENCA01-45,Sensoria-C1-EEA1,Right,Gait,1.0.5,40.3878707,-3.629144,CB:AA:BC:3F:36:A5,SCKS,-0.027344,0.980469,-0.046875,-6.72,6.72,38.080002,0.065408,0.719488,-0.270976,374,596,406,0.9819696634428174
2024-04-25 14:17:07.855000+00:00,2024-04-25 14:15:30+00:00,2024-04-25 14:17:30+00:00,TABUENCA01-45,Sensoria-C1-EEA1,Right,Gait,1.0.5,40.3878707,-3.629144,CB:AA:BC:3F:36:A5,SCKS,-0.023438,0.984376,-0.03125,-5.6,7.84,38.080002,0.065408,0.728832,-0.270976,358,581,421,0.9851507558338469
2024-04-25 14:17:07.862000+00:00,2024-04-25 14:15:30+00:00,2024-04-25 14:17:30+00:00,TABUENCA01-45,Sensoria-C1-E90A,Left,Gait,1.0.5,40.3878707,-3.629144,F0:75:B1:51:59:F6,SCKS,0.3125,1.374999,-0.15625,0.0,58.240002,347.200012,0.28032,0.74752,-0.2336,701,535,678,1.4186939636514282
2024-04-25 14:17:07.872000+00:00,2024-04-25 14:15:30+00:00,2024-04-25 14:17:30+00:00,TABUENCA01-45,Sensoria-C1-EEA1,Right,Gait,1.0.5,40.3878707,-3.629144,CB:AA:BC:3F:36:A5,SCKS,-0.015625,1.000001,-0.042969,-4.48,8.96,39.200001,0.074752,0.728832,-0.261632,344,565,437,1.001045691058605
2024-04-25 14:17:07.888000+00:00,2024-04-25 14:15:30+00:00,2024-04-25 14:17:30+00:00,TABUENCA01-45,Sensoria-C1-EEA1,Right,Gait,1.0.5,40.3878707,-3.629144,CB:AA:BC:3F:36:A5,SCKS,-0.027344,0.972657,-0.039063,-2.24,10.08,42.560001,0.084096,0.728832,-0.270976,325,551,456,0.9738250622950716
2024-04-25 14:17:07.895000+00:00,2024-04-25 14:15:30+00:00,2024-04-25 14:17:30+00:00,TABUENCA01-45,Sensoria-C1-E90A,Left,Gait,1.0.5,40.3878707,-3.629144,F0:75:B1:51:59:F6,SCKS,0.34375,1.906249,-0.09375,-8.96,54.880001,372.959991,0.336384,0.710144,-0.252288,699,536,679,1.9392623275361691
2024-04-25 14:17:07.903000+00:00,2024-04-25 14:15:30+00:00,2024-04-25 14:17:30+00:00,TABUENCA01-45,Sensoria-C1-EEA1,Right,Gait,1.0.5,40.3878707,-3.629144,CB:AA:BC:3F:36:A5,SCKS,-0.011719,0.992188,-0.035156,-1.12,8.96,47.040001,0.084096,0.728832,-0.270976,306,533,478,0.9928798047301597
2024-04-25 14:17:07.911000+00:00,2024-04-25 14:15:30+00:00,2024-04-25 14:17:30+00:00,TABUENCA01-45,Sensoria-C1-E90A,Left,Gait,1.0.5,40.3878707,-3.629144,F0:75:B1:51:59:F6,SCKS,0.21875,2.687499,-0.25,-8.96,86.239998,398.720001,0.439168,0.616704,-0.261632,699,535,677,2.707951705164071
2024-04-25 14:17:07.936000+00:00,2024-04-25 14:15:30+00:00,2024-04-25 14:17:30+00:00,TABUENCA01-45,Sensoria-C1-EEA1,Right,Gait,1.0.5,40.3878707,-3.629144,CB:AA:BC:3F:36:A5,SCKS,-0.007813,1.039063,-0.015625,2.24,5.6,52.639999,0.084096,0.728832,-0.261632,285,516,506,1.039209844816243
2024-04-25 14:17:07.944000+00:00,2024-04-25 14:15:30+00:00,2024-04-25 14:17:30+00:00,TABUENCA01-45,Sensoria-C1-E90A,Left,Gait,1.0.5,40.3878707,-3.629144,F0:75:B1:51:59:F6,SCKS,-0.5,2.937498,-0.28125,-47.040001,49.279999,398.720001,0.476544,0.551296,-0.289664,700,534,677,2.992991156435983
2024-04-25 14:17:07.952000+00:00,2024-04-25 14:15:30+00:00,2024-04-25 14:17:30+00:00,TABUENCA01-45,Sensoria-C1-EEA1,Right,Gait,1.0.5,40.3878707,-3.629144,CB:AA:BC:3F:36:A5,SCKS,-0.035156,1.050782,0.023438,6.72,3.36,60.48,0.09344,0.738176,-0.261632,266,500,539,1.0516311595345584
2024-04-25 14:17:07.968000+00:00,2024-04-25 14:15:30+00:00,2024-04-25 14:17:30+00:00,TABUENCA01-45,Sensoria-C1-EEA1,Right,Gait,1.0.5,40.3878707,-3.629144,CB:AA:BC:3F:36:A5,SCKS,-0.082031,1.113282,0.027344,13.440001,-4.48,71.68,0.09344,0.74752,-0.261632,247,481,584,1.1166349407129441
2024-04-25 14:17:07.976000+00:00,2024-04-25 14:15:30+00:00,2024-04-25 14:17:30+00:00,TABUENCA01-45,Sensoria-C1-E90A,Left,Gait,1.0.5,40.3878707,-3.629144,F0:75:B1:51:59:F6,SCKS,-3.343748,1.281249,-0.3125,2.24,-29.120001,179.199997,0.51392,0.4672,-0.299008,697,535,682,3.594427066655408
2024-04-25 14:17:07.984000+00:00,2024-04-25 14:15:30+00:00,2024-04-25 14:17:30+00:00,TABUENCA01-45,Sensoria-C1-EEA1,Right,Gait,1.0.5,40.3878707,-3.629144,CB:AA:BC:3F:36:A5,SCKS,-0.070313,1.160157,0.070313,16.799999,-13.440001,88.480003,0.112128,0.74752,-0.252288,229,465,622,1.1644106237006773
2024-04-25 14:17:08.033000+00:00,2024-04-25 14:15:30+00:00,2024-04-25 14:17:30+00:00,TABUENCA01-45,Sensoria-C1-EEA1,Right,Gait,1.0.5,40.3878707,-3.629144,CB:AA:BC:3F:36:A5,SCKS,-0.066406,1.214845,0.023438,10.08,-20.16,103.040001,0.121472,0.756864,-0.252288,217,452,652,1.2168843292215574
2024-04-25 14:17:08.034000+00:00,2024-04-25 14:15:30+00:00,2024-04-25 14:17:30+00:00,TABUENCA01-45,Sensoria-C1-EEA1,Right,Gait,1.0.5,40.3878707,-3.629144,CB:AA:BC:3F:36:A5,SCKS,-0.03125,1.308595,-0.109375,-4.48,-22.4,118.720001,0.121472,0.756864,-0.252288,203,443,675,1.3135297206953485
2024-04-25 14:17:08.041000+00:00,2024-04-25 14:15:30+00:00,2024-04-25 14:17:30+00:00,TABUENCA01-45,Sensoria-C1-E90A,Left,Gait,1.0.5,40.3878707,-3.629144,F0:75:B1:51:59:F6,SCKS,1.218749,0.9375,0.375,28.0,97.440002,-150.080002,0.51392,0.495232,-0.28032,695,534,681,1.5826813877091623
2024-04-25 14:17:08.049000+00:00,2024-04-25 14:15:30+00:00,2024-04-25 14:17:30+00:00,TABUENCA01-45,Sensoria-C1-EEA1,Right,Gait,1.0.5,40.3878707,-3.629144,CB:AA:BC:3F:36:A5,SCKS,-0.117188,1.421876,-0.246094,-14.56,-13.440001,141.119995,0.149504,0.766208,-0.261632,194,440,686,1.447766087306924
2024-04-25 14:17:08.066000+00:00,2024-04-25 14:15:30+00:00,2024-04-25 14:17:30+00:00,TABUENCA01-45,Sensoria-C1-EEA1,Right,Gait,1.0.5,40.3878707,-3.629144,CB:AA:BC:3F:36:A5,SCKS,-0.269531,1.683595,0.050781,-22.4,7.84,159.039993,0.168192,0.775552,-0.261632,191,442,693,1.7057894928586588
2024-04-25 14:17:08.073000+00:00,2024-04-25 14:15:30+00:00,2024-04-25 14:17:30+00:00,TABUENCA01-45,Sensoria-C1-E90A,Left,Gait,1.0.5,40.3878707,-3.629144,F0:75:B1:51:59:F6,SCKS,-0.53125,1.156249,0.75,57.119999,181.440002,-204.960007,0.504576,0.51392,-0.308352,698,536,650,1.4770370044453862
2024-04-25 14:17:08.098000+00:00,2024-04-25 14:15:30+00:00,2024-04-25 14:17:30+00:00,TABUENCA01-45,Sensoria-C1-EEA1,Right,Gait,1.0.5,40.3878707,-3.629144,CB:AA:BC:3F:36:A5,SCKS,-0.632813,1.996095,0.324219,-29.120001,28.0,181.440002,0.196224,0.775552,-0.270976,193,455,695,2.11895386970906
2024-04-25 14:17:08.106000+00:00,2024-04-25 14:15:30+00:00,2024-04-25 14:17:30+00:00,TABUENCA01-45,Sensoria-C1-E90A,Left,Gait,1.0.5,40.3878707,-3.629144,F0:75:B1:51:59:F6,SCKS,-0.25,1.687499,-0.0625,76.160004,32.48,-185.919998,0.476544,0.551296,-0.32704,698,538,566,1.7070615469282295
2024-04-25 14:17:08.114000+00:00,2024-04-25 14:15:30+00:00,2024-04-25 14:17:30+00:00,TABUENCA01-45,Sensoria-C1-EEA1,Right,Gait,1.0.5,40.3878707,-3.629144,CB:AA:BC:3F:36:A5,SCKS,-0.921876,1.996095,0.40625,-43.68,43.68,207.199997,0.2336,0.784896,-0.270976,204,473,695,2.2359091374429774
2024-04-25 14:17:08.131000+00:00,2024-04-25 14:15:30+00:00,2024-04-25 14:17:30+00:00,TABUENCA01-45,Sensoria-C1-EEA1,Right,Gait,1.0.5,40.3878707,-3.629144,CB:AA:BC:3F:36:A5,SCKS,-0.359375,1.996095,0.03125,-41.439999,31.360001,239.680008,0.2336,0.784896,-0.270976,230,499,697,2.0284285055554707
2024-04-25 14:17:08.138000+00:00,2024-04-25 14:15:30+00:00,2024-04-25 14:17:30+00:00,TABUENCA01-45,Sensoria-C1-E90A,Left,Gait,1.0.5,40.3878707,-3.629144,F0:75:B1:51:59:F6,SCKS,0.0,0.8125,-0.40625,69.440002,-6.72,-169.119995,0.439168,0.60736,-0.308352,696,545,433,0.9084026158592896
2024-04-25 14:17:08.162000+00:00,2024-04-25 14:15:30+00:00,2024-04-25 14:17:30+00:00,TABUENCA01-45,Sensoria-C1-EEA1,Right,Gait,1.0.5,40.3878707,-3.629144,CB:AA:BC:3F:36:A5,SCKS,-0.750001,1.996095,-0.492188,-16.799999,13.440001,266.559998,0.28032,0.784896,-0.270976,272,545,696,2.188411701753123
2024-04-25 14:17:08.163000+00:00,2024-04-25 14:15:30+00:00,2024-04-25 14:17:30+00:00,TABUENCA01-45,Sensoria-C1-EEA1,Right,Gait,1.0.5,40.3878707,-3.629144,CB:AA:BC:3F:36:A5,SCKS,-0.378907,1.882814,-0.472657,-5.6,-67.199997,292.320007,0.317696,0.784896,-0.270976,327,602,693,1.9778684771475579
2024-04-25 14:17:08.171000+00:00,2024-04-25 14:15:30+00:00,2024-04-25 14:17:30+00:00,TABUENCA01-45,Sensoria-C1-E90A,Left,Gait,1.0.5,40.3878707,-3.629144,F0:75:B1:51:59:F6,SCKS,-0.1875,0.999999,-0.09375,49.279999,-17.92,-113.120003,0.42048,0.635392,-0.308352,684,549,382,1.0217354415410087
2024-04-25 14:17:08.196000+00:00,2024-04-25 14:15:30+00:00,2024-04-25 14:17:30+00:00,TABUENCA01-45,Sensoria-C1-EEA1,Right,Gait,1.0.5,40.3878707,-3.629144,CB:AA:BC:3F:36:A5,SCKS,-0.195313,0.65625,-0.457032,26.880001,-67.199997,276.640015,0.364416,0.784896,-0.261632,389,648,693,0.8232189742061342
2024-04-25 14:17:08.203000+00:00,2024-04-25 14:15:30+00:00,2024-04-25 14:17:30+00:00,TABUENCA01-45,Sensoria-C1-E90A,Left,Gait,1.0.5,40.3878707,-3.629144,F0:75:B1:51:59:F6,SCKS,0.125,0.968749,-0.1875,20.16,-44.799999,-51.52,0.411136,0.644736,-0.299008,668,541,347,0.994613429931951
2024-04-25 14:17:08.212000+00:00,2024-04-25 14:15:30+00:00,2024-04-25 14:17:30+00:00,TABUENCA01-45,Sensoria-C1-EEA1,Right,Gait,1.0.5,40.3878707,-3.629144,CB:AA:BC:3F:36:A5,SCKS,-0.328125,0.011719,-0.382813,20.16,11.2,200.479996,0.392448,0.784896,-0.261632,437,677,691,0.5043303912664792
2024-04-25 14:17:08.229000+00:00,2024-04-25 14:15:30+00:00,2024-04-25 14:17:30+00:00,TABUENCA01-45,Sensoria-C1-EEA1,Right,Gait,1.0.5,40.3878707,-3.629144,CB:AA:BC:3F:36:A5,SCKS,-0.070313,0.957032,-0.648438,24.639999,144.479996,105.279999,0.392448,0.784896,-0.261632,460,692,688,1.1581562963767023
2024-04-25 14:17:08.236000+00:00,2024-04-25 14:15:30+00:00,2024-04-25 14:17:30+00:00,TABUENCA01-45,Sensoria-C1-E90A,Left,Gait,1.0.5,40.3878707,-3.629144,F0:75:B1:51:59:F6,SCKS,0.125,0.999999,-0.0625,12.32,-39.200001,-26.880001,0.392448,0.672768,-0.28032,654,527,331,1.009717410962592
2024-04-25 14:17:08.244000+00:00,2024-04-25 14:15:30+00:00,2024-04-25 14:17:30+00:00,TABUENCA01-45,Sensoria-C1-EEA1,Right,Gait,1.0.5,40.3878707,-3.629144,CB:AA:BC:3F:36:A5,SCKS,-1.308595,0.347656,-0.28125,-15.68,183.680008,-23.52,0.411136,0.784896,-0.261632,473,698,687,1.3828908600685017
2024-04-25 14:17:08.252000+00:00,2024-04-25 14:15:30+00:00,2024-04-25 14:17:30+00:00,TABUENCA01-45,Sensoria-C1-E90A,Left,Gait,1.0.5,40.3878707,-3.629144,F0:75:B1:51:59:F6,SCKS,0.1875,0.968749,-0.1875,12.32,-25.76,-22.4,0.401792,0.672768,-0.28032,642,514,333,1.0043839529786407
2024-04-25 14:17:08.277000+00:00,2024-04-25 14:15:30+00:00,2024-04-25 14:17:30+00:00,TABUENCA01-45,Sensoria-C1-EEA1,Right,Gait,1.0.5,40.3878707,-3.629144,CB:AA:BC:3F:36:A5,SCKS,-0.906251,0.039063,0.054688,-34.720001,126.559998,-64.959999,0.401792,0.784896,-0.28032,477,701,684,0.908739550319012
2024-04-25 14:17:08.284000+00:00,2024-04-25 14:15:30+00:00,2024-04-25 14:17:30+00:00,TABUENCA01-45,Sensoria-C1-E90A,Left,Gait,1.0.5,40.3878707,-3.629144,F0:75:B1:51:59:F6,SCKS,0.15625,0.968749,-0.15625,12.32,-19.040001,-22.4,0.383104,0.672768,-0.270976,631,504,344,0.9936310935155964
2024-04-25 14:17:08.309000+00:00,2024-04-25 14:15:30+00:00,2024-04-25 14:17:30+00:00,TABUENCA01-45,Sensoria-C1-EEA1,Right,Gait,1.0.5,40.3878707,-3.629144,CB:AA:BC:3F:36:A5,SCKS,-0.53125,0.164063,0.003906,38.080002,24.639999,-165.759995,0.364416,0.79424,-0.270976,480,705,682,0.5560202220288395
2024-04-25 14:17:08.317000+00:00,2024-04-25 14:15:30+00:00,2024-04-25 14:17:30+00:00,TABUENCA01-45,Sensoria-C1-E90A,Left,Gait,1.0.5,40.3878707,-3.629144,F0:75:B1:51:59:F6,SCKS,0.125,0.9375,-0.21875,3.36,-39.200001,-24.639999,0.383104,0.682112,-0.270976,620,492,369,0.9707640354380667
2024-04-25 14:17:08.326000+00:00,2024-04-25 14:15:30+00:00,2024-04-25 14:17:30+00:00,TABUENCA01-45,Sensoria-C1-EEA1,Right,Gait,1.0.5,40.3878707,-3.629144,CB:AA:BC:3F:36:A5,SCKS,-0.472657,0.304688,0.039063,35.84,0.0,-210.559998,0.336384,0.803584,-0.270976,481,705,682,0.5637067810147399
2024-04-25 14:17:08.350000+00:00,2024-04-25 14:15:30+00:00,2024-04-25 14:17:30+00:00,TABUENCA01-45,Sensoria-C1-E90A,Left,Gait,1.0.5,40.3878707,-3.629144,F0:75:B1:51:59:F6,SCKS,0.09375,0.968749,-0.15625,0.0,-57.119999,-13.440001,0.383104,0.682112,-0.270976,611,479,395,0.9857371607081676
2024-04-25 14:17:08.359000+00:00,2024-04-25 14:15:30+00:00,2024-04-25 14:17:30+00:00,TABUENCA01-45,Sensoria-C1-EEA1,Right,Gait,1.0.5,40.3878707,-3.629144,CB:AA:BC:3F:36:A5,SCKS,-0.472657,0.417969,0.085938,35.84,-23.52,-255.360001,0.289664,0.803584,-0.270976,479,704,682,0.6367794472609806
2024-04-25 14:17:08.375000+00:00,2024-04-25 14:15:30+00:00,2024-04-25 14:17:30+00:00,TABUENCA01-45,Sensoria-C1-EEA1,Right,Gait,1.0.5,40.3878707,-3.629144,CB:AA:BC:3F:36:A5,SCKS,-0.5,0.632813,0.085938,39.200001,-40.32,-295.679993,0.289664,0.803584,-0.270976,478,703,681,0.8110719036022639
2024-04-25 14:17:08.391000+00:00,2024-04-25 14:15:30+00:00,2024-04-25 14:17:30+00:00,TABUENCA01-45,Sensoria-C1-EEA1,Right,Gait,1.0.5,40.3878707,-3.629144,CB:AA:BC:3F:36:A5,SCKS,-0.453125,0.875001,0.066406,38.080002,-43.68,-322.559998,0.2336,0.803584,-0.270976,478,704,681,0.9876025376952006
2024-04-25 14:17:08.399000+00:00,2024-04-25 14:15:30+00:00,2024-04-25 14:17:30+00:00,TABUENCA01-45,Sensoria-C1-E90A,Left,Gait,1.0.5,40.3878707,-3.629144,F0:75:B1:51:59:F6,SCKS,0.125,0.968749,-0.1875,-2.24,-50.400002,-14.56,0.37376,0.691456,-0.2336,599,466,425,0.994613429931951
2024-04-25 14:17:08.407000+00:00,2024-04-25 14:15:30+00:00,2024-04-25 14:17:30+00:00,TABUENCA01-45,Sensoria-C1-EEA1,Right,Gait,1.0.5,40.3878707,-3.629144,CB:AA:BC:3F:36:A5,SCKS,-0.429688,1.171876,0.070313,29.120001,-33.599998,-346.079987,0.168192,0.784896,-0.261632,479,703,681,1.250147613159742
2024-04-25 14:17:08.415000+00:00,2024-04-25 14:15:30+00:00,2024-04-25 14:17:30+00:00,TABUENCA01-45,Sensoria-C1-E90A,Left,Gait,1.0.5,40.3878707,-3.629144,F0:75:B1:51:59:F6,SCKS,0.125,0.9375,-0.21875,-3.36,-41.439999,-23.52,0.364416,0.691456,-0.242944,584,445,452,0.9707640354380667
2024-04-25 14:17:08.424000+00:00,2024-04-25 14:15:30+00:00,2024-04-25 14:17:30+00:00,TABUENCA01-45,Sensoria-C1-EEA1,Right,Gait,1.0.5,40.3878707,-3.629144,CB:AA:BC:3F:36:A5,SCKS,-0.429688,1.527345,0.085938,16.799999,-12.32,-366.23999,0.112128,0.766208,-0.261632,479,702,680,1.5889618831844265
2024-04-25 14:17:08.448000+00:00,2024-04-25 14:15:30+00:00,2024-04-25 14:17:30+00:00,TABUENCA01-45,Sensoria-C1-E90A,Left,Gait,1.0.5,40.3878707,-3.629144,F0:75:B1:51:59:F6,SCKS,0.09375,0.968749,-0.1875,-3.36,-39.200001,-30.24,0.37376,0.7008,-0.242944,566,423,480,0.9911709930688044
2024-04-25 14:17:08.457000+00:00,2024-04-25 14:15:30+00:00,2024-04-25 14:17:30+00:00,TABUENCA01-45,Sensoria-C1-EEA1,Right,Gait,1.0.5,40.3878707,-3.629144,CB:AA:BC:3F:36:A5,SCKS,-0.476563,1.996095,0.1875,-2.24,25.76,-374.079987,0.056064,0.728832,-0.261632,479,702,679,2.0607435046589373
2024-04-25 14:17:08.472000+00:00,2024-04-25 14:15:30+00:00,2024-04-25 14:17:30+00:00,TABUENCA01-45,Sensoria-C1-EEA1,Right,Gait,1.0.5,40.3878707,-3.629144,CB:AA:BC:3F:36:A5,SCKS,-0.433594,1.996095,0.226563,12.32,25.76,-375.200012,0.056064,0.728832,-0.261632,477,701,681,2.055171476745919
2024-04-25 14:17:08.480000+00:00,2024-04-25 14:15:30+00:00,2024-04-25 14:17:30+00:00,TABUENCA01-45,Sensoria-C1-E90A,Left,Gait,1.0.5,40.3878707,-3.629144,F0:75:B1:51:59:F6,SCKS,0.0625,0.968749,-0.15625,-4.48,-36.959999,-40.32,0.345728,0.7008,-0.242944,532,380,518,0.9832573099148564
2024-04-25 14:17:08.489000+00:00,2024-04-25 14:15:30+00:00,2024-04-25 14:17:30+00:00,TABUENCA01-45,Sensoria-C1-EEA1,Right,Gait,1.0.5,40.3878707,-3.629144,CB:AA:BC:3F:36:A5,SCKS,0.757813,1.996095,0.332031,39.200001,-31.360001,-369.600006,0.009344,0.691456,-0.252288,478,702,677,2.1607684690764537
2024-04-25 14:17:08.505000+00:00,2024-04-25 14:15:30+00:00,2024-04-25 14:17:30+00:00,TABUENCA01-45,Sensoria-C1-EEA1,Right,Gait,1.0.5,40.3878707,-3.629144,CB:AA:BC:3F:36:A5,SCKS,1.859376,1.996095,0.195313,30.24,-32.48,-360.640015,-0.037376,0.644736,-0.242944,477,700,680,2.734926237829825
2024-04-25 14:17:08.512000+00:00,2024-04-25 14:15:30+00:00,2024-04-25 14:17:30+00:00,TABUENCA01-45,Sensoria-C1-E90A,Left,Gait,1.0.5,40.3878707,-3.629144,F0:75:B1:51:59:F6,SCKS,0.0625,0.999999,-0.1875,-4.48,-32.48,-49.279999,0.345728,0.719488,-0.2336,503,349,546,1.019343170870831
2024-04-25 14:17:08.537000+00:00,2024-04-25 14:15:30+00:00,2024-04-25 14:17:30+00:00,TABUENCA01-45,Sensoria-C1-EEA1,Right,Gait,1.0.5,40.3878707,-3.629144,CB:AA:BC:3F:36:A5,SCKS,1.996095,1.984376,-0.6875,39.200001,-35.84,-302.399994,-0.074752,0.588672,-0.261632,477,703,679,2.897378057554968
2024-04-25 14:17:08.545000+00:00,2024-04-25 14:15:30+00:00,2024-04-25 14:17:30+00:00,TABUENCA01-45,Sensoria-C1-E90A,Left,Gait,1.0.5,40.3878707,-3.629144,F0:75:B1:51:59:F6,SCKS,0.0625,1.093749,-0.21875,-8.96,-33.599998,-64.959999,0.32704,0.719488,-0.224256,474,318,586,1.117159204187568
2024-04-25 14:17:08.554000+00:00,2024-04-25 14:15:30+00:00,2024-04-25 14:17:30+00:00,TABUENCA01-45,Sensoria-C1-EEA1,Right,Gait,1.0.5,40.3878707,-3.629144,CB:AA:BC:3F:36:A5,SCKS,1.996095,1.164063,0.167969,63.84,-45.920002,-151.199997,-0.084096,0.56064,-0.252288,477,701,683,2.3168192639813316
2024-04-25 14:17:08.570000+00:00,2024-04-25 14:15:30+00:00,2024-04-25 14:17:30+00:00,TABUENCA01-45,Sensoria-C1-EEA1,Right,Gait,1.0.5,40.3878707,-3.629144,CB:AA:BC:3F:36:A5,SCKS,1.996095,1.800783,0.503907,24.639999,22.4,-15.68,-0.084096,0.56064,-0.252288,477,703,683,2.735166709135478
2024-04-25 14:17:08.577000+00:00,2024-04-25 14:15:30+00:00,2024-04-25 14:17:30+00:00,TABUENCA01-45,Sensoria-C1-E90A,Left,Gait,1.0.5,40.3878707,-3.629144,F0:75:B1:51:59:F6,SCKS,0.0625,1.093749,-0.03125,-12.32,-33.599998,-85.120003,0.317696,0.728832,-0.2336,445,290,627,1.0959788718314785
2024-04-25 14:17:08.586000+00:00,2024-04-25 14:15:30+00:00,2024-04-25 14:17:30+00:00,TABUENCA01-45,Sensoria-C1-EEA1,Right,Gait,1.0.5,40.3878707,-3.629144,CB:AA:BC:3F:36:A5,SCKS,1.054688,1.527345,0.40625,-6.72,-61.599998,114.239998,-0.084096,0.551296,-0.261632,477,702,688,1.900049628001595
2024-04-25 14:17:08.594000+00:00,2024-04-25 14:15:30+00:00,2024-04-25 14:17:30+00:00,TABUENCA01-45,Sensoria-C1-E90A,Left,Gait,1.0.5,40.3878707,-3.629144,F0:75:B1:51:59:F6,SCKS,0.125,1.281249,-0.1875,-8.96,-20.16,-101.919998,0.28032,0.756864,-0.2336,421,269,654,1.3009151586483263
2024-04-25 14:17:08.619000+00:00,2024-04-25 14:15:30+00:00,2024-04-25 14:17:30+00:00,TABUENCA01-45,Sensoria-C1-EEA1,Right,Gait,1.0.5,40.3878707,-3.629144,CB:AA:BC:3F:36:A5,SCKS,-2.000001,1.63672,0.242188,30.24,-157.919998,100.800003,-0.084096,0.569984,-0.28032,479,700,670,2.595671663701902
2024-04-25 14:17:08.626000+00:00,2024-04-25 14:15:30+00:00,2024-04-25 14:17:30+00:00,TABUENCA01-45,Sensoria-C1-E90A,Left,Gait,1.0.5,40.3878707,-3.629144,F0:75:B1:51:59:F6,SCKS,0.15625,1.437499,-0.25,-6.72,-15.68,-123.199997,0.252288,0.766208,-0.224256,412,264,669,1.4674186306235177
2024-04-25 14:17:08.636000+00:00,2024-04-25 14:15:30+00:00,2024-04-25 14:17:30+00:00,TABUENCA01-45,Sensoria-C1-EEA1,Right,Gait,1.0.5,40.3878707,-3.629144,CB:AA:BC:3F:36:A5,SCKS,0.085938,1.082032,1.039063,54.880001,-156.800003,209.440002,-0.074752,0.598016,-0.289664,488,703,640,1.5026079018949023
2024-04-25 14:17:08.659000+00:00,2024-04-25 14:15:30+00:00,2024-04-25 14:17:30+00:00,TABUENCA01-45,Sensoria-C1-E90A,Left,Gait,1.0.5,40.3878707,-3.629144,F0:75:B1:51:59:F6,SCKS,0.3125,1.968749,-0.125,-20.16,-14.56,-169.119995,0.2336,0.766208,-0.2336,444,294,674,1.9973116619598956
2024-04-25 14:17:08.666000+00:00,2024-04-25 14:15:30+00:00,2024-04-25 14:17:30+00:00,TABUENCA01-45,Sensoria-C1-EEA1,Right,Gait,1.0.5,40.3878707,-3.629144,CB:AA:BC:3F:36:A5,SCKS,0.402344,1.679689,0.136719,52.639999,-98.559998,218.399994,-0.065408,0.626048,-0.299008,494,707,578,1.7326072595998205
2024-04-25 14:17:08.668000+00:00,2024-04-25 14:15:30+00:00,2024-04-25 14:17:30+00:00,TABUENCA01-45,Sensoria-C1-EEA1,Right,Gait,1.0.5,40.3878707,-3.629144,CB:AA:BC:3F:36:A5,SCKS,0.28125,1.51172,-0.210938,40.32,25.76,199.360001,-0.065408,0.626048,-0.299008,498,711,502,1.5520611330562981
2024-04-25 14:17:08.683000+00:00,2024-04-25 14:15:30+00:00,2024-04-25 14:17:30+00:00,TABUENCA01-45,Sensoria-C1-EEA1,Right,Gait,1.0.5,40.3878707,-3.629144,CB:AA:BC:3F:36:A5,SCKS,0.457032,1.414063,-0.191406,36.959999,10.08,173.600006,-0.037376,0.65408,-0.299008,500,713,441,1.4983619969249755
2024-04-25 14:17:08.691000+00:00,2024-04-25 14:15:30+00:00,2024-04-25 14:17:30+00:00,TABUENCA01-45,Sensoria-C1-E90A,Left,Gait,1.0.5,40.3878707,-3.629144,F0:75:B1:51:59:F6,SCKS,0.8125,2.281249,-0.21875,-33.599998,-23.52,-190.399994,0.196224,0.784896,-0.242944,521,362,676,2.431482019777444
2024-04-25 14:17:08.716000+00:00,2024-04-25 14:15:30+00:00,2024-04-25 14:17:30+00:00,TABUENCA01-45,Sensoria-C1-EEA1,Right,Gait,1.0.5,40.3878707,-3.629144,CB:AA:BC:3F:36:A5,SCKS,-0.140625,0.839844,-0.074219,1.12,48.16,151.199997,-0.028032,0.682112,-0.289664,496,716,404,0.8547641750342606
2024-04-25 14:17:08.723000+00:00,2024-04-25 14:15:30+00:00,2024-04-25 14:17:30+00:00,TABUENCA01-45,Sensoria-C1-E90A,Left,Gait,1.0.5,40.3878707,-3.629144,F0:75:B1:51:59:F6,SCKS,0.5625,1.906249,-0.4375,-49.279999,-54.880001,-217.279999,0.158848,0.79424,-0.242944,580,421,680,2.0350915827060465
2024-04-25 14:17:08.732000+00:00,2024-04-25 14:15:30+00:00,2024-04-25 14:17:30+00:00,TABUENCA01-45,Sensoria-C1-EEA1,Right,Gait,1.0.5,40.3878707,-3.629144,CB:AA:BC:3F:36:A5,SCKS,0.042969,0.968751,0.0625,15.68,-3.36,105.279999,-0.018688,0.691456,-0.28032,485,719,382,0.9717155370590717
2024-04-25 14:17:08.748000+00:00,2024-04-25 14:15:30+00:00,2024-04-25 14:17:30+00:00,TABUENCA01-45,Sensoria-C1-EEA1,Right,Gait,1.0.5,40.3878707,-3.629144,CB:AA:BC:3F:36:A5,SCKS,-0.070313,0.968751,0.066406,-2.24,19.040001,92.959999,0.0,0.7008,-0.270976,476,717,365,0.9735667284814123
2024-04-25 14:17:08.756000+00:00,2024-04-25 14:15:30+00:00,2024-04-25 14:17:30+00:00,TABUENCA01-45,Sensoria-C1-E90A,Left,Gait,1.0.5,40.3878707,-3.629144,F0:75:B1:51:59:F6,SCKS,0.5,1.624999,-0.65625,-5.6,-17.92,-255.360001,0.074752,0.803584,-0.252288,632,483,685,1.8224395223164471
2024-04-25 14:17:08.767000+00:00,2024-04-25 14:15:30+00:00,2024-04-25 14:17:30+00:00,TABUENCA01-45,Sensoria-C1-EEA1,Right,Gait,1.0.5,40.3878707,-3.629144,CB:AA:BC:3F:36:A5,SCKS,-0.167969,0.972657,-0.070313,-2.24,11.2,69.440002,0.0,0.710144,-0.289664,468,709,354,0.989555022512139
2024-04-25 14:17:08.789000+00:00,2024-04-25 14:15:30+00:00,2024-04-25 14:17:30+00:00,TABUENCA01-45,Sensoria-C1-E90A,Left,Gait,1.0.5,40.3878707,-3.629144,F0:75:B1:51:59:F6,SCKS,0.625,0.65625,-0.40625,39.200001,41.439999,-169.119995,0.037376,0.803584,-0.242944,674,525,689,0.993140536379419
2024-04-25 14:17:08.797000+00:00,2024-04-25 14:15:30+00:00,2024-04-25 14:17:30+00:00,TABUENCA01-45,Sensoria-C1-EEA1,Right,Gait,1.0.5,40.3878707,-3.629144,CB:AA:BC:3F:36:A5,SCKS,-0.125,0.976563,0.039063,-3.36,5.6,53.760002,0.0,0.710144,-0.289664,463,702,347,0.9853051359543398
2024-04-25 14:17:08.813000+00:00,2024-04-25 14:15:30+00:00,2024-04-25 14:17:30+00:00,TABUENCA01-45,Sensoria-C1-EEA1,Right,Gait,1.0.5,40.3878707,-3.629144,CB:AA:BC:3F:36:A5,SCKS,-0.152344,0.976563,0.019531,1.12,5.6,42.560001,0.009344,0.710144,-0.270976,457,694,347,0.9885673711315784
2024-04-25 14:17:08.821000+00:00,2024-04-25 14:15:30+00:00,2024-04-25 14:17:30+00:00,TABUENCA01-45,Sensoria-C1-E90A,Left,Gait,1.0.5,40.3878707,-3.629144,F0:75:B1:51:59:F6,SCKS,0.65625,0.1875,-0.125,25.76,-146.720001,1.12,0.009344,0.79424,-0.252288,699,539,687,0.6938626034742037
2024-04-25 14:17:08.829000+00:00,2024-04-25 14:15:30+00:00,2024-04-25 14:17:30+00:00,TABUENCA01-45,Sensoria-C1-EEA1,Right,Gait,1.0.5,40.3878707,-3.629144,CB:AA:BC:3F:36:A5,SCKS,-0.179688,0.984376,0.015625,0.0,6.72,41.439999,0.018688,0.719488,-0.270976,453,687,344,1.0007637220368253
2024-04-25 14:17:08.846000+00:00,2024-04-25 14:15:30+00:00,2024-04-25 14:17:30+00:00,TABUENCA01-45,Sensoria-C1-EEA1,Right,Gait,1.0.5,40.3878707,-3.629144,CB:AA:BC:3F:36:A5,SCKS,-0.152344,0.968751,0.027344,-2.24,7.84,44.799999,0.028032,0.719488,-0.28032,449,680,346,0.9810376591512683
2024-04-25 14:17:08.854000+00:00,2024-04-25 14:15:30+00:00,2024-04-25 14:17:30+00:00,TABUENCA01-45,Sensoria-C1-E90A,Left,Gait,1.0.5,40.3878707,-3.629144,F0:75:B1:51:59:F6,SCKS,0.84375,0.09375,-0.09375,10.08,-42.560001,96.32,0.028032,0.803584,-0.242944,705,539,686,0.854103148044778
2024-04-25 14:17:08.862000+00:00,2024-04-25 14:15:30+00:00,2024-04-25 14:17:30+00:00,TABUENCA01-45,Sensoria-C1-EEA1,Right,Gait,1.0.5,40.3878707,-3.629144,CB:AA:BC:3F:36:A5,SCKS,-0.128906,0.968751,0.011719,-2.24,8.96,47.040001,0.028032,0.719488,-0.28032,445,675,349,0.9773600113561021
2024-04-25 14:17:08.886000+00:00,2024-04-25 14:15:30+00:00,2024-04-25 14:17:30+00:00,TABUENCA01-45,Sensoria-C1-E90A,Left,Gait,1.0.5,40.3878707,-3.629144,F0:75:B1:51:59:F6,SCKS,0.28125,0.09375,-0.03125,35.84,24.639999,166.880005,0.056064,0.803584,-0.242944,707,540,685,0.2981060004427955
2024-04-25 14:17:08.894000+00:00,2024-04-25 14:15:30+00:00,2024-04-25 14:17:30+00:00,TABUENCA01-45,Sensoria-C1-EEA1,Right,Gait,1.0.5,40.3878707,-3.629144,CB:AA:BC:3F:36:A5,SCKS,-0.105469,0.984376,-0.027344,-4.48,16.799999,49.279999,0.028032,0.719488,-0.28032,438,668,354,0.9903875573092585
2024-04-25 14:17:08.911000+00:00,2024-04-25 14:15:30+00:00,2024-04-25 14:17:30+00:00,TABUENCA01-45,Sensoria-C1-EEA1,Right,Gait,1.0.5,40.3878707,-3.629144,CB:AA:BC:3F:36:A5,SCKS,-0.074219,0.972657,-0.03125,-6.72,24.639999,47.040001,0.028032,0.728832,-0.28032,428,658,360,0.9759849702275133
2024-04-25 14:17:08.918000+00:00,2024-04-25 14:15:30+00:00,2024-04-25 14:17:30+00:00,TABUENCA01-45,Sensoria-C1-E90A,Left,Gait,1.0.5,40.3878707,-3.629144,F0:75:B1:51:59:F6,SCKS,0.5,0.5,0.0,38.080002,24.639999,229.600006,0.09344,0.803584,-0.2336,706,538,684,0.7071067811865476
2024-04-25 14:17:08.927000+00:00,2024-04-25 14:15:30+00:00,2024-04-25 14:17:30+00:00,TABUENCA01-45,Sensoria-C1-EEA1,Right,Gait,1.0.5,40.3878707,-3.629144,CB:AA:BC:3F:36:A5,SCKS,-0.113281,0.972657,0.015625,-7.84,21.280001,43.68,0.037376,0.728832,-0.28032,420,648,366,0.9793560972572745
2024-04-25 14:17:08.934000+00:00,2024-04-25 14:15:30+00:00,2024-04-25 14:17:30+00:00,TABUENCA01-45,Sensoria-C1-E90A,Left,Gait,1.0.5,40.3878707,-3.629144,F0:75:B1:51:59:F6,SCKS,0.375,0.71875,0.09375,31.360001,43.68,275.519989,0.130816,0.803584,-0.224256,704,534,682,0.8160978035750373
2024-04-25 14:17:08.943000+00:00,2024-04-25 14:15:30+00:00,2024-04-25 14:17:30+00:00,TABUENCA01-45,Sensoria-C1-EEA1,Right,Gait,1.0.5,40.3878707,-3.629144,CB:AA:BC:3F:36:A5,SCKS,-0.085938,0.988282,0.0,-4.48,11.2,42.560001,0.04672,0.738176,-0.270976,408,634,374,0.9920114169544623
2024-04-25 14:17:08.967000+00:00,2024-04-25 14:15:30+00:00,2024-04-25 14:17:30+00:00,TABUENCA01-45,Sensoria-C1-E90A,Left,Gait,1.0.5,40.3878707,-3.629144,F0:75:B1:51:59:F6,SCKS,0.28125,1.031249,0.125,23.52,47.040001,319.200012,0.177536,0.79424,-0.214912,705,537,681,1.0761975016236565
2024-04-25 14:17:08.976000+00:00,2024-04-25 14:15:30+00:00,2024-04-25 14:17:30+00:00,TABUENCA01-45,Sensoria-C1-EEA1,Right,Gait,1.0.5,40.3878707,-3.629144,CB:AA:BC:3F:36:A5,SCKS,-0.0625,0.992188,0.027344,-5.6,6.72,42.560001,0.04672,0.738176,-0.261632,395,621,381,0.9945305282795496
2024-04-25 14:17:08.993000+00:00,2024-04-25 14:15:30+00:00,2024-04-25 14:17:30+00:00,TABUENCA01-45,Sensoria-C1-EEA1,Right,Gait,1.0.5,40.3878707,-3.629144,CB:AA:BC:3F:36:A5,SCKS,-0.03125,1.015626,0.007813,-3.36,2.24,41.439999,0.04672,0.738176,-0.261632,380,604,392,1.016136692254049
2024-04-25 14:17:09.008000+00:00,2024-04-25 14:15:30+00:00,2024-04-25 14:17:30+00:00,TABUENCA01-45,Sensoria-C1-EEA1,Right,Gait,1.0.5,40.3878707,-3.629144,CB:AA:BC:3F:36:A5,SCKS,-0.023438,1.007813,0.007813,-5.6,5.6,39.200001,0.056064,0.74752,-0.261632,365,586,404,1.0081157799489104
2024-04-25 14:17:09.025000+00:00,2024-04-25 14:15:30+00:00,2024-04-25 14:17:30+00:00,TABUENCA01-45,Sensoria-C1-EEA1,Right,Gait,1.0.5,40.3878707,-3.629144,CB:AA:BC:3F:36:A5,SCKS,-0.035156,1.019532,-0.015625,-6.72,8.96,40.32,0.056064,0.74752,-0.270976,347,569,417,1.020257606678333
2024-04-25 14:17:09.032000+00:00,2024-04-25 14:15:30+00:00,2024-04-25 14:17:30+00:00,TABUENCA01-45,Sensoria-C1-E90A,Left,Gait,1.0.5,40.3878707,-3.629144,F0:75:B1:51:59:F6,SCKS,0.40625,2.218749,0.1875,-28.0,15.68,396.480011,0.364416,0.7008,-0.224256,702,536,680,2.2634138900123855
2024-04-25 14:17:09.057000+00:00,2024-04-25 14:15:30+00:00,2024-04-25 14:17:30+00:00,TABUENCA01-45,Sensoria-C1-EEA1,Right,Gait,1.0.5,40.3878707,-3.629144,CB:AA:BC:3F:36:A5,SCKS,-0.054688,0.988282,0.039063,-11.2,11.2,45.920002,0.065408,0.74752,-0.270976,328,545,435,0.9905644889844376
2024-04-25 14:17:09.065000+00:00,2024-04-25 14:15:30+00:00,2024-04-25 14:17:30+00:00,TABUENCA01-45,Sensoria-C1-E90A,Left,Gait,1.0.5,40.3878707,-3.629144,F0:75:B1:51:59:F6,SCKS,-0.0625,2.843749,0.125,-23.52,58.240002,411.040009,0.411136,0.65408,-0.224256,701,534,680,2.8471809961786763
2024-04-25 14:17:09.073000+00:00,2024-04-25 14:15:30+00:00,2024-04-25 14:17:30+00:00,TABUENCA01-45,Sensoria-C1-EEA1,Right,Gait,1.0.5,40.3878707,-3.629144,CB:AA:BC:3F:36:A5,SCKS,-0.0625,1.007813,0.042969,-5.6,2.24,56.0,0.074752,0.756864,-0.270976,308,525,457,1.010662964558413
2024-04-25 14:17:09.090000+00:00,2024-04-25 14:15:30+00:00,2024-04-25 14:17:30+00:00,TABUENCA01-45,Sensoria-C1-EEA1,Right,Gait,1.0.5,40.3878707,-3.629144,CB:AA:BC:3F:36:A5,SCKS,-0.039063,1.054688,0.007813,-4.48,-4.48,70.559998,0.074752,0.756864,-0.270976,287,502,485,1.0554400685410803
2024-04-25 14:17:09.098000+00:00,2024-04-25 14:15:30+00:00,2024-04-25 14:17:30+00:00,TABUENCA01-45,Sensoria-C1-E90A,Left,Gait,1.0.5,40.3878707,-3.629144,F0:75:B1:51:59:F6,SCKS,-0.968749,3.031248,-0.125,-56.0,54.880001,371.839996,0.504576,0.532608,-0.252288,701,533,678,3.1847392456063024
2024-04-25 14:17:09.106000+00:00,2024-04-25 14:15:30+00:00,2024-04-25 14:17:30+00:00,TABUENCA01-45,Sensoria-C1-EEA1,Right,Gait,1.0.5,40.3878707,-3.629144,CB:AA:BC:3F:36:A5,SCKS,-0.074219,1.140626,0.066406,-5.6,-5.6,82.879997,0.074752,0.756864,-0.261632,267,481,526,1.1449654530478202
2024-04-25 14:17:09.122000+00:00,2024-04-25 14:15:30+00:00,2024-04-25 14:17:30+00:00,TABUENCA01-45,Sensoria-C1-EEA1,Right,Gait,1.0.5,40.3878707,-3.629144,CB:AA:BC:3F:36:A5,SCKS,-0.054688,1.214845,0.058594,-4.48,-14.56,97.440002,0.09344,0.775552,-0.270976,248,459,576,1.2174861018529124
2024-04-25 14:17:09.130000+00:00,2024-04-25 14:15:30+00:00,2024-04-25 14:17:30+00:00,TABUENCA01-45,Sensoria-C1-E90A,Left,Gait,1.0.5,40.3878707,-3.629144,F0:75:B1:51:59:F6,SCKS,-2.593749,1.593749,-1.218749,5.6,80.639999,244.160004,0.523264,0.485888,-0.270976,700,533,680,3.2791643562046415
2024-04-25 14:17:09.155000+00:00,2024-04-25 14:15:30+00:00,2024-04-25 14:17:30+00:00,TABUENCA01-45,Sensoria-C1-EEA1,Right,Gait,1.0.5,40.3878707,-3.629144,CB:AA:BC:3F:36:A5,SCKS,-0.109375,1.250001,0.222656,-13.440001,-17.92,112.0,0.112128,0.775552,-0.261632,231,438,620,1.2743787054725921
2024-04-25 14:17:09.162000+00:00,2024-04-25 14:15:30+00:00,2024-04-25 14:17:30+00:00,TABUENCA01-45,Sensoria-C1-E90A,Left,Gait,1.0.5,40.3878707,-3.629144,F0:75:B1:51:59:F6,SCKS,-3.093748,1.406249,-0.40625,-5.6,-128.800003,4.48,0.532608,0.476544,-0.261632,696,533,683,3.422550510950131
2024-04-25 14:17:09.171000+00:00,2024-04-25 14:15:30+00:00,2024-04-25 14:17:30+00:00,TABUENCA01-45,Sensoria-C1-EEA1,Right,Gait,1.0.5,40.3878707,-3.629144,CB:AA:BC:3F:36:A5,SCKS,-0.117188,1.343751,0.140625,-23.52,-28.0,125.440002,0.130816,0.784896,-0.28032,218,425,650,1.356161925424099
2024-04-25 14:17:09.187000+00:00,2024-04-25 14:15:30+00:00,2024-04-25 14:17:30+00:00,TABUENCA01-45,Sensoria-C1-EEA1,Right,Gait,1.0.5,40.3878707,-3.629144,CB:AA:BC:3F:36:A5,SCKS,-0.1875,1.500001,-0.042969,-29.120001,-25.76,141.119995,0.149504,0.79424,-0.289664,210,415,670,1.5122848888228697
2024-04-25 14:17:09.195000+00:00,2024-04-25 14:15:30+00:00,2024-04-25 14:17:30+00:00,TABUENCA01-45,Sensoria-C1-E90A,Left,Gait,1.0.5,40.3878707,-3.629144,F0:75:B1:51:59:F6,SCKS,2.312499,1.062499,0.125,1.12,24.639999,-145.600006,0.51392,0.485888,-0.242944,695,533,680,2.5479758142498135
2024-04-25 14:17:09.204000+00:00,2024-04-25 14:15:30+00:00,2024-04-25 14:17:30+00:00,TABUENCA01-45,Sensoria-C1-EEA1,Right,Gait,1.0.5,40.3878707,-3.629144,CB:AA:BC:3F:36:A5,SCKS,-0.285156,1.738282,0.0,-34.720001,-13.440001,160.160004,0.149504,0.79424,-0.289664,203,416,681,1.761515897135192
2024-04-25 14:17:09.227000+00:00,2024-04-25 14:15:30+00:00,2024-04-25 14:17:30+00:00,TABUENCA01-45,Sensoria-C1-E90A,Left,Gait,1.0.5,40.3878707,-3.629144,F0:75:B1:51:59:F6,SCKS,-0.6875,1.093749,0.375,42.560001,150.080002,-209.440002,0.51392,0.504576,-0.252288,699,535,651,1.3452018900525677
2024-04-25 14:17:09.236000+00:00,2024-04-25 14:15:30+00:00,2024-04-25 14:17:30+00:00,TABUENCA01-45,Sensoria-C1-EEA1,Right,Gait,1.0.5,40.3878707,-3.629144,CB:AA:BC:3F:36:A5,SCKS,-0.605469,1.996095,0.273438,-43.68,11.2,185.919998,0.177536,0.803584,-0.28032,207,429,687,2.10374815480133
2024-04-25 14:17:09.253000+00:00,2024-04-25 14:15:30+00:00,2024-04-25 14:17:30+00:00,TABUENCA01-45,Sensoria-C1-EEA1,Right,Gait,1.0.5,40.3878707,-3.629144,CB:AA:BC:3F:36:A5,SCKS,-1.058594,1.996095,0.402344,-59.360001,34.720001,217.279999,0.214912,0.812928,-0.299008,220,444,689,2.2949721567367654
2024-04-25 14:17:09.260000+00:00,2024-04-25 14:15:30+00:00,2024-04-25 14:17:30+00:00,TABUENCA01-45,Sensoria-C1-E90A,Left,Gait,1.0.5,40.3878707,-3.629144,F0:75:B1:51:59:F6,SCKS,-0.28125,1.812499,-0.03125,60.48,32.48,-178.080002,0.476544,0.579328,-0.270976,699,541,547,1.83445652714939
2024-04-25 14:17:09.268000+00:00,2024-04-25 14:15:30+00:00,2024-04-25 14:17:30+00:00,TABUENCA01-45,Sensoria-C1-EEA1,Right,Gait,1.0.5,40.3878707,-3.629144,CB:AA:BC:3F:36:A5,SCKS,-0.6875,1.996095,0.089844,-61.599998,28.0,250.880005,0.261632,0.812928,-0.289664,249,469,692,2.11308387040387
2024-04-25 14:17:09.276000+00:00,2024-04-25 14:15:30+00:00,2024-04-25 14:17:30+00:00,TABUENCA01-45,Sensoria-C1-E90A,Left,Gait,1.0.5,40.3878707,-3.629144,F0:75:B1:51:59:F6,SCKS,-0.46875,1.656249,-0.03125,77.279999,3.36,-187.039993,0.448512,0.60736,-0.289664,697,548,420,1.7215876030574222
2024-04-25 14:17:09.309000+00:00,2024-04-25 14:15:30+00:00,2024-04-25 14:17:30+00:00,TABUENCA01-45,Sensoria-C1-E90A,Left,Gait,1.0.5,40.3878707,-3.629144,F0:75:B1:51:59:F6,SCKS,0.03125,0.999999,-0.21875,39.200001,-47.040001,-87.360001,0.42048,0.65408,-0.242944,674,545,348,1.0241221240657776
2024-04-25 14:17:09.317000+00:00,2024-04-25 14:15:30+00:00,2024-04-25 14:17:30+00:00,TABUENCA01-45,Sensoria-C1-EEA1,Right,Gait,1.0.5,40.3878707,-3.629144,CB:AA:BC:3F:36:A5,SCKS,-0.441407,1.41797,-0.847657,12.32,-90.720001,305.76001,0.355072,0.812928,-0.299008,373,603,690,1.7099711840256255
2024-04-25 14:17:09.333000+00:00,2024-04-25 14:15:30+00:00,2024-04-25 14:17:30+00:00,TABUENCA01-45,Sensoria-C1-EEA1,Right,Gait,1.0.5,40.3878707,-3.629144,CB:AA:BC:3F:36:A5,SCKS,-0.191406,0.566407,-0.671875,29.120001,-45.920002,227.360001,0.355072,0.812928,-0.299008,427,648,687,0.8993715373025767
2024-04-25 14:17:09.341000+00:00,2024-04-25 14:15:30+00:00,2024-04-25 14:17:30+00:00,TABUENCA01-45,Sensoria-C1-E90A,Left,Gait,1.0.5,40.3878707,-3.629144,F0:75:B1:51:59:F6,SCKS,0.15625,0.968749,-0.15625,16.799999,-45.920002,-41.439999,0.411136,0.663424,-0.2336,658,533,332,0.9936310935155964
2024-04-25 14:17:09.350000+00:00,2024-04-25 14:15:30+00:00,2024-04-25 14:17:30+00:00,TABUENCA01-45,Sensoria-C1-EEA1,Right,Gait,1.0.5,40.3878707,-3.629144,CB:AA:BC:3F:36:A5,SCKS,0.851563,0.09375,-0.625,7.84,53.760002,156.800003,0.401792,0.803584,-0.289664,458,674,685,1.0604591484206263
2024-04-25 14:17:09.366000+00:00,2024-04-25 14:15:30+00:00,2024-04-25 14:17:30+00:00,TABUENCA01-45,Sensoria-C1-EEA1,Right,Gait,1.0.5,40.3878707,-3.629144,CB:AA:BC:3F:36:A5,SCKS,-0.859376,0.273438,-0.539063,-2.24,162.399994,40.32,0.42048,0.803584,-0.299008,473,689,685,1.0506590156606472
2024-04-25 14:17:09.374000+00:00,2024-04-25 14:15:30+00:00,2024-04-25 14:17:30+00:00,TABUENCA01-45,Sensoria-C1-E90A,Left,Gait,1.0.5,40.3878707,-3.629144,F0:75:B1:51:59:F6,SCKS,0.1875,0.968749,-0.1875,10.08,-34.720001,-25.76,0.411136,0.663424,-0.224256,639,518,331,1.0043839529786407
2024-04-25 14:17:09.398000+00:00,2024-04-25 14:15:30+00:00,2024-04-25 14:17:30+00:00,TABUENCA01-45,Sensoria-C1-EEA1,Right,Gait,1.0.5,40.3878707,-3.629144,CB:AA:BC:3F:36:A5,SCKS,-1.10547,0.273438,-0.214844,-33.599998,119.840004,-41.439999,0.42048,0.803584,-0.308352,480,698,684,1.1588745424246751
2024-04-25 14:17:09.406000+00:00,2024-04-25 14:15:30+00:00,2024-04-25 14:17:30+00:00,TABUENCA01-45,Sensoria-C1-E90A,Left,Gait,1.0.5,40.3878707,-3.629144,F0:75:B1:51:59:F6,SCKS,0.1875,0.968749,-0.1875,3.36,-28.0,-24.639999,0.401792,0.663424,-0.2336,625,501,344,1.0043839529786407
2024-04-25 14:17:09.414000+00:00,2024-04-25 14:15:30+00:00,2024-04-25 14:17:30+00:00,TABUENCA01-45,Sensoria-C1-EEA1,Right,Gait,1.0.5,40.3878707,-3.629144,CB:AA:BC:3F:36:A5,SCKS,-0.585938,-0.074219,-0.007813,-11.2,45.920002,-63.84,0.401792,0.812928,-0.317696,483,702,683,0.5906715185058443
2024-04-25 14:17:09.431000+00:00,2024-04-25 14:15:30+00:00,2024-04-25 14:17:30+00:00,TABUENCA01-45,Sensoria-C1-EEA1,Right,Gait,1.0.5,40.3878707,-3.629144,CB:AA:BC:3F:36:A5,SCKS,-0.359375,-0.085938,-0.015625,30.24,0.0,-100.800003,0.401792,0.812928,-0.317696,484,703,681,0.36983762801261855
2024-04-25 14:17:09.438000+00:00,2024-04-25 14:15:30+00:00,2024-04-25 14:17:30+00:00,TABUENCA01-45,Sensoria-C1-E90A,Left,Gait,1.0.5,40.3878707,-3.629144,F0:75:B1:51:59:F6,SCKS,0.15625,0.9375,-0.21875,0.0,-28.0,-28.0,0.392448,0.672768,-0.2336,610,489,374,0.9752804083954522
2024-04-25 14:17:09.447000+00:00,2024-04-25 14:15:30+00:00,2024-04-25 14:17:30+00:00,TABUENCA01-45,Sensoria-C1-EEA1,Right,Gait,1.0.5,40.3878707,-3.629144,CB:AA:BC:3F:36:A5,SCKS,-0.410157,0.078125,-0.074219,45.920002,-17.92,-146.720001,0.383104,0.812928,-0.299008,484,705,680,0.42407633774475084
2024-04-25 14:17:09.463000+00:00,2024-04-25 14:15:30+00:00,2024-04-25 14:17:30+00:00,TABUENCA01-45,Sensoria-C1-EEA1,Right,Gait,1.0.5,40.3878707,-3.629144,CB:AA:BC:3F:36:A5,SCKS,-0.460938,0.253906,-0.074219,41.439999,-38.080002,-191.520004,0.345728,0.812928,-0.308352,484,704,678,0.5314513680864883
2024-04-25 14:17:09.471000+00:00,2024-04-25 14:15:30+00:00,2024-04-25 14:17:30+00:00,TABUENCA01-45,Sensoria-C1-E90A,Left,Gait,1.0.5,40.3878707,-3.629144,F0:75:B1:51:59:F6,SCKS,0.09375,0.9375,-0.21875,-1.12,-45.920002,-23.52,0.383104,0.682112,-0.214912,594,471,410,0.967236721283885
2024-04-25 14:17:09.496000+00:00,2024-04-25 14:15:30+00:00,2024-04-25 14:17:30+00:00,TABUENCA01-45,Sensoria-C1-EEA1,Right,Gait,1.0.5,40.3878707,-3.629144,CB:AA:BC:3F:36:A5,SCKS,-0.488282,0.398438,-0.046875,36.959999,-60.48,-234.080002,0.299008,0.822272,-0.299008,484,703,679,0.6319568157659192
2024-04-25 14:17:09.504000+00:00,2024-04-25 14:15:30+00:00,2024-04-25 14:17:30+00:00,TABUENCA01-45,Sensoria-C1-E90A,Left,Gait,1.0.5,40.3878707,-3.629144,F0:75:B1:51:59:F6,SCKS,0.09375,0.9375,-0.1875,5.6,-54.880001,-15.68,0.383104,0.682112,-0.214912,582,457,438,0.9606516343087124
2024-04-25 14:17:09.512000+00:00,2024-04-25 14:15:30+00:00,2024-04-25 14:17:30+00:00,TABUENCA01-45,Sensoria-C1-EEA1,Right,Gait,1.0.5,40.3878707,-3.629144,CB:AA:BC:3F:36:A5,SCKS,-0.429688,0.546875,-0.046875,42.560001,-90.720001,-284.480011,0.252288,0.822272,-0.289664,486,702,677,0.6970662153583403
2024-04-25 14:17:09.528000+00:00,2024-04-25 14:15:30+00:00,2024-04-25 14:17:30+00:00,TABUENCA01-45,Sensoria-C1-EEA1,Right,Gait,1.0.5,40.3878707,-3.629144,CB:AA:BC:3F:36:A5,SCKS,-0.371094,0.902344,-0.074219,38.080002,-89.599998,-312.480011,0.196224,0.803584,-0.28032,484,701,677,0.9784906290471055
2024-04-25 14:17:09.536000+00:00,2024-04-25 14:15:30+00:00,2024-04-25 14:17:30+00:00,TABUENCA01-45,Sensoria-C1-E90A,Left,Gait,1.0.5,40.3878707,-3.629144,F0:75:B1:51:59:F6,SCKS,0.09375,0.9375,-0.21875,7.84,-49.279999,-17.92,0.37376,0.682112,-0.205568,566,440,466,0.967236721283885
2024-04-25 14:17:09.544000+00:00,2024-04-25 14:15:30+00:00,2024-04-25 14:17:30+00:00,TABUENCA01-45,Sensoria-C1-EEA1,Right,Gait,1.0.5,40.3878707,-3.629144,CB:AA:BC:3F:36:A5,SCKS,-0.363282,1.19922,-0.058594,25.76,-73.919998,-339.360016,0.196224,0.803584,-0.28032,483,701,676,1.2544065037937264
2024-04-25 14:17:09.568000+00:00,2024-04-25 14:15:30+00:00,2024-04-25 14:17:30+00:00,TABUENCA01-45,Sensoria-C1-E90A,Left,Gait,1.0.5,40.3878707,-3.629144,F0:75:B1:51:59:F6,SCKS,0.09375,0.9375,-0.21875,3.36,-43.68,-22.4,0.37376,0.682112,-0.205568,552,423,491,0.967236721283885
2024-04-25 14:17:09.577000+00:00,2024-04-25 14:15:30+00:00,2024-04-25 14:17:30+00:00,TABUENCA01-45,Sensoria-C1-EEA1,Right,Gait,1.0.5,40.3878707,-3.629144,CB:AA:BC:3F:36:A5,SCKS,-0.351563,1.597657,0.011719,10.08,-44.799999,-358.399994,0.14016,0.784896,-0.299008,483,701,676,1.6359222987596325
2024-04-25 14:17:09.593000+00:00,2024-04-25 14:15:30+00:00,2024-04-25 14:17:30+00:00,TABUENCA01-45,Sensoria-C1-EEA1,Right,Gait,1.0.5,40.3878707,-3.629144,CB:AA:BC:3F:36:A5,SCKS,-0.367188,1.996095,0.125,-4.48,-2.24,-367.360016,0.074752,0.766208,-0.289664,481,700,676,2.03343238795122
2024-04-25 14:17:09.601000+00:00,2024-04-25 14:15:30+00:00,2024-04-25 14:17:30+00:00,TABUENCA01-45,Sensoria-C1-E90A,Left,Gait,1.0.5,40.3878707,-3.629144,F0:75:B1:51:59:F6,SCKS,0.09375,0.9375,-0.1875,3.36,-39.200001,-28.0,0.37376,0.691456,-0.18688,531,403,514,0.9606516343087124
2024-04-25 14:17:09.610000+00:00,2024-04-25 14:15:30+00:00,2024-04-25 14:17:30+00:00,TABUENCA01-45,Sensoria-C1-EEA1,Right,Gait,1.0.5,40.3878707,-3.629144,CB:AA:BC:3F:36:A5,SCKS,-0.183594,1.996095,0.121094,24.639999,-28.0,-378.559998,0.028032,0.719488,-0.289664,481,699,675,2.008174734104829
2024-04-25 14:17:09.617000+00:00,2024-04-25 14:15:30+00:00,2024-04-25 14:17:30+00:00,TABUENCA01-45,Sensoria-C1-E90A,Left,Gait,1.0.5,40.3878707,-3.629144,F0:75:B1:51:59:F6,SCKS,0.0625,0.968749,-0.21875,2.24,-34.720001,-34.720001,0.355072,0.7008,-0.18688,511,379,539,0.9951042344905382
2024-04-25 14:17:09.626000+00:00,2024-04-25 14:15:30+00:00,2024-04-25 14:17:30+00:00,TABUENCA01-45,Sensoria-C1-EEA1,Right,Gait,1.0.5,40.3878707,-3.629144,CB:AA:BC:3F:36:A5,SCKS,0.402344,1.996095,0.066406,41.439999,-59.360001,-395.360016,-0.028032,0.672768,-0.289664,483,698,675,2.037323170289142
2024-04-25 14:17:09.642000+00:00,2024-04-25 14:15:30+00:00,2024-04-25 14:17:30+00:00,TABUENCA01-45,Sensoria-C1-EEA1,Right,Gait,1.0.5,40.3878707,-3.629144,CB:AA:BC:3F:36:A5,SCKS,1.035157,1.996095,-0.167969,20.16,-43.68,-397.600006,-0.028032,0.672768,-0.289664,482,698,675,2.2548079405206556
2024-04-25 14:17:09.649000+00:00,2024-04-25 14:15:30+00:00,2024-04-25 14:17:30+00:00,TABUENCA01-45,Sensoria-C1-E90A,Left,Gait,1.0.5,40.3878707,-3.629144,F0:75:B1:51:59:F6,SCKS,0.0625,1.031249,-0.21875,-3.36,-35.84,-49.279999,0.345728,0.710144,-0.18688,473,336,582,1.056045601525332
2024-04-25 14:17:09.674000+00:00,2024-04-25 14:15:30+00:00,2024-04-25 14:17:30+00:00,TABUENCA01-45,Sensoria-C1-EEA1,Right,Gait,1.0.5,40.3878707,-3.629144,CB:AA:BC:3F:36:A5,SCKS,1.835939,1.996095,-0.726563,32.48,-4.48,-347.200012,-0.074752,0.616704,-0.299008,483,697,675,2.807661135841539
2024-04-25 14:17:09.682000+00:00,2024-04-25 14:15:30+00:00,2024-04-25 14:17:30+00:00,TABUENCA01-45,Sensoria-C1-E90A,Left,Gait,1.0.5,40.3878707,-3.629144,F0:75:B1:51:59:F6,SCKS,0.0625,1.093749,-0.15625,-4.48,-34.720001,-68.32,0.32704,0.719488,-0.168192,443,307,622,1.1066197122322556
2024-04-25 14:17:09.691000+00:00,2024-04-25 14:15:30+00:00,2024-04-25 14:17:30+00:00,TABUENCA01-45,Sensoria-C1-EEA1,Right,Gait,1.0.5,40.3878707,-3.629144,CB:AA:BC:3F:36:A5,SCKS,1.996095,1.414063,0.074219,57.119999,35.84,-198.240005,-0.09344,0.569984,-0.289664,481,700,679,2.447340980933184
2024-04-25 14:17:09.707000+00:00,2024-04-25 14:15:30+00:00,2024-04-25 14:17:30+00:00,TABUENCA01-45,Sensoria-C1-EEA1,Right,Gait,1.0.5,40.3878707,-3.629144,CB:AA:BC:3F:36:A5,SCKS,1.996095,1.781251,0.449219,57.119999,81.760002,-85.120003,-0.09344,0.551296,-0.28032,481,700,682,2.712756547128216
2024-04-25 14:17:09.714000+00:00,2024-04-25 14:15:30+00:00,2024-04-25 14:17:30+00:00,TABUENCA01-45,Sensoria-C1-E90A,Left,Gait,1.0.5,40.3878707,-3.629144,F0:75:B1:51:59:F6,SCKS,0.0625,1.156249,0.0,-5.6,-33.599998,-86.239998,0.299008,0.738176,-0.168192,417,282,653,1.1579369585607846
2024-04-25 14:17:09.723000+00:00,2024-04-25 14:15:30+00:00,2024-04-25 14:17:30+00:00,TABUENCA01-45,Sensoria-C1-EEA1,Right,Gait,1.0.5,40.3878707,-3.629144,CB:AA:BC:3F:36:A5,SCKS,0.46875,1.996095,0.804688,-3.36,19.040001,76.160004,-0.09344,0.56064,-0.261632,482,702,684,2.202644907575663
2024-04-25 14:17:09.747000+00:00,2024-04-25 14:15:30+00:00,2024-04-25 14:17:30+00:00,TABUENCA01-45,Sensoria-C1-E90A,Left,Gait,1.0.5,40.3878707,-3.629144,F0:75:B1:51:59:F6,SCKS,0.21875,1.343749,-0.28125,0.0,-23.52,-108.639999,0.289664,0.74752,-0.168192,393,269,674,1.390185059623718
2024-04-25 14:17:09.771000+00:00,2024-04-25 14:15:30+00:00,2024-04-25 14:17:30+00:00,TABUENCA01-45,Sensoria-C1-EEA1,Right,Gait,1.0.5,40.3878707,-3.629144,CB:AA:BC:3F:36:A5,SCKS,-1.691407,1.296876,-0.234375,31.360001,-169.119995,138.880005,-0.09344,0.56064,-0.261632,481,699,676,2.1442193543688575
2024-04-25 14:17:09.773000+00:00,2024-04-25 14:15:30+00:00,2024-04-25 14:17:30+00:00,TABUENCA01-45,Sensoria-C1-EEA1,Right,Gait,1.0.5,40.3878707,-3.629144,CB:AA:BC:3F:36:A5,SCKS,-1.078126,0.683594,1.316407,47.040001,-231.839996,136.639999,-0.09344,0.579328,-0.308352,487,701,649,1.8337349367782139
2024-04-25 14:17:09.780000+00:00,2024-04-25 14:15:30+00:00,2024-04-25 14:17:30+00:00,TABUENCA01-45,Sensoria-C1-E90A,Left,Gait,1.0.5,40.3878707,-3.629144,F0:75:B1:51:59:F6,SCKS,0.25,1.531249,-0.1875,1.12,-21.280001,-133.279999,0.270976,0.756864,-0.168192,386,272,682,1.5628114889522025
2024-04-25 14:17:09.789000+00:00,2024-04-25 14:15:30+00:00,2024-04-25 14:17:30+00:00,TABUENCA01-45,Sensoria-C1-EEA1,Right,Gait,1.0.5,40.3878707,-3.629144,CB:AA:BC:3F:36:A5,SCKS,1.113282,1.546876,0.445313,75.040001,-216.160004,236.320007,-0.084096,0.616704,-0.336384,494,707,593,1.957172920022398
2024-04-25 14:17:09.805000+00:00,2024-04-25 14:15:30+00:00,2024-04-25 14:17:30+00:00,TABUENCA01-45,Sensoria-C1-EEA1,Right,Gait,1.0.5,40.3878707,-3.629144,CB:AA:BC:3F:36:A5,SCKS,0.488282,1.73047,0.164063,49.279999,-30.24,221.759995,-0.065408,0.644736,-0.345728,499,712,520,1.8055089034377536
2024-04-25 14:17:09.812000+00:00,2024-04-25 14:15:30+00:00,2024-04-25 14:17:30+00:00,TABUENCA01-45,Sensoria-C1-E90A,Left,Gait,1.0.5,40.3878707,-3.629144,F0:75:B1:51:59:F6,SCKS,0.5625,2.031249,-0.03125,1.12,-11.2,-174.720001,0.2336,0.766208,-0.158848,418,317,684,2.107926780630912
2024-04-25 14:17:09.837000+00:00,2024-04-25 14:15:30+00:00,2024-04-25 14:17:30+00:00,TABUENCA01-45,Sensoria-C1-EEA1,Right,Gait,1.0.5,40.3878707,-3.629144,CB:AA:BC:3F:36:A5,SCKS,0.300781,1.406251,-0.242188,31.360001,19.040001,178.080002,-0.04672,0.672768,-0.32704,500,713,456,1.4583093335455273
2024-04-25 14:17:09.845000+00:00,2024-04-25 14:15:30+00:00,2024-04-25 14:17:30+00:00,TABUENCA01-45,Sensoria-C1-E90A,Left,Gait,1.0.5,40.3878707,-3.629144,F0:75:B1:51:59:F6,SCKS,0.968749,2.312499,-0.28125,-20.16,-31.360001,-188.160004,0.158848,0.79424,-0.177536,498,385,684,2.5229403109273116
2024-04-25 14:17:09.853000+00:00,2024-04-25 14:15:30+00:00,2024-04-25 14:17:30+00:00,TABUENCA01-45,Sensoria-C1-EEA1,Right,Gait,1.0.5,40.3878707,-3.629144,CB:AA:BC:3F:36:A5,SCKS,-0.242188,0.746094,-0.28125,5.6,39.200001,154.559998,-0.04672,0.672768,-0.32704,497,714,418,0.8333143744590034
2024-04-25 14:17:09.870000+00:00,2024-04-25 14:15:30+00:00,2024-04-25 14:17:30+00:00,TABUENCA01-45,Sensoria-C1-EEA1,Right,Gait,1.0.5,40.3878707,-3.629144,CB:AA:BC:3F:36:A5,SCKS,0.144531,1.000001,0.03125,7.84,-8.96,124.32,-0.028032,0.691456,-0.32704,488,717,392,1.010874756071196
2024-04-25 14:17:09.878000+00:00,2024-04-25 14:15:30+00:00,2024-04-25 14:17:30+00:00,TABUENCA01-45,Sensoria-C1-E90A,Left,Gait,1.0.5,40.3878707,-3.629144,F0:75:B1:51:59:F6,SCKS,0.53125,1.999999,-0.25,-28.0,-76.160004,-228.479996,0.121472,0.803584,-0.177536,562,443,688,2.0843998086981776
2024-04-25 14:17:09.886000+00:00,2024-04-25 14:15:30+00:00,2024-04-25 14:17:30+00:00,TABUENCA01-45,Sensoria-C1-EEA1,Right,Gait,1.0.5,40.3878707,-3.629144,CB:AA:BC:3F:36:A5,SCKS,-0.054688,0.964844,-0.027344,-3.36,10.08,98.559998,-0.018688,0.710144,-0.317696,480,711,372,0.9667794040090014
2024-04-25 14:17:09.910000+00:00,2024-04-25 14:15:30+00:00,2024-04-25 14:17:30+00:00,TABUENCA01-45,Sensoria-C1-E90A,Left,Gait,1.0.5,40.3878707,-3.629144,F0:75:B1:51:59:F6,SCKS,0.75,1.406249,-0.53125,-3.36,-22.4,-262.079987,0.065408,0.803584,-0.168192,623,502,692,1.6799591698910423
2024-04-25 14:17:09.919000+00:00,2024-04-25 14:15:30+00:00,2024-04-25 14:17:30+00:00,TABUENCA01-45,Sensoria-C1-EEA1,Right,Gait,1.0.5,40.3878707,-3.629144,CB:AA:BC:3F:36:A5,SCKS,-0.105469,0.972657,-0.046875,-2.24,7.84,77.279999,0.0,0.719488,-0.317696,470,698,359,0.9794807885992456
2024-04-25 14:17:09.926000+00:00,2024-04-25 14:15:30+00:00,2024-04-25 14:17:30+00:00,TABUENCA01-45,Sensoria-C1-E90A,Left,Gait,1.0.5,40.3878707,-3.629144,F0:75:B1:51:59:F6,SCKS,0.28125,0.0625,-0.53125,30.24,-42.560001,-118.720001,0.037376,0.79424,-0.18688,670,532,692,0.6043462376816786
2024-04-25 14:17:09.935000+00:00,2024-04-25 14:15:30+00:00,2024-04-25 14:17:30+00:00,TABUENCA01-45,Sensoria-C1-EEA1,Right,Gait,1.0.5,40.3878707,-3.629144,CB:AA:BC:3F:36:A5,SCKS,-0.074219,0.976563,0.121094,4.48,1.12,62.720001,0.009344,0.728832,-0.317696,461,683,350,0.9868371242337814
2024-04-25 14:17:09.951000+00:00,2024-04-25 14:15:30+00:00,2024-04-25 14:17:30+00:00,TABUENCA01-45,Sensoria-C1-EEA1,Right,Gait,1.0.5,40.3878707,-3.629144,CB:AA:BC:3F:36:A5,SCKS,-0.136719,0.996094,0.011719,26.880001,-5.6,51.52,0.009344,0.728832,-0.317696,454,668,347,1.0055012067411955
2024-04-25 14:17:09.959000+00:00,2024-04-25 14:15:30+00:00,2024-04-25 14:17:30+00:00,TABUENCA01-45,Sensoria-C1-E90A,Left,Gait,1.0.5,40.3878707,-3.629144,F0:75:B1:51:59:F6,SCKS,0.90625,0.21875,-0.125,22.4,-164.639999,32.48,0.009344,0.784896,-0.177536,688,539,691,0.9406198089557757
2024-04-25 14:17:09.968000+00:00,2024-04-25 14:15:30+00:00,2024-04-25 14:17:30+00:00,TABUENCA01-45,Sensoria-C1-EEA1,Right,Gait,1.0.5,40.3878707,-3.629144,CB:AA:BC:3F:36:A5,SCKS,-0.144531,0.988282,-0.050781,13.440001,4.48,50.400002,0.009344,0.728832,-0.317696,446,655,347,1.0000846121433926
2024-04-25 14:17:09.984000+00:00,2024-04-25 14:15:30+00:00,2024-04-25 14:17:30+00:00,TABUENCA01-45,Sensoria-C1-EEA1,Right,Gait,1.0.5,40.3878707,-3.629144,CB:AA:BC:3F:36:A5,SCKS,-0.125,0.980469,0.011719,10.08,3.36,50.400002,0.018688,0.728832,-0.308352,437,642,351,0.9884744786396865
2024-04-25 14:17:09.991000+00:00,2024-04-25 14:15:30+00:00,2024-04-25 14:17:30+00:00,TABUENCA01-45,Sensoria-C1-E90A,Left,Gait,1.0.5,40.3878707,-3.629144,F0:75:B1:51:59:F6,SCKS,0.6875,0.03125,0.0625,0.0,-35.84,146.720001,0.028032,0.79424,-0.177536,698,541,688,0.6910420121092494
2024-04-25 14:17:10.016000+00:00,2024-04-25 14:15:30+00:00,2024-04-25 14:17:30+00:00,TABUENCA01-45,Sensoria-C1-EEA1,Right,Gait,1.0.5,40.3878707,-3.629144,CB:AA:BC:3F:36:A5,SCKS,-0.074219,0.996094,-0.125,6.72,5.6,53.760002,0.018688,0.738176,-0.317696,429,628,354,1.0066462719331952
2024-04-25 14:17:10.024000+00:00,2024-04-25 14:15:30+00:00,2024-04-25 14:17:30+00:00,TABUENCA01-45,Sensoria-C1-E90A,Left,Gait,1.0.5,40.3878707,-3.629144,F0:75:B1:51:59:F6,SCKS,0.375,0.125,0.03125,4.48,-8.96,184.800003,0.056064,0.803584,-0.177536,699,539,685,0.3965180481390475
2024-04-25 14:17:10.032000+00:00,2024-04-25 14:15:30+00:00,2024-04-25 14:17:30+00:00,TABUENCA01-45,Sensoria-C1-EEA1,Right,Gait,1.0.5,40.3878707,-3.629144,CB:AA:BC:3F:36:A5,SCKS,-0.039063,0.972657,-0.125,-8.96,23.52,51.52,0.037376,0.74752,-0.308352,417,613,366,0.9814339293187291
2024-04-25 14:17:10.049000+00:00,2024-04-25 14:15:30+00:00,2024-04-25 14:17:30+00:00,TABUENCA01-45,Sensoria-C1-EEA1,Right,Gait,1.0.5,40.3878707,-3.629144,CB:AA:BC:3F:36:A5,SCKS,-0.039063,0.964844,0.003906,-13.440001,34.720001,47.040001,0.037376,0.74752,-0.308352,404,599,376,0.9656423349983161
2024-04-25 14:17:10.056000+00:00,2024-04-25 14:15:30+00:00,2024-04-25 14:17:30+00:00,TABUENCA01-45,Sensoria-C1-E90A,Left,Gait,1.0.5,40.3878707,-3.629144,F0:75:B1:51:59:F6,SCKS,0.40625,0.40625,-0.09375,20.16,5.6,267.679993,0.09344,0.803584,-0.18688,700,538,685,0.5821230003186612
2024-04-25 14:17:10.065000+00:00,2024-04-25 14:15:30+00:00,2024-04-25 14:17:30+00:00,TABUENCA01-45,Sensoria-C1-EEA1,Right,Gait,1.0.5,40.3878707,-3.629144,CB:AA:BC:3F:36:A5,SCKS,-0.070313,0.976563,0.007813,-7.84,31.360001,42.560001,0.037376,0.74752,-0.308352,394,586,388,0.9791221853818858
2024-04-25 14:17:10.089000+00:00,2024-04-25 14:15:30+00:00,2024-04-25 14:17:30+00:00,TABUENCA01-45,Sensoria-C1-E90A,Left,Gait,1.0.5,40.3878707,-3.629144,F0:75:B1:51:59:F6,SCKS,0.375,0.78125,0.0625,6.72,17.92,313.600006,0.149504,0.79424,-0.177536,699,539,685,0.8688399234036153
2024-04-25 14:17:10.097000+00:00,2024-04-25 14:15:30+00:00,2024-04-25 14:17:30+00:00,TABUENCA01-45,Sensoria-C1-EEA1,Right,Gait,1.0.5,40.3878707,-3.629144,CB:AA:BC:3F:36:A5,SCKS,-0.070313,1.000001,-0.03125,-6.72,20.16,41.439999,0.04672,0.74752,-0.308352,383,569,402,1.0029568686987491
2024-04-25 14:17:10.114000+00:00,2024-04-25 14:15:30+00:00,2024-04-25 14:17:30+00:00,TABUENCA01-45,Sensoria-C1-EEA1,Right,Gait,1.0.5,40.3878707,-3.629144,CB:AA:BC:3F:36:A5,SCKS,-0.019531,0.984376,-0.054688,-5.6,12.32,42.560001,0.04672,0.74752,-0.289664,369,553,418,0.9860873930240667
2024-04-25 14:17:10.121000+00:00,2024-04-25 14:15:30+00:00,2024-04-25 14:17:30+00:00,TABUENCA01-45,Sensoria-C1-E90A,Left,Gait,1.0.5,40.3878707,-3.629144,F0:75:B1:51:59:F6,SCKS,0.34375,1.156249,0.0,4.48,33.599998,356.160004,0.270976,0.756864,-0.177536,698,538,682,1.2062652330648513
2024-04-25 14:17:10.130000+00:00,2024-04-25 14:15:30+00:00,2024-04-25 14:17:30+00:00,TABUENCA01-45,Sensoria-C1-EEA1,Right,Gait,1.0.5,40.3878707,-3.629144,CB:AA:BC:3F:36:A5,SCKS,0.003906,0.980469,-0.042969,-7.84,11.2,41.439999,0.056064,0.74752,-0.308352,355,536,434,0.9814178782547218
2024-04-25 14:17:10.146000+00:00,2024-04-25 14:15:30+00:00,2024-04-25 14:17:30+00:00,TABUENCA01-45,Sensoria-C1-EEA1,Right,Gait,1.0.5,40.3878707,-3.629144,CB:AA:BC:3F:36:A5,SCKS,0.011719,1.003907,-0.054688,-5.6,11.2,42.560001,0.056064,0.756864,-0.299008,340,520,451,1.0054637621287006
2024-04-25 14:17:10.153000+00:00,2024-04-25 14:15:30+00:00,2024-04-25 14:17:30+00:00,TABUENCA01-45,Sensoria-C1-E90A,Left,Gait,1.0.5,40.3878707,-3.629144,F0:75:B1:51:59:F6,SCKS,0.46875,2.031249,0.03125,-8.96,29.120001,400.959991,0.336384,0.710144,-0.177536,698,536,680,2.084868251233396
2024-04-25 14:17:10.162000+00:00,2024-04-25 14:15:30+00:00,2024-04-25 14:17:30+00:00,TABUENCA01-45,Sensoria-C1-EEA1,Right,Gait,1.0.5,40.3878707,-3.629144,CB:AA:BC:3F:36:A5,SCKS,0.011719,0.992188,-0.042969,-6.72,12.32,44.799999,0.056064,0.756864,-0.299008,323,502,473,0.9931871411098715
2024-04-25 14:17:10.186000+00:00,2024-04-25 14:15:30+00:00,2024-04-25 14:17:30+00:00,TABUENCA01-45,Sensoria-C1-E90A,Left,Gait,1.0.5,40.3878707,-3.629144,F0:75:B1:51:59:F6,SCKS,0.46875,2.812499,-0.03125,-5.6,66.080002,418.880005,0.448512,0.60736,-0.196224,697,535,681,2.8514651935454163
2024-04-25 14:17:10.194000+00:00,2024-04-25 14:15:30+00:00,2024-04-25 14:17:30+00:00,TABUENCA01-45,Sensoria-C1-EEA1,Right,Gait,1.0.5,40.3878707,-3.629144,CB:AA:BC:3F:36:A5,SCKS,0.011719,0.968751,-0.007813,-10.08,14.56,49.279999,0.065408,0.756864,-0.308352,306,484,496,0.9688533830931283
2024-04-25 14:17:10.211000+00:00,2024-04-25 14:15:30+00:00,2024-04-25 14:17:30+00:00,TABUENCA01-45,Sensoria-C1-EEA1,Right,Gait,1.0.5,40.3878707,-3.629144,CB:AA:BC:3F:36:A5,SCKS,-0.011719,1.027344,-0.023438,-10.08,8.96,58.240002,0.074752,0.766208,-0.289664,288,465,519,1.0276781447228507
2024-04-25 14:17:10.219000+00:00,2024-04-25 14:15:30+00:00,2024-04-25 14:17:30+00:00,TABUENCA01-45,Sensoria-C1-E90A,Left,Gait,1.0.5,40.3878707,-3.629144,F0:75:B1:51:59:F6,SCKS,-0.375,3.218748,0.03125,-22.4,91.840004,405.440002,0.495232,0.541952,-0.214912,697,535,681,3.2406697224499754
2024-04-25 14:17:10.243000+00:00,2024-04-25 14:15:30+00:00,2024-04-25 14:17:30+00:00,TABUENCA01-45,Sensoria-C1-EEA1,Right,Gait,1.0.5,40.3878707,-3.629144,CB:AA:BC:3F:36:A5,SCKS,-0.027344,1.093751,-0.003906,-5.6,3.36,66.080002,0.074752,0.766208,-0.299008,270,447,554,1.0940997217680846
2024-04-25 14:17:10.244000+00:00,2024-04-25 14:15:30+00:00,2024-04-25 14:17:30+00:00,TABUENCA01-45,Sensoria-C1-EEA1,Right,Gait,1.0.5,40.3878707,-3.629144,CB:AA:BC:3F:36:A5,SCKS,-0.054688,1.128907,0.058594,-6.72,1.12,78.400002,0.09344,0.775552,-0.289664,253,429,592,1.1317486685784086
2024-04-25 14:17:10.251000+00:00,2024-04-25 14:15:30+00:00,2024-04-25 14:17:30+00:00,TABUENCA01-45,Sensoria-C1-E90A,Left,Gait,1.0.5,40.3878707,-3.629144,F0:75:B1:51:59:F6,SCKS,-1.781249,2.187499,-0.999999,11.2,128.800003,310.23999,0.504576,0.485888,-0.2336,696,534,683,2.992991459226538
2024-04-25 14:17:10.268000+00:00,2024-04-25 14:15:30+00:00,2024-04-25 14:17:30+00:00,TABUENCA01-45,Sensoria-C1-E90A,Left,Gait,1.0.5,40.3878707,-3.629144,F0:75:B1:51:59:F6,SCKS,-3.656248,1.437499,-0.59375,17.92,-56.0,59.360001,0.523264,0.457856,-0.2336,695,534,687,3.97329735547253
2024-04-25 14:17:10.276000+00:00,2024-04-25 14:15:30+00:00,2024-04-25 14:17:30+00:00,TABUENCA01-45,Sensoria-C1-EEA1,Right,Gait,1.0.5,40.3878707,-3.629144,CB:AA:BC:3F:36:A5,SCKS,-0.078125,1.171876,0.140625,-11.2,-7.84,91.840004,0.09344,0.775552,-0.289664,238,414,631,1.1828661232895292
2024-04-25 14:17:10.292000+00:00,2024-04-25 14:15:30+00:00,2024-04-25 14:17:30+00:00,TABUENCA01-45,Sensoria-C1-EEA1,Right,Gait,1.0.5,40.3878707,-3.629144,CB:AA:BC:3F:36:A5,SCKS,-0.082031,1.26172,0.101563,-15.68,-19.040001,104.160004,0.102784,0.784896,-0.308352,224,403,657,1.2684563399384308
2024-04-25 14:17:10.299000+00:00,2024-04-25 14:15:30+00:00,2024-04-25 14:17:30+00:00,TABUENCA01-45,Sensoria-C1-E90A,Left,Gait,1.0.5,40.3878707,-3.629144,F0:75:B1:51:59:F6,SCKS,0.09375,2.749999,-0.5625,24.639999,17.92,-164.639999,0.523264,0.457856,-0.224256,691,535,691,2.808503126667478
2024-04-25 14:17:10.308000+00:00,2024-04-25 14:15:30+00:00,2024-04-25 14:17:30+00:00,TABUENCA01-45,Sensoria-C1-EEA1,Right,Gait,1.0.5,40.3878707,-3.629144,CB:AA:BC:3F:36:A5,SCKS,-0.070313,1.371095,-0.148438,-21.280001,-24.639999,118.720001,0.121472,0.784896,-0.308352,217,397,674,1.3808979892946474
2024-04-25 14:17:10.324000+00:00,2024-04-25 14:15:30+00:00,2024-04-25 14:17:30+00:00,TABUENCA01-45,Sensoria-C1-EEA1,Right,Gait,1.0.5,40.3878707,-3.629144,CB:AA:BC:3F:36:A5,SCKS,-0.121094,1.496095,-0.007813,-26.880001,-14.56,135.520004,0.149504,0.79424,-0.308352,209,396,686,1.5010080109146653
2024-04-25 14:17:10.332000+00:00,2024-04-25 14:15:30+00:00,2024-04-25 14:17:30+00:00,TABUENCA01-45,Sensoria-C1-E90A,Left,Gait,1.0.5,40.3878707,-3.629144,F0:75:B1:51:59:F6,SCKS,0.75,0.75,0.84375,41.439999,129.919998,-145.600006,0.504576,0.504576,-0.242944,696,534,674,1.35532802763759
2024-04-25 14:17:10.357000+00:00,2024-04-25 14:15:30+00:00,2024-04-25 14:17:30+00:00,TABUENCA01-45,Sensoria-C1-EEA1,Right,Gait,1.0.5,40.3878707,-3.629144,CB:AA:BC:3F:36:A5,SCKS,-0.269531,1.703126,0.058594,-33.599998,-1.12,152.320007,0.177536,0.803584,-0.317696,205,402,693,1.7253168951450628
2024-04-25 14:17:10.364000+00:00,2024-04-25 14:15:30+00:00,2024-04-25 14:17:30+00:00,TABUENCA01-45,Sensoria-C1-E90A,Left,Gait,1.0.5,40.3878707,-3.629144,F0:75:B1:51:59:F6,SCKS,-0.375,1.781249,-0.09375,64.959999,89.599998,-200.479996,0.495232,0.541952,-0.252288,701,538,619,1.8227073441726733
2024-04-25 14:17:10.373000+00:00,2024-04-25 14:15:30+00:00,2024-04-25 14:17:30+00:00,TABUENCA01-45,Sensoria-C1-EEA1,Right,Gait,1.0.5,40.3878707,-3.629144,CB:AA:BC:3F:36:A5,SCKS,-0.710938,1.996095,0.316406,-47.040001,28.0,190.399994,0.205568,0.812928,-0.317696,217,430,697,2.142414723088179
2024-04-25 14:17:10.389000+00:00,2024-04-25 14:15:30+00:00,2024-04-25 14:17:30+00:00,TABUENCA01-45,Sensoria-C1-EEA1,Right,Gait,1.0.5,40.3878707,-3.629144,CB:AA:BC:3F:36:A5,SCKS,-0.988282,1.996095,0.175781,-60.48,51.52,221.759995,0.242944,0.822272,-0.32704,234,452,698,2.2342774045561127
2024-04-25 14:17:10.397000+00:00,2024-04-25 14:15:30+00:00,2024-04-25 14:17:30+00:00,TABUENCA01-45,Sensoria-C1-E90A,Left,Gait,1.0.5,40.3878707,-3.629144,F0:75:B1:51:59:F6,SCKS,-0.15625,1.562499,-0.5625,78.400002,-3.36,-171.360001,0.4672,0.579328,-0.252288,699,542,492,1.6679998313851834
2024-04-25 14:17:10.406000+00:00,2024-04-25 14:15:30+00:00,2024-04-25 14:17:30+00:00,TABUENCA01-45,Sensoria-C1-EEA1,Right,Gait,1.0.5,40.3878707,-3.629144,CB:AA:BC:3F:36:A5,SCKS,-0.347656,1.996095,-0.433594,-40.32,16.799999,263.200012,0.242944,0.822272,-0.32704,269,494,697,2.0720192325837616
2024-04-25 14:17:10.430000+00:00,2024-04-25 14:15:30+00:00,2024-04-25 14:17:30+00:00,TABUENCA01-45,Sensoria-C1-E90A,Left,Gait,1.0.5,40.3878707,-3.629144,F0:75:B1:51:59:F6,SCKS,-0.03125,0.9375,-0.15625,62.720001,-25.76,-150.080002,0.457856,0.598016,-0.252288,694,550,400,0.9509452534189337
2024-04-25 14:17:10.438000+00:00,2024-04-25 14:15:30+00:00,2024-04-25 14:17:30+00:00,TABUENCA01-45,Sensoria-C1-EEA1,Right,Gait,1.0.5,40.3878707,-3.629144,CB:AA:BC:3F:36:A5,SCKS,-0.742188,1.996095,-0.800782,-24.639999,-14.56,288.959991,0.289664,0.812928,-0.32704,321,552,697,2.2751901212630563
2024-04-25 14:17:10.455000+00:00,2024-04-25 14:15:30+00:00,2024-04-25 14:17:30+00:00,TABUENCA01-45,Sensoria-C1-EEA1,Right,Gait,1.0.5,40.3878707,-3.629144,CB:AA:BC:3F:36:A5,SCKS,-0.4375,1.609376,-0.644532,12.32,-66.080002,303.519989,0.345728,0.812928,-0.336384,377,611,694,1.7879929693374077
2024-04-25 14:17:10.462000+00:00,2024-04-25 14:15:30+00:00,2024-04-25 14:17:30+00:00,TABUENCA01-45,Sensoria-C1-E90A,Left,Gait,1.0.5,40.3878707,-3.629144,F0:75:B1:51:59:F6,SCKS,0.09375,0.999999,-0.15625,43.68,-44.799999,-77.279999,0.439168,0.626048,-0.242944,681,551,353,1.0164650141549387
2024-04-25 14:17:10.472000+00:00,2024-04-25 14:15:30+00:00,2024-04-25 14:17:30+00:00,TABUENCA01-45,Sensoria-C1-EEA1,Right,Gait,1.0.5,40.3878707,-3.629144,CB:AA:BC:3F:36:A5,SCKS,-0.273438,0.636719,-0.605469,35.84,-41.439999,240.800003,0.383104,0.812928,-0.336384,429,655,692,0.9202022249299335
2024-04-25 14:17:10.487000+00:00,2024-04-25 14:15:30+00:00,2024-04-25 14:17:30+00:00,TABUENCA01-45,Sensoria-C1-EEA1,Right,Gait,1.0.5,40.3878707,-3.629144,CB:AA:BC:3F:36:A5,SCKS,0.703125,0.105469,-0.703125,22.4,68.32,166.880005,0.42048,0.803584,-0.336384,460,677,693,0.999946619180744
2024-04-25 14:17:10.495000+00:00,2024-04-25 14:15:30+00:00,2024-04-25 14:17:30+00:00,TABUENCA01-45,Sensoria-C1-E90A,Left,Gait,1.0.5,40.3878707,-3.629144,F0:75:B1:51:59:F6,SCKS,0.1875,0.968749,-0.125,16.799999,-32.48,-30.24,0.42048,0.644736,-0.224256,661,540,324,0.994613429931951
2024-04-25 14:17:10.503000+00:00,2024-04-25 14:15:30+00:00,2024-04-25 14:17:30+00:00,TABUENCA01-45,Sensoria-C1-EEA1,Right,Gait,1.0.5,40.3878707,-3.629144,CB:AA:BC:3F:36:A5,SCKS,-0.863282,0.457032,-0.5,7.84,191.520004,51.52,0.42048,0.803584,-0.336384,472,690,690,1.0973304245066753
2024-04-25 14:17:10.528000+00:00,2024-04-25 14:15:30+00:00,2024-04-25 14:17:30+00:00,TABUENCA01-45,Sensoria-C1-E90A,Left,Gait,1.0.5,40.3878707,-3.629144,F0:75:B1:51:59:F6,SCKS,0.1875,0.968749,-0.1875,6.72,-28.0,-17.92,0.411136,0.663424,-0.224256,652,533,324,1.0043839529786407
2024-04-25 14:17:10.536000+00:00,2024-04-25 14:15:30+00:00,2024-04-25 14:17:30+00:00,TABUENCA01-45,Sensoria-C1-EEA1,Right,Gait,1.0.5,40.3878707,-3.629144,CB:AA:BC:3F:36:A5,SCKS,-1.214845,0.214844,-0.152344,-33.599998,147.839996,-40.32,0.42048,0.803584,-0.345728,479,697,687,1.2430667772477069
2024-04-25 14:17:10.552000+00:00,2024-04-25 14:15:30+00:00,2024-04-25 14:17:30+00:00,TABUENCA01-45,Sensoria-C1-EEA1,Right,Gait,1.0.5,40.3878707,-3.629144,CB:AA:BC:3F:36:A5,SCKS,-0.511719,-0.109375,0.082031,12.32,30.24,-86.239998,0.401792,0.812928,-0.336384,482,700,686,0.5296681135834024
2024-04-25 14:17:10.560000+00:00,2024-04-25 14:15:30+00:00,2024-04-25 14:17:30+00:00,TABUENCA01-45,Sensoria-C1-E90A,Left,Gait,1.0.5,40.3878707,-3.629144,F0:75:B1:51:59:F6,SCKS,0.1875,0.968749,-0.125,-1.12,-24.639999,-16.799999,0.401792,0.663424,-0.205568,643,524,333,0.994613429931951
2024-04-25 14:17:10.569000+00:00,2024-04-25 14:15:30+00:00,2024-04-25 14:17:30+00:00,TABUENCA01-45,Sensoria-C1-EEA1,Right,Gait,1.0.5,40.3878707,-3.629144,CB:AA:BC:3F:36:A5,SCKS,-0.445313,-0.007813,-0.007813,44.799999,-6.72,-131.039993,0.383104,0.812928,-0.336384,483,702,687,0.44545005770231977
2024-04-25 14:17:10.585000+00:00,2024-04-25 14:15:30+00:00,2024-04-25 14:17:30+00:00,TABUENCA01-45,Sensoria-C1-EEA1,Right,Gait,1.0.5,40.3878707,-3.629144,CB:AA:BC:3F:36:A5,SCKS,-0.535157,0.203125,-0.039063,50.400002,-26.880001,-175.839996,0.355072,0.822272,-0.336384,484,701,685,0.5737409678966632
2024-04-25 14:17:10.592000+00:00,2024-04-25 14:15:30+00:00,2024-04-25 14:17:30+00:00,TABUENCA01-45,Sensoria-C1-E90A,Left,Gait,1.0.5,40.3878707,-3.629144,F0:75:B1:51:59:F6,SCKS,0.1875,0.9375,-0.1875,-1.12,-24.639999,-16.799999,0.401792,0.663424,-0.214912,635,515,353,0.9742785792574935
2024-04-25 14:17:10.609000+00:00,2024-04-25 14:15:30+00:00,2024-04-25 14:17:30+00:00,TABUENCA01-45,Sensoria-C1-E90A,Left,Gait,1.0.5,40.3878707,-3.629144,F0:75:B1:51:59:F6,SCKS,0.125,0.9375,-0.1875,-3.36,-35.84,-16.799999,0.401792,0.663424,-0.205568,625,507,378,0.9642030387838445
2024-04-25 14:17:10.617000+00:00,2024-04-25 14:15:30+00:00,2024-04-25 14:17:30+00:00,TABUENCA01-45,Sensoria-C1-EEA1,Right,Gait,1.0.5,40.3878707,-3.629144,CB:AA:BC:3F:36:A5,SCKS,-0.492188,0.316406,0.023438,45.920002,-53.760002,-219.520004,0.355072,0.822272,-0.336384,483,703,684,0.5855861371514869
2024-04-25 14:17:10.633000+00:00,2024-04-25 14:15:30+00:00,2024-04-25 14:17:30+00:00,TABUENCA01-45,Sensoria-C1-EEA1,Right,Gait,1.0.5,40.3878707,-3.629144,CB:AA:BC:3F:36:A5,SCKS,-0.445313,0.453125,0.023438,47.040001,-77.279999,-263.200012,0.308352,0.822272,-0.32704,485,701,683,0.6357478064751777
2024-04-25 14:17:10.641000+00:00,2024-04-25 14:15:30+00:00,2024-04-25 14:17:30+00:00,TABUENCA01-45,Sensoria-C1-E90A,Left,Gait,1.0.5,40.3878707,-3.629144,F0:75:B1:51:59:F6,SCKS,0.15625,0.9375,-0.15625,-2.24,-41.439999,-11.2,0.392448,0.663424,-0.196224,616,494,399,0.9631896879639026
2024-04-25 14:17:10.650000+00:00,2024-04-25 14:15:30+00:00,2024-04-25 14:17:30+00:00,TABUENCA01-45,Sensoria-C1-EEA1,Right,Gait,1.0.5,40.3878707,-3.629144,CB:AA:BC:3F:36:A5,SCKS,-0.441407,0.664063,-0.007813,47.040001,-87.360001,-301.279999,0.261632,0.822272,-0.32704,483,700,682,0.7974213758026555
2024-04-25 14:17:10.666000+00:00,2024-04-25 14:15:30+00:00,2024-04-25 14:17:30+00:00,TABUENCA01-45,Sensoria-C1-EEA1,Right,Gait,1.0.5,40.3878707,-3.629144,CB:AA:BC:3F:36:A5,SCKS,-0.464844,0.953126,-0.015625,41.439999,-81.760002,-329.279999,0.196224,0.812928,-0.317696,482,699,682,1.0605532786413892
2024-04-25 14:17:10.673000+00:00,2024-04-25 14:15:30+00:00,2024-04-25 14:17:30+00:00,TABUENCA01-45,Sensoria-C1-E90A,Left,Gait,1.0.5,40.3878707,-3.629144,F0:75:B1:51:59:F6,SCKS,0.125,0.968749,-0.15625,-1.12,-39.200001,-13.440001,0.392448,0.672768,-0.18688,603,482,417,0.9891985076318099
2024-04-25 14:17:10.682000+00:00,2024-04-25 14:15:30+00:00,2024-04-25 14:17:30+00:00,TABUENCA01-45,Sensoria-C1-EEA1,Right,Gait,1.0.5,40.3878707,-3.629144,CB:AA:BC:3F:36:A5,SCKS,-0.382813,1.234376,0.019531,29.120001,-64.959999,-353.920013,0.14016,0.784896,-0.32704,482,698,682,1.2925213198651695
2024-04-25 14:17:10.706000+00:00,2024-04-25 14:15:30+00:00,2024-04-25 14:17:30+00:00,TABUENCA01-45,Sensoria-C1-E90A,Left,Gait,1.0.5,40.3878707,-3.629144,F0:75:B1:51:59:F6,SCKS,0.125,0.9375,-0.15625,2.24,-41.439999,-19.040001,0.383104,0.672768,-0.196224,589,466,435,0.9586163531361229
2024-04-25 14:17:10.715000+00:00,2024-04-25 14:15:30+00:00,2024-04-25 14:17:30+00:00,TABUENCA01-45,Sensoria-C1-EEA1,Right,Gait,1.0.5,40.3878707,-3.629144,CB:AA:BC:3F:36:A5,SCKS,-0.34375,1.652345,0.0625,8.96,-20.16,-367.360016,0.084096,0.766208,-0.317696,482,698,682,1.6888796024361832
2024-04-25 14:17:10.731000+00:00,2024-04-25 14:15:30+00:00,2024-04-25 14:17:30+00:00,TABUENCA01-45,Sensoria-C1-EEA1,Right,Gait,1.0.5,40.3878707,-3.629144,CB:AA:BC:3F:36:A5,SCKS,-0.324219,1.996095,0.164063,2.24,22.4,-366.23999,0.084096,0.766208,-0.317696,481,698,681,2.028898685729527
2024-04-25 14:17:10.739000+00:00,2024-04-25 14:15:30+00:00,2024-04-25 14:17:30+00:00,TABUENCA01-45,Sensoria-C1-E90A,Left,Gait,1.0.5,40.3878707,-3.629144,F0:75:B1:51:59:F6,SCKS,0.09375,0.9375,-0.15625,6.72,-40.32,-26.880001,0.37376,0.682112,-0.196224,571,447,452,0.9550441743710079
2024-04-25 14:17:10.747000+00:00,2024-04-25 14:15:30+00:00,2024-04-25 14:17:30+00:00,TABUENCA01-45,Sensoria-C1-EEA1,Right,Gait,1.0.5,40.3878707,-3.629144,CB:AA:BC:3F:36:A5,SCKS,-0.121094,1.996095,0.125,36.959999,-6.72,-374.079987,0.018688,0.728832,-0.32704,481,698,682,2.003667638572076
2024-04-25 14:17:10.764000+00:00,2024-04-25 14:15:30+00:00,2024-04-25 14:17:30+00:00,TABUENCA01-45,Sensoria-C1-EEA1,Right,Gait,1.0.5,40.3878707,-3.629144,CB:AA:BC:3F:36:A5,SCKS,0.519532,1.996095,0.101563,33.599998,3.36,-387.519989,-0.028032,0.682112,-0.308352,482,698,682,2.065096557311062
2024-04-25 14:17:10.771000+00:00,2024-04-25 14:15:30+00:00,2024-04-25 14:17:30+00:00,TABUENCA01-45,Sensoria-C1-E90A,Left,Gait,1.0.5,40.3878707,-3.629144,F0:75:B1:51:59:F6,SCKS,0.09375,0.968749,-0.15625,10.08,-36.959999,-33.599998,0.364416,0.682112,-0.177536,549,425,469,0.9857371607081676
2024-04-25 14:17:10.796000+00:00,2024-04-25 14:15:30+00:00,2024-04-25 14:17:30+00:00,TABUENCA01-45,Sensoria-C1-EEA1,Right,Gait,1.0.5,40.3878707,-3.629144,CB:AA:BC:3F:36:A5,SCKS,1.406251,1.996095,-0.035156,36.959999,-7.84,-379.679993,-0.065408,0.626048,-0.299008,482,698,681,2.441960906395104
2024-04-25 14:17:10.804000+00:00,2024-04-25 14:15:30+00:00,2024-04-25 14:17:30+00:00,TABUENCA01-45,Sensoria-C1-E90A,Left,Gait,1.0.5,40.3878707,-3.629144,F0:75:B1:51:59:F6,SCKS,0.125,0.999999,-0.1875,5.6,-35.84,-45.920002,0.364416,0.691456,-0.177536,526,397,486,1.0250752411413515
2024-04-25 14:17:10.812000+00:00,2024-04-25 14:15:30+00:00,2024-04-25 14:17:30+00:00,TABUENCA01-45,Sensoria-C1-EEA1,Right,Gait,1.0.5,40.3878707,-3.629144,CB:AA:BC:3F:36:A5,SCKS,1.890626,1.996095,-0.226563,25.76,28.0,-316.959991,-0.084096,0.579328,-0.299008,480,697,681,2.7586577739672604
2024-04-25 14:17:10.829000+00:00,2024-04-25 14:15:30+00:00,2024-04-25 14:17:30+00:00,TABUENCA01-45,Sensoria-C1-EEA1,Right,Gait,1.0.5,40.3878707,-3.629144,CB:AA:BC:3F:36:A5,SCKS,1.996095,1.507814,0.238281,57.119999,22.4,-197.119995,-0.084096,0.579328,-0.299008,480,698,682,2.5129019365231904
2024-04-25 14:17:10.836000+00:00,2024-04-25 14:15:30+00:00,2024-04-25 14:17:30+00:00,TABUENCA01-45,Sensoria-C1-E90A,Left,Gait,1.0.5,40.3878707,-3.629144,F0:75:B1:51:59:F6,SCKS,0.09375,1.093749,-0.125,1.12,-36.959999,-85.120003,0.336384,0.710144,-0.158848,477,345,546,1.104853355654496
2024-04-25 14:17:10.845000+00:00,2024-04-25 14:15:30+00:00,2024-04-25 14:17:30+00:00,TABUENCA01-45,Sensoria-C1-EEA1,Right,Gait,1.0.5,40.3878707,-3.629144,CB:AA:BC:3F:36:A5,SCKS,1.996095,1.597657,0.429688,51.52,45.920002,-12.32,-0.09344,0.541952,-0.28032,480,701,684,2.5925923158140387
2024-04-25 14:17:10.869000+00:00,2024-04-25 14:15:30+00:00,2024-04-25 14:17:30+00:00,TABUENCA01-45,Sensoria-C1-E90A,Left,Gait,1.0.5,40.3878707,-3.629144,F0:75:B1:51:59:F6,SCKS,0.09375,1.218749,-0.125,0.0,-32.48,-107.520004,0.317696,0.719488,-0.168192,442,311,601,1.2287242113269357
2024-04-25 14:17:10.877000+00:00,2024-04-25 14:15:30+00:00,2024-04-25 14:17:30+00:00,TABUENCA01-45,Sensoria-C1-EEA1,Right,Gait,1.0.5,40.3878707,-3.629144,CB:AA:BC:3F:36:A5,SCKS,1.218751,1.988283,0.734376,-6.72,-34.720001,118.720001,-0.09344,0.541952,-0.270976,478,699,687,2.444980858302576
2024-04-25 14:17:10.893000+00:00,2024-04-25 14:15:30+00:00,2024-04-25 14:17:30+00:00,TABUENCA01-45,Sensoria-C1-EEA1,Right,Gait,1.0.5,40.3878707,-3.629144,CB:AA:BC:3F:36:A5,SCKS,-2.000001,1.425782,-0.460938,12.32,-110.879997,85.120003,-0.09344,0.56064,-0.289664,479,700,682,2.4990642551501154
2024-04-25 14:17:10.901000+00:00,2024-04-25 14:15:30+00:00,2024-04-25 14:17:30+00:00,TABUENCA01-45,Sensoria-C1-E90A,Left,Gait,1.0.5,40.3878707,-3.629144,F0:75:B1:51:59:F6,SCKS,0.15625,1.343749,-0.21875,-8.96,-41.439999,-118.720001,0.299008,0.738176,-0.168192,411,287,642,1.3703747662595807
2024-04-25 14:17:10.909000+00:00,2024-04-25 14:15:30+00:00,2024-04-25 14:17:30+00:00,TABUENCA01-45,Sensoria-C1-EEA1,Right,Gait,1.0.5,40.3878707,-3.629144,CB:AA:BC:3F:36:A5,SCKS,-0.335938,0.714844,1.332032,51.52,-188.160004,157.919998,-0.09344,0.588672,-0.317696,485,701,662,1.5486011536880633
2024-04-25 14:17:10.926000+00:00,2024-04-25 14:15:30+00:00,2024-04-25 14:17:30+00:00,TABUENCA01-45,Sensoria-C1-EEA1,Right,Gait,1.0.5,40.3878707,-3.629144,CB:AA:BC:3F:36:A5,SCKS,0.351563,1.582032,0.203125,61.599998,-185.919998,218.399994,-0.09344,0.588672,-0.317696,494,704,625,1.6333038779167826
2024-04-25 14:17:10.933000+00:00,2024-04-25 14:15:30+00:00,2024-04-25 14:17:30+00:00,TABUENCA01-45,Sensoria-C1-E90A,Left,Gait,1.0.5,40.3878707,-3.629144,F0:75:B1:51:59:F6,SCKS,0.25,1.562499,-0.125,-3.36,-33.599998,-133.279999,0.252288,0.766208,-0.168192,396,283,665,1.587302153026008
2024-04-25 14:17:10.942000+00:00,2024-04-25 14:15:30+00:00,2024-04-25 14:17:30+00:00,TABUENCA01-45,Sensoria-C1-EEA1,Right,Gait,1.0.5,40.3878707,-3.629144,CB:AA:BC:3F:36:A5,SCKS,0.429688,1.488282,0.246094,31.360001,-7.84,201.600006,-0.074752,0.626048,-0.345728,500,710,563,1.5684952488624249
2024-04-25 14:17:10.974000+00:00,2024-04-25 14:15:30+00:00,2024-04-25 14:17:30+00:00,TABUENCA01-45,Sensoria-C1-EEA1,Right,Gait,1.0.5,40.3878707,-3.629144,CB:AA:BC:3F:36:A5,SCKS,0.144531,1.421876,-0.316406,36.959999,42.560001,178.080002,-0.056064,0.65408,-0.336384,503,712,494,1.4638078173629896
2024-04-25 14:17:10.982000+00:00,2024-04-25 14:15:30+00:00,2024-04-25 14:17:30+00:00,TABUENCA01-45,Sensoria-C1-E90A,Left,Gait,1.0.5,40.3878707,-3.629144,F0:75:B1:51:59:F6,SCKS,0.65625,2.093749,-0.0625,-13.440001,-20.16,-182.559998,0.214912,0.775552,-0.158848,420,316,673,2.195075212265174
2024-04-25 14:17:10.983000+00:00,2024-04-25 14:15:30+00:00,2024-04-25 14:17:30+00:00,TABUENCA01-45,Sensoria-C1-E90A,Left,Gait,1.0.5,40.3878707,-3.629144,F0:75:B1:51:59:F6,SCKS,0.999999,2.281249,-0.15625,-31.360001,-36.959999,-194.880005,0.177536,0.784896,-0.177536,495,379,675,2.495698111251038
2024-04-25 14:17:10.991000+00:00,2024-04-25 14:15:30+00:00,2024-04-25 14:17:30+00:00,TABUENCA01-45,Sensoria-C1-EEA1,Right,Gait,1.0.5,40.3878707,-3.629144,CB:AA:BC:3F:36:A5,SCKS,-0.03125,1.121095,-0.386719,20.16,36.959999,160.160004,-0.037376,0.672768,-0.32704,506,713,448,1.186331381396446
2024-04-25 14:17:11.007000+00:00,2024-04-25 14:15:30+00:00,2024-04-25 14:17:30+00:00,TABUENCA01-45,Sensoria-C1-EEA1,Right,Gait,1.0.5,40.3878707,-3.629144,CB:AA:BC:3F:36:A5,SCKS,-0.023438,0.859376,-0.167969,10.08,-2.24,120.959999,-0.028032,0.691456,-0.317696,502,714,415,0.8759509313774374
2024-04-25 14:17:11.014000+00:00,2024-04-25 14:15:30+00:00,2024-04-25 14:17:30+00:00,TABUENCA01-45,Sensoria-C1-E90A,Left,Gait,1.0.5,40.3878707,-3.629144,F0:75:B1:51:59:F6,SCKS,0.78125,1.812499,-0.6875,-34.720001,-73.919998,-232.960007,0.14016,0.79424,-0.177536,580,455,683,2.0900144586822837
2024-04-25 14:17:11.023000+00:00,2024-04-25 14:15:30+00:00,2024-04-25 14:17:30+00:00,TABUENCA01-45,Sensoria-C1-EEA1,Right,Gait,1.0.5,40.3878707,-3.629144,CB:AA:BC:3F:36:A5,SCKS,-0.007813,1.007813,0.089844,-6.72,12.32,109.760002,-0.028032,0.691456,-0.317696,496,715,393,1.0118399232457673
2024-04-25 14:17:11.047000+00:00,2024-04-25 14:15:30+00:00,2024-04-25 14:17:30+00:00,TABUENCA01-45,Sensoria-C1-E90A,Left,Gait,1.0.5,40.3878707,-3.629144,F0:75:B1:51:59:F6,SCKS,0.375,0.875,-0.375,17.92,34.720001,-240.800003,0.04672,0.79424,-0.177536,638,511,686,1.0231690964840563
2024-04-25 14:17:11.056000+00:00,2024-04-25 14:15:30+00:00,2024-04-25 14:17:30+00:00,TABUENCA01-45,Sensoria-C1-EEA1,Right,Gait,1.0.5,40.3878707,-3.629144,CB:AA:BC:3F:36:A5,SCKS,-0.117188,0.972657,-0.128906,-2.24,3.36,87.360001,-0.018688,0.7008,-0.32704,485,712,375,0.9881353266779809
2024-04-25 14:17:11.072000+00:00,2024-04-25 14:15:30+00:00,2024-04-25 14:17:30+00:00,TABUENCA01-45,Sensoria-C1-EEA1,Right,Gait,1.0.5,40.3878707,-3.629144,CB:AA:BC:3F:36:A5,SCKS,-0.105469,0.960938,-0.023438,-8.96,11.2,73.919998,-0.009344,0.710144,-0.308352,477,705,364,0.9669927040309042
2024-04-25 14:17:11.079000+00:00,2024-04-25 14:15:30+00:00,2024-04-25 14:17:30+00:00,TABUENCA01-45,Sensoria-C1-E90A,Left,Gait,1.0.5,40.3878707,-3.629144,F0:75:B1:51:59:F6,SCKS,-0.09375,-0.125,-0.40625,5.6,-15.68,-137.759995,0.018688,0.79424,-0.177536,675,535,688,0.4352621336620037
2024-04-25 14:17:11.088000+00:00,2024-04-25 14:15:30+00:00,2024-04-25 14:17:30+00:00,TABUENCA01-45,Sensoria-C1-EEA1,Right,Gait,1.0.5,40.3878707,-3.629144,CB:AA:BC:3F:36:A5,SCKS,-0.050781,0.980469,0.050781,-3.36,8.96,56.0,0.0,0.719488,-0.32704,469,694,358,0.9830955598938488
2024-04-25 14:17:11.104000+00:00,2024-04-25 14:15:30+00:00,2024-04-25 14:17:30+00:00,TABUENCA01-45,Sensoria-C1-EEA1,Right,Gait,1.0.5,40.3878707,-3.629144,CB:AA:BC:3F:36:A5,SCKS,-0.132813,0.980469,0.035156,4.48,3.36,40.32,0.009344,0.719488,-0.308352,462,687,354,0.9900478257468173
2024-04-25 14:17:11.112000+00:00,2024-04-25 14:15:30+00:00,2024-04-25 14:17:30+00:00,TABUENCA01-45,Sensoria-C1-E90A,Left,Gait,1.0.5,40.3878707,-3.629144,F0:75:B1:51:59:F6,SCKS,0.5,0.125,-0.28125,13.440001,-133.279999,13.440001,0.0,0.79424,-0.196224,692,542,687,0.587134194626748
2024-04-25 14:17:11.145000+00:00,2024-04-25 14:15:30+00:00,2024-04-25 14:17:30+00:00,TABUENCA01-45,Sensoria-C1-E90A,Left,Gait,1.0.5,40.3878707,-3.629144,F0:75:B1:51:59:F6,SCKS,0.8125,0.03125,-0.0625,-6.72,-61.599998,123.199997,0.009344,0.79424,-0.18688,698,541,686,0.815499271918743
2024-04-25 14:17:11.153000+00:00,2024-04-25 14:15:30+00:00,2024-04-25 14:17:30+00:00,TABUENCA01-45,Sensoria-C1-EEA1,Right,Gait,1.0.5,40.3878707,-3.629144,CB:AA:BC:3F:36:A5,SCKS,-0.148438,0.980469,-0.054688,5.6,2.24,38.080002,0.009344,0.719488,-0.32704,456,679,352,0.9931485675109238
2024-04-25 14:17:11.154000+00:00,2024-04-25 14:15:30+00:00,2024-04-25 14:17:30+00:00,TABUENCA01-45,Sensoria-C1-EEA1,Right,Gait,1.0.5,40.3878707,-3.629144,CB:AA:BC:3F:36:A5,SCKS,-0.128906,0.964844,-0.011719,4.48,1.12,35.84,0.009344,0.719488,-0.32704,449,672,356,0.9734875634197903
2024-04-25 14:17:11.169000+00:00,2024-04-25 14:15:30+00:00,2024-04-25 14:17:30+00:00,TABUENCA01-45,Sensoria-C1-EEA1,Right,Gait,1.0.5,40.3878707,-3.629144,CB:AA:BC:3F:36:A5,SCKS,-0.113281,0.976563,-0.148438,2.24,1.12,32.48,0.009344,0.728832,-0.317696,441,668,362,0.994254352655295
2024-04-25 14:17:11.177000+00:00,2024-04-25 14:15:30+00:00,2024-04-25 14:17:30+00:00,TABUENCA01-45,Sensoria-C1-E90A,Left,Gait,1.0.5,40.3878707,-3.629144,F0:75:B1:51:59:F6,SCKS,0.375,0.09375,-0.03125,-17.92,21.280001,157.919998,0.037376,0.79424,-0.18688,700,540,684,0.3878023014372143
2024-04-25 14:17:11.186000+00:00,2024-04-25 14:15:30+00:00,2024-04-25 14:17:30+00:00,TABUENCA01-45,Sensoria-C1-EEA1,Right,Gait,1.0.5,40.3878707,-3.629144,CB:AA:BC:3F:36:A5,SCKS,-0.101563,0.960938,-0.113281,-5.6,8.96,29.120001,0.018688,0.719488,-0.308352,435,662,368,0.9729077385723685
2024-04-25 14:17:11.202000+00:00,2024-04-25 14:15:30+00:00,2024-04-25 14:17:30+00:00,TABUENCA01-45,Sensoria-C1-EEA1,Right,Gait,1.0.5,40.3878707,-3.629144,CB:AA:BC:3F:36:A5,SCKS,-0.113281,0.968751,-0.035156,-7.84,10.08,25.76,0.018688,0.728832,-0.317696,427,657,377,0.9759851583389986
2024-04-25 14:17:11.209000+00:00,2024-04-25 14:15:30+00:00,2024-04-25 14:17:30+00:00,TABUENCA01-45,Sensoria-C1-E90A,Left,Gait,1.0.5,40.3878707,-3.629144,F0:75:B1:51:59:F6,SCKS,0.28125,0.3125,-0.21875,0.0,45.920002,216.160004,0.102784,0.803584,-0.18688,701,538,683,0.4739297152532219
2024-04-25 14:17:11.235000+00:00,2024-04-25 14:15:30+00:00,2024-04-25 14:17:30+00:00,TABUENCA01-45,Sensoria-C1-EEA1,Right,Gait,1.0.5,40.3878707,-3.629144,CB:AA:BC:3F:36:A5,SCKS,-0.101563,0.972657,-0.046875,-5.6,8.96,29.120001,0.028032,0.728832,-0.317696,418,655,384,0.9790678976674703
2024-04-25 14:17:11.242000+00:00,2024-04-25 14:15:30+00:00,2024-04-25 14:17:30+00:00,TABUENCA01-45,Sensoria-C1-E90A,Left,Gait,1.0.5,40.3878707,-3.629144,F0:75:B1:51:59:F6,SCKS,0.34375,0.65625,-0.28125,-8.96,58.240002,258.720001,0.158848,0.79424,-0.18688,700,538,682,0.7924201458191229
2024-04-25 14:17:11.251000+00:00,2024-04-25 14:15:30+00:00,2024-04-25 14:17:30+00:00,TABUENCA01-45,Sensoria-C1-EEA1,Right,Gait,1.0.5,40.3878707,-3.629144,CB:AA:BC:3F:36:A5,SCKS,-0.121094,0.984376,-0.058594,-5.6,10.08,32.48,0.028032,0.728832,-0.317696,407,652,393,0.9935256026132392
2024-04-25 14:17:11.267000+00:00,2024-04-25 14:15:30+00:00,2024-04-25 14:17:30+00:00,TABUENCA01-45,Sensoria-C1-EEA1,Right,Gait,1.0.5,40.3878707,-3.629144,CB:AA:BC:3F:36:A5,SCKS,-0.113281,0.972657,-0.066406,-5.6,10.08,36.959999,0.028032,0.728832,-0.317696,395,647,402,0.9814805048731228
2024-04-25 14:17:11.275000+00:00,2024-04-25 14:15:30+00:00,2024-04-25 14:17:30+00:00,TABUENCA01-45,Sensoria-C1-E90A,Left,Gait,1.0.5,40.3878707,-3.629144,F0:75:B1:51:59:F6,SCKS,0.15625,0.875,-0.25,-8.96,89.599998,292.320007,0.205568,0.784896,-0.18688,699,538,680,0.9233304189183849
2024-04-25 14:17:11.283000+00:00,2024-04-25 14:15:30+00:00,2024-04-25 14:17:30+00:00,TABUENCA01-45,Sensoria-C1-EEA1,Right,Gait,1.0.5,40.3878707,-3.629144,CB:AA:BC:3F:36:A5,SCKS,-0.070313,0.972657,-0.035156,-4.48,10.08,42.560001,0.028032,0.728832,-0.308352,379,642,411,0.975828623250005
2024-04-25 14:17:11.307000+00:00,2024-04-25 14:15:30+00:00,2024-04-25 14:17:30+00:00,TABUENCA01-45,Sensoria-C1-E90A,Left,Gait,1.0.5,40.3878707,-3.629144,F0:75:B1:51:59:F6,SCKS,0.28125,1.531249,-0.28125,-6.72,104.160004,342.720001,0.32704,0.728832,-0.214912,697,536,678,1.5820640394753305
2024-04-25 14:17:11.316000+00:00,2024-04-25 14:15:30+00:00,2024-04-25 14:17:30+00:00,TABUENCA01-45,Sensoria-C1-EEA1,Right,Gait,1.0.5,40.3878707,-3.629144,CB:AA:BC:3F:36:A5,SCKS,-0.054688,0.976563,-0.046875,-2.24,10.08,44.799999,0.037376,0.738176,-0.308352,368,635,421,0.9792156738625051
2024-04-25 14:17:11.324000+00:00,2024-04-25 14:15:30+00:00,2024-04-25 14:17:30+00:00,TABUENCA01-45,Sensoria-C1-E90A,Left,Gait,1.0.5,40.3878707,-3.629144,F0:75:B1:51:59:F6,SCKS,0.3125,2.031249,-0.3125,-12.32,105.279999,367.360016,0.383104,0.682112,-0.214912,697,536,679,2.0787700690554978
2024-04-25 14:17:11.333000+00:00,2024-04-25 14:15:30+00:00,2024-04-25 14:17:30+00:00,TABUENCA01-45,Sensoria-C1-EEA1,Right,Gait,1.0.5,40.3878707,-3.629144,CB:AA:BC:3F:36:A5,SCKS,-0.039063,0.972657,-0.027344,0.0,13.440001,48.16,0.037376,0.738176,-0.308352,352,626,432,0.9738250622950716
2024-04-25 14:17:11.349000+00:00,2024-04-25 14:15:30+00:00,2024-04-25 14:17:30+00:00,TABUENCA01-45,Sensoria-C1-EEA1,Right,Gait,1.0.5,40.3878707,-3.629144,CB:AA:BC:3F:36:A5,SCKS,-0.023438,0.988282,-0.058594,2.24,16.799999,51.52,0.04672,0.738176,-0.308352,333,616,444,0.9902948592232518
2024-04-25 14:17:11.356000+00:00,2024-04-25 14:15:30+00:00,2024-04-25 14:17:30+00:00,TABUENCA01-45,Sensoria-C1-E90A,Left,Gait,1.0.5,40.3878707,-3.629144,F0:75:B1:51:59:F6,SCKS,-0.09375,2.656249,-0.40625,-11.2,120.959999,383.040009,0.429824,0.635392,-0.2336,698,535,679,2.6887705136364835
2024-04-25 14:17:11.365000+00:00,2024-04-25 14:15:30+00:00,2024-04-25 14:17:30+00:00,TABUENCA01-45,Sensoria-C1-EEA1,Right,Gait,1.0.5,40.3878707,-3.629144,CB:AA:BC:3F:36:A5,SCKS,-0.054688,1.027344,-0.042969,3.36,22.4,56.0,0.056064,0.74752,-0.299008,312,604,461,1.0296954921922308
2024-04-25 14:17:11.389000+00:00,2024-04-25 14:15:30+00:00,2024-04-25 14:17:30+00:00,TABUENCA01-45,Sensoria-C1-E90A,Left,Gait,1.0.5,40.3878707,-3.629144,F0:75:B1:51:59:F6,SCKS,-0.8125,2.593749,-0.59375,-40.32,36.959999,364.0,0.476544,0.579328,-0.261632,695,534,679,2.7821267382168267
2024-04-25 14:17:11.413000+00:00,2024-04-25 14:15:30+00:00,2024-04-25 14:17:30+00:00,TABUENCA01-45,Sensoria-C1-EEA1,Right,Gait,1.0.5,40.3878707,-3.629144,CB:AA:BC:3F:36:A5,SCKS,-0.042969,1.039063,-0.023438,3.36,23.52,62.720001,0.065408,0.74752,-0.308352,290,588,484,1.0402151665756465
2024-04-25 14:17:11.414000+00:00,2024-04-25 14:15:30+00:00,2024-04-25 14:17:30+00:00,TABUENCA01-45,Sensoria-C1-EEA1,Right,Gait,1.0.5,40.3878707,-3.629144,CB:AA:BC:3F:36:A5,SCKS,-0.066406,1.070313,0.007813,12.32,14.56,70.559998,0.074752,0.756864,-0.289664,267,571,514,1.0723995140683347
2024-04-25 14:17:11.421000+00:00,2024-04-25 14:15:30+00:00,2024-04-25 14:17:30+00:00,TABUENCA01-45,Sensoria-C1-E90A,Left,Gait,1.0.5,40.3878707,-3.629144,F0:75:B1:51:59:F6,SCKS,-2.312499,1.749999,-0.75,2.24,5.6,257.600006,0.51392,0.476544,-0.261632,695,535,681,2.99543788535199
2024-04-25 14:17:11.430000+00:00,2024-04-25 14:15:30+00:00,2024-04-25 14:17:30+00:00,TABUENCA01-45,Sensoria-C1-EEA1,Right,Gait,1.0.5,40.3878707,-3.629144,CB:AA:BC:3F:36:A5,SCKS,-0.082031,1.10547,0.023438,14.56,6.72,82.879997,0.084096,0.766208,-0.289664,247,556,557,1.1087571175442348
2024-04-25 14:17:11.446000+00:00,2024-04-25 14:15:30+00:00,2024-04-25 14:17:30+00:00,TABUENCA01-45,Sensoria-C1-EEA1,Right,Gait,1.0.5,40.3878707,-3.629144,CB:AA:BC:3F:36:A5,SCKS,-0.117188,1.144532,0.042969,14.56,-5.6,95.199997,0.084096,0.766208,-0.289664,229,539,602,1.1513178802263953
2024-04-25 14:17:11.454000+00:00,2024-04-25 14:15:30+00:00,2024-04-25 14:17:30+00:00,TABUENCA01-45,Sensoria-C1-E90A,Left,Gait,1.0.5,40.3878707,-3.629144,F0:75:B1:51:59:F6,SCKS,-2.937498,1.374999,-0.46875,11.2,-103.040001,82.879997,0.51392,0.4672,-0.252288,693,534,685,3.2770784721310844
2024-04-25 14:17:11.462000+00:00,2024-04-25 14:15:30+00:00,2024-04-25 14:17:30+00:00,TABUENCA01-45,Sensoria-C1-EEA1,Right,Gait,1.0.5,40.3878707,-3.629144,CB:AA:BC:3F:36:A5,SCKS,-0.144531,1.308595,-0.109375,1.12,-10.08,117.599998,0.112128,0.784896,-0.289664,205,521,655,1.3210877997358843
2024-04-25 14:17:11.486000+00:00,2024-04-25 14:15:30+00:00,2024-04-25 14:17:30+00:00,TABUENCA01-45,Sensoria-C1-E90A,Left,Gait,1.0.5,40.3878707,-3.629144,F0:75:B1:51:59:F6,SCKS,0.34375,3.968748,-0.28125,25.76,-40.32,-127.68,0.51392,0.476544,-0.2336,690,534,686,3.993523045195057
2024-04-25 14:17:11.495000+00:00,2024-04-25 14:15:30+00:00,2024-04-25 14:17:30+00:00,TABUENCA01-45,Sensoria-C1-EEA1,Right,Gait,1.0.5,40.3878707,-3.629144,CB:AA:BC:3F:36:A5,SCKS,-0.105469,1.38672,-0.132813,-7.84,-6.72,134.399994,0.112128,0.784896,-0.289664,194,512,674,1.3970523831732293
2024-04-25 14:17:11.511000+00:00,2024-04-25 14:15:30+00:00,2024-04-25 14:17:30+00:00,TABUENCA01-45,Sensoria-C1-EEA1,Right,Gait,1.0.5,40.3878707,-3.629144,CB:AA:BC:3F:36:A5,SCKS,-0.292969,1.597657,-0.019531,-14.56,4.48,151.199997,0.14016,0.784896,-0.289664,184,506,686,1.6244137972114743
2024-04-25 14:17:11.518000+00:00,2024-04-25 14:15:30+00:00,2024-04-25 14:17:30+00:00,TABUENCA01-45,Sensoria-C1-E90A,Left,Gait,1.0.5,40.3878707,-3.629144,F0:75:B1:51:59:F6,SCKS,2.187499,0.25,1.187499,57.119999,142.240005,-101.919998,0.51392,0.504576,-0.242944,695,535,667,2.5015606628666833
2024-04-25 14:17:11.527000+00:00,2024-04-25 14:15:30+00:00,2024-04-25 14:17:30+00:00,TABUENCA01-45,Sensoria-C1-EEA1,Right,Gait,1.0.5,40.3878707,-3.629144,CB:AA:BC:3F:36:A5,SCKS,-0.414063,1.773439,0.105469,-20.16,17.92,173.600006,0.168192,0.79424,-0.289664,181,511,691,1.8241868776665948
2024-04-25 14:17:11.544000+00:00,2024-04-25 14:15:30+00:00,2024-04-25 14:17:30+00:00,TABUENCA01-45,Sensoria-C1-EEA1,Right,Gait,1.0.5,40.3878707,-3.629144,CB:AA:BC:3F:36:A5,SCKS,-0.890626,1.996095,0.382813,-32.48,49.279999,197.119995,0.196224,0.803584,-0.289664,187,522,694,2.219043873804662
2024-04-25 14:17:11.551000+00:00,2024-04-25 14:15:30+00:00,2024-04-25 14:17:30+00:00,TABUENCA01-45,Sensoria-C1-E90A,Left,Gait,1.0.5,40.3878707,-3.629144,F0:75:B1:51:59:F6,SCKS,-0.90625,1.843749,0.03125,79.519997,151.199997,-199.360001,0.495232,0.541952,-0.270976,696,539,594,2.054671749939878
2024-04-25 14:17:11.576000+00:00,2024-04-25 14:15:30+00:00,2024-04-25 14:17:30+00:00,TABUENCA01-45,Sensoria-C1-EEA1,Right,Gait,1.0.5,40.3878707,-3.629144,CB:AA:BC:3F:36:A5,SCKS,-0.996094,1.996095,0.523438,-40.32,31.360001,244.160004,0.242944,0.803584,-0.308352,209,541,692,2.2914156859254065
2024-04-25 14:17:11.584000+00:00,2024-04-25 14:15:30+00:00,2024-04-25 14:17:30+00:00,TABUENCA01-45,Sensoria-C1-E90A,Left,Gait,1.0.5,40.3878707,-3.629144,F0:75:B1:51:59:F6,SCKS,-0.968749,1.999999,-0.375,96.32,60.48,-145.600006,0.457856,0.598016,-0.28032,695,545,463,2.253684899226598
2024-04-25 14:17:11.593000+00:00,2024-04-25 14:15:30+00:00,2024-04-25 14:17:30+00:00,TABUENCA01-45,Sensoria-C1-EEA1,Right,Gait,1.0.5,40.3878707,-3.629144,CB:AA:BC:3F:36:A5,SCKS,-0.789063,1.996095,-0.527344,-8.96,-1.12,272.160004,0.242944,0.803584,-0.308352,255,579,692,2.210227898052597
2024-04-25 14:17:11.609000+00:00,2024-04-25 14:15:30+00:00,2024-04-25 14:17:30+00:00,TABUENCA01-45,Sensoria-C1-EEA1,Right,Gait,1.0.5,40.3878707,-3.629144,CB:AA:BC:3F:36:A5,SCKS,-0.378907,1.996095,-0.597657,4.48,-73.919998,304.640015,0.289664,0.803584,-0.299008,315,625,690,2.1178195516433878
2024-04-25 14:17:11.616000+00:00,2024-04-25 14:15:30+00:00,2024-04-25 14:17:30+00:00,TABUENCA01-45,Sensoria-C1-E90A,Left,Gait,1.0.5,40.3878707,-3.629144,F0:75:B1:51:59:F6,SCKS,-0.0625,0.968749,-0.1875,72.800003,-7.84,-138.880005,0.439168,0.626048,-0.261632,687,550,382,0.9887047714060047
2024-04-25 14:17:11.624000+00:00,2024-04-25 14:15:30+00:00,2024-04-25 14:17:30+00:00,TABUENCA01-45,Sensoria-C1-EEA1,Right,Gait,1.0.5,40.3878707,-3.629144,CB:AA:BC:3F:36:A5,SCKS,-0.269531,0.644532,-0.503907,28.0,-49.279999,283.360016,0.345728,0.812928,-0.299008,384,666,689,0.8613888341707245
2024-04-25 14:17:11.632000+00:00,2024-04-25 14:15:30+00:00,2024-04-25 14:17:30+00:00,TABUENCA01-45,Sensoria-C1-E90A,Left,Gait,1.0.5,40.3878707,-3.629144,F0:75:B1:51:59:F6,SCKS,0.125,0.9375,-0.21875,22.4,-50.400002,-57.119999,0.411136,0.65408,-0.242944,660,542,338,0.9707640354380667
2024-04-25 14:17:11.657000+00:00,2024-04-25 14:15:30+00:00,2024-04-25 14:17:30+00:00,TABUENCA01-45,Sensoria-C1-EEA1,Right,Gait,1.0.5,40.3878707,-3.629144,CB:AA:BC:3F:36:A5,SCKS,-0.503907,-0.175781,-0.246094,15.68,23.52,201.600006,0.383104,0.803584,-0.289664,433,687,690,0.5876933566461339
2024-04-25 14:17:11.664000+00:00,2024-04-25 14:15:30+00:00,2024-04-25 14:17:30+00:00,TABUENCA01-45,Sensoria-C1-E90A,Left,Gait,1.0.5,40.3878707,-3.629144,F0:75:B1:51:59:F6,SCKS,0.1875,0.968749,-0.09375,14.56,-47.040001,-24.639999,0.411136,0.663424,-0.242944,646,531,330,0.9911709930688044
2024-04-25 14:17:11.697000+00:00,2024-04-25 14:15:30+00:00,2024-04-25 14:17:30+00:00,TABUENCA01-45,Sensoria-C1-E90A,Left,Gait,1.0.5,40.3878707,-3.629144,F0:75:B1:51:59:F6,SCKS,0.1875,0.999999,-0.125,13.440001,-28.0,-24.639999,0.401792,0.663424,-0.2336,632,519,335,1.0250752411413515
2024-04-25 14:17:11.705000+00:00,2024-04-25 14:15:30+00:00,2024-04-25 14:17:30+00:00,TABUENCA01-45,Sensoria-C1-EEA1,Right,Gait,1.0.5,40.3878707,-3.629144,CB:AA:BC:3F:36:A5,SCKS,-0.460938,1.007813,-0.589844,17.92,173.600006,110.879997,0.401792,0.79424,-0.289664,459,698,689,1.2554150019611046
2024-04-25 14:17:11.706000+00:00,2024-04-25 14:15:30+00:00,2024-04-25 14:17:30+00:00,TABUENCA01-45,Sensoria-C1-EEA1,Right,Gait,1.0.5,40.3878707,-3.629144,CB:AA:BC:3F:36:A5,SCKS,-1.460939,0.355469,-0.179688,-30.24,170.240005,-21.280001,0.401792,0.79424,-0.289664,469,704,687,1.5142617835189527
2024-04-25 14:17:11.707000+00:00,2024-04-25 14:15:30+00:00,2024-04-25 14:17:30+00:00,TABUENCA01-45,Sensoria-C1-EEA1,Right,Gait,1.0.5,40.3878707,-3.629144,CB:AA:BC:3F:36:A5,SCKS,-0.800782,-0.085938,0.082031,-42.560001,96.32,-53.760002,0.411136,0.803584,-0.299008,475,708,685,0.8095469327525119
2024-04-25 14:17:11.722000+00:00,2024-04-25 14:15:30+00:00,2024-04-25 14:17:30+00:00,TABUENCA01-45,Sensoria-C1-EEA1,Right,Gait,1.0.5,40.3878707,-3.629144,CB:AA:BC:3F:36:A5,SCKS,-0.394532,-0.171875,0.066406,-2.24,42.560001,-90.720001,0.392448,0.803584,-0.308352,479,710,683,0.4354380225531528
2024-04-25 14:17:11.729000+00:00,2024-04-25 14:15:30+00:00,2024-04-25 14:17:30+00:00,TABUENCA01-45,Sensoria-C1-E90A,Left,Gait,1.0.5,40.3878707,-3.629144,F0:75:B1:51:59:F6,SCKS,0.1875,0.9375,-0.3125,3.36,-29.120001,-32.48,0.401792,0.672768,-0.224256,615,505,360,1.0058423087144426
2024-04-25 14:17:11.754000+00:00,2024-04-25 14:15:30+00:00,2024-04-25 14:17:30+00:00,TABUENCA01-45,Sensoria-C1-EEA1,Right,Gait,1.0.5,40.3878707,-3.629144,CB:AA:BC:3F:36:A5,SCKS,-0.492188,0.03125,-0.0625,15.68,36.959999,-136.639999,0.37376,0.812928,-0.317696,481,709,681,0.49712356597127844
2024-04-25 14:17:11.762000+00:00,2024-04-25 14:15:30+00:00,2024-04-25 14:17:30+00:00,TABUENCA01-45,Sensoria-C1-E90A,Left,Gait,1.0.5,40.3878707,-3.629144,F0:75:B1:51:59:F6,SCKS,0.09375,0.9375,-0.15625,-2.24,-39.200001,-30.24,0.392448,0.672768,-0.224256,598,488,396,0.9550441743710079
2024-04-25 14:17:11.772000+00:00,2024-04-25 14:15:30+00:00,2024-04-25 14:17:30+00:00,TABUENCA01-45,Sensoria-C1-EEA1,Right,Gait,1.0.5,40.3878707,-3.629144,CB:AA:BC:3F:36:A5,SCKS,-0.550782,0.230469,-0.066406,13.440001,20.16,-181.440002,0.336384,0.822272,-0.32704,481,708,682,0.6007383193379626
2024-04-25 14:17:11.787000+00:00,2024-04-25 14:15:30+00:00,2024-04-25 14:17:30+00:00,TABUENCA01-45,Sensoria-C1-EEA1,Right,Gait,1.0.5,40.3878707,-3.629144,CB:AA:BC:3F:36:A5,SCKS,-0.488282,0.328125,-0.019531,7.84,-3.36,-219.520004,0.336384,0.822272,-0.32704,481,708,681,0.5886142940075444
2024-04-25 14:17:11.794000+00:00,2024-04-25 14:15:30+00:00,2024-04-25 14:17:30+00:00,TABUENCA01-45,Sensoria-C1-E90A,Left,Gait,1.0.5,40.3878707,-3.629144,F0:75:B1:51:59:F6,SCKS,0.09375,0.9375,-0.1875,8.96,-54.880001,-26.880001,0.383104,0.682112,-0.224256,579,469,431,0.9606516343087124
2024-04-25 14:17:11.803000+00:00,2024-04-25 14:15:30+00:00,2024-04-25 14:17:30+00:00,TABUENCA01-45,Sensoria-C1-EEA1,Right,Gait,1.0.5,40.3878707,-3.629144,CB:AA:BC:3F:36:A5,SCKS,-0.492188,0.484375,-0.023438,15.68,-28.0,-255.360001,0.299008,0.812928,-0.308352,481,708,682,0.6909540562244353
2024-04-25 14:17:11.827000+00:00,2024-04-25 14:15:30+00:00,2024-04-25 14:17:30+00:00,TABUENCA01-45,Sensoria-C1-E90A,Left,Gait,1.0.5,40.3878707,-3.629144,F0:75:B1:51:59:F6,SCKS,0.125,0.9375,-0.25,12.32,-53.760002,-30.24,0.383104,0.691456,-0.205568,561,448,468,0.978279740156158
2024-04-25 14:17:11.836000+00:00,2024-04-25 14:15:30+00:00,2024-04-25 14:17:30+00:00,TABUENCA01-45,Sensoria-C1-EEA1,Right,Gait,1.0.5,40.3878707,-3.629144,CB:AA:BC:3F:36:A5,SCKS,-0.46875,0.691407,-0.035156,19.040001,-47.040001,-287.839996,0.242944,0.812928,-0.299008,481,708,681,0.8360658744889663
2024-04-25 14:17:11.852000+00:00,2024-04-25 14:15:30+00:00,2024-04-25 14:17:30+00:00,TABUENCA01-45,Sensoria-C1-EEA1,Right,Gait,1.0.5,40.3878707,-3.629144,CB:AA:BC:3F:36:A5,SCKS,-0.425782,0.957032,-0.074219,16.799999,-57.119999,-316.959991,0.196224,0.812928,-0.317696,481,708,678,1.0500995288585744
2024-04-25 14:17:11.859000+00:00,2024-04-25 14:15:30+00:00,2024-04-25 14:17:30+00:00,TABUENCA01-45,Sensoria-C1-E90A,Left,Gait,1.0.5,40.3878707,-3.629144,F0:75:B1:51:59:F6,SCKS,0.09375,0.9375,-0.21875,8.96,-45.920002,-34.720001,0.37376,0.691456,-0.196224,542,426,502,0.967236721283885
2024-04-25 14:17:11.868000+00:00,2024-04-25 14:15:30+00:00,2024-04-25 14:17:30+00:00,TABUENCA01-45,Sensoria-C1-EEA1,Right,Gait,1.0.5,40.3878707,-3.629144,CB:AA:BC:3F:36:A5,SCKS,-0.394532,1.26172,-0.089844,11.2,-57.119999,-346.079987,0.130816,0.79424,-0.308352,481,706,677,1.3250150194469494
2024-04-25 14:17:11.884000+00:00,2024-04-25 14:15:30+00:00,2024-04-25 14:17:30+00:00,TABUENCA01-45,Sensoria-C1-EEA1,Right,Gait,1.0.5,40.3878707,-3.629144,CB:AA:BC:3F:36:A5,SCKS,-0.390625,1.910158,-0.019531,-5.6,-24.639999,-372.959991,0.074752,0.756864,-0.32704,480,705,678,1.9497879206595778
2024-04-25 14:17:11.892000+00:00,2024-04-25 14:15:30+00:00,2024-04-25 14:17:30+00:00,TABUENCA01-45,Sensoria-C1-E90A,Left,Gait,1.0.5,40.3878707,-3.629144,F0:75:B1:51:59:F6,SCKS,0.0625,0.9375,-0.21875,11.2,-36.959999,-38.080002,0.355072,0.7008,-0.196224,522,403,535,0.9647093150270707
2024-04-25 14:17:11.901000+00:00,2024-04-25 14:15:30+00:00,2024-04-25 14:17:30+00:00,TABUENCA01-45,Sensoria-C1-EEA1,Right,Gait,1.0.5,40.3878707,-3.629144,CB:AA:BC:3F:36:A5,SCKS,-0.269531,1.996095,-0.070313,6.72,-25.76,-383.040009,0.074752,0.756864,-0.32704,479,706,678,2.0154369568297095
2024-04-25 14:17:11.933000+00:00,2024-04-25 14:15:30+00:00,2024-04-25 14:17:30+00:00,TABUENCA01-45,Sensoria-C1-EEA1,Right,Gait,1.0.5,40.3878707,-3.629144,CB:AA:BC:3F:36:A5,SCKS,0.183594,1.996095,-0.457032,41.439999,-60.48,-396.480011,0.018688,0.719488,-0.308352,480,705,677,2.05596212389358
2024-04-25 14:17:11.941000+00:00,2024-04-25 14:15:30+00:00,2024-04-25 14:17:30+00:00,TABUENCA01-45,Sensoria-C1-E90A,Left,Gait,1.0.5,40.3878707,-3.629144,F0:75:B1:51:59:F6,SCKS,0.0,0.968749,-0.1875,7.84,-32.48,-43.68,0.355072,0.7008,-0.177536,503,380,563,0.9867273559606017
2024-04-25 14:17:11.950000+00:00,2024-04-25 14:15:30+00:00,2024-04-25 14:17:30+00:00,TABUENCA01-45,Sensoria-C1-EEA1,Right,Gait,1.0.5,40.3878707,-3.629144,CB:AA:BC:3F:36:A5,SCKS,0.980469,1.996095,-0.277344,29.120001,-35.84,-395.360016,-0.037376,0.663424,-0.317696,480,705,678,2.2411234690043296
2024-04-25 14:17:11.957000+00:00,2024-04-25 14:15:30+00:00,2024-04-25 14:17:30+00:00,TABUENCA01-45,Sensoria-C1-E90A,Left,Gait,1.0.5,40.3878707,-3.629144,F0:75:B1:51:59:F6,SCKS,0.03125,0.999999,-0.21875,1.12,-33.599998,-44.799999,0.336384,0.710144,-0.177536,481,353,592,1.0241221240657776
2024-04-25 14:17:11.966000+00:00,2024-04-25 14:15:30+00:00,2024-04-25 14:17:30+00:00,TABUENCA01-45,Sensoria-C1-EEA1,Right,Gait,1.0.5,40.3878707,-3.629144,CB:AA:BC:3F:36:A5,SCKS,1.753908,1.996095,-0.480469,29.120001,14.56,-361.76001,-0.074752,0.598016,-0.317696,478,704,678,2.7002664648974926
2024-04-25 14:17:11.973000+00:00,2024-04-25 14:15:30+00:00,2024-04-25 14:17:30+00:00,TABUENCA01-45,Sensoria-C1-E90A,Left,Gait,1.0.5,40.3878707,-3.629144,F0:75:B1:51:59:F6,SCKS,0.03125,1.062499,-0.15625,-10.08,-40.32,-53.760002,0.32704,0.719488,-0.18688,442,317,643,1.0743811009139168
2024-04-25 14:17:11.982000+00:00,2024-04-25 14:15:30+00:00,2024-04-25 14:17:30+00:00,TABUENCA01-45,Sensoria-C1-EEA1,Right,Gait,1.0.5,40.3878707,-3.629144,CB:AA:BC:3F:36:A5,SCKS,1.996095,1.906251,-0.226563,47.040001,49.279999,-239.680008,-0.09344,0.56064,-0.299008,479,703,679,2.7693896289606847
2024-04-25 14:17:12.015000+00:00,2024-04-25 14:15:30+00:00,2024-04-25 14:17:30+00:00,TABUENCA01-45,Sensoria-C1-EEA1,Right,Gait,1.0.5,40.3878707,-3.629144,CB:AA:BC:3F:36:A5,SCKS,1.996095,1.714845,0.078125,48.16,97.440002,-131.039993,-0.09344,0.56064,-0.299008,478,704,684,2.6327157344983143
2024-04-25 14:17:12.031000+00:00,2024-04-25 14:15:30+00:00,2024-04-25 14:17:30+00:00,TABUENCA01-45,Sensoria-C1-EEA1,Right,Gait,1.0.5,40.3878707,-3.629144,CB:AA:BC:3F:36:A5,SCKS,1.996095,1.914064,1.027344,1.12,85.120003,34.720001,-0.09344,0.541952,-0.289664,478,708,687,2.9501647309018186
2024-04-25 14:17:12.039000+00:00,2024-04-25 14:15:30+00:00,2024-04-25 14:17:30+00:00,TABUENCA01-45,Sensoria-C1-E90A,Left,Gait,1.0.5,40.3878707,-3.629144,F0:75:B1:51:59:F6,SCKS,0.125,1.218749,-0.125,-3.36,-24.639999,-96.32,0.299008,0.74752,-0.18688,400,288,676,1.2315027913086516
2024-04-25 14:17:12.047000+00:00,2024-04-25 14:15:30+00:00,2024-04-25 14:17:30+00:00,TABUENCA01-45,Sensoria-C1-EEA1,Right,Gait,1.0.5,40.3878707,-3.629144,CB:AA:BC:3F:36:A5,SCKS,-0.175781,0.253906,0.457032,3.36,-95.199997,143.360001,-0.084096,0.56064,-0.28032,478,706,681,0.5515845046962432
2024-04-25 14:17:12.064000+00:00,2024-04-25 14:15:30+00:00,2024-04-25 14:17:30+00:00,TABUENCA01-45,Sensoria-C1-EEA1,Right,Gait,1.0.5,40.3878707,-3.629144,CB:AA:BC:3F:36:A5,SCKS,-2.000001,0.570313,1.285157,24.639999,-159.039993,95.199997,-0.084096,0.569984,-0.308352,484,705,651,2.444767766602587
2024-04-25 14:17:12.071000+00:00,2024-04-25 14:15:30+00:00,2024-04-25 14:17:30+00:00,TABUENCA01-45,Sensoria-C1-E90A,Left,Gait,1.0.5,40.3878707,-3.629144,F0:75:B1:51:59:F6,SCKS,0.15625,1.437499,-0.21875,5.6,-16.799999,-127.68,0.252288,0.766208,-0.177536,383,283,684,1.462418886639871
2024-04-25 14:17:12.096000+00:00,2024-04-25 14:15:30+00:00,2024-04-25 14:17:30+00:00,TABUENCA01-45,Sensoria-C1-EEA1,Right,Gait,1.0.5,40.3878707,-3.629144,CB:AA:BC:3F:36:A5,SCKS,1.23047,1.597657,0.601563,78.400002,-198.240005,266.559998,-0.074752,0.616704,-0.336384,491,712,599,2.104386455363653
2024-04-25 14:17:12.104000+00:00,2024-04-25 14:15:30+00:00,2024-04-25 14:17:30+00:00,TABUENCA01-45,Sensoria-C1-E90A,Left,Gait,1.0.5,40.3878707,-3.629144,F0:75:B1:51:59:F6,SCKS,0.375,1.781249,-0.03125,2.24,-20.16,-164.639999,0.2336,0.775552,-0.177536,390,311,685,1.8205629795480849
2024-04-25 14:17:12.113000+00:00,2024-04-25 14:15:30+00:00,2024-04-25 14:17:30+00:00,TABUENCA01-45,Sensoria-C1-EEA1,Right,Gait,1.0.5,40.3878707,-3.629144,CB:AA:BC:3F:36:A5,SCKS,0.507813,1.871095,0.007813,52.639999,-29.120001,232.960007,-0.074752,0.616704,-0.336384,495,716,520,1.9387964269007203
2024-04-25 14:17:12.129000+00:00,2024-04-25 14:15:30+00:00,2024-04-25 14:17:30+00:00,TABUENCA01-45,Sensoria-C1-EEA1,Right,Gait,1.0.5,40.3878707,-3.629144,CB:AA:BC:3F:36:A5,SCKS,0.195313,1.421876,-0.328125,40.32,41.439999,211.680008,-0.056064,0.65408,-0.32704,498,717,453,1.4722583139415446
2024-04-25 14:17:12.136000+00:00,2024-04-25 14:15:30+00:00,2024-04-25 14:17:30+00:00,TABUENCA01-45,Sensoria-C1-E90A,Left,Gait,1.0.5,40.3878707,-3.629144,F0:75:B1:51:59:F6,SCKS,1.031249,2.312499,-0.0625,-28.0,-60.48,-202.720001,0.158848,0.79424,-0.177536,485,390,685,2.5327914195610344
2024-04-25 14:17:12.145000+00:00,2024-04-25 14:15:30+00:00,2024-04-25 14:17:30+00:00,TABUENCA01-45,Sensoria-C1-EEA1,Right,Gait,1.0.5,40.3878707,-3.629144,CB:AA:BC:3F:36:A5,SCKS,0.054688,1.039063,-0.34375,20.16,12.32,180.320007,-0.028032,0.682112,-0.317696,497,720,410,1.0958132860177414
2024-04-25 14:17:12.161000+00:00,2024-04-25 14:15:30+00:00,2024-04-25 14:17:30+00:00,TABUENCA01-45,Sensoria-C1-EEA1,Right,Gait,1.0.5,40.3878707,-3.629144,CB:AA:BC:3F:36:A5,SCKS,0.234375,0.859376,-0.136719,8.96,-4.48,141.119995,-0.009344,0.7008,-0.308352,485,722,381,0.9011941161381382
2024-04-25 14:17:12.169000+00:00,2024-04-25 14:15:30+00:00,2024-04-25 14:17:30+00:00,TABUENCA01-45,Sensoria-C1-E90A,Left,Gait,1.0.5,40.3878707,-3.629144,F0:75:B1:51:59:F6,SCKS,0.6875,2.187499,-1.062499,-10.08,-88.480003,-239.680008,0.112128,0.803584,-0.177536,551,446,688,2.5271945413841808
2024-04-25 14:17:12.193000+00:00,2024-04-25 14:15:30+00:00,2024-04-25 14:17:30+00:00,TABUENCA01-45,Sensoria-C1-EEA1,Right,Gait,1.0.5,40.3878707,-3.629144,CB:AA:BC:3F:36:A5,SCKS,-0.144531,0.917969,-0.082031,-16.799999,22.4,94.080002,0.0,0.710144,-0.32704,471,720,363,0.9328908724406086
2024-04-25 14:17:12.210000+00:00,2024-04-25 14:15:30+00:00,2024-04-25 14:17:30+00:00,TABUENCA01-45,Sensoria-C1-EEA1,Right,Gait,1.0.5,40.3878707,-3.629144,CB:AA:BC:3F:36:A5,SCKS,-0.035156,0.976563,0.117188,-3.36,-1.12,75.040001,0.0,0.710144,-0.32704,460,706,349,0.984197269173716
2024-04-25 14:17:12.217000+00:00,2024-04-25 14:15:30+00:00,2024-04-25 14:17:30+00:00,TABUENCA01-45,Sensoria-C1-E90A,Left,Gait,1.0.5,40.3878707,-3.629144,F0:75:B1:51:59:F6,SCKS,0.71875,1.124999,-0.5,34.720001,35.84,-231.839996,0.065408,0.79424,-0.177536,621,504,691,1.4255610518322253
2024-04-25 14:17:12.226000+00:00,2024-04-25 14:15:30+00:00,2024-04-25 14:17:30+00:00,TABUENCA01-45,Sensoria-C1-EEA1,Right,Gait,1.0.5,40.3878707,-3.629144,CB:AA:BC:3F:36:A5,SCKS,-0.097656,1.007813,0.109375,17.92,-11.2,56.0,0.0,0.719488,-0.32704,448,691,343,1.0184235994565327
2024-04-25 14:17:12.233000+00:00,2024-04-25 14:15:30+00:00,2024-04-25 14:17:30+00:00,TABUENCA01-45,Sensoria-C1-E90A,Left,Gait,1.0.5,40.3878707,-3.629144,F0:75:B1:51:59:F6,SCKS,-0.21875,-0.0625,-0.4375,16.799999,-42.560001,-123.199997,0.028032,0.79424,-0.177536,667,531,692,0.49311668243935936
2024-04-25 14:17:12.242000+00:00,2024-04-25 14:15:30+00:00,2024-04-25 14:17:30+00:00,TABUENCA01-45,Sensoria-C1-EEA1,Right,Gait,1.0.5,40.3878707,-3.629144,CB:AA:BC:3F:36:A5,SCKS,-0.082031,0.996094,-0.066406,22.4,-1.12,47.040001,0.009344,0.719488,-0.317696,438,674,341,1.001669655441853
2024-04-25 14:17:12.266000+00:00,2024-04-25 14:15:30+00:00,2024-04-25 14:17:30+00:00,TABUENCA01-45,Sensoria-C1-E90A,Left,Gait,1.0.5,40.3878707,-3.629144,F0:75:B1:51:59:F6,SCKS,0.968749,0.125,-0.25,15.68,-181.440002,40.32,0.009344,0.79424,-0.168192,687,539,691,1.0082656519990156
2024-04-25 14:17:12.275000+00:00,2024-04-25 14:15:30+00:00,2024-04-25 14:17:30+00:00,TABUENCA01-45,Sensoria-C1-EEA1,Right,Gait,1.0.5,40.3876772,-3.6291348,CB:AA:BC:3F:36:A5,SCKS,-0.15625,0.976563,0.054688,14.56,1.12,41.439999,0.009344,0.728832,-0.299008,428,662,345,0.9904948928757785
2024-04-25 14:17:12.291000+00:00,2024-04-25 14:15:30+00:00,2024-04-25 14:17:30+00:00,TABUENCA01-45,Sensoria-C1-EEA1,Right,Gait,1.0.5,40.3876772,-3.6291348,CB:AA:BC:3F:36:A5,SCKS,-0.113281,1.000001,-0.140625,12.32,-1.12,43.68,0.009344,0.738176,-0.317696,419,648,350,1.0161741856527353
2024-04-25 14:17:12.299000+00:00,2024-04-25 14:15:30+00:00,2024-04-25 14:17:30+00:00,TABUENCA01-45,Sensoria-C1-E90A,Left,Gait,1.0.5,40.3876772,-3.6291348,F0:75:B1:51:59:F6,SCKS,0.84375,0.03125,0.0,-5.6,-76.160004,126.559998,0.018688,0.79424,-0.196224,694,539,688,0.8443285053816435
2024-04-25 14:17:12.308000+00:00,2024-04-25 14:15:30+00:00,2024-04-25 14:17:30+00:00,TABUENCA01-45,Sensoria-C1-EEA1,Right,Gait,1.0.5,40.3876772,-3.6291348,CB:AA:BC:3F:36:A5,SCKS,-0.078125,0.968751,-0.167969,-5.6,11.2,42.560001,0.009344,0.738176,-0.317696,411,637,358,0.9863040102255491
2024-04-25 14:17:12.315000+00:00,2024-04-25 14:15:30+00:00,2024-04-25 14:17:30+00:00,TABUENCA01-45,Sensoria-C1-E90A,Left,Gait,1.0.5,40.3876772,-3.6291348,F0:75:B1:51:59:F6,SCKS,0.3125,0.0625,0.0625,-5.6,-10.08,176.960007,0.04672,0.803584,-0.18688,697,541,687,0.3247595264191645
2024-04-25 14:17:12.324000+00:00,2024-04-25 14:15:30+00:00,2024-04-25 14:17:30+00:00,TABUENCA01-45,Sensoria-C1-EEA1,Right,Gait,1.0.5,40.3876772,-3.6291348,CB:AA:BC:3F:36:A5,SCKS,-0.066406,0.968751,-0.03125,-14.56,22.4,38.080002,0.018688,0.728832,-0.317696,403,627,369,0.9715270553808577
2024-04-25 14:17:12.347000+00:00,2024-04-25 14:15:30+00:00,2024-04-25 14:17:30+00:00,TABUENCA01-45,Sensoria-C1-E90A,Left,Gait,1.0.5,40.3876772,-3.6291348,F0:75:B1:51:59:F6,SCKS,0.3125,0.34375,-0.125,17.92,5.6,244.160004,0.084096,0.803584,-0.18688,698,539,687,0.4810876349481454
2024-04-25 14:17:12.356000+00:00,2024-04-25 14:15:30+00:00,2024-04-25 14:17:30+00:00,TABUENCA01-45,Sensoria-C1-EEA1,Right,Gait,1.0.5,40.3876772,-3.6291348,CB:AA:BC:3F:36:A5,SCKS,-0.066406,0.976563,0.003906,-14.56,28.0,34.720001,0.028032,0.738176,-0.308352,392,615,382,0.978825983840335
2024-04-25 14:17:12.372000+00:00,2024-04-25 14:15:30+00:00,2024-04-25 14:17:30+00:00,TABUENCA01-45,Sensoria-C1-EEA1,Right,Gait,1.0.5,40.3876772,-3.6291348,CB:AA:BC:3F:36:A5,SCKS,-0.078125,0.968751,-0.023438,-12.32,31.360001,34.720001,0.028032,0.738176,-0.308352,382,604,394,0.9721786643770784
2024-04-25 14:17:12.380000+00:00,2024-04-25 14:15:30+00:00,2024-04-25 14:17:30+00:00,TABUENCA01-45,Sensoria-C1-E90A,Left,Gait,1.0.5,40.3876772,-3.6291348,F0:75:B1:51:59:F6,SCKS,0.3125,0.6875,-0.125,3.36,21.280001,288.959991,0.14016,0.79424,-0.177536,699,537,686,0.7654655446197431
2024-04-25 14:17:12.388000+00:00,2024-04-25 14:15:30+00:00,2024-04-25 14:17:30+00:00,TABUENCA01-45,Sensoria-C1-EEA1,Right,Gait,1.0.5,40.3876772,-3.6291348,CB:AA:BC:3F:36:A5,SCKS,-0.066406,0.968751,-0.074219,-12.32,28.0,35.84,0.037376,0.738176,-0.308352,371,591,407,0.9738566202465331
2024-04-25 14:17:12.404000+00:00,2024-04-25 14:15:30+00:00,2024-04-25 14:17:30+00:00,TABUENCA01-45,Sensoria-C1-EEA1,Right,Gait,1.0.5,40.3876772,-3.6291348,CB:AA:BC:3F:36:A5,SCKS,-0.042969,0.957032,-0.035156,-14.56,22.4,35.84,0.037376,0.738176,-0.308352,361,579,419,0.9586409798881956
2024-04-25 14:17:12.412000+00:00,2024-04-25 14:15:30+00:00,2024-04-25 14:17:30+00:00,TABUENCA01-45,Sensoria-C1-E90A,Left,Gait,1.0.5,40.3876772,-3.6291348,F0:75:B1:51:59:F6,SCKS,0.25,0.968749,-0.09375,0.0,38.080002,331.519989,0.18688,0.775552,-0.196224,698,535,685,1.0048699853717395
2024-04-25 14:17:12.421000+00:00,2024-04-25 14:15:30+00:00,2024-04-25 14:17:30+00:00,TABUENCA01-45,Sensoria-C1-EEA1,Right,Gait,1.0.5,40.3876772,-3.6291348,CB:AA:BC:3F:36:A5,SCKS,-0.058594,0.968751,-0.039063,-6.72,14.56,36.959999,0.037376,0.738176,-0.299008,350,565,430,0.9713071989880442
2024-04-25 14:17:12.444000+00:00,2024-04-25 14:15:30+00:00,2024-04-25 14:17:30+00:00,TABUENCA01-45,Sensoria-C1-E90A,Left,Gait,1.0.5,40.3876772,-3.6291348,F0:75:B1:51:59:F6,SCKS,0.28125,1.406249,-0.0625,0.0,42.560001,362.880005,0.308352,0.728832,-0.18688,695,534,684,1.4354595300812212
2024-04-25 14:17:12.453000+00:00,2024-04-25 14:15:30+00:00,2024-04-25 14:17:30+00:00,TABUENCA01-45,Sensoria-C1-EEA1,Right,Gait,1.0.5,40.3876772,-3.6291348,CB:AA:BC:3F:36:A5,SCKS,-0.042969,0.988282,-0.054688,-3.36,11.2,40.32,0.04672,0.74752,-0.299008,337,554,444,0.9907262103270509
2024-04-25 14:17:12.469000+00:00,2024-04-25 14:15:30+00:00,2024-04-25 14:17:30+00:00,TABUENCA01-45,Sensoria-C1-EEA1,Right,Gait,1.0.5,40.3876772,-3.6291348,CB:AA:BC:3F:36:A5,SCKS,-0.042969,0.992188,-0.042969,-2.24,8.96,45.920002,0.056064,0.74752,-0.299008,322,540,459,0.9940471303041923
2024-04-25 14:17:12.477000+00:00,2024-04-25 14:15:30+00:00,2024-04-25 14:17:30+00:00,TABUENCA01-45,Sensoria-C1-E90A,Left,Gait,1.0.5,40.3876772,-3.6291348,F0:75:B1:51:59:F6,SCKS,0.3125,2.437499,-0.09375,-1.12,80.639999,393.119995,0.37376,0.682112,-0.196224,695,535,684,2.4592370132829813
2024-04-25 14:17:12.486000+00:00,2024-04-25 14:15:30+00:00,2024-04-25 14:17:30+00:00,TABUENCA01-45,Sensoria-C1-EEA1,Right,Gait,1.0.5,40.3876772,-3.6291348,CB:AA:BC:3F:36:A5,SCKS,-0.027344,1.007813,-0.023438,-3.36,7.84,52.639999,0.065408,0.74752,-0.299008,307,524,477,1.0084562842032372
2024-04-25 14:17:12.502000+00:00,2024-04-25 14:15:30+00:00,2024-04-25 14:17:30+00:00,TABUENCA01-45,Sensoria-C1-EEA1,Right,Gait,1.0.5,40.3876772,-3.6291348,CB:AA:BC:3F:36:A5,SCKS,-0.015625,1.031251,-0.011719,-3.36,7.84,57.119999,0.065408,0.74752,-0.299008,288,508,497,1.0314359410971676
2024-04-25 14:17:12.510000+00:00,2024-04-25 14:15:30+00:00,2024-04-25 14:17:30+00:00,TABUENCA01-45,Sensoria-C1-E90A,Left,Gait,1.0.5,40.3876772,-3.6291348,F0:75:B1:51:59:F6,SCKS,-0.4375,2.937498,-0.125,-17.92,101.919998,402.079987,0.4672,0.569984,-0.224256,695,533,682,2.9725285112180173
2024-04-25 14:17:12.535000+00:00,2024-04-25 14:15:30+00:00,2024-04-25 14:17:30+00:00,TABUENCA01-45,Sensoria-C1-EEA1,Right,Gait,1.0.5,40.3876772,-3.6291348,CB:AA:BC:3F:36:A5,SCKS,-0.019531,1.050782,-0.035156,-1.12,6.72,61.599998,0.065408,0.756864,-0.289664,269,492,523,1.051551337701113
2024-04-25 14:17:12.542000+00:00,2024-04-25 14:15:30+00:00,2024-04-25 14:17:30+00:00,TABUENCA01-45,Sensoria-C1-E90A,Left,Gait,1.0.5,40.3876772,-3.6291348,F0:75:B1:51:59:F6,SCKS,-1.156249,2.437499,-0.8125,-13.440001,100.800003,327.040009,0.495232,0.51392,-0.242944,694,533,683,2.817528948387576
2024-04-25 14:17:12.551000+00:00,2024-04-25 14:15:30+00:00,2024-04-25 14:17:30+00:00,TABUENCA01-45,Sensoria-C1-EEA1,Right,Gait,1.0.5,40.3876772,-3.6291348,CB:AA:BC:3F:36:A5,SCKS,-0.066406,1.070313,0.0,3.36,1.12,71.68,0.074752,0.766208,-0.299008,253,475,561,1.0723710527634547
2024-04-25 14:17:12.567000+00:00,2024-04-25 14:15:30+00:00,2024-04-25 14:17:30+00:00,TABUENCA01-45,Sensoria-C1-EEA1,Right,Gait,1.0.5,40.3876772,-3.6291348,CB:AA:BC:3F:36:A5,SCKS,-0.085938,1.140626,0.085938,-2.24,-7.84,92.959999,0.09344,0.775552,-0.289664,232,452,620,1.1470825391243649
2024-04-25 14:17:12.574000+00:00,2024-04-25 14:15:30+00:00,2024-04-25 14:17:30+00:00,TABUENCA01-45,Sensoria-C1-E90A,Left,Gait,1.0.5,40.3876772,-3.6291348,F0:75:B1:51:59:F6,SCKS,-3.406248,1.281249,-0.40625,5.6,-2.24,185.919998,0.51392,0.476544,-0.252288,694,533,685,3.6618524683560096
2024-04-25 14:17:12.583000+00:00,2024-04-25 14:15:30+00:00,2024-04-25 14:17:30+00:00,TABUENCA01-45,Sensoria-C1-EEA1,Right,Gait,1.0.5,40.3876772,-3.6291348,CB:AA:BC:3F:36:A5,SCKS,-0.074219,1.222657,0.105469,-7.84,-17.92,105.279999,0.102784,0.775552,-0.299008,218,436,651,1.2294398356857485
2024-04-25 14:17:12.607000+00:00,2024-04-25 14:15:30+00:00,2024-04-25 14:17:30+00:00,TABUENCA01-45,Sensoria-C1-E90A,Left,Gait,1.0.5,40.3876772,-3.6291348,F0:75:B1:51:59:F6,SCKS,-2.656249,1.687499,-0.15625,12.32,-56.0,-28.0,0.51392,0.457856,-0.242944,690,533,691,3.1508293650247072
2024-04-25 14:17:12.616000+00:00,2024-04-25 14:15:30+00:00,2024-04-25 14:17:30+00:00,TABUENCA01-45,Sensoria-C1-EEA1,Right,Gait,1.0.5,40.3876772,-3.6291348,CB:AA:BC:3F:36:A5,SCKS,-0.0625,1.304688,-0.152344,-16.799999,-26.880001,126.559998,0.121472,0.784896,-0.299008,210,426,672,1.3150382966590746
2024-04-25 14:17:12.632000+00:00,2024-04-25 14:15:30+00:00,2024-04-25 14:17:30+00:00,TABUENCA01-45,Sensoria-C1-EEA1,Right,Gait,1.0.5,40.3876772,-3.6291348,CB:AA:BC:3F:36:A5,SCKS,-0.097656,1.437501,-0.066406,-24.639999,-14.56,140.0,0.149504,0.79424,-0.299008,202,421,683,1.442343778775712
2024-04-25 14:17:12.640000+00:00,2024-04-25 14:15:30+00:00,2024-04-25 14:17:30+00:00,TABUENCA01-45,Sensoria-C1-E90A,Left,Gait,1.0.5,40.3876772,-3.6291348,F0:75:B1:51:59:F6,SCKS,4.062498,1.406249,0.21875,40.32,25.76,-129.919998,0.51392,0.485888,-0.242944,691,532,677,4.304564764584801
2024-04-25 14:17:12.649000+00:00,2024-04-25 14:15:30+00:00,2024-04-25 14:17:30+00:00,TABUENCA01-45,Sensoria-C1-EEA1,Right,Gait,1.0.5,40.3876772,-3.6291348,CB:AA:BC:3F:36:A5,SCKS,-0.257813,1.617189,0.039063,-30.24,-1.12,154.559998,0.168192,0.803584,-0.289664,201,423,690,1.6380762261442536
2024-04-25 14:17:12.656000+00:00,2024-04-25 14:15:30+00:00,2024-04-25 14:17:30+00:00,TABUENCA01-45,Sensoria-C1-E90A,Left,Gait,1.0.5,40.3876772,-3.6291348,F0:75:B1:51:59:F6,SCKS,-0.875,1.437499,0.5,62.720001,119.840004,-230.720001,0.485888,0.551296,-0.261632,694,533,634,1.7555706693269286
2024-04-25 14:17:12.665000+00:00,2024-04-25 14:15:30+00:00,2024-04-25 14:17:30+00:00,TABUENCA01-45,Sensoria-C1-EEA1,Right,Gait,1.0.5,40.3876772,-3.6291348,CB:AA:BC:3F:36:A5,SCKS,-0.453125,1.875001,0.234375,-34.720001,14.56,175.839996,0.168192,0.803584,-0.289664,205,436,693,1.9431630544684095
2024-04-25 14:17:12.681000+00:00,2024-04-25 14:15:30+00:00,2024-04-25 14:17:30+00:00,TABUENCA01-45,Sensoria-C1-EEA1,Right,Gait,1.0.5,40.3876772,-3.6291348,CB:AA:BC:3F:36:A5,SCKS,-0.847657,1.996095,0.28125,-51.52,45.920002,197.119995,0.205568,0.803584,-0.308352,219,453,696,2.186782842710725
2024-04-25 14:17:12.689000+00:00,2024-04-25 14:15:30+00:00,2024-04-25 14:17:30+00:00,TABUENCA01-45,Sensoria-C1-E90A,Left,Gait,1.0.5,40.3876772,-3.6291348,F0:75:B1:51:59:F6,SCKS,-0.34375,1.749999,-0.28125,76.160004,8.96,-183.680008,0.4672,0.579328,-0.28032,693,541,517,1.8054811339366026
2024-04-25 14:17:12.714000+00:00,2024-04-25 14:15:30+00:00,2024-04-25 14:17:30+00:00,TABUENCA01-45,Sensoria-C1-EEA1,Right,Gait,1.0.5,40.3876772,-3.6291348,CB:AA:BC:3F:36:A5,SCKS,-0.402344,1.996095,-0.054688,-53.760002,47.040001,228.479996,0.242944,0.812928,-0.317696,244,483,694,2.0369748944709656
2024-04-25 14:17:12.721000+00:00,2024-04-25 14:15:30+00:00,2024-04-25 14:17:30+00:00,TABUENCA01-45,Sensoria-C1-E90A,Left,Gait,1.0.5,40.3876772,-3.6291348,F0:75:B1:51:59:F6,SCKS,-0.1875,1.312499,0.0625,68.32,-10.08,-189.279999,0.457856,0.60736,-0.261632,691,547,421,1.3272965474983351
2024-04-25 14:17:12.730000+00:00,2024-04-25 14:15:30+00:00,2024-04-25 14:17:30+00:00,TABUENCA01-45,Sensoria-C1-EEA1,Right,Gait,1.0.5,40.3876772,-3.6291348,CB:AA:BC:3F:36:A5,SCKS,-0.621094,1.996095,-0.558594,-25.76,23.52,259.839996,0.28032,0.812928,-0.336384,288,532,695,2.1638346199968703
2024-04-25 14:17:12.747000+00:00,2024-04-25 14:15:30+00:00,2024-04-25 14:17:30+00:00,TABUENCA01-45,Sensoria-C1-EEA1,Right,Gait,1.0.5,40.3876772,-3.6291348,CB:AA:BC:3F:36:A5,SCKS,-0.480469,1.996095,-0.554688,-6.72,-61.599998,286.720001,0.336384,0.803584,-0.317696,343,592,692,2.1267168326624963
2024-04-25 14:17:12.754000+00:00,2024-04-25 14:15:30+00:00,2024-04-25 14:17:30+00:00,TABUENCA01-45,Sensoria-C1-E90A,Left,Gait,1.0.5,40.3876772,-3.6291348,F0:75:B1:51:59:F6,SCKS,0.03125,1.031249,-0.15625,61.599998,-39.200001,-114.239998,0.429824,0.635392,-0.242944,675,546,376,1.0434870027944767
2024-04-25 14:17:12.762000+00:00,2024-04-25 14:15:30+00:00,2024-04-25 14:17:30+00:00,TABUENCA01-45,Sensoria-C1-EEA1,Right,Gait,1.0.5,40.3876772,-3.6291348,CB:AA:BC:3F:36:A5,SCKS,-0.335938,0.683594,-0.453125,20.16,-33.599998,275.519989,0.336384,0.803584,-0.317696,399,642,692,0.8862716075250295
2024-04-25 14:17:12.788000+00:00,2024-04-25 14:15:30+00:00,2024-04-25 14:17:30+00:00,TABUENCA01-45,Sensoria-C1-E90A,Left,Gait,1.0.5,40.3876772,-3.6291348,F0:75:B1:51:59:F6,SCKS,0.03125,0.968749,-0.21875,28.0,-35.84,-57.119999,0.411136,0.644736,-0.242944,651,531,351,0.9936310935155964
2024-04-25 14:17:12.796000+00:00,2024-04-25 14:15:30+00:00,2024-04-25 14:17:30+00:00,TABUENCA01-45,Sensoria-C1-EEA1,Right,Gait,1.0.5,40.3876772,-3.6291348,CB:AA:BC:3F:36:A5,SCKS,-0.421875,0.175781,-0.523438,19.040001,11.2,202.720001,0.383104,0.803584,-0.308352,442,673,691,0.6948847497463159
2024-04-25 14:17:12.811000+00:00,2024-04-25 14:15:30+00:00,2024-04-25 14:17:30+00:00,TABUENCA01-45,Sensoria-C1-EEA1,Right,Gait,1.0.5,40.3876772,-3.6291348,CB:AA:BC:3F:36:A5,SCKS,-0.007813,0.988282,-0.546875,15.68,126.559998,127.68,0.401792,0.803584,-0.308352,464,687,689,1.1295284946020618
2024-04-25 14:17:12.819000+00:00,2024-04-25 14:15:30+00:00,2024-04-25 14:17:30+00:00,TABUENCA01-45,Sensoria-C1-E90A,Left,Gait,1.0.5,40.3876772,-3.6291348,F0:75:B1:51:59:F6,SCKS,0.15625,0.968749,-0.15625,3.36,-30.24,-13.440001,0.401792,0.663424,-0.214912,620,500,340,0.9936310935155964
2024-04-25 14:17:12.827000+00:00,2024-04-25 14:15:30+00:00,2024-04-25 14:17:30+00:00,TABUENCA01-45,Sensoria-C1-EEA1,Right,Gait,1.0.5,40.3876772,-3.6291348,CB:AA:BC:3F:36:A5,SCKS,-1.183595,0.320313,-0.328125,-14.56,157.919998,2.24,0.411136,0.79424,-0.32704,475,697,685,1.2693161771674542
2024-04-25 14:17:12.843000+00:00,2024-04-25 14:15:30+00:00,2024-04-25 14:17:30+00:00,TABUENCA01-45,Sensoria-C1-EEA1,Right,Gait,1.0.5,40.3876772,-3.6291348,CB:AA:BC:3F:36:A5,SCKS,-0.921876,0.09375,-0.011719,-30.24,97.440002,-44.799999,0.411136,0.803584,-0.32704,479,702,685,0.9267047840801298
2024-04-25 14:17:12.851000+00:00,2024-04-25 14:15:30+00:00,2024-04-25 14:17:30+00:00,TABUENCA01-45,Sensoria-C1-E90A,Left,Gait,1.0.5,40.3876772,-3.6291348,F0:75:B1:51:59:F6,SCKS,0.1875,0.968749,-0.125,-1.12,-26.880001,-10.08,0.401792,0.663424,-0.205568,606,486,351,0.994613429931951
2024-04-25 14:17:12.876000+00:00,2024-04-25 14:15:30+00:00,2024-04-25 14:17:30+00:00,TABUENCA01-45,Sensoria-C1-EEA1,Right,Gait,1.0.5,40.3876772,-3.6291348,CB:AA:BC:3F:36:A5,SCKS,-0.464844,-0.078125,0.027344,10.08,29.120001,-81.760002,0.411136,0.803584,-0.32704,481,704,684,0.47215585805642607
2024-04-25 14:17:12.884000+00:00,2024-04-25 14:15:30+00:00,2024-04-25 14:17:30+00:00,TABUENCA01-45,Sensoria-C1-E90A,Left,Gait,1.0.5,40.3876772,-3.6291348,F0:75:B1:51:59:F6,SCKS,0.15625,0.9375,-0.25,-7.84,-36.959999,-14.56,0.401792,0.663424,-0.205568,590,475,380,0.9827615745947742
2024-04-25 14:17:12.892000+00:00,2024-04-25 14:15:30+00:00,2024-04-25 14:17:30+00:00,TABUENCA01-45,Sensoria-C1-EEA1,Right,Gait,1.0.5,40.3876772,-3.6291348,CB:AA:BC:3F:36:A5,SCKS,-0.488282,0.054688,-0.078125,36.959999,10.08,-125.440002,0.383104,0.803584,-0.32704,482,705,682,0.497507391395344
2024-04-25 14:17:12.909000+00:00,2024-04-25 14:15:30+00:00,2024-04-25 14:17:30+00:00,TABUENCA01-45,Sensoria-C1-EEA1,Right,Gait,1.0.5,40.3876772,-3.6291348,CB:AA:BC:3F:36:A5,SCKS,-0.507813,0.238281,-0.113281,40.32,-11.2,-166.880005,0.355072,0.822272,-0.317696,480,705,681,0.572262582116811
2024-04-25 14:17:12.916000+00:00,2024-04-25 14:15:30+00:00,2024-04-25 14:17:30+00:00,TABUENCA01-45,Sensoria-C1-E90A,Left,Gait,1.0.5,40.3876772,-3.6291348,F0:75:B1:51:59:F6,SCKS,0.125,0.9375,-0.15625,-6.72,-44.799999,-11.2,0.401792,0.663424,-0.205568,574,461,418,0.9586163531361229
2024-04-25 14:17:12.925000+00:00,2024-04-25 14:15:30+00:00,2024-04-25 14:17:30+00:00,TABUENCA01-45,Sensoria-C1-EEA1,Right,Gait,1.0.5,40.3876772,-3.6291348,CB:AA:BC:3F:36:A5,SCKS,-0.449219,0.359375,-0.042969,36.959999,-47.040001,-228.479996,0.317696,0.822272,-0.317696,481,705,682,0.576883381236624
2024-04-25 14:17:12.941000+00:00,2024-04-25 14:15:30+00:00,2024-04-25 14:17:30+00:00,TABUENCA01-45,Sensoria-C1-EEA1,Right,Gait,1.0.5,40.3876772,-3.6291348,CB:AA:BC:3F:36:A5,SCKS,-0.4375,0.535157,-0.054688,44.799999,-68.32,-267.679993,0.270976,0.822272,-0.308352,480,702,680,0.6933902523060156
2024-04-25 14:17:12.949000+00:00,2024-04-25 14:15:30+00:00,2024-04-25 14:17:30+00:00,TABUENCA01-45,Sensoria-C1-E90A,Left,Gait,1.0.5,40.3876772,-3.6291348,F0:75:B1:51:59:F6,SCKS,0.15625,0.9375,-0.1875,-1.12,-50.400002,-15.68,0.392448,0.663424,-0.214912,558,448,456,0.96875
2024-04-25 14:17:12.965000+00:00,2024-04-25 14:15:30+00:00,2024-04-25 14:17:30+00:00,TABUENCA01-45,Sensoria-C1-E90A,Left,Gait,1.0.5,40.3876772,-3.6291348,F0:75:B1:51:59:F6,SCKS,0.125,0.9375,-0.1875,7.84,-44.799999,-24.639999,0.392448,0.672768,-0.205568,541,432,490,0.9642030387838445
2024-04-25 14:17:12.974000+00:00,2024-04-25 14:15:30+00:00,2024-04-25 14:17:30+00:00,TABUENCA01-45,Sensoria-C1-EEA1,Right,Gait,1.0.5,40.3876772,-3.6291348,CB:AA:BC:3F:36:A5,SCKS,-0.433594,0.765626,-0.054688,43.68,-71.68,-297.920013,0.270976,0.822272,-0.308352,480,703,681,0.8815768293552185
2024-04-25 14:17:12.990000+00:00,2024-04-25 14:15:30+00:00,2024-04-25 14:17:30+00:00,TABUENCA01-45,Sensoria-C1-EEA1,Right,Gait,1.0.5,40.3876772,-3.6291348,CB:AA:BC:3F:36:A5,SCKS,-0.386719,1.066407,-0.0625,38.080002,-68.32,-323.679993,0.214912,0.803584,-0.299008,480,702,680,1.1360817420458795
2024-04-25 14:17:13.006000+00:00,2024-04-25 14:15:30+00:00,2024-04-25 14:17:30+00:00,TABUENCA01-45,Sensoria-C1-EEA1,Right,Gait,1.0.5,40.3876772,-3.6291348,CB:AA:BC:3F:36:A5,SCKS,-0.367188,1.335938,-0.015625,24.639999,-51.52,-346.079987,0.158848,0.79424,-0.299008,479,701,678,1.3855690195053438
2024-04-25 14:17:13.023000+00:00,2024-04-25 14:15:30+00:00,2024-04-25 14:17:30+00:00,TABUENCA01-45,Sensoria-C1-EEA1,Right,Gait,1.0.5,40.3876772,-3.6291348,CB:AA:BC:3F:36:A5,SCKS,-0.375,1.738282,0.121094,7.84,-13.440001,-359.519989,0.102784,0.766208,-0.308352,479,700,678,1.7823897072077142
2024-04-25 14:17:13.030000+00:00,2024-04-25 14:15:30+00:00,2024-04-25 14:17:30+00:00,TABUENCA01-45,Sensoria-C1-E90A,Left,Gait,1.0.5,40.3876772,-3.6291348,F0:75:B1:51:59:F6,SCKS,0.09375,0.968749,-0.15625,7.84,-35.84,-39.200001,0.364416,0.691456,-0.18688,495,386,547,0.9857371607081676
2024-04-25 14:17:13.055000+00:00,2024-04-25 14:15:30+00:00,2024-04-25 14:17:30+00:00,TABUENCA01-45,Sensoria-C1-EEA1,Right,Gait,1.0.5,40.3876772,-3.6291348,CB:AA:BC:3F:36:A5,SCKS,-0.292969,1.996095,0.183594,13.440001,4.48,-367.360016,0.037376,0.728832,-0.299008,479,699,677,2.0258165861750665
2024-04-25 14:17:13.062000+00:00,2024-04-25 14:15:30+00:00,2024-04-25 14:17:30+00:00,TABUENCA01-45,Sensoria-C1-E90A,Left,Gait,1.0.5,40.3876772,-3.6291348,F0:75:B1:51:59:F6,SCKS,0.03125,0.968749,-0.1875,5.6,-33.599998,-42.560001,0.364416,0.691456,-0.177536,471,362,568,0.9872220811453722
2024-04-25 14:17:13.071000+00:00,2024-04-25 14:15:30+00:00,2024-04-25 14:17:30+00:00,TABUENCA01-45,Sensoria-C1-EEA1,Right,Gait,1.0.5,40.3876772,-3.6291348,CB:AA:BC:3F:36:A5,SCKS,-0.09375,1.996095,-0.101563,38.080002,-12.32,-377.440002,-0.009344,0.691456,-0.299008,478,699,679,2.000874647371494
2024-04-25 14:17:13.087000+00:00,2024-04-25 14:15:30+00:00,2024-04-25 14:17:30+00:00,TABUENCA01-45,Sensoria-C1-EEA1,Right,Gait,1.0.5,40.3876772,-3.6291348,CB:AA:BC:3F:36:A5,SCKS,0.804688,1.996095,0.117188,28.0,1.12,-380.799988,-0.009344,0.691456,-0.299008,477,699,677,2.1553772416245374
2024-04-25 14:17:13.095000+00:00,2024-04-25 14:15:30+00:00,2024-04-25 14:17:30+00:00,TABUENCA01-45,Sensoria-C1-E90A,Left,Gait,1.0.5,40.3876772,-3.6291348,F0:75:B1:51:59:F6,SCKS,0.0625,0.999999,-0.1875,0.0,-33.599998,-48.16,0.345728,0.7008,-0.177536,451,338,594,1.019343170870831
2024-04-25 14:17:13.104000+00:00,2024-04-25 14:15:30+00:00,2024-04-25 14:17:30+00:00,TABUENCA01-45,Sensoria-C1-EEA1,Right,Gait,1.0.5,40.3876772,-3.6291348,CB:AA:BC:3F:36:A5,SCKS,1.625001,1.996095,0.058594,25.76,10.08,-361.76001,-0.056064,0.635392,-0.289664,478,700,676,2.5745789472964313
2024-04-25 14:17:13.127000+00:00,2024-04-25 14:15:30+00:00,2024-04-25 14:17:30+00:00,TABUENCA01-45,Sensoria-C1-E90A,Left,Gait,1.0.5,40.3876772,-3.6291348,F0:75:B1:51:59:F6,SCKS,0.09375,1.062499,-0.15625,-2.24,-31.360001,-61.599998,0.345728,0.710144,-0.177536,427,313,629,1.078010783805524
2024-04-25 14:17:13.136000+00:00,2024-04-25 14:15:30+00:00,2024-04-25 14:17:30+00:00,TABUENCA01-45,Sensoria-C1-EEA1,Right,Gait,1.0.5,40.3876772,-3.6291348,CB:AA:BC:3F:36:A5,SCKS,1.996095,1.996095,-0.125,39.200001,32.48,-291.200012,-0.084096,0.579328,-0.289664,477,700,678,2.8256708049682646
2024-04-25 14:17:13.152000+00:00,2024-04-25 14:15:30+00:00,2024-04-25 14:17:30+00:00,TABUENCA01-45,Sensoria-C1-EEA1,Right,Gait,1.0.5,40.3876772,-3.6291348,CB:AA:BC:3F:36:A5,SCKS,1.996095,1.406251,0.394532,62.720001,24.639999,-163.520004,-0.09344,0.551296,-0.270976,478,703,681,2.4733767652846583
2024-04-25 14:17:13.160000+00:00,2024-04-25 14:15:30+00:00,2024-04-25 14:17:30+00:00,TABUENCA01-45,Sensoria-C1-E90A,Left,Gait,1.0.5,40.3876772,-3.6291348,F0:75:B1:51:59:F6,SCKS,0.09375,1.156249,-0.09375,-1.12,-24.639999,-80.639999,0.308352,0.728832,-0.168192,404,291,655,1.1638255346060251
2024-04-25 14:17:13.168000+00:00,2024-04-25 14:15:30+00:00,2024-04-25 14:17:30+00:00,TABUENCA01-45,Sensoria-C1-EEA1,Right,Gait,1.0.5,40.3876772,-3.6291348,CB:AA:BC:3F:36:A5,SCKS,1.996095,1.73047,0.875001,32.48,43.68,-29.120001,-0.084096,0.551296,-0.28032,476,703,684,2.78290287648096
2024-04-25 14:17:13.184000+00:00,2024-04-25 14:15:30+00:00,2024-04-25 14:17:30+00:00,TABUENCA01-45,Sensoria-C1-EEA1,Right,Gait,1.0.5,40.3876772,-3.6291348,CB:AA:BC:3F:36:A5,SCKS,1.570314,1.359376,0.53125,-5.6,-47.040001,113.120003,-0.084096,0.551296,-0.28032,475,704,681,2.143832020115382
2024-04-25 14:17:13.192000+00:00,2024-04-25 14:15:30+00:00,2024-04-25 14:17:30+00:00,TABUENCA01-45,Sensoria-C1-E90A,Left,Gait,1.0.5,40.3876772,-3.6291348,F0:75:B1:51:59:F6,SCKS,0.1875,1.281249,-0.21875,5.6,-10.08,-112.0,0.289664,0.738176,-0.168192,387,276,674,1.3132428612031364
2024-04-25 14:17:13.201000+00:00,2024-04-25 14:15:30+00:00,2024-04-25 14:17:30+00:00,TABUENCA01-45,Sensoria-C1-EEA1,Right,Gait,1.0.5,40.3876772,-3.6291348,CB:AA:BC:3F:36:A5,SCKS,-2.000001,1.660157,-0.109375,19.040001,-95.199997,100.800003,-0.084096,0.569984,-0.28032,479,701,664,2.6015549495013555
2024-04-25 14:17:13.224000+00:00,2024-04-25 14:15:30+00:00,2024-04-25 14:17:30+00:00,TABUENCA01-45,Sensoria-C1-E90A,Left,Gait,1.0.5,40.3876772,-3.6291348,F0:75:B1:51:59:F6,SCKS,0.15625,1.468749,-0.21875,1.12,-12.32,-135.520004,0.270976,0.756864,-0.168192,379,274,681,1.4931474307652945
2024-04-25 14:17:13.233000+00:00,2024-04-25 14:15:30+00:00,2024-04-25 14:17:30+00:00,TABUENCA01-45,Sensoria-C1-EEA1,Right,Gait,1.0.5,40.3876772,-3.6291348,CB:AA:BC:3F:36:A5,SCKS,0.257813,1.398438,0.539063,41.439999,-165.759995,219.520004,-0.084096,0.588672,-0.308352,488,704,628,1.5207515578759077
2024-04-25 14:17:13.249000+00:00,2024-04-25 14:15:30+00:00,2024-04-25 14:17:30+00:00,TABUENCA01-45,Sensoria-C1-EEA1,Right,Gait,1.0.5,40.3876772,-3.6291348,CB:AA:BC:3F:36:A5,SCKS,0.382813,1.785158,0.15625,28.0,-20.16,198.240005,-0.065408,0.626048,-0.317696,495,710,561,1.832416148267909
2024-04-25 14:17:13.257000+00:00,2024-04-25 14:15:30+00:00,2024-04-25 14:17:30+00:00,TABUENCA01-45,Sensoria-C1-E90A,Left,Gait,1.0.5,40.3876772,-3.6291348,F0:75:B1:51:59:F6,SCKS,0.375,1.843749,-0.03125,-11.2,-16.799999,-165.759995,0.242944,0.766208,-0.168192,402,305,682,1.8817576723640588
2024-04-25 14:17:13.266000+00:00,2024-04-25 14:15:30+00:00,2024-04-25 14:17:30+00:00,TABUENCA01-45,Sensoria-C1-EEA1,Right,Gait,1.0.5,40.3876772,-3.6291348,CB:AA:BC:3F:36:A5,SCKS,0.160156,1.437501,-0.347656,32.48,32.48,187.039993,-0.056064,0.65408,-0.299008,500,711,484,1.4875899178446323
2024-04-25 14:17:13.282000+00:00,2024-04-25 14:15:30+00:00,2024-04-25 14:17:30+00:00,TABUENCA01-45,Sensoria-C1-EEA1,Right,Gait,1.0.5,40.3876772,-3.6291348,CB:AA:BC:3F:36:A5,SCKS,0.121094,1.140626,-0.101563,3.36,26.880001,175.839996,-0.056064,0.65408,-0.299008,502,711,430,1.1515235436937448
2024-04-25 14:17:13.289000+00:00,2024-04-25 14:15:30+00:00,2024-04-25 14:17:30+00:00,TABUENCA01-45,Sensoria-C1-E90A,Left,Gait,1.0.5,40.3876772,-3.6291348,F0:75:B1:51:59:F6,SCKS,0.875,2.218749,-0.1875,-29.120001,-31.360001,-178.080002,0.205568,0.775552,-0.168192,474,361,684,2.3924105782664062
2024-04-25 14:17:13.315000+00:00,2024-04-25 14:15:30+00:00,2024-04-25 14:17:30+00:00,TABUENCA01-45,Sensoria-C1-EEA1,Right,Gait,1.0.5,40.3876772,-3.6291348,CB:AA:BC:3F:36:A5,SCKS,-0.242188,0.816407,-0.261719,-2.24,35.84,159.039993,-0.028032,0.672768,-0.308352,498,714,402,0.890882849736148
2024-04-25 14:17:13.322000+00:00,2024-04-25 14:15:30+00:00,2024-04-25 14:17:30+00:00,TABUENCA01-45,Sensoria-C1-E90A,Left,Gait,1.0.5,40.3876772,-3.6291348,F0:75:B1:51:59:F6,SCKS,0.5625,2.031249,-0.53125,-36.959999,-101.919998,-224.0,0.14016,0.79424,-0.18688,568,445,687,2.1736157232825217
2024-04-25 14:17:13.331000+00:00,2024-04-25 14:15:30+00:00,2024-04-25 14:17:30+00:00,TABUENCA01-45,Sensoria-C1-EEA1,Right,Gait,1.0.5,40.3876772,-3.6291348,CB:AA:BC:3F:36:A5,SCKS,0.167969,0.988282,-0.054688,4.48,-11.2,119.840004,-0.028032,0.691456,-0.299008,489,716,381,1.0039450551842963
2024-04-25 14:17:13.338000+00:00,2024-04-25 14:15:30+00:00,2024-04-25 14:17:30+00:00,TABUENCA01-45,Sensoria-C1-E90A,Left,Gait,1.0.5,40.3876772,-3.6291348,F0:75:B1:51:59:F6,SCKS,0.5,1.093749,-0.40625,-5.6,6.72,-257.600006,0.09344,0.79424,-0.177536,626,503,690,1.2693801390840336
2024-04-25 14:17:13.348000+00:00,2024-04-25 14:15:30+00:00,2024-04-25 14:17:30+00:00,TABUENCA01-45,Sensoria-C1-EEA1,Right,Gait,1.0.5,40.3876772,-3.6291348,CB:AA:BC:3F:36:A5,SCKS,-0.050781,0.972657,-0.074219,-10.08,5.6,89.599998,-0.009344,0.7008,-0.299008,482,713,364,0.9768054102895827
2024-04-25 14:17:13.364000+00:00,2024-04-25 14:15:30+00:00,2024-04-25 14:17:30+00:00,TABUENCA01-45,Sensoria-C1-EEA1,Right,Gait,1.0.5,40.3876772,-3.6291348,CB:AA:BC:3F:36:A5,SCKS,-0.09375,0.984376,-0.023438,-13.440001,13.440001,68.32,0.0,0.7008,-0.299008,472,703,355,0.9891079373455659
2024-04-25 14:17:13.371000+00:00,2024-04-25 14:15:30+00:00,2024-04-25 14:17:30+00:00,TABUENCA01-45,Sensoria-C1-E90A,Left,Gait,1.0.5,40.3876772,-3.6291348,F0:75:B1:51:59:F6,SCKS,0.65625,0.40625,-0.34375,12.32,-16.799999,-160.160004,0.018688,0.784896,-0.177536,670,531,692,0.8449066146622359
2024-04-25 14:17:13.396000+00:00,2024-04-25 14:15:30+00:00,2024-04-25 14:17:30+00:00,TABUENCA01-45,Sensoria-C1-EEA1,Right,Gait,1.0.5,40.3876772,-3.6291348,CB:AA:BC:3F:36:A5,SCKS,-0.082031,0.992188,0.042969,-6.72,14.56,50.400002,0.0,0.7008,-0.299008,465,694,348,0.996500098979423
2024-04-25 14:17:13.403000+00:00,2024-04-25 14:15:30+00:00,2024-04-25 14:17:30+00:00,TABUENCA01-45,Sensoria-C1-E90A,Left,Gait,1.0.5,40.3876772,-3.6291348,F0:75:B1:51:59:F6,SCKS,0.0,0.5625,-0.25,7.84,-114.239998,6.72,0.0,0.784896,-0.18688,691,539,691,0.6155536126122565
2024-04-25 14:17:13.412000+00:00,2024-04-25 14:15:30+00:00,2024-04-25 14:17:30+00:00,TABUENCA01-45,Sensoria-C1-EEA1,Right,Gait,1.0.5,40.3876772,-3.6291348,CB:AA:BC:3F:36:A5,SCKS,-0.125,0.972657,0.015625,2.24,8.96,38.080002,0.009344,0.710144,-0.299008,456,684,345,0.9807806993788163
2024-04-25 14:17:13.428000+00:00,2024-04-25 14:15:30+00:00,2024-04-25 14:17:30+00:00,TABUENCA01-45,Sensoria-C1-EEA1,Right,Gait,1.0.5,40.3876772,-3.6291348,CB:AA:BC:3F:36:A5,SCKS,-0.144531,0.980469,-0.046875,2.24,7.84,34.720001,0.018688,0.719488,-0.289664,451,677,346,0.99217233157703
2024-04-25 14:17:13.436000+00:00,2024-04-25 14:15:30+00:00,2024-04-25 14:17:30+00:00,TABUENCA01-45,Sensoria-C1-E90A,Left,Gait,1.0.5,40.3876772,-3.6291348,F0:75:B1:51:59:F6,SCKS,0.78125,0.03125,-0.09375,-6.72,-40.32,119.840004,0.009344,0.79424,-0.18688,697,540,689,0.7874751980221345
2024-04-25 14:17:13.444000+00:00,2024-04-25 14:15:30+00:00,2024-04-25 14:17:30+00:00,TABUENCA01-45,Sensoria-C1-EEA1,Right,Gait,1.0.5,40.3876772,-3.6291348,CB:AA:BC:3F:36:A5,SCKS,-0.152344,0.976563,-0.035156,0.0,5.6,34.720001,0.018688,0.710144,-0.289664,446,670,347,0.9889994598790234
2024-04-25 14:17:13.461000+00:00,2024-04-25 14:15:30+00:00,2024-04-25 14:17:30+00:00,TABUENCA01-45,Sensoria-C1-EEA1,Right,Gait,1.0.5,40.3876772,-3.6291348,CB:AA:BC:3F:36:A5,SCKS,-0.144531,0.980469,-0.125,-2.24,4.48,38.080002,0.018688,0.728832,-0.299008,439,664,351,0.9989162477014778
2024-04-25 14:17:13.469000+00:00,2024-04-25 14:15:30+00:00,2024-04-25 14:17:30+00:00,TABUENCA01-45,Sensoria-C1-E90A,Left,Gait,1.0.5,40.3876772,-3.6291348,F0:75:B1:51:59:F6,SCKS,0.4375,0.09375,-0.03125,-10.08,23.52,159.039993,0.037376,0.79424,-0.177536,700,538,688,0.44852187795022885
2024-04-25 14:17:13.493000+00:00,2024-04-25 14:15:30+00:00,2024-04-25 14:17:30+00:00,TABUENCA01-45,Sensoria-C1-EEA1,Right,Gait,1.0.5,40.3876772,-3.6291348,CB:AA:BC:3F:36:A5,SCKS,-0.097656,0.968751,-0.128906,-8.96,13.440001,40.32,0.018688,0.728832,-0.299008,431,659,356,0.9821567854334663
2024-04-25 14:17:13.501000+00:00,2024-04-25 14:15:30+00:00,2024-04-25 14:17:30+00:00,TABUENCA01-45,Sensoria-C1-E90A,Left,Gait,1.0.5,40.3876772,-3.6291348,F0:75:B1:51:59:F6,SCKS,0.25,0.28125,-0.1875,3.36,50.400002,215.040009,0.065408,0.79424,-0.18688,701,537,686,0.42042575147105343
2024-04-25 14:17:13.510000+00:00,2024-04-25 14:15:30+00:00,2024-04-25 14:17:30+00:00,TABUENCA01-45,Sensoria-C1-EEA1,Right,Gait,1.0.5,40.3876772,-3.6291348,CB:AA:BC:3F:36:A5,SCKS,-0.082031,0.960938,-0.027344,-12.32,17.92,36.959999,0.028032,0.728832,-0.299008,421,652,364,0.9648205113600146
2024-04-25 14:17:13.526000+00:00,2024-04-25 14:15:30+00:00,2024-04-25 14:17:30+00:00,TABUENCA01-45,Sensoria-C1-EEA1,Right,Gait,1.0.5,40.3876772,-3.6291348,CB:AA:BC:3F:36:A5,SCKS,-0.105469,0.980469,-0.019531,-10.08,15.68,34.720001,0.037376,0.728832,-0.289664,412,644,372,0.9863187263167014
2024-04-25 14:17:13.534000+00:00,2024-04-25 14:15:30+00:00,2024-04-25 14:17:30+00:00,TABUENCA01-45,Sensoria-C1-E90A,Left,Gait,1.0.5,40.3876772,-3.6291348,F0:75:B1:51:59:F6,SCKS,0.375,0.6875,-0.25,-4.48,51.52,264.320007,0.149504,0.784896,-0.196224,700,535,685,0.8220591523728691
2024-04-25 14:17:13.542000+00:00,2024-04-25 14:15:30+00:00,2024-04-25 14:17:30+00:00,TABUENCA01-45,Sensoria-C1-EEA1,Right,Gait,1.0.5,40.3876772,-3.6291348,CB:AA:BC:3F:36:A5,SCKS,-0.101563,0.980469,-0.027344,-8.96,14.56,36.959999,0.037376,0.728832,-0.289664,399,633,381,0.9860944159998069
2024-04-25 14:17:13.568000+00:00,2024-04-25 14:15:30+00:00,2024-04-25 14:17:30+00:00,TABUENCA01-45,Sensoria-C1-E90A,Left,Gait,1.0.5,40.3876772,-3.6291348,F0:75:B1:51:59:F6,SCKS,0.3125,0.875,-0.1875,-7.84,76.160004,308.0,0.205568,0.775552,-0.196224,699,534,683,0.9478594305064438
2024-04-25 14:17:13.575000+00:00,2024-04-25 14:15:30+00:00,2024-04-25 14:17:30+00:00,TABUENCA01-45,Sensoria-C1-EEA1,Right,Gait,1.0.5,40.3876772,-3.6291348,CB:AA:BC:3F:36:A5,SCKS,-0.074219,0.972657,-0.054688,-7.84,13.440001,41.439999,0.037376,0.738176,-0.299008,385,624,389,0.9770163135557154
2024-04-25 14:17:13.591000+00:00,2024-04-25 14:15:30+00:00,2024-04-25 14:17:30+00:00,TABUENCA01-45,Sensoria-C1-EEA1,Right,Gait,1.0.5,40.3876772,-3.6291348,CB:AA:BC:3F:36:A5,SCKS,-0.046875,0.972657,-0.035156,-6.72,12.32,42.560001,0.037376,0.738176,-0.299008,372,615,401,0.9744202633412341
2024-04-25 14:17:13.599000+00:00,2024-04-25 14:15:30+00:00,2024-04-25 14:17:30+00:00,TABUENCA01-45,Sensoria-C1-E90A,Left,Gait,1.0.5,40.3876772,-3.6291348,F0:75:B1:51:59:F6,SCKS,0.28125,1.249999,-0.21875,-4.48,84.0,341.600006,0.270976,0.74752,-0.205568,699,535,683,1.299788684748794
2024-04-25 14:17:13.607000+00:00,2024-04-25 14:15:30+00:00,2024-04-25 14:17:30+00:00,TABUENCA01-45,Sensoria-C1-EEA1,Right,Gait,1.0.5,40.3876772,-3.6291348,CB:AA:BC:3F:36:A5,SCKS,-0.039063,0.992188,-0.058594,-5.6,11.2,44.799999,0.04672,0.738176,-0.28032,356,601,412,0.9946839709922947
2024-04-25 14:17:13.624000+00:00,2024-04-25 14:15:30+00:00,2024-04-25 14:17:30+00:00,TABUENCA01-45,Sensoria-C1-EEA1,Right,Gait,1.0.5,40.3876772,-3.6291348,CB:AA:BC:3F:36:A5,SCKS,-0.042969,0.976563,-0.035156,-5.6,13.440001,48.16,0.056064,0.738176,-0.289664,340,589,427,0.9781398531222414
2024-04-25 14:17:13.631000+00:00,2024-04-25 14:15:30+00:00,2024-04-25 14:17:30+00:00,TABUENCA01-45,Sensoria-C1-E90A,Left,Gait,1.0.5,40.3876772,-3.6291348,F0:75:B1:51:59:F6,SCKS,0.375,1.781249,-0.1875,-7.84,80.639999,366.23999,0.32704,0.719488,-0.214912,698,534,682,1.8299260230951961
2024-04-25 14:17:13.647000+00:00,2024-04-25 14:15:30+00:00,2024-04-25 14:17:30+00:00,TABUENCA01-45,Sensoria-C1-E90A,Left,Gait,1.0.5,40.3876772,-3.6291348,F0:75:B1:51:59:F6,SCKS,-0.25,2.874999,0.0,-11.2,109.760002,399.839996,0.439168,0.626048,-0.2336,697,533,682,2.8858480989132116
2024-04-25 14:17:13.656000+00:00,2024-04-25 14:15:30+00:00,2024-04-25 14:17:30+00:00,TABUENCA01-45,Sensoria-C1-EEA1,Right,Gait,1.0.5,40.3876772,-3.6291348,CB:AA:BC:3F:36:A5,SCKS,-0.011719,1.011719,-0.015625,-1.12,11.2,57.119999,0.056064,0.74752,-0.28032,314,567,450,1.0119075108659883
2024-04-25 14:17:13.672000+00:00,2024-04-25 14:15:30+00:00,2024-04-25 14:17:30+00:00,TABUENCA01-45,Sensoria-C1-EEA1,Right,Gait,1.0.5,40.3876772,-3.6291348,CB:AA:BC:3F:36:A5,SCKS,-0.019531,1.050782,-0.046875,6.72,6.72,60.48,0.065408,0.74752,-0.28032,294,551,472,1.0520083350953071
2024-04-25 14:17:13.680000+00:00,2024-04-25 14:15:30+00:00,2024-04-25 14:17:30+00:00,TABUENCA01-45,Sensoria-C1-E90A,Left,Gait,1.0.5,40.3876772,-3.6291348,F0:75:B1:51:59:F6,SCKS,-0.8125,2.781249,-0.53125,-36.959999,61.599998,362.880005,0.476544,0.56064,-0.252288,695,531,682,2.9457985016801467
2024-04-25 14:17:13.689000+00:00,2024-04-25 14:15:30+00:00,2024-04-25 14:17:30+00:00,TABUENCA01-45,Sensoria-C1-EEA1,Right,Gait,1.0.5,40.3876772,-3.6291348,CB:AA:BC:3F:36:A5,SCKS,-0.03125,1.070313,-0.003906,13.440001,3.36,67.199997,0.074752,0.74752,-0.28032,271,530,504,1.0707762312009919
2024-04-25 14:17:13.705000+00:00,2024-04-25 14:15:30+00:00,2024-04-25 14:17:30+00:00,TABUENCA01-45,Sensoria-C1-EEA1,Right,Gait,1.0.5,40.3876772,-3.6291348,CB:AA:BC:3F:36:A5,SCKS,-0.089844,1.148438,0.007813,11.2,1.12,79.519997,0.084096,0.766208,-0.28032,254,509,547,1.1519734489774494
2024-04-25 14:17:13.713000+00:00,2024-04-25 14:15:30+00:00,2024-04-25 14:17:30+00:00,TABUENCA01-45,Sensoria-C1-E90A,Left,Gait,1.0.5,40.3876772,-3.6291348,F0:75:B1:51:59:F6,SCKS,-2.906248,1.499999,-0.53125,7.84,41.439999,228.479996,0.504576,0.495232,-0.261632,694,532,682,3.3133821089643436
2024-04-25 14:17:13.721000+00:00,2024-04-25 14:15:30+00:00,2024-04-25 14:17:30+00:00,TABUENCA01-45,Sensoria-C1-EEA1,Right,Gait,1.0.5,40.3876772,-3.6291348,CB:AA:BC:3F:36:A5,SCKS,-0.042969,1.175782,0.050781,5.6,-5.6,94.080002,0.084096,0.766208,-0.28032,236,489,595,1.17766224209066
2024-04-25 14:17:13.753000+00:00,2024-04-25 14:15:30+00:00,2024-04-25 14:17:30+00:00,TABUENCA01-45,Sensoria-C1-EEA1,Right,Gait,1.0.5,40.3876772,-3.6291348,CB:AA:BC:3F:36:A5,SCKS,-0.09375,1.23047,0.035156,-10.08,-11.2,106.400002,0.102784,0.766208,-0.28032,219,469,631,1.2345369284618422
2024-04-25 14:17:13.761000+00:00,2024-04-25 14:15:30+00:00,2024-04-25 14:17:30+00:00,TABUENCA01-45,Sensoria-C1-E90A,Left,Gait,1.0.5,40.3876772,-3.6291348,F0:75:B1:51:59:F6,SCKS,-3.031248,1.437499,-0.3125,14.56,-87.360001,34.720001,0.51392,0.4672,-0.261632,693,532,687,3.36935068856078
2024-04-25 14:17:13.772000+00:00,2024-04-25 14:15:30+00:00,2024-04-25 14:17:30+00:00,TABUENCA01-45,Sensoria-C1-EEA1,Right,Gait,1.0.5,40.3876772,-3.6291348,CB:AA:BC:3F:36:A5,SCKS,-0.148438,1.343751,-0.074219,-19.040001,-15.68,123.199997,0.121472,0.775552,-0.28032,207,455,658,1.3539605052607702
2024-04-25 14:17:13.781000+00:00,2024-04-25 14:15:30+00:00,2024-04-25 14:17:30+00:00,TABUENCA01-45,Sensoria-C1-E90A,Left,Gait,1.0.5,40.3876772,-3.6291348,F0:75:B1:51:59:F6,SCKS,0.90625,0.875,0.375,12.32,60.48,-161.279999,0.51392,0.485888,-0.252288,691,531,684,1.3143588028008182
2024-04-25 14:17:13.786000+00:00,2024-04-25 14:15:30+00:00,2024-04-25 14:17:30+00:00,TABUENCA01-45,Sensoria-C1-EEA1,Right,Gait,1.0.5,40.3876772,-3.6291348,CB:AA:BC:3F:36:A5,SCKS,-0.136719,1.460939,-0.148438,-23.52,-10.08,140.0,0.14016,0.784896,-0.28032,197,447,678,1.4748114071046508
2024-04-25 14:17:13.803000+00:00,2024-04-25 14:15:30+00:00,2024-04-25 14:17:30+00:00,TABUENCA01-45,Sensoria-C1-EEA1,Right,Gait,1.0.5,40.3876772,-3.6291348,CB:AA:BC:3F:36:A5,SCKS,-0.265625,1.679689,0.027344,-29.120001,0.0,157.919998,0.158848,0.784896,-0.289664,192,444,688,1.700782017685394
2024-04-25 14:17:13.809000+00:00,2024-04-25 14:15:30+00:00,2024-04-25 14:17:30+00:00,TABUENCA01-45,Sensoria-C1-E90A,Left,Gait,1.0.5,40.3876772,-3.6291348,F0:75:B1:51:59:F6,SCKS,-0.53125,1.124999,0.59375,60.48,145.600006,-202.720001,0.504576,0.51392,-0.261632,697,533,654,1.3785457464302735
2024-04-25 14:17:13.834000+00:00,2024-04-25 14:15:30+00:00,2024-04-25 14:17:30+00:00,TABUENCA01-45,Sensoria-C1-EEA1,Right,Gait,1.0.5,40.3876772,-3.6291348,CB:AA:BC:3F:36:A5,SCKS,-0.539063,1.988283,0.265625,-33.599998,15.68,179.199997,0.196224,0.803584,-0.289664,193,455,690,2.077116955465676
2024-04-25 14:17:13.842000+00:00,2024-04-25 14:15:30+00:00,2024-04-25 14:17:30+00:00,TABUENCA01-45,Sensoria-C1-E90A,Left,Gait,1.0.5,40.3876772,-3.6291348,F0:75:B1:51:59:F6,SCKS,-0.1875,1.812499,-0.21875,71.68,15.68,-176.960007,0.485888,0.551296,-0.28032,694,537,554,1.835254869902543
2024-04-25 14:17:13.851000+00:00,2024-04-25 14:15:30+00:00,2024-04-25 14:17:30+00:00,TABUENCA01-45,Sensoria-C1-EEA1,Right,Gait,1.0.5,40.3876772,-3.6291348,CB:AA:BC:3F:36:A5,SCKS,-0.968751,1.996095,0.386719,-50.400002,43.68,204.960007,0.196224,0.803584,-0.289664,203,472,693,2.252204549766073
2024-04-25 14:17:13.867000+00:00,2024-04-25 14:15:30+00:00,2024-04-25 14:17:30+00:00,TABUENCA01-45,Sensoria-C1-EEA1,Right,Gait,1.0.5,40.3876772,-3.6291348,CB:AA:BC:3F:36:A5,SCKS,-0.707032,1.996095,0.132813,-58.240002,44.799999,237.440002,0.2336,0.803584,-0.299008,233,502,693,2.121774915257978
2024-04-25 14:17:13.874000+00:00,2024-04-25 14:15:30+00:00,2024-04-25 14:17:30+00:00,TABUENCA01-45,Sensoria-C1-E90A,Left,Gait,1.0.5,40.3876772,-3.6291348,F0:75:B1:51:59:F6,SCKS,-0.40625,1.499999,0.15625,64.959999,2.24,-180.320007,0.4672,0.579328,-0.28032,694,542,443,1.5618739145657694
2024-04-25 14:17:13.883000+00:00,2024-04-25 14:15:30+00:00,2024-04-25 14:17:30+00:00,TABUENCA01-45,Sensoria-C1-EEA1,Right,Gait,1.0.5,40.3876772,-3.6291348,CB:AA:BC:3F:36:A5,SCKS,-0.738282,1.996095,-0.535157,-28.0,19.040001,272.160004,0.28032,0.803584,-0.308352,283,552,692,2.194504175251895
2024-04-25 14:17:13.907000+00:00,2024-04-25 14:15:30+00:00,2024-04-25 14:17:30+00:00,TABUENCA01-45,Sensoria-C1-E90A,Left,Gait,1.0.5,40.3876772,-3.6291348,F0:75:B1:51:59:F6,SCKS,-0.0625,1.062499,-0.21875,64.959999,-15.68,-118.720001,0.429824,0.626048,-0.252288,683,549,389,1.0865826878342026
2024-04-25 14:17:13.916000+00:00,2024-04-25 14:15:30+00:00,2024-04-25 14:17:30+00:00,TABUENCA01-45,Sensoria-C1-EEA1,Right,Gait,1.0.5,40.3876772,-3.6291348,CB:AA:BC:3F:36:A5,SCKS,-0.542969,1.996095,-0.59375,-8.96,-60.48,296.799988,0.32704,0.803584,-0.299008,344,608,689,2.152150005572567
2024-04-25 14:17:13.932000+00:00,2024-04-25 14:15:30+00:00,2024-04-25 14:17:30+00:00,TABUENCA01-45,Sensoria-C1-EEA1,Right,Gait,1.0.5,40.3876772,-3.6291348,CB:AA:BC:3F:36:A5,SCKS,-0.292969,0.65625,-0.578125,26.880001,-56.0,284.480011,0.37376,0.803584,-0.289664,408,654,689,0.9223466881200365
2024-04-25 14:17:13.939000+00:00,2024-04-25 14:15:30+00:00,2024-04-25 14:17:30+00:00,TABUENCA01-45,Sensoria-C1-E90A,Left,Gait,1.0.5,40.3876772,-3.6291348,F0:75:B1:51:59:F6,SCKS,0.09375,0.968749,-0.1875,26.880001,-47.040001,-54.880001,0.42048,0.644736,-0.2336,666,542,355,0.9911709930688044
2024-04-25 14:17:13.948000+00:00,2024-04-25 14:15:30+00:00,2024-04-25 14:17:30+00:00,TABUENCA01-45,Sensoria-C1-EEA1,Right,Gait,1.0.5,40.3876772,-3.6291348,CB:AA:BC:3F:36:A5,SCKS,-0.351563,0.140625,-0.800782,17.92,60.48,165.759995,0.37376,0.803584,-0.289664,448,681,687,0.8857898989704048
2024-04-25 14:17:13.964000+00:00,2024-04-25 14:15:30+00:00,2024-04-25 14:17:30+00:00,TABUENCA01-45,Sensoria-C1-EEA1,Right,Gait,1.0.5,40.3876772,-3.6291348,CB:AA:BC:3F:36:A5,SCKS,-0.976563,0.492188,-0.464844,2.24,184.800003,49.279999,0.411136,0.79424,-0.289664,466,692,684,1.1882778566686327
2024-04-25 14:17:13.972000+00:00,2024-04-25 14:15:30+00:00,2024-04-25 14:17:30+00:00,TABUENCA01-45,Sensoria-C1-E90A,Left,Gait,1.0.5,40.3876772,-3.6291348,F0:75:B1:51:59:F6,SCKS,0.15625,0.999999,-0.09375,11.2,-35.84,-21.280001,0.411136,0.644736,-0.242944,650,529,339,1.0164650141549387
2024-04-25 14:17:13.981000+00:00,2024-04-25 14:15:30+00:00,2024-04-25 14:17:30+00:00,TABUENCA01-45,Sensoria-C1-EEA1,Right,Gait,1.0.5,40.3876772,-3.6291348,CB:AA:BC:3F:36:A5,SCKS,-1.210938,0.179688,-0.105469,-38.080002,144.479996,-38.080002,0.411136,0.79424,-0.299008,475,700,685,1.2287319997253265
2024-04-25 14:17:13.988000+00:00,2024-04-25 14:15:30+00:00,2024-04-25 14:17:30+00:00,TABUENCA01-45,Sensoria-C1-E90A,Left,Gait,1.0.5,40.3876772,-3.6291348,F0:75:B1:51:59:F6,SCKS,0.1875,0.968749,-0.09375,-2.24,-25.76,-12.32,0.401792,0.65408,-0.224256,632,516,339,0.9911709930688044
2024-04-25 14:17:14.013000+00:00,2024-04-25 14:15:30+00:00,2024-04-25 14:17:30+00:00,TABUENCA01-45,Sensoria-C1-EEA1,Right,Gait,1.0.5,40.3876772,-3.6291348,CB:AA:BC:3F:36:A5,SCKS,-0.648438,-0.109375,0.027344,-19.040001,64.959999,-68.32,0.401792,0.803584,-0.32704,480,703,683,0.6581659553676412
2024-04-25 14:17:14.021000+00:00,2024-04-25 14:15:30+00:00,2024-04-25 14:17:30+00:00,TABUENCA01-45,Sensoria-C1-E90A,Left,Gait,1.0.5,40.3876772,-3.6291348,F0:75:B1:51:59:F6,SCKS,0.21875,0.9375,-0.1875,-3.36,-17.92,-13.440001,0.401792,0.65408,-0.224256,627,511,351,0.980772176654701
2024-04-25 14:17:14.030000+00:00,2024-04-25 14:15:30+00:00,2024-04-25 14:17:30+00:00,TABUENCA01-45,Sensoria-C1-EEA1,Right,Gait,1.0.5,40.3876772,-3.6291348,CB:AA:BC:3F:36:A5,SCKS,-0.429688,-0.078125,-0.035156,21.280001,17.92,-108.639999,0.383104,0.803584,-0.308352,482,705,680,0.43814522398971784
2024-04-25 14:17:14.046000+00:00,2024-04-25 14:15:30+00:00,2024-04-25 14:17:30+00:00,TABUENCA01-45,Sensoria-C1-EEA1,Right,Gait,1.0.5,40.3876772,-3.6291348,CB:AA:BC:3F:36:A5,SCKS,-0.503907,0.109375,-0.113281,36.959999,2.24,-154.559998,0.383104,0.803584,-0.308352,481,703,681,0.5279372502816977
2024-04-25 14:17:14.053000+00:00,2024-04-25 14:15:30+00:00,2024-04-25 14:17:30+00:00,TABUENCA01-45,Sensoria-C1-E90A,Left,Gait,1.0.5,40.3876772,-3.6291348,F0:75:B1:51:59:F6,SCKS,0.1875,0.9375,-0.25,-11.2,-24.639999,-15.68,0.411136,0.663424,-0.214912,618,506,376,0.9882117688026185
2024-04-25 14:17:14.062000+00:00,2024-04-25 14:15:30+00:00,2024-04-25 14:17:30+00:00,TABUENCA01-45,Sensoria-C1-EEA1,Right,Gait,1.0.5,40.3876772,-3.6291348,CB:AA:BC:3F:36:A5,SCKS,-0.496094,0.277344,-0.105469,32.48,-20.16,-196.0,0.355072,0.812928,-0.308352,482,704,679,0.5780593923923388
2024-04-25 14:17:14.086000+00:00,2024-04-25 14:15:30+00:00,2024-04-25 14:17:30+00:00,TABUENCA01-45,Sensoria-C1-E90A,Left,Gait,1.0.5,40.3876772,-3.6291348,F0:75:B1:51:59:F6,SCKS,0.15625,0.9375,-0.09375,-8.96,-26.880001,-12.32,0.401792,0.663424,-0.224256,604,497,401,0.9550441743710079
2024-04-25 14:17:14.094000+00:00,2024-04-25 14:15:30+00:00,2024-04-25 14:17:30+00:00,TABUENCA01-45,Sensoria-C1-EEA1,Right,Gait,1.0.5,40.3876772,-3.6291348,CB:AA:BC:3F:36:A5,SCKS,-0.460938,0.378907,-0.074219,31.360001,-44.799999,-237.440002,0.317696,0.812928,-0.308352,480,703,679,0.601284304180643
2024-04-25 14:17:14.111000+00:00,2024-04-25 14:15:30+00:00,2024-04-25 14:17:30+00:00,TABUENCA01-45,Sensoria-C1-EEA1,Right,Gait,1.0.5,40.3876772,-3.6291348,CB:AA:BC:3F:36:A5,SCKS,-0.441407,0.574219,-0.09375,38.080002,-71.68,-271.040009,0.261632,0.803584,-0.299008,482,702,678,0.7303127152870886
2024-04-25 14:17:14.118000+00:00,2024-04-25 14:15:30+00:00,2024-04-25 14:17:30+00:00,TABUENCA01-45,Sensoria-C1-E90A,Left,Gait,1.0.5,40.3876772,-3.6291348,F0:75:B1:51:59:F6,SCKS,0.1875,0.9375,-0.1875,-4.48,-26.880001,-17.92,0.401792,0.672768,-0.224256,588,486,424,0.9742785792574935
2024-04-25 14:17:14.127000+00:00,2024-04-25 14:15:30+00:00,2024-04-25 14:17:30+00:00,TABUENCA01-45,Sensoria-C1-EEA1,Right,Gait,1.0.5,40.3876772,-3.6291348,CB:AA:BC:3F:36:A5,SCKS,-0.40625,0.800782,-0.109375,36.959999,-85.120003,-300.160004,0.214912,0.803584,-0.289664,482,701,678,0.9045738027651475
2024-04-25 14:17:14.143000+00:00,2024-04-25 14:15:30+00:00,2024-04-25 14:17:30+00:00,TABUENCA01-45,Sensoria-C1-EEA1,Right,Gait,1.0.5,40.3876772,-3.6291348,CB:AA:BC:3F:36:A5,SCKS,-0.320313,1.082032,-0.136719,31.360001,-88.480003,-328.160004,0.214912,0.803584,-0.289664,478,701,678,1.1366994994078252
2024-04-25 14:17:14.151000+00:00,2024-04-25 14:15:30+00:00,2024-04-25 14:17:30+00:00,TABUENCA01-45,Sensoria-C1-E90A,Left,Gait,1.0.5,40.3876772,-3.6291348,F0:75:B1:51:59:F6,SCKS,0.125,0.9375,-0.15625,0.0,-29.120001,-28.0,0.383104,0.672768,-0.214912,557,461,462,0.9586163531361229
2024-04-25 14:17:14.176000+00:00,2024-04-25 14:15:30+00:00,2024-04-25 14:17:30+00:00,TABUENCA01-45,Sensoria-C1-EEA1,Right,Gait,1.0.5,40.3876772,-3.6291348,CB:AA:BC:3F:36:A5,SCKS,-0.34375,1.394532,-0.152344,17.92,-73.919998,-352.799988,0.158848,0.784896,-0.299008,479,699,676,1.4443310755709717
2024-04-25 14:17:14.184000+00:00,2024-04-25 14:15:30+00:00,2024-04-25 14:17:30+00:00,TABUENCA01-45,Sensoria-C1-E90A,Left,Gait,1.0.5,40.3876772,-3.6291348,F0:75:B1:51:59:F6,SCKS,0.09375,0.9375,-0.15625,5.6,-32.48,-34.720001,0.383104,0.682112,-0.224256,533,440,485,0.9550441743710079
2024-04-25 14:17:14.192000+00:00,2024-04-25 14:15:30+00:00,2024-04-25 14:17:30+00:00,TABUENCA01-45,Sensoria-C1-EEA1,Right,Gait,1.0.5,40.3876772,-3.6291348,CB:AA:BC:3F:36:A5,SCKS,-0.378907,1.839845,-0.035156,0.0,-36.959999,-367.360016,0.09344,0.756864,-0.299008,480,699,676,1.8787858001938378
2024-04-25 14:17:14.209000+00:00,2024-04-25 14:15:30+00:00,2024-04-25 14:17:30+00:00,TABUENCA01-45,Sensoria-C1-EEA1,Right,Gait,1.0.5,40.3876772,-3.6291348,CB:AA:BC:3F:36:A5,SCKS,-0.214844,1.996095,-0.039063,7.84,-24.639999,-376.320007,0.037376,0.719488,-0.299008,478,699,677,2.008003762777849
2024-04-25 14:17:14.216000+00:00,2024-04-25 14:15:30+00:00,2024-04-25 14:17:30+00:00,TABUENCA01-45,Sensoria-C1-E90A,Left,Gait,1.0.5,40.3876772,-3.6291348,F0:75:B1:51:59:F6,SCKS,0.0625,0.968749,-0.15625,10.08,-41.439999,-39.200001,0.37376,0.682112,-0.214912,508,415,509,0.9832573099148564
2024-04-25 14:17:14.225000+00:00,2024-04-25 14:15:30+00:00,2024-04-25 14:17:30+00:00,TABUENCA01-45,Sensoria-C1-EEA1,Right,Gait,1.0.5,40.3876772,-3.6291348,CB:AA:BC:3F:36:A5,SCKS,0.269531,1.996095,-0.425782,43.68,-44.799999,-388.640015,-0.018688,0.672768,-0.289664,478,698,675,2.0587210885668803
2024-04-25 14:17:14.241000+00:00,2024-04-25 14:15:30+00:00,2024-04-25 14:17:30+00:00,TABUENCA01-45,Sensoria-C1-EEA1,Right,Gait,1.0.5,40.3876772,-3.6291348,CB:AA:BC:3F:36:A5,SCKS,1.101563,1.996095,-0.269531,23.52,8.96,-374.079987,-0.056064,0.626048,-0.299008,478,699,676,2.2957533081659713
2024-04-25 14:17:14.249000+00:00,2024-04-25 14:15:30+00:00,2024-04-25 14:17:30+00:00,TABUENCA01-45,Sensoria-C1-E90A,Left,Gait,1.0.5,40.3876772,-3.6291348,F0:75:B1:51:59:F6,SCKS,0.09375,0.999999,-0.1875,14.56,-54.880001,-43.68,0.364416,0.7008,-0.196224,479,388,537,1.0217354415410087
2024-04-25 14:17:14.274000+00:00,2024-04-25 14:15:30+00:00,2024-04-25 14:17:30+00:00,TABUENCA01-45,Sensoria-C1-EEA1,Right,Gait,1.0.5,40.3876772,-3.6291348,CB:AA:BC:3F:36:A5,SCKS,1.996095,1.996095,-0.078125,32.48,63.84,-305.76001,-0.056064,0.626048,-0.299008,478,698,678,2.823985483970305
2024-04-25 14:17:14.282000+00:00,2024-04-25 14:15:30+00:00,2024-04-25 14:17:30+00:00,TABUENCA01-45,Sensoria-C1-E90A,Left,Gait,1.0.5,40.3876772,-3.6291348,F0:75:B1:51:59:F6,SCKS,0.125,1.062499,-0.15625,16.799999,-61.599998,-58.240002,0.345728,0.7008,-0.18688,450,359,573,1.081176760525771
2024-04-25 14:17:14.290000+00:00,2024-04-25 14:15:30+00:00,2024-04-25 14:17:30+00:00,TABUENCA01-45,Sensoria-C1-EEA1,Right,Gait,1.0.5,40.3876772,-3.6291348,CB:AA:BC:3F:36:A5,SCKS,1.996095,1.710939,0.210938,53.760002,70.559998,-185.919998,-0.084096,0.579328,-0.28032,478,701,676,2.6374613458001614
2024-04-25 14:17:14.306000+00:00,2024-04-25 14:15:30+00:00,2024-04-25 14:17:30+00:00,TABUENCA01-45,Sensoria-C1-EEA1,Right,Gait,1.0.5,40.3876772,-3.6291348,CB:AA:BC:3F:36:A5,SCKS,1.996095,1.632814,0.277344,57.119999,72.800003,-138.880005,-0.084096,0.551296,-0.270976,477,701,679,2.5937225183039527
2024-04-25 14:17:14.313000+00:00,2024-04-25 14:15:30+00:00,2024-04-25 14:17:30+00:00,TABUENCA01-45,Sensoria-C1-E90A,Left,Gait,1.0.5,40.3876772,-3.6291348,F0:75:B1:51:59:F6,SCKS,0.15625,1.156249,-0.125,11.2,-52.639999,-84.0,0.32704,0.710144,-0.177536,420,331,619,1.173435474366188
2024-04-25 14:17:14.322000+00:00,2024-04-25 14:15:30+00:00,2024-04-25 14:17:30+00:00,TABUENCA01-45,Sensoria-C1-EEA1,Right,Gait,1.0.5,40.3876772,-3.6291348,CB:AA:BC:3F:36:A5,SCKS,1.996095,1.656251,1.019532,21.280001,54.880001,2.24,-0.084096,0.551296,-0.28032,476,703,682,2.7869352563434266
2024-04-25 14:17:14.330000+00:00,2024-04-25 14:15:30+00:00,2024-04-25 14:17:30+00:00,TABUENCA01-45,Sensoria-C1-E90A,Left,Gait,1.0.5,40.3876772,-3.6291348,F0:75:B1:51:59:F6,SCKS,0.15625,1.218749,-0.09375,10.08,-32.48,-107.520004,0.308352,0.728832,-0.168192,391,311,652,1.232295520563554
2024-04-25 14:17:14.355000+00:00,2024-04-25 14:15:30+00:00,2024-04-25 14:17:30+00:00,TABUENCA01-45,Sensoria-C1-EEA1,Right,Gait,1.0.5,40.3876772,-3.6291348,CB:AA:BC:3F:36:A5,SCKS,0.667969,1.238282,0.800782,11.2,-70.559998,118.720001,-0.084096,0.551296,-0.28032,477,702,680,1.618881313750023
2024-04-25 14:17:14.362000+00:00,2024-04-25 14:15:30+00:00,2024-04-25 14:17:30+00:00,TABUENCA01-45,Sensoria-C1-E90A,Left,Gait,1.0.5,40.3876772,-3.6291348,F0:75:B1:51:59:F6,SCKS,0.1875,1.374999,-0.25,13.440001,-22.4,-129.919998,0.289664,0.738176,-0.168192,370,301,670,1.4100632964519715
2024-04-25 14:17:14.371000+00:00,2024-04-25 14:15:30+00:00,2024-04-25 14:17:30+00:00,TABUENCA01-45,Sensoria-C1-EEA1,Right,Gait,1.0.5,40.3876772,-3.6291348,CB:AA:BC:3F:36:A5,SCKS,-2.000001,1.16797,0.328125,53.760002,-212.800003,109.760002,-0.084096,0.569984,-0.28032,482,700,664,2.3391930096779103
2024-04-25 14:17:14.387000+00:00,2024-04-25 14:15:30+00:00,2024-04-25 14:17:30+00:00,TABUENCA01-45,Sensoria-C1-EEA1,Right,Gait,1.0.5,40.3876772,-3.6291348,CB:AA:BC:3F:36:A5,SCKS,0.792969,1.316407,0.707032,61.599998,-207.199997,224.0,-0.084096,0.588672,-0.308352,489,705,626,1.6916327833291716
2024-04-25 14:17:14.395000+00:00,2024-04-25 14:15:30+00:00,2024-04-25 14:17:30+00:00,TABUENCA01-45,Sensoria-C1-E90A,Left,Gait,1.0.5,40.3876772,-3.6291348,F0:75:B1:51:59:F6,SCKS,0.34375,1.656249,-0.09375,4.48,-30.24,-151.199997,0.2336,0.756864,-0.158848,369,318,677,1.6941410434202344
2024-04-25 14:17:14.404000+00:00,2024-04-25 14:15:30+00:00,2024-04-25 14:17:30+00:00,TABUENCA01-45,Sensoria-C1-EEA1,Right,Gait,1.0.5,40.3876772,-3.6291348,CB:AA:BC:3F:36:A5,SCKS,0.488282,1.835939,0.121094,41.439999,-19.040001,209.440002,-0.065408,0.626048,-0.32704,495,710,560,1.9036163164043851
2024-04-25 14:17:14.420000+00:00,2024-04-25 14:15:30+00:00,2024-04-25 14:17:30+00:00,TABUENCA01-45,Sensoria-C1-EEA1,Right,Gait,1.0.5,40.3876772,-3.6291348,CB:AA:BC:3F:36:A5,SCKS,0.039063,1.437501,-0.460938,43.68,41.439999,185.919998,-0.04672,0.65408,-0.308352,497,712,481,1.510098964576163
2024-04-25 14:17:14.428000+00:00,2024-04-25 14:15:30+00:00,2024-04-25 14:17:30+00:00,TABUENCA01-45,Sensoria-C1-E90A,Left,Gait,1.0.5,40.3876772,-3.6291348,F0:75:B1:51:59:F6,SCKS,0.9375,2.281249,0.0625,-15.68,-40.32,-193.759995,0.196224,0.775552,-0.177536,423,370,681,2.4671662894910424
2024-04-25 14:17:14.453000+00:00,2024-04-25 14:15:30+00:00,2024-04-25 14:17:30+00:00,TABUENCA01-45,Sensoria-C1-EEA1,Right,Gait,1.0.5,40.3876772,-3.6291348,CB:AA:BC:3F:36:A5,SCKS,0.113281,1.207032,-0.160156,7.84,6.72,171.360001,-0.04672,0.65408,-0.308352,499,716,426,1.2228690765249568
2024-04-25 14:17:14.459000+00:00,2024-04-25 14:15:30+00:00,2024-04-25 14:17:30+00:00,TABUENCA01-45,Sensoria-C1-E90A,Left,Gait,1.0.5,40.3876772,-3.6291348,F0:75:B1:51:59:F6,SCKS,0.625,1.999999,-0.1875,-35.84,-73.919998,-220.639999,0.168192,0.775552,-0.168192,500,427,682,2.1037531342819196
2024-04-25 14:17:14.484000+00:00,2024-04-25 14:15:30+00:00,2024-04-25 14:17:30+00:00,TABUENCA01-45,Sensoria-C1-EEA1,Right,Gait,1.0.5,40.3876772,-3.6291348,CB:AA:BC:3F:36:A5,SCKS,0.070313,0.847657,-0.117188,6.72,-7.84,127.68,-0.028032,0.672768,-0.317696,495,718,390,0.8586031300676698
2024-04-25 14:17:14.485000+00:00,2024-04-25 14:15:30+00:00,2024-04-25 14:17:30+00:00,TABUENCA01-45,Sensoria-C1-EEA1,Right,Gait,1.0.5,40.3876772,-3.6291348,CB:AA:BC:3F:36:A5,SCKS,-0.023438,0.949219,0.058594,-11.2,22.4,113.120003,-0.018688,0.691456,-0.317696,484,717,366,0.9513145151005529
2024-04-25 14:17:14.492000+00:00,2024-04-25 14:15:30+00:00,2024-04-25 14:17:30+00:00,TABUENCA01-45,Sensoria-C1-E90A,Left,Gait,1.0.5,40.3876772,-3.6291348,F0:75:B1:51:59:F6,SCKS,0.625,1.093749,-0.40625,3.36,30.24,-260.959991,0.065408,0.79424,-0.196224,607,509,688,1.3236128351980425
2024-04-25 14:17:14.501000+00:00,2024-04-25 14:15:30+00:00,2024-04-25 14:17:30+00:00,TABUENCA01-45,Sensoria-C1-EEA1,Right,Gait,1.0.5,40.3876772,-3.6291348,CB:AA:BC:3F:36:A5,SCKS,-0.054688,0.968751,-0.082031,-11.2,15.68,87.360001,0.0,0.7008,-0.317696,473,709,352,0.973754775241693
2024-04-25 14:17:14.524000+00:00,2024-04-25 14:15:30+00:00,2024-04-25 14:17:30+00:00,TABUENCA01-45,Sensoria-C1-E90A,Left,Gait,1.0.5,40.3876772,-3.6291348,F0:75:B1:51:59:F6,SCKS,0.84375,0.25,-0.21875,2.24,-8.96,-169.119995,0.028032,0.79424,-0.177536,656,536,688,0.9067886330341818
2024-04-25 14:17:14.533000+00:00,2024-04-25 14:15:30+00:00,2024-04-25 14:17:30+00:00,TABUENCA01-45,Sensoria-C1-EEA1,Right,Gait,1.0.5,40.3876772,-3.6291348,CB:AA:BC:3F:36:A5,SCKS,-0.082031,0.964844,0.03125,-13.440001,21.280001,66.080002,0.009344,0.710144,-0.308352,465,697,342,0.9688289796434664
2024-04-25 14:17:14.550000+00:00,2024-04-25 14:15:30+00:00,2024-04-25 14:17:30+00:00,TABUENCA01-45,Sensoria-C1-EEA1,Right,Gait,1.0.5,40.3876772,-3.6291348,CB:AA:BC:3F:36:A5,SCKS,-0.09375,0.988282,0.054688,-3.36,15.68,45.920002,0.009344,0.710144,-0.317696,458,687,338,0.9942238939836439
2024-04-25 14:17:14.557000+00:00,2024-04-25 14:15:30+00:00,2024-04-25 14:17:30+00:00,TABUENCA01-45,Sensoria-C1-E90A,Left,Gait,1.0.5,40.3876772,-3.6291348,F0:75:B1:51:59:F6,SCKS,-0.46875,0.5,-0.4375,11.2,-72.800003,-91.840004,0.009344,0.784896,-0.177536,680,542,688,0.8131007394536055
2024-04-25 14:17:14.566000+00:00,2024-04-25 14:15:30+00:00,2024-04-25 14:17:30+00:00,TABUENCA01-45,Sensoria-C1-EEA1,Right,Gait,1.0.5,40.3876772,-3.6291348,CB:AA:BC:3F:36:A5,SCKS,-0.140625,0.976563,-0.027344,5.6,5.6,33.599998,0.009344,0.710144,-0.317696,452,680,338,0.9870148823244763
2024-04-25 14:17:14.582000+00:00,2024-04-25 14:15:30+00:00,2024-04-25 14:17:30+00:00,TABUENCA01-45,Sensoria-C1-EEA1,Right,Gait,1.0.5,40.3876772,-3.6291348,CB:AA:BC:3F:36:A5,SCKS,-0.144531,0.960938,-0.070313,2.24,4.48,30.24,0.009344,0.710144,-0.299008,446,676,340,0.9742869021874409
2024-04-25 14:17:14.589000+00:00,2024-04-25 14:15:30+00:00,2024-04-25 14:17:30+00:00,TABUENCA01-45,Sensoria-C1-E90A,Left,Gait,1.0.5,40.3876772,-3.6291348,F0:75:B1:51:59:F6,SCKS,0.5,0.125,-0.21875,-25.76,-51.52,104.160004,0.009344,0.784896,-0.18688,690,542,684,0.5598897770990287
2024-04-25 14:17:14.614000+00:00,2024-04-25 14:15:30+00:00,2024-04-25 14:17:30+00:00,TABUENCA01-45,Sensoria-C1-EEA1,Right,Gait,1.0.5,40.3876772,-3.6291348,CB:AA:BC:3F:36:A5,SCKS,-0.160156,0.968751,-0.046875,1.12,1.12,29.120001,0.018688,0.719488,-0.299008,442,670,344,0.9830186722346631
2024-04-25 14:17:14.622000+00:00,2024-04-25 14:15:30+00:00,2024-04-25 14:17:30+00:00,TABUENCA01-45,Sensoria-C1-E90A,Left,Gait,1.0.5,40.3876772,-3.6291348,F0:75:B1:51:59:F6,SCKS,0.5,-0.0625,-0.125,-12.32,1.12,179.199997,0.04672,0.79424,-0.18688,695,541,684,0.5191639914323797
2024-04-25 14:17:14.631000+00:00,2024-04-25 14:15:30+00:00,2024-04-25 14:17:30+00:00,TABUENCA01-45,Sensoria-C1-EEA1,Right,Gait,1.0.5,40.3876772,-3.6291348,CB:AA:BC:3F:36:A5,SCKS,-0.148438,0.960938,-0.164063,-1.12,1.12,31.360001,0.028032,0.719488,-0.308352,439,667,350,0.9860792806143935
2024-04-25 14:17:14.647000+00:00,2024-04-25 14:15:30+00:00,2024-04-25 14:17:30+00:00,TABUENCA01-45,Sensoria-C1-EEA1,Right,Gait,1.0.5,40.3876772,-3.6291348,CB:AA:BC:3F:36:A5,SCKS,-0.113281,0.960938,-0.140625,-7.84,12.32,33.599998,0.028032,0.719488,-0.308352,434,665,357,0.9777575442971534
2024-04-25 14:17:14.654000+00:00,2024-04-25 14:15:30+00:00,2024-04-25 14:17:30+00:00,TABUENCA01-45,Sensoria-C1-E90A,Left,Gait,1.0.5,40.3876772,-3.6291348,F0:75:B1:51:59:F6,SCKS,0.5,0.21875,-0.125,-29.120001,20.16,209.440002,0.09344,0.79424,-0.196224,696,539,684,0.5598897770990287
2024-04-25 14:17:14.663000+00:00,2024-04-25 14:15:30+00:00,2024-04-25 14:17:30+00:00,TABUENCA01-45,Sensoria-C1-EEA1,Right,Gait,1.0.5,40.3876772,-3.6291348,CB:AA:BC:3F:36:A5,SCKS,-0.121094,0.957032,-0.023438,-10.08,19.040001,31.360001,0.028032,0.719488,-0.308352,426,661,363,0.9649473279428261
2024-04-25 14:17:14.671000+00:00,2024-04-25 14:15:30+00:00,2024-04-25 14:17:30+00:00,TABUENCA01-45,Sensoria-C1-E90A,Left,Gait,1.0.5,40.3876772,-3.6291348,F0:75:B1:51:59:F6,SCKS,0.1875,0.46875,-0.28125,-23.52,66.080002,253.119995,0.130816,0.79424,-0.205568,696,538,680,0.5779138127783415
2024-04-25 14:17:14.679000+00:00,2024-04-25 14:15:30+00:00,2024-04-25 14:17:30+00:00,TABUENCA01-45,Sensoria-C1-EEA1,Right,Gait,1.0.5,40.3876772,-3.6291348,CB:AA:BC:3F:36:A5,SCKS,-0.117188,0.957032,-0.027344,-5.6,15.68,33.599998,0.028032,0.719488,-0.308352,416,656,370,0.9645677636661926
2024-04-25 14:17:14.703000+00:00,2024-04-25 14:15:30+00:00,2024-04-25 14:17:30+00:00,TABUENCA01-45,Sensoria-C1-E90A,Left,Gait,1.0.5,40.3876772,-3.6291348,F0:75:B1:51:59:F6,SCKS,0.15625,0.9375,-0.3125,-24.639999,71.68,290.079987,0.177536,0.784896,-0.196224,697,536,681,1.0004881620988826
2024-04-25 14:17:14.712000+00:00,2024-04-25 14:15:30+00:00,2024-04-25 14:17:30+00:00,TABUENCA01-45,Sensoria-C1-EEA1,Right,Gait,1.0.5,40.3876772,-3.6291348,CB:AA:BC:3F:36:A5,SCKS,-0.101563,0.972657,-0.0625,-3.36,15.68,36.959999,0.037376,0.728832,-0.308352,405,652,376,0.9799402699236316
2024-04-25 14:17:14.728000+00:00,2024-04-25 14:15:30+00:00,2024-04-25 14:17:30+00:00,TABUENCA01-45,Sensoria-C1-EEA1,Right,Gait,1.0.5,40.3876772,-3.6291348,CB:AA:BC:3F:36:A5,SCKS,-0.078125,0.984376,-0.0625,-3.36,15.68,39.200001,0.04672,0.719488,-0.289664,392,646,382,0.9894472573113738
2024-04-25 14:17:14.736000+00:00,2024-04-25 14:15:30+00:00,2024-04-25 14:17:30+00:00,TABUENCA01-45,Sensoria-C1-E90A,Left,Gait,1.0.5,40.3876772,-3.6291348,F0:75:B1:51:59:F6,SCKS,0.21875,1.187499,-0.25,-20.16,94.080002,321.440002,0.2336,0.766208,-0.214912,695,537,679,1.2330877655304995
2024-04-25 14:17:14.744000+00:00,2024-04-25 14:15:30+00:00,2024-04-25 14:17:30+00:00,TABUENCA01-45,Sensoria-C1-EEA1,Right,Gait,1.0.5,40.3876772,-3.6291348,CB:AA:BC:3F:36:A5,SCKS,-0.074219,0.984376,-0.054688,-3.36,13.440001,39.200001,0.037376,0.728832,-0.289664,377,636,390,0.9886836433768893
2024-04-25 14:17:14.761000+00:00,2024-04-25 14:15:30+00:00,2024-04-25 14:17:30+00:00,TABUENCA01-45,Sensoria-C1-EEA1,Right,Gait,1.0.5,40.3876772,-3.6291348,CB:AA:BC:3F:36:A5,SCKS,-0.074219,0.980469,-0.042969,-1.12,15.68,42.560001,0.037376,0.728832,-0.289664,360,628,397,0.9842125049413871
2024-04-25 14:17:14.769000+00:00,2024-04-25 14:15:30+00:00,2024-04-25 14:17:30+00:00,TABUENCA01-45,Sensoria-C1-E90A,Left,Gait,1.0.5,40.3876772,-3.6291348,F0:75:B1:51:59:F6,SCKS,0.25,1.562499,-0.21875,-21.280001,95.199997,348.320007,0.345728,0.710144,-0.2336,695,535,680,1.597421261753142
2024-04-25 14:17:14.793000+00:00,2024-04-25 14:15:30+00:00,2024-04-25 14:17:30+00:00,TABUENCA01-45,Sensoria-C1-EEA1,Right,Gait,1.0.5,40.3876772,-3.6291348,CB:AA:BC:3F:36:A5,SCKS,-0.070313,0.992188,-0.042969,0.0,15.68,51.52,0.056064,0.728832,-0.28032,333,610,414,0.9956039776306641
2024-04-25 14:17:14.801000+00:00,2024-04-25 14:15:30+00:00,2024-04-25 14:17:30+00:00,TABUENCA01-45,Sensoria-C1-E90A,Left,Gait,1.0.5,40.3876772,-3.6291348,F0:75:B1:51:59:F6,SCKS,0.3125,2.312499,-0.3125,-31.360001,88.480003,374.079987,0.392448,0.65408,-0.252288,693,535,677,2.3543500430057125
2024-04-25 14:17:14.810000+00:00,2024-04-25 14:15:30+00:00,2024-04-25 14:17:30+00:00,TABUENCA01-45,Sensoria-C1-EEA1,Right,Gait,1.0.5,40.3876772,-3.6291348,CB:AA:BC:3F:36:A5,SCKS,-0.042969,1.019532,-0.039063,1.12,14.56,57.119999,0.056064,0.728832,-0.28032,312,597,431,1.0211844847793177
2024-04-25 14:17:14.826000+00:00,2024-04-25 14:15:30+00:00,2024-04-25 14:17:30+00:00,TABUENCA01-45,Sensoria-C1-EEA1,Right,Gait,1.0.5,40.3876772,-3.6291348,CB:AA:BC:3F:36:A5,SCKS,-0.054688,1.019532,-0.042969,1.12,15.68,63.84,0.065408,0.738176,-0.289664,290,584,454,1.021901468503202
2024-04-25 14:17:14.834000+00:00,2024-04-25 14:15:30+00:00,2024-04-25 14:17:30+00:00,TABUENCA01-45,Sensoria-C1-E90A,Left,Gait,1.0.5,40.3876772,-3.6291348,F0:75:B1:51:59:F6,SCKS,-0.53125,2.812499,-0.40625,-51.52,47.040001,375.200012,0.485888,0.541952,-0.28032,694,535,678,2.8909196201210783
2024-04-25 14:17:14.842000+00:00,2024-04-25 14:15:30+00:00,2024-04-25 14:17:30+00:00,TABUENCA01-45,Sensoria-C1-EEA1,Right,Gait,1.0.5,40.3876772,-3.6291348,CB:AA:BC:3F:36:A5,SCKS,-0.074219,1.011719,-0.011719,2.24,13.440001,71.68,0.074752,0.74752,-0.289664,270,566,482,1.0145053621755777
2024-04-25 14:17:14.866000+00:00,2024-04-25 14:15:30+00:00,2024-04-25 14:17:30+00:00,TABUENCA01-45,Sensoria-C1-E90A,Left,Gait,1.0.5,40.3876772,-3.6291348,F0:75:B1:51:59:F6,SCKS,-1.499999,2.062499,-0.84375,-36.959999,8.96,299.040009,0.504576,0.495232,-0.28032,693,533,681,2.6862265703961015
2024-04-25 14:17:14.875000+00:00,2024-04-25 14:15:30+00:00,2024-04-25 14:17:30+00:00,TABUENCA01-45,Sensoria-C1-EEA1,Right,Gait,1.0.5,40.3876772,-3.6291348,CB:AA:BC:3F:36:A5,SCKS,-0.089844,1.128907,-0.054688,15.68,-1.12,82.879997,0.084096,0.756864,-0.28032,250,548,526,1.1337961617191163
2024-04-25 14:17:14.891000+00:00,2024-04-25 14:15:30+00:00,2024-04-25 14:17:30+00:00,TABUENCA01-45,Sensoria-C1-EEA1,Right,Gait,1.0.5,40.3876772,-3.6291348,CB:AA:BC:3F:36:A5,SCKS,-0.054688,1.187501,0.003906,19.040001,-7.84,96.32,0.09344,0.756864,-0.28032,231,528,577,1.188766023732593
2024-04-25 14:17:14.899000+00:00,2024-04-25 14:15:30+00:00,2024-04-25 14:17:30+00:00,TABUENCA01-45,Sensoria-C1-E90A,Left,Gait,1.0.5,40.3876772,-3.6291348,F0:75:B1:51:59:F6,SCKS,-3.281248,1.281249,-0.3125,1.12,-115.360001,82.879997,0.51392,0.476544,-0.261632,692,534,686,3.536360231580629
2024-04-25 14:17:14.907000+00:00,2024-04-25 14:15:30+00:00,2024-04-25 14:17:30+00:00,TABUENCA01-45,Sensoria-C1-EEA1,Right,Gait,1.0.5,40.3876772,-3.6291348,CB:AA:BC:3F:36:A5,SCKS,-0.109375,1.238282,0.007813,8.96,-7.84,108.639999,0.09344,0.756864,-0.270976,215,510,620,1.2431276061281884
2024-04-25 14:17:14.924000+00:00,2024-04-25 14:15:30+00:00,2024-04-25 14:17:30+00:00,TABUENCA01-45,Sensoria-C1-EEA1,Right,Gait,1.0.5,40.3876772,-3.6291348,CB:AA:BC:3F:36:A5,SCKS,-0.128906,1.316407,-0.085938,-3.36,-11.2,120.959999,0.112128,0.775552,-0.270976,201,495,652,1.3254921675849316
2024-04-25 14:17:14.931000+00:00,2024-04-25 14:15:30+00:00,2024-04-25 14:17:30+00:00,TABUENCA01-45,Sensoria-C1-E90A,Left,Gait,1.0.5,40.3876772,-3.6291348,F0:75:B1:51:59:F6,SCKS,-0.71875,1.187499,0.0,12.32,-17.92,-117.599998,0.51392,0.476544,-0.261632,688,534,690,1.3880761641570682
2024-04-25 14:17:14.940000+00:00,2024-04-25 14:15:30+00:00,2024-04-25 14:17:30+00:00,TABUENCA01-45,Sensoria-C1-EEA1,Right,Gait,1.0.5,40.3876772,-3.6291348,CB:AA:BC:3F:36:A5,SCKS,-0.117188,1.371095,-0.15625,-11.2,-11.2,135.520004,0.130816,0.775552,-0.28032,192,482,671,1.3849363122068103
2024-04-25 14:17:14.964000+00:00,2024-04-25 14:15:30+00:00,2024-04-25 14:17:30+00:00,TABUENCA01-45,Sensoria-C1-E90A,Left,Gait,1.0.5,40.3876772,-3.6291348,F0:75:B1:51:59:F6,SCKS,1.031249,0.625,0.78125,41.439999,101.919998,-128.800003,0.504576,0.495232,-0.252288,691,534,671,1.4368197738411732
2024-04-25 14:17:14.973000+00:00,2024-04-25 14:15:30+00:00,2024-04-25 14:17:30+00:00,TABUENCA01-45,Sensoria-C1-EEA1,Right,Gait,1.0.5,40.3876772,-3.6291348,CB:AA:BC:3F:36:A5,SCKS,-0.207031,1.566407,-0.035156,-17.92,2.24,156.800003,0.158848,0.784896,-0.28032,184,479,683,1.58042040892479
2024-04-25 14:17:14.989000+00:00,2024-04-25 14:15:30+00:00,2024-04-25 14:17:30+00:00,TABUENCA01-45,Sensoria-C1-EEA1,Right,Gait,1.0.5,40.3876772,-3.6291348,CB:AA:BC:3F:36:A5,SCKS,-0.546875,1.929689,0.273438,-28.0,28.0,175.839996,0.18688,0.79424,-0.28032,182,486,688,2.0242381881068243
2024-04-25 14:17:14.997000+00:00,2024-04-25 14:15:30+00:00,2024-04-25 14:17:30+00:00,TABUENCA01-45,Sensoria-C1-E90A,Left,Gait,1.0.5,40.3876772,-3.6291348,F0:75:B1:51:59:F6,SCKS,-0.1875,1.718749,-0.125,64.959999,85.120003,-196.0,0.476544,0.56064,-0.299008,695,537,621,1.733458789530631
2024-04-25 14:17:15.005000+00:00,2024-04-25 14:15:30+00:00,2024-04-25 14:17:30+00:00,TABUENCA01-45,Sensoria-C1-EEA1,Right,Gait,1.0.5,40.3876772,-3.6291348,CB:AA:BC:3F:36:A5,SCKS,-0.917969,1.996095,0.445313,-45.920002,53.760002,198.240005,0.224256,0.79424,-0.289664,189,501,691,2.241732812347404
2024-04-25 14:17:15.013000+00:00,2024-04-25 14:15:30+00:00,2024-04-25 14:17:30+00:00,TABUENCA01-45,Sensoria-C1-E90A,Left,Gait,1.0.5,40.3876772,-3.6291348,F0:75:B1:51:59:F6,SCKS,-0.40625,1.749999,-0.5625,62.720001,16.799999,-164.639999,0.457856,0.588672,-0.270976,692,543,471,1.8825360056320306
2024-04-25 14:17:15.021000+00:00,2024-04-25 14:15:30+00:00,2024-04-25 14:17:30+00:00,TABUENCA01-45,Sensoria-C1-EEA1,Right,Gait,1.0.5,40.3876772,-3.6291348,CB:AA:BC:3F:36:A5,SCKS,-0.65625,1.996095,0.292969,-54.880001,53.760002,226.240005,0.224256,0.79424,-0.289664,212,525,692,2.1215301427238784
2024-04-25 14:17:15.045000+00:00,2024-04-25 14:15:30+00:00,2024-04-25 14:17:30+00:00,TABUENCA01-45,Sensoria-C1-E90A,Left,Gait,1.0.5,40.3876772,-3.6291348,F0:75:B1:51:59:F6,SCKS,0.03125,1.093749,-0.4375,73.919998,2.24,-118.720001,0.439168,0.616704,-0.28032,686,550,408,1.1784182990351941
2024-04-25 14:17:15.054000+00:00,2024-04-25 14:15:30+00:00,2024-04-25 14:17:30+00:00,TABUENCA01-45,Sensoria-C1-EEA1,Right,Gait,1.0.5,40.3876772,-3.6291348,CB:AA:BC:3F:36:A5,SCKS,-0.726563,1.996095,-0.433594,-15.68,12.32,260.959991,0.261632,0.79424,-0.289664,254,567,689,2.168015866830776
2024-04-25 14:17:15.070000+00:00,2024-04-25 14:15:30+00:00,2024-04-25 14:17:30+00:00,TABUENCA01-45,Sensoria-C1-EEA1,Right,Gait,1.0.5,40.3876772,-3.6291348,CB:AA:BC:3F:36:A5,SCKS,-0.332031,1.972658,-0.4375,1.12,-73.919998,299.040009,0.308352,0.803584,-0.299008,311,618,687,2.0476890437576207
2024-04-25 14:17:15.077000+00:00,2024-04-25 14:15:30+00:00,2024-04-25 14:17:30+00:00,TABUENCA01-45,Sensoria-C1-E90A,Left,Gait,1.0.5,40.3876772,-3.6291348,F0:75:B1:51:59:F6,SCKS,0.03125,0.999999,-0.15625,30.24,-39.200001,-71.68,0.42048,0.626048,-0.270976,673,548,369,1.0126147465848006
2024-04-25 14:17:15.110000+00:00,2024-04-25 14:15:30+00:00,2024-04-25 14:17:30+00:00,TABUENCA01-45,Sensoria-C1-E90A,Left,Gait,1.0.5,40.3876772,-3.6291348,F0:75:B1:51:59:F6,SCKS,0.1875,0.999999,-0.09375,11.2,-43.68,-30.24,0.401792,0.65408,-0.261632,661,539,347,1.0217354415410087
2024-04-25 14:17:15.118000+00:00,2024-04-25 14:15:30+00:00,2024-04-25 14:17:30+00:00,TABUENCA01-45,Sensoria-C1-EEA1,Right,Gait,1.0.5,40.3876772,-3.6291348,CB:AA:BC:3F:36:A5,SCKS,-0.492188,0.902344,-0.460938,25.76,-59.360001,284.480011,0.355072,0.803584,-0.299008,376,659,686,1.1264712874831742
2024-04-25 14:17:15.119000+00:00,2024-04-25 14:15:30+00:00,2024-04-25 14:17:30+00:00,TABUENCA01-45,Sensoria-C1-EEA1,Right,Gait,1.0.5,40.3876772,-3.6291348,CB:AA:BC:3F:36:A5,SCKS,-0.328125,0.320313,-0.320313,17.92,-11.2,210.559998,0.392448,0.79424,-0.289664,429,686,688,0.5593450201467784
2024-04-25 14:17:15.135000+00:00,2024-04-25 14:15:30+00:00,2024-04-25 14:17:30+00:00,TABUENCA01-45,Sensoria-C1-EEA1,Right,Gait,1.0.5,40.3876772,-3.6291348,CB:AA:BC:3F:36:A5,SCKS,0.609375,0.671875,-0.820313,17.92,115.360001,136.639999,0.392448,0.79424,-0.289664,455,696,686,1.222974784784625
2024-04-25 14:17:15.143000+00:00,2024-04-25 14:15:30+00:00,2024-04-25 14:17:30+00:00,TABUENCA01-45,Sensoria-C1-E90A,Left,Gait,1.0.5,40.3876772,-3.6291348,F0:75:B1:51:59:F6,SCKS,0.1875,0.999999,-0.15625,6.72,-41.439999,-14.56,0.401792,0.65408,-0.242944,648,527,337,1.0293533467672797
2024-04-25 14:17:15.151000+00:00,2024-04-25 14:15:30+00:00,2024-04-25 14:17:30+00:00,TABUENCA01-45,Sensoria-C1-EEA1,Right,Gait,1.0.5,40.3876772,-3.6291348,CB:AA:BC:3F:36:A5,SCKS,-1.164063,0.4375,-0.425782,-4.48,185.919998,-7.84,0.411136,0.784896,-0.299008,467,702,684,1.3144349468471235
2024-04-25 14:17:15.167000+00:00,2024-04-25 14:15:30+00:00,2024-04-25 14:17:30+00:00,TABUENCA01-45,Sensoria-C1-EEA1,Right,Gait,1.0.5,40.3876772,-3.6291348,CB:AA:BC:3F:36:A5,SCKS,-1.093751,0.113281,-0.058594,-39.200001,151.199997,-66.080002,0.411136,0.79424,-0.299008,471,706,684,1.1011617010221524
2024-04-25 14:17:15.175000+00:00,2024-04-25 14:15:30+00:00,2024-04-25 14:17:30+00:00,TABUENCA01-45,Sensoria-C1-E90A,Left,Gait,1.0.5,40.3876772,-3.6291348,F0:75:B1:51:59:F6,SCKS,0.1875,0.968749,-0.125,2.24,-28.0,-14.56,0.401792,0.663424,-0.2336,634,516,342,0.994613429931951
2024-04-25 14:17:15.207000+00:00,2024-04-25 14:15:30+00:00,2024-04-25 14:17:30+00:00,TABUENCA01-45,Sensoria-C1-E90A,Left,Gait,1.0.5,40.3876772,-3.6291348,F0:75:B1:51:59:F6,SCKS,0.1875,0.9375,-0.25,-1.12,-23.52,-21.280001,0.392448,0.663424,-0.224256,616,507,361,0.9882117688026185
2024-04-25 14:17:15.215000+00:00,2024-04-25 14:15:30+00:00,2024-04-25 14:17:30+00:00,TABUENCA01-45,Sensoria-C1-EEA1,Right,Gait,1.0.5,40.3876772,-3.6291348,CB:AA:BC:3F:36:A5,SCKS,-0.605469,-0.125,0.074219,-28.0,84.0,-84.0,0.392448,0.79424,-0.308352,476,709,681,0.6226766174524302
2024-04-25 14:17:15.217000+00:00,2024-04-25 14:15:30+00:00,2024-04-25 14:17:30+00:00,TABUENCA01-45,Sensoria-C1-EEA1,Right,Gait,1.0.5,40.3876772,-3.6291348,CB:AA:BC:3F:36:A5,SCKS,-0.429688,-0.015625,-0.03125,16.799999,29.120001,-126.559998,0.364416,0.803584,-0.308352,476,709,679,0.4311061127715542
2024-04-25 14:17:15.232000+00:00,2024-04-25 14:15:30+00:00,2024-04-25 14:17:30+00:00,TABUENCA01-45,Sensoria-C1-EEA1,Right,Gait,1.0.5,40.3876772,-3.6291348,CB:AA:BC:3F:36:A5,SCKS,-0.503907,0.222656,-0.121094,29.120001,11.2,-172.479996,0.364416,0.803584,-0.308352,477,708,680,0.5640582556979377
2024-04-25 14:17:15.240000+00:00,2024-04-25 14:15:30+00:00,2024-04-25 14:17:30+00:00,TABUENCA01-45,Sensoria-C1-E90A,Left,Gait,1.0.5,40.3876772,-3.6291348,F0:75:B1:51:59:F6,SCKS,0.125,0.9375,-0.15625,-7.84,-31.360001,-20.16,0.392448,0.65408,-0.242944,599,499,387,0.9586163531361229
2024-04-25 14:17:15.249000+00:00,2024-04-25 14:15:30+00:00,2024-04-25 14:17:30+00:00,TABUENCA01-45,Sensoria-C1-EEA1,Right,Gait,1.0.5,40.3876772,-3.6291348,CB:AA:BC:3F:36:A5,SCKS,-0.488282,0.402344,-0.132813,23.52,-16.799999,-213.919998,0.336384,0.803584,-0.308352,476,707,679,0.6464822494307172
2024-04-25 14:17:15.265000+00:00,2024-04-25 14:15:30+00:00,2024-04-25 14:17:30+00:00,TABUENCA01-45,Sensoria-C1-EEA1,Right,Gait,1.0.5,40.3876772,-3.6291348,CB:AA:BC:3F:36:A5,SCKS,-0.441407,0.515625,-0.085938,22.4,-45.920002,-249.759995,0.299008,0.803584,-0.299008,477,706,678,0.6841744076754114
2024-04-25 14:17:15.272000+00:00,2024-04-25 14:15:30+00:00,2024-04-25 14:17:30+00:00,TABUENCA01-45,Sensoria-C1-E90A,Left,Gait,1.0.5,40.3876772,-3.6291348,F0:75:B1:51:59:F6,SCKS,0.15625,0.968749,-0.15625,-2.24,-29.120001,-17.92,0.383104,0.663424,-0.2336,584,487,413,0.9936310935155964
2024-04-25 14:17:15.281000+00:00,2024-04-25 14:15:30+00:00,2024-04-25 14:17:30+00:00,TABUENCA01-45,Sensoria-C1-EEA1,Right,Gait,1.0.5,40.3876772,-3.6291348,CB:AA:BC:3F:36:A5,SCKS,-0.402344,0.792969,-0.085938,32.48,-80.639999,-299.040009,0.242944,0.803584,-0.299008,476,706,679,0.8933453246874917
2024-04-25 14:17:15.305000+00:00,2024-04-25 14:15:30+00:00,2024-04-25 14:17:30+00:00,TABUENCA01-45,Sensoria-C1-E90A,Left,Gait,1.0.5,40.3876772,-3.6291348,F0:75:B1:51:59:F6,SCKS,0.125,0.9375,-0.1875,1.12,-30.24,-24.639999,0.383104,0.672768,-0.224256,568,473,437,0.9642030387838445
2024-04-25 14:17:15.313000+00:00,2024-04-25 14:15:30+00:00,2024-04-25 14:17:30+00:00,TABUENCA01-45,Sensoria-C1-EEA1,Right,Gait,1.0.5,40.3876772,-3.6291348,CB:AA:BC:3F:36:A5,SCKS,-0.398438,0.937501,-0.109375,32.48,-82.879997,-312.480011,0.18688,0.79424,-0.299008,477,705,678,1.0245115204183894
2024-04-25 14:17:15.329000+00:00,2024-04-25 14:15:30+00:00,2024-04-25 14:17:30+00:00,TABUENCA01-45,Sensoria-C1-EEA1,Right,Gait,1.0.5,40.3876772,-3.6291348,CB:AA:BC:3F:36:A5,SCKS,-0.320313,1.210938,-0.132813,26.880001,-79.519997,-339.360016,0.18688,0.79424,-0.299008,477,705,678,1.259607300225749
2024-04-25 14:17:15.337000+00:00,2024-04-25 14:15:30+00:00,2024-04-25 14:17:30+00:00,TABUENCA01-45,Sensoria-C1-E90A,Left,Gait,1.0.5,40.3876772,-3.6291348,F0:75:B1:51:59:F6,SCKS,0.09375,0.9375,-0.1875,6.72,-33.599998,-31.360001,0.364416,0.682112,-0.224256,540,449,471,0.9606516343087124
2024-04-25 14:17:15.346000+00:00,2024-04-25 14:15:30+00:00,2024-04-25 14:17:30+00:00,TABUENCA01-45,Sensoria-C1-EEA1,Right,Gait,1.0.5,40.3876772,-3.6291348,CB:AA:BC:3F:36:A5,SCKS,-0.34375,1.550782,-0.117188,16.799999,-62.720001,-359.519989,0.130816,0.766208,-0.308352,476,702,677,1.5927403747528974
2024-04-25 14:17:15.353000+00:00,2024-04-25 14:15:30+00:00,2024-04-25 14:17:30+00:00,TABUENCA01-45,Sensoria-C1-E90A,Left,Gait,1.0.5,40.3876772,-3.6291348,F0:75:B1:51:59:F6,SCKS,0.09375,0.968749,-0.1875,12.32,-40.32,-34.720001,0.364416,0.691456,-0.214912,520,427,496,0.9911709930688044
2024-04-25 14:17:15.362000+00:00,2024-04-25 14:15:30+00:00,2024-04-25 14:17:30+00:00,TABUENCA01-45,Sensoria-C1-EEA1,Right,Gait,1.0.5,40.3876772,-3.6291348,CB:AA:BC:3F:36:A5,SCKS,-0.386719,1.968751,0.015625,3.36,-34.720001,-375.200012,0.074752,0.738176,-0.299008,477,702,677,2.0064337082463
2024-04-25 14:17:15.386000+00:00,2024-04-25 14:15:30+00:00,2024-04-25 14:17:30+00:00,TABUENCA01-45,Sensoria-C1-E90A,Left,Gait,1.0.5,40.3876772,-3.6291348,F0:75:B1:51:59:F6,SCKS,0.0625,0.968749,-0.1875,14.56,-47.040001,-38.080002,0.355072,0.691456,-0.205568,493,402,523,0.9887047714060047
2024-04-25 14:17:15.395000+00:00,2024-04-25 14:15:30+00:00,2024-04-25 14:17:30+00:00,TABUENCA01-45,Sensoria-C1-EEA1,Right,Gait,1.0.5,40.3876772,-3.6291348,CB:AA:BC:3F:36:A5,SCKS,-0.265625,1.996095,-0.027344,11.2,-35.84,-386.399994,0.018688,0.7008,-0.299008,477,701,676,2.013876754914759
2024-04-25 14:17:15.411000+00:00,2024-04-25 14:15:30+00:00,2024-04-25 14:17:30+00:00,TABUENCA01-45,Sensoria-C1-EEA1,Right,Gait,1.0.5,40.3876772,-3.6291348,CB:AA:BC:3F:36:A5,SCKS,0.363282,1.996095,-0.117188,21.280001,-43.68,-396.480011,-0.028032,0.644736,-0.299008,475,701,677,2.0322652602190003
2024-04-25 14:17:15.418000+00:00,2024-04-25 14:15:30+00:00,2024-04-25 14:17:30+00:00,TABUENCA01-45,Sensoria-C1-E90A,Left,Gait,1.0.5,40.3876772,-3.6291348,F0:75:B1:51:59:F6,SCKS,0.09375,1.031249,-0.1875,11.2,-48.16,-48.16,0.345728,0.7008,-0.205568,465,374,556,1.052340160072303
2024-04-25 14:17:15.427000+00:00,2024-04-25 14:15:30+00:00,2024-04-25 14:17:30+00:00,TABUENCA01-45,Sensoria-C1-EEA1,Right,Gait,1.0.5,40.3876772,-3.6291348,CB:AA:BC:3F:36:A5,SCKS,1.640626,1.996095,-0.410157,5.6,10.08,-370.720001,-0.028032,0.644736,-0.299008,476,701,676,2.6161570452765255
2024-04-25 14:17:15.443000+00:00,2024-04-25 14:15:30+00:00,2024-04-25 14:17:30+00:00,TABUENCA01-45,Sensoria-C1-EEA1,Right,Gait,1.0.5,40.3876772,-3.6291348,CB:AA:BC:3F:36:A5,SCKS,1.996095,1.902345,-0.304688,30.24,57.119999,-278.880005,-0.056064,0.588672,-0.308352,476,700,677,2.7741929502819374
2024-04-25 14:17:15.451000+00:00,2024-04-25 14:15:30+00:00,2024-04-25 14:17:30+00:00,TABUENCA01-45,Sensoria-C1-E90A,Left,Gait,1.0.5,40.3876772,-3.6291348,F0:75:B1:51:59:F6,SCKS,0.09375,1.093749,-0.15625,7.84,-43.68,-68.32,0.336384,0.7008,-0.196224,431,346,602,1.1088237010458426
2024-04-25 14:17:15.459000+00:00,2024-04-25 14:15:30+00:00,2024-04-25 14:17:30+00:00,TABUENCA01-45,Sensoria-C1-EEA1,Right,Gait,1.0.5,40.3876772,-3.6291348,CB:AA:BC:3F:36:A5,SCKS,1.996095,1.523439,0.292969,43.68,94.080002,-153.440002,-0.074752,0.551296,-0.299008,474,701,680,2.528061010084013
2024-04-25 14:17:15.483000+00:00,2024-04-25 14:15:30+00:00,2024-04-25 14:17:30+00:00,TABUENCA01-45,Sensoria-C1-E90A,Left,Gait,1.0.5,40.3876772,-3.6291348,F0:75:B1:51:59:F6,SCKS,0.09375,1.187499,-0.09375,7.84,-32.48,-91.840004,0.308352,0.728832,-0.196224,398,317,644,1.194877399569094
2024-04-25 14:17:15.492000+00:00,2024-04-25 14:15:30+00:00,2024-04-25 14:17:30+00:00,TABUENCA01-45,Sensoria-C1-EEA1,Right,Gait,1.0.5,40.3876772,-3.6291348,CB:AA:BC:3F:36:A5,SCKS,1.996095,1.82422,0.917969,14.56,97.440002,-14.56,-0.084096,0.541952,-0.270976,474,704,685,2.855668212938261
2024-04-25 14:17:15.508000+00:00,2024-04-25 14:15:30+00:00,2024-04-25 14:17:30+00:00,TABUENCA01-45,Sensoria-C1-EEA1,Right,Gait,1.0.5,40.3876772,-3.6291348,CB:AA:BC:3F:36:A5,SCKS,0.875001,0.628907,0.671875,-12.32,-34.720001,118.720001,-0.074752,0.551296,-0.270976,474,704,688,1.2698688043553947
2024-04-25 14:17:15.516000+00:00,2024-04-25 14:15:30+00:00,2024-04-25 14:17:30+00:00,TABUENCA01-45,Sensoria-C1-E90A,Left,Gait,1.0.5,40.3876772,-3.6291348,F0:75:B1:51:59:F6,SCKS,0.21875,1.343749,-0.28125,14.56,-20.16,-113.120003,0.289664,0.738176,-0.18688,368,298,667,1.390185059623718
2024-04-25 14:17:15.524000+00:00,2024-04-25 14:15:30+00:00,2024-04-25 14:17:30+00:00,TABUENCA01-45,Sensoria-C1-EEA1,Right,Gait,1.0.5,40.3876772,-3.6291348,CB:AA:BC:3F:36:A5,SCKS,-2.000001,1.101563,0.300781,36.959999,-128.800003,86.239998,-0.074752,0.551296,-0.270976,478,704,671,2.303022851152589
2024-04-25 14:17:15.541000+00:00,2024-04-25 14:15:30+00:00,2024-04-25 14:17:30+00:00,TABUENCA01-45,Sensoria-C1-EEA1,Right,Gait,1.0.5,40.3876772,-3.6291348,CB:AA:BC:3F:36:A5,SCKS,0.40625,1.117188,1.23047,51.52,-176.960007,237.440002,-0.084096,0.569984,-0.299008,485,706,640,1.7109075108678433
2024-04-25 14:17:15.549000+00:00,2024-04-25 14:15:30+00:00,2024-04-25 14:17:30+00:00,TABUENCA01-45,Sensoria-C1-E90A,Left,Gait,1.0.5,40.3876772,-3.6291348,F0:75:B1:51:59:F6,SCKS,0.21875,1.499999,-0.1875,4.48,-26.880001,-133.279999,0.261632,0.74752,-0.18688,353,295,679,1.527417694182243
2024-04-25 14:17:15.574000+00:00,2024-04-25 14:15:30+00:00,2024-04-25 14:17:30+00:00,TABUENCA01-45,Sensoria-C1-EEA1,Right,Gait,1.0.5,40.3876772,-3.6291348,CB:AA:BC:3F:36:A5,SCKS,0.585938,1.964845,0.257813,51.52,-120.959999,217.279999,-0.065408,0.60736,-0.317696,490,709,583,2.0664962513486445
2024-04-25 14:17:15.581000+00:00,2024-04-25 14:15:30+00:00,2024-04-25 14:17:30+00:00,TABUENCA01-45,Sensoria-C1-E90A,Left,Gait,1.0.5,40.3876772,-3.6291348,F0:75:B1:51:59:F6,SCKS,0.5625,1.937499,0.0625,-11.2,-33.599998,-166.880005,0.2336,0.756864,-0.177536,371,327,682,2.0184684478586727
2024-04-25 14:17:15.590000+00:00,2024-04-25 14:15:30+00:00,2024-04-25 14:17:30+00:00,TABUENCA01-45,Sensoria-C1-EEA1,Right,Gait,1.0.5,40.3876772,-3.6291348,CB:AA:BC:3F:36:A5,SCKS,0.253906,1.410157,-0.347656,39.200001,31.360001,203.839996,-0.04672,0.635392,-0.317696,496,715,511,1.4744069030701805
2024-04-25 14:17:15.606000+00:00,2024-04-25 14:15:30+00:00,2024-04-25 14:17:30+00:00,TABUENCA01-45,Sensoria-C1-EEA1,Right,Gait,1.0.5,40.3876772,-3.6291348,CB:AA:BC:3F:36:A5,SCKS,0.066406,1.335938,-0.214844,17.92,35.84,182.559998,-0.037376,0.663424,-0.308352,498,716,452,1.3547317228942417
2024-04-25 14:17:15.614000+00:00,2024-04-25 14:15:30+00:00,2024-04-25 14:17:30+00:00,TABUENCA01-45,Sensoria-C1-E90A,Left,Gait,1.0.5,40.3876772,-3.6291348,F0:75:B1:51:59:F6,SCKS,0.968749,2.156249,0.0,-28.0,-39.200001,-184.800003,0.205568,0.775552,-0.18688,445,381,683,2.363870634151116
2024-04-25 14:17:15.622000+00:00,2024-04-25 14:15:30+00:00,2024-04-25 14:17:30+00:00,TABUENCA01-45,Sensoria-C1-EEA1,Right,Gait,1.0.5,40.3876772,-3.6291348,CB:AA:BC:3F:36:A5,SCKS,-0.179688,0.796876,-0.324219,7.84,16.799999,154.559998,-0.037376,0.663424,-0.308352,498,715,417,0.8788726282465509
2024-04-25 14:17:15.646000+00:00,2024-04-25 14:15:30+00:00,2024-04-25 14:17:30+00:00,TABUENCA01-45,Sensoria-C1-E90A,Left,Gait,1.0.5,40.3876772,-3.6291348,F0:75:B1:51:59:F6,SCKS,0.65625,1.968749,-0.8125,-1.12,-63.84,-253.119995,0.121472,0.784896,-0.18688,560,469,688,2.2286302828196964
2024-04-25 14:17:15.655000+00:00,2024-04-25 14:15:30+00:00,2024-04-25 14:17:30+00:00,TABUENCA01-45,Sensoria-C1-EEA1,Right,Gait,1.0.5,40.3876772,-3.6291348,CB:AA:BC:3F:36:A5,SCKS,0.234375,0.960938,-0.085938,10.08,-39.200001,115.360001,-0.009344,0.682112,-0.317696,489,718,389,0.9928337324612817
2024-04-25 14:17:15.662000+00:00,2024-04-25 14:15:30+00:00,2024-04-25 14:17:30+00:00,TABUENCA01-45,Sensoria-C1-E90A,Left,Gait,1.0.5,40.3876772,-3.6291348,F0:75:B1:51:59:F6,SCKS,0.71875,0.999999,-0.46875,22.4,7.84,-229.600006,0.074752,0.79424,-0.196224,627,521,689,1.317697281245203
2024-04-25 14:17:15.671000+00:00,2024-04-25 14:15:30+00:00,2024-04-25 14:17:30+00:00,TABUENCA01-45,Sensoria-C1-EEA1,Right,Gait,1.0.5,40.3876772,-3.6291348,CB:AA:BC:3F:36:A5,SCKS,-0.082031,0.917969,0.050781,-16.799999,8.96,101.919998,-0.009344,0.691456,-0.317696,481,720,369,0.9230248533398221
2024-04-25 14:17:15.687000+00:00,2024-04-25 14:15:30+00:00,2024-04-25 14:17:30+00:00,TABUENCA01-45,Sensoria-C1-EEA1,Right,Gait,1.0.5,40.3876772,-3.6291348,CB:AA:BC:3F:36:A5,SCKS,-0.066406,1.000001,-0.035156,-14.56,0.0,76.160004,0.009344,0.7008,-0.308352,475,713,355,1.0028198747397261
2024-04-25 14:17:15.704000+00:00,2024-04-25 14:15:30+00:00,2024-04-25 14:17:30+00:00,TABUENCA01-45,Sensoria-C1-EEA1,Right,Gait,1.0.5,40.3876772,-3.6291348,CB:AA:BC:3F:36:A5,SCKS,-0.074219,1.007813,0.078125,-14.56,21.280001,51.52,0.018688,0.710144,-0.299008,469,706,346,1.0135576049514898
2024-04-25 14:17:15.711000+00:00,2024-04-25 14:15:30+00:00,2024-04-25 14:17:30+00:00,TABUENCA01-45,Sensoria-C1-E90A,Left,Gait,1.0.5,40.3876772,-3.6291348,F0:75:B1:51:59:F6,SCKS,-0.53125,0.25,-0.6875,14.56,-19.040001,-132.160004,0.009344,0.784896,-0.18688,669,539,689,0.9040922588430895
2024-04-25 14:17:15.720000+00:00,2024-04-25 14:15:30+00:00,2024-04-25 14:17:30+00:00,TABUENCA01-45,Sensoria-C1-EEA1,Right,Gait,1.0.5,40.3876772,-3.6291348,CB:AA:BC:3F:36:A5,SCKS,-0.136719,0.960938,0.027344,-4.48,19.040001,35.84,0.018688,0.710144,-0.299008,464,699,342,0.9710003188161165
2024-04-25 14:17:15.728000+00:00,2024-04-25 14:15:30+00:00,2024-04-25 14:17:30+00:00,TABUENCA01-45,Sensoria-C1-E90A,Left,Gait,1.0.5,40.3876772,-3.6291348,F0:75:B1:51:59:F6,SCKS,0.90625,0.21875,-0.15625,7.84,-144.479996,50.400002,0.009344,0.784896,-0.196224,687,543,688,0.9452802163908859
2024-04-25 14:17:15.752000+00:00,2024-04-25 14:15:30+00:00,2024-04-25 14:17:30+00:00,TABUENCA01-45,Sensoria-C1-EEA1,Right,Gait,1.0.5,40.3876772,-3.6291348,CB:AA:BC:3F:36:A5,SCKS,-0.207031,0.960938,-0.019531,-1.12,10.08,34.720001,0.018688,0.710144,-0.299008,460,693,340,0.983181130192194
2024-04-25 14:17:15.759000+00:00,2024-04-25 14:15:30+00:00,2024-04-25 14:17:30+00:00,TABUENCA01-45,Sensoria-C1-E90A,Left,Gait,1.0.5,40.3876772,-3.6291348,F0:75:B1:51:59:F6,SCKS,0.6875,-0.03125,-0.03125,-11.2,-39.200001,141.119995,0.028032,0.79424,-0.18688,695,542,685,0.6889189901577688
2024-04-25 14:17:15.768000+00:00,2024-04-25 14:15:30+00:00,2024-04-25 14:17:30+00:00,TABUENCA01-45,Sensoria-C1-EEA1,Right,Gait,1.0.5,40.3876772,-3.6291348,CB:AA:BC:3F:36:A5,SCKS,-0.164063,0.964844,-0.042969,1.12,2.24,39.200001,0.018688,0.710144,-0.299008,459,688,342,0.9796361300329832
2024-04-25 14:17:15.784000+00:00,2024-04-25 14:15:30+00:00,2024-04-25 14:17:30+00:00,TABUENCA01-45,Sensoria-C1-EEA1,Right,Gait,1.0.5,40.3876772,-3.6291348,CB:AA:BC:3F:36:A5,SCKS,-0.136719,0.960938,-0.050781,0.0,2.24,42.560001,0.028032,0.719488,-0.299008,454,681,344,0.9719427116687485
2024-04-25 14:17:15.792000+00:00,2024-04-25 14:15:30+00:00,2024-04-25 14:17:30+00:00,TABUENCA01-45,Sensoria-C1-E90A,Left,Gait,1.0.5,40.3876772,-3.6291348,F0:75:B1:51:59:F6,SCKS,0.40625,0.15625,0.0,-12.32,0.0,188.160004,0.056064,0.79424,-0.205568,698,542,683,0.4352621336620037
2024-04-25 14:17:15.801000+00:00,2024-04-25 14:15:30+00:00,2024-04-25 14:17:30+00:00,TABUENCA01-45,Sensoria-C1-EEA1,Right,Gait,1.0.5,40.3876772,-3.6291348,CB:AA:BC:3F:36:A5,SCKS,-0.117188,0.984376,-0.140625,-5.6,11.2,44.799999,0.028032,0.719488,-0.289664,450,676,349,1.0012514805706905
2024-04-25 14:17:15.825000+00:00,2024-04-25 14:15:30+00:00,2024-04-25 14:17:30+00:00,TABUENCA01-45,Sensoria-C1-E90A,Left,Gait,1.0.5,40.3876772,-3.6291348,F0:75:B1:51:59:F6,SCKS,0.375,0.40625,-0.15625,3.36,23.52,243.040009,0.084096,0.784896,-0.196224,698,540,683,0.5745242597140698
2024-04-25 14:17:15.834000+00:00,2024-04-25 14:15:30+00:00,2024-04-25 14:17:30+00:00,TABUENCA01-45,Sensoria-C1-EEA1,Right,Gait,1.0.5,40.3876772,-3.6291348,CB:AA:BC:3F:36:A5,SCKS,-0.089844,0.984376,-0.082031,-12.32,26.880001,45.920002,0.037376,0.719488,-0.299008,443,667,356,0.991865484162545
2024-04-25 14:17:15.857000+00:00,2024-04-25 14:15:30+00:00,2024-04-25 14:17:30+00:00,TABUENCA01-45,Sensoria-C1-E90A,Left,Gait,1.0.5,40.3876772,-3.6291348,F0:75:B1:51:59:F6,SCKS,0.375,0.6875,-0.125,-3.36,31.360001,286.720001,0.18688,0.775552,-0.205568,697,537,681,0.793036096278095
2024-04-25 14:17:15.865000+00:00,2024-04-25 14:15:30+00:00,2024-04-25 14:17:30+00:00,TABUENCA01-45,Sensoria-C1-EEA1,Right,Gait,1.0.5,40.3876772,-3.6291348,CB:AA:BC:3F:36:A5,SCKS,-0.109375,0.964844,0.019531,-12.32,34.720001,44.799999,0.037376,0.719488,-0.299008,434,658,363,0.9712200033576327
2024-04-25 14:17:15.867000+00:00,2024-04-25 14:15:30+00:00,2024-04-25 14:17:30+00:00,TABUENCA01-45,Sensoria-C1-EEA1,Right,Gait,1.0.5,40.3876772,-3.6291348,CB:AA:BC:3F:36:A5,SCKS,-0.082031,0.988282,0.011719,-5.6,24.639999,45.920002,0.056064,0.728832,-0.289664,412,639,377,0.9917498330960283
2024-04-25 14:17:15.882000+00:00,2024-04-25 14:15:30+00:00,2024-04-25 14:17:30+00:00,TABUENCA01-45,Sensoria-C1-EEA1,Right,Gait,1.0.5,40.3876772,-3.6291348,CB:AA:BC:3F:36:A5,SCKS,-0.078125,0.996094,-0.054688,-4.48,16.799999,47.040001,0.056064,0.728832,-0.289664,396,623,388,1.0006485645844898
2024-04-25 14:17:15.890000+00:00,2024-04-25 14:15:30+00:00,2024-04-25 14:17:30+00:00,TABUENCA01-45,Sensoria-C1-E90A,Left,Gait,1.0.5,40.3876772,-3.6291348,F0:75:B1:51:59:F6,SCKS,0.375,0.999999,-0.09375,-3.36,56.0,330.399994,0.242944,0.756864,-0.196224,696,537,681,1.0721063671581286
2024-04-25 14:17:15.915000+00:00,2024-04-25 14:15:30+00:00,2024-04-25 14:17:30+00:00,TABUENCA01-45,Sensoria-C1-EEA1,Right,Gait,1.0.5,40.3876772,-3.6291348,CB:AA:BC:3F:36:A5,SCKS,-0.058594,0.992188,-0.046875,-7.84,14.56,48.16,0.056064,0.728832,-0.289664,377,607,400,0.9950213815818231
2024-04-25 14:17:15.922000+00:00,2024-04-25 14:15:30+00:00,2024-04-25 14:17:30+00:00,TABUENCA01-45,Sensoria-C1-E90A,Left,Gait,1.0.5,40.3876772,-3.6291348,F0:75:B1:51:59:F6,SCKS,0.34375,1.468749,-0.15625,-6.72,61.599998,366.23999,0.308352,0.719488,-0.214912,697,536,680,1.5165097263126934
2024-04-25 14:17:15.931000+00:00,2024-04-25 14:15:30+00:00,2024-04-25 14:17:30+00:00,TABUENCA01-45,Sensoria-C1-EEA1,Right,Gait,1.0.5,40.3876772,-3.6291348,CB:AA:BC:3F:36:A5,SCKS,-0.035156,1.007813,-0.011719,-7.84,13.440001,49.279999,0.065408,0.738176,-0.270976,355,589,415,1.008494086381274
2024-04-25 14:17:15.947000+00:00,2024-04-25 14:15:30+00:00,2024-04-25 14:17:30+00:00,TABUENCA01-45,Sensoria-C1-EEA1,Right,Gait,1.0.5,40.3876772,-3.6291348,CB:AA:BC:3F:36:A5,SCKS,-0.035156,1.007813,-0.023438,-6.72,13.440001,52.639999,0.065408,0.738176,-0.28032,332,568,432,1.0086983330753552
2024-04-25 14:17:15.955000+00:00,2024-04-25 14:15:30+00:00,2024-04-25 14:17:30+00:00,TABUENCA01-45,Sensoria-C1-E90A,Left,Gait,1.0.5,40.3876772,-3.6291348,F0:75:B1:51:59:F6,SCKS,0.34375,2.124999,-0.15625,-15.68,53.760002,403.200012,0.364416,0.682112,-0.2336,695,534,678,2.158286096651924
2024-04-25 14:17:15.979000+00:00,2024-04-25 14:15:30+00:00,2024-04-25 14:17:30+00:00,TABUENCA01-45,Sensoria-C1-EEA1,Right,Gait,1.0.5,40.3876772,-3.6291348,CB:AA:BC:3F:36:A5,SCKS,-0.042969,1.007813,0.011719,-7.84,11.2,58.240002,0.074752,0.74752,-0.270976,309,547,454,1.0087966657810683
2024-04-25 14:17:15.981000+00:00,2024-04-25 14:15:30+00:00,2024-04-25 14:17:30+00:00,TABUENCA01-45,Sensoria-C1-EEA1,Right,Gait,1.0.5,40.3876772,-3.6291348,CB:AA:BC:3F:36:A5,SCKS,-0.015625,1.058594,-0.027344,-6.72,5.6,66.080002,0.074752,0.74752,-0.270976,285,524,485,1.059062364451216
2024-04-25 14:17:15.987000+00:00,2024-04-25 14:15:30+00:00,2024-04-25 14:17:30+00:00,TABUENCA01-45,Sensoria-C1-E90A,Left,Gait,1.0.5,40.3876772,-3.6291348,F0:75:B1:51:59:F6,SCKS,-0.53125,3.031248,0.03125,-36.959999,49.279999,403.200012,0.4672,0.56064,-0.252288,695,534,679,3.0776074412608247
2024-04-25 14:17:16.012000+00:00,2024-04-25 14:15:30+00:00,2024-04-25 14:17:30+00:00,TABUENCA01-45,Sensoria-C1-EEA1,Right,Gait,1.0.5,40.3876772,-3.6291348,CB:AA:BC:3F:36:A5,SCKS,-0.042969,1.042969,0.082031,13.440001,-10.08,76.160004,0.084096,0.74752,-0.28032,263,501,526,1.0470719912608684
2024-04-25 14:17:16.028000+00:00,2024-04-25 14:15:30+00:00,2024-04-25 14:17:30+00:00,TABUENCA01-45,Sensoria-C1-EEA1,Right,Gait,1.0.5,40.3876772,-3.6291348,CB:AA:BC:3F:36:A5,SCKS,-0.09375,1.179688,0.082031,14.56,-15.68,94.080002,0.102784,0.756864,-0.28032,243,477,577,1.186246991484067
2024-04-25 14:17:16.036000+00:00,2024-04-25 14:15:30+00:00,2024-04-25 14:17:30+00:00,TABUENCA01-45,Sensoria-C1-E90A,Left,Gait,1.0.5,40.3876772,-3.6291348,F0:75:B1:51:59:F6,SCKS,-3.624998,1.281249,-0.5,-8.96,-13.440001,204.960007,0.51392,0.4672,-0.261632,691,533,684,3.8771393449300993
2024-04-25 14:17:16.044000+00:00,2024-04-25 14:15:30+00:00,2024-04-25 14:17:30+00:00,TABUENCA01-45,Sensoria-C1-EEA1,Right,Gait,1.0.5,40.3876772,-3.6291348,CB:AA:BC:3F:36:A5,SCKS,-0.082031,1.273438,0.117188,-1.12,-20.16,109.760002,0.112128,0.766208,-0.28032,225,456,619,1.281447014959651
2024-04-25 14:17:16.061000+00:00,2024-04-25 14:15:30+00:00,2024-04-25 14:17:30+00:00,TABUENCA01-45,Sensoria-C1-EEA1,Right,Gait,1.0.5,40.3876772,-3.6291348,CB:AA:BC:3F:36:A5,SCKS,-0.125,1.335938,-0.011719,-14.56,-26.880001,124.32,0.130816,0.775552,-0.299008,211,442,650,1.3418243829968959
2024-04-25 14:17:16.068000+00:00,2024-04-25 14:15:30+00:00,2024-04-25 14:17:30+00:00,TABUENCA01-45,Sensoria-C1-E90A,Left,Gait,1.0.5,40.3876772,-3.6291348,F0:75:B1:51:59:F6,SCKS,-2.968748,1.656249,-0.15625,4.48,-71.68,-97.440002,0.51392,0.457856,-0.242944,688,533,691,3.4030926375879047
2024-04-25 14:17:16.093000+00:00,2024-04-25 14:15:30+00:00,2024-04-25 14:17:30+00:00,TABUENCA01-45,Sensoria-C1-EEA1,Right,Gait,1.0.5,40.3876772,-3.6291348,CB:AA:BC:3F:36:A5,SCKS,-0.15625,1.457032,-0.15625,-19.040001,-22.4,142.240005,0.158848,0.775552,-0.289664,202,429,671,1.4736927678535985
2024-04-25 14:17:16.101000+00:00,2024-04-25 14:15:30+00:00,2024-04-25 14:17:30+00:00,TABUENCA01-45,Sensoria-C1-E90A,Left,Gait,1.0.5,40.3876772,-3.6291348,F0:75:B1:51:59:F6,SCKS,3.937498,-0.09375,0.78125,47.040001,49.279999,-97.440002,0.504576,0.485888,-0.242944,690,533,677,4.015349439962106
2024-04-25 14:17:16.110000+00:00,2024-04-25 14:15:30+00:00,2024-04-25 14:17:30+00:00,TABUENCA01-45,Sensoria-C1-EEA1,Right,Gait,1.0.5,40.3876772,-3.6291348,CB:AA:BC:3F:36:A5,SCKS,-0.230469,1.683595,-0.066406,-25.76,-10.08,159.039993,0.158848,0.775552,-0.289664,196,427,683,1.7005933790362704
2024-04-25 14:17:16.126000+00:00,2024-04-25 14:15:30+00:00,2024-04-25 14:17:30+00:00,TABUENCA01-45,Sensoria-C1-EEA1,Right,Gait,1.0.5,40.3876772,-3.6291348,CB:AA:BC:3F:36:A5,SCKS,-0.464844,1.921876,0.175781,-32.48,14.56,182.559998,0.18688,0.784896,-0.289664,199,436,690,1.9850909963205716
2024-04-25 14:17:16.133000+00:00,2024-04-25 14:15:30+00:00,2024-04-25 14:17:30+00:00,TABUENCA01-45,Sensoria-C1-E90A,Left,Gait,1.0.5,40.3876772,-3.6291348,F0:75:B1:51:59:F6,SCKS,-0.6875,1.531249,0.34375,68.32,132.160004,-221.759995,0.485888,0.532608,-0.270976,696,536,634,1.7133428765139218
2024-04-25 14:17:16.142000+00:00,2024-04-25 14:15:30+00:00,2024-04-25 14:17:30+00:00,TABUENCA01-45,Sensoria-C1-EEA1,Right,Gait,1.0.5,40.3876772,-3.6291348,CB:AA:BC:3F:36:A5,SCKS,-0.882813,1.996095,0.394532,-44.799999,38.080002,208.320007,0.214912,0.79424,-0.28032,209,448,691,2.2179741975546063
2024-04-25 14:17:16.166000+00:00,2024-04-25 14:15:30+00:00,2024-04-25 14:17:30+00:00,TABUENCA01-45,Sensoria-C1-E90A,Left,Gait,1.0.5,40.3876772,-3.6291348,F0:75:B1:51:59:F6,SCKS,-0.3125,1.687499,-0.65625,80.639999,14.56,-165.759995,0.457856,0.569984,-0.28032,694,543,458,1.837382156085391
2024-04-25 14:17:16.174000+00:00,2024-04-25 14:15:30+00:00,2024-04-25 14:17:30+00:00,TABUENCA01-45,Sensoria-C1-EEA1,Right,Gait,1.0.5,40.3876772,-3.6291348,CB:AA:BC:3F:36:A5,SCKS,-0.921876,1.996095,0.273438,-56.0,49.279999,240.800003,0.261632,0.79424,-0.289664,234,474,693,2.2156305983274827
2024-04-25 14:17:16.191000+00:00,2024-04-25 14:15:30+00:00,2024-04-25 14:17:30+00:00,TABUENCA01-45,Sensoria-C1-EEA1,Right,Gait,1.0.5,40.3876772,-3.6291348,CB:AA:BC:3F:36:A5,SCKS,-0.714844,1.996095,-0.476563,-38.080002,22.4,274.399994,0.308352,0.803584,-0.299008,273,518,692,2.1731335638496776
2024-04-25 14:17:16.198000+00:00,2024-04-25 14:15:30+00:00,2024-04-25 14:17:30+00:00,TABUENCA01-45,Sensoria-C1-E90A,Left,Gait,1.0.5,40.3876772,-3.6291348,F0:75:B1:51:59:F6,SCKS,-0.1875,0.968749,-0.28125,61.599998,-15.68,-151.199997,0.429824,0.626048,-0.270976,688,553,385,1.0260275032868271
2024-04-25 14:17:16.207000+00:00,2024-04-25 14:15:30+00:00,2024-04-25 14:17:30+00:00,TABUENCA01-45,Sensoria-C1-EEA1,Right,Gait,1.0.5,40.3876772,-3.6291348,CB:AA:BC:3F:36:A5,SCKS,-0.601563,1.996095,-0.703125,-19.040001,-58.240002,299.040009,0.308352,0.803584,-0.299008,330,579,690,2.2001495534665363
2024-04-25 14:17:16.223000+00:00,2024-04-25 14:15:30+00:00,2024-04-25 14:17:30+00:00,TABUENCA01-45,Sensoria-C1-EEA1,Right,Gait,1.0.5,40.3876772,-3.6291348,CB:AA:BC:3F:36:A5,SCKS,-0.402344,0.925782,-0.582032,19.040001,-66.080002,296.799988,0.355072,0.803584,-0.308352,392,634,690,1.1652099617167715
2024-04-25 14:17:16.231000+00:00,2024-04-25 14:15:30+00:00,2024-04-25 14:17:30+00:00,TABUENCA01-45,Sensoria-C1-E90A,Left,Gait,1.0.5,40.3876772,-3.6291348,F0:75:B1:51:59:F6,SCKS,0.0625,0.999999,-0.1875,36.959999,-41.439999,-77.279999,0.411136,0.635392,-0.242944,670,549,346,1.019343170870831
2024-04-25 14:17:16.239000+00:00,2024-04-25 14:15:30+00:00,2024-04-25 14:17:30+00:00,TABUENCA01-45,Sensoria-C1-EEA1,Right,Gait,1.0.5,40.3876772,-3.6291348,CB:AA:BC:3F:36:A5,SCKS,-0.347656,0.273438,-0.589844,24.639999,0.0,210.559998,0.392448,0.803584,-0.289664,441,668,689,0.7372577422557189
2024-04-25 14:17:16.263000+00:00,2024-04-25 14:15:30+00:00,2024-04-25 14:17:30+00:00,TABUENCA01-45,Sensoria-C1-E90A,Left,Gait,1.0.5,40.3876772,-3.6291348,F0:75:B1:51:59:F6,SCKS,0.15625,0.968749,-0.15625,12.32,-41.439999,-34.720001,0.411136,0.644736,-0.2336,655,541,327,0.9936310935155964
2024-04-25 14:17:16.272000+00:00,2024-04-25 14:15:30+00:00,2024-04-25 14:17:30+00:00,TABUENCA01-45,Sensoria-C1-EEA1,Right,Gait,1.0.5,40.3876772,-3.6291348,CB:AA:BC:3F:36:A5,SCKS,-0.027344,0.875001,-0.59375,6.72,131.039993,124.32,0.42048,0.784896,-0.289664,463,685,688,1.057787080104971
2024-04-25 14:17:16.288000+00:00,2024-04-25 14:15:30+00:00,2024-04-25 14:17:30+00:00,TABUENCA01-45,Sensoria-C1-EEA1,Right,Gait,1.0.5,40.3876772,-3.6291348,CB:AA:BC:3F:36:A5,SCKS,-1.265626,0.222656,-0.363282,-26.880001,170.240005,3.36,0.411136,0.79424,-0.308352,475,695,686,1.335424530902439
2024-04-25 14:17:16.296000+00:00,2024-04-25 14:15:30+00:00,2024-04-25 14:17:30+00:00,TABUENCA01-45,Sensoria-C1-E90A,Left,Gait,1.0.5,40.3876772,-3.6291348,F0:75:B1:51:59:F6,SCKS,0.1875,0.968749,-0.125,6.72,-32.48,-15.68,0.401792,0.65408,-0.2336,646,532,324,0.994613429931951
2024-04-25 14:17:16.305000+00:00,2024-04-25 14:15:30+00:00,2024-04-25 14:17:30+00:00,TABUENCA01-45,Sensoria-C1-EEA1,Right,Gait,1.0.5,40.3876772,-3.6291348,CB:AA:BC:3F:36:A5,SCKS,-0.960938,0.066406,-0.070313,-33.599998,103.040001,-48.16,0.411136,0.79424,-0.308352,478,700,685,0.9657926872000014
2024-04-25 14:17:16.321000+00:00,2024-04-25 14:15:30+00:00,2024-04-25 14:17:30+00:00,TABUENCA01-45,Sensoria-C1-EEA1,Right,Gait,1.0.5,40.3876772,-3.6291348,CB:AA:BC:3F:36:A5,SCKS,-0.476563,-0.128906,0.011719,5.6,38.080002,-84.0,0.411136,0.79424,-0.308352,481,703,681,0.4938282948211858
2024-04-25 14:17:16.329000+00:00,2024-04-25 14:15:30+00:00,2024-04-25 14:17:30+00:00,TABUENCA01-45,Sensoria-C1-E90A,Left,Gait,1.0.5,40.3876772,-3.6291348,F0:75:B1:51:59:F6,SCKS,0.15625,0.9375,-0.125,-3.36,-28.0,-15.68,0.401792,0.65408,-0.224256,639,526,330,0.9586163531361229
2024-04-25 14:17:16.345000+00:00,2024-04-25 14:15:30+00:00,2024-04-25 14:17:30+00:00,TABUENCA01-45,Sensoria-C1-E90A,Left,Gait,1.0.5,40.3876772,-3.6291348,F0:75:B1:51:59:F6,SCKS,0.1875,0.9375,-0.1875,-1.12,-24.639999,-16.799999,0.392448,0.663424,-0.224256,631,518,350,0.9742785792574935
2024-04-25 14:17:16.353000+00:00,2024-04-25 14:15:30+00:00,2024-04-25 14:17:30+00:00,TABUENCA01-45,Sensoria-C1-EEA1,Right,Gait,1.0.5,40.3876772,-3.6291348,CB:AA:BC:3F:36:A5,SCKS,-0.449219,-0.023438,-0.070313,32.48,12.32,-132.160004,0.383104,0.803584,-0.299008,480,703,682,0.45529217846784936
2024-04-25 14:17:16.370000+00:00,2024-04-25 14:15:30+00:00,2024-04-25 14:17:30+00:00,TABUENCA01-45,Sensoria-C1-EEA1,Right,Gait,1.0.5,40.3876772,-3.6291348,CB:AA:BC:3F:36:A5,SCKS,-0.519532,0.171875,-0.09375,36.959999,-10.08,-180.320007,0.355072,0.812928,-0.308352,481,705,681,0.5551968814294619
2024-04-25 14:17:16.377000+00:00,2024-04-25 14:15:30+00:00,2024-04-25 14:17:30+00:00,TABUENCA01-45,Sensoria-C1-E90A,Left,Gait,1.0.5,40.3876772,-3.6291348,F0:75:B1:51:59:F6,SCKS,0.15625,0.9375,-0.21875,-3.36,-34.720001,-16.799999,0.392448,0.663424,-0.224256,625,511,373,0.9752804083954522
2024-04-25 14:17:16.386000+00:00,2024-04-25 14:15:30+00:00,2024-04-25 14:17:30+00:00,TABUENCA01-45,Sensoria-C1-EEA1,Right,Gait,1.0.5,40.3876772,-3.6291348,CB:AA:BC:3F:36:A5,SCKS,-0.5,0.289063,-0.046875,34.720001,-33.599998,-224.0,0.355072,0.812928,-0.308352,481,704,680,0.5794434257060822
2024-04-25 14:17:16.402000+00:00,2024-04-25 14:15:30+00:00,2024-04-25 14:17:30+00:00,TABUENCA01-45,Sensoria-C1-EEA1,Right,Gait,1.0.5,40.3876772,-3.6291348,CB:AA:BC:3F:36:A5,SCKS,-0.464844,0.4375,-0.046875,40.32,-56.0,-263.200012,0.308352,0.803584,-0.308352,480,705,681,0.6400651997734293
2024-04-25 14:17:16.410000+00:00,2024-04-25 14:15:30+00:00,2024-04-25 14:17:30+00:00,TABUENCA01-45,Sensoria-C1-E90A,Left,Gait,1.0.5,40.3876772,-3.6291348,F0:75:B1:51:59:F6,SCKS,0.125,0.9375,-0.15625,-4.48,-35.84,-12.32,0.392448,0.663424,-0.2336,614,501,392,0.9586163531361229
2024-04-25 14:17:16.435000+00:00,2024-04-25 14:15:30+00:00,2024-04-25 14:17:30+00:00,TABUENCA01-45,Sensoria-C1-EEA1,Right,Gait,1.0.5,40.3876772,-3.6291348,CB:AA:BC:3F:36:A5,SCKS,-0.453125,0.65625,-0.050781,42.560001,-66.080002,-294.559998,0.261632,0.803584,-0.289664,479,703,679,0.799102645525592
2024-04-25 14:17:16.442000+00:00,2024-04-25 14:15:30+00:00,2024-04-25 14:17:30+00:00,TABUENCA01-45,Sensoria-C1-E90A,Left,Gait,1.0.5,40.3876772,-3.6291348,F0:75:B1:51:59:F6,SCKS,0.15625,0.9375,-0.15625,-1.12,-39.200001,-15.68,0.383104,0.663424,-0.224256,601,488,410,0.9631896879639026
2024-04-25 14:17:16.451000+00:00,2024-04-25 14:15:30+00:00,2024-04-25 14:17:30+00:00,TABUENCA01-45,Sensoria-C1-EEA1,Right,Gait,1.0.5,40.3876772,-3.6291348,CB:AA:BC:3F:36:A5,SCKS,-0.414063,1.054688,-0.050781,34.720001,-63.84,-338.23999,0.205568,0.79424,-0.289664,479,701,678,1.1341929532817598
2024-04-25 14:17:16.468000+00:00,2024-04-25 14:15:30+00:00,2024-04-25 14:17:30+00:00,TABUENCA01-45,Sensoria-C1-EEA1,Right,Gait,1.0.5,40.3876772,-3.6291348,CB:AA:BC:3F:36:A5,SCKS,-0.410157,1.375001,-0.046875,24.639999,-49.279999,-365.119995,0.14016,0.775552,-0.289664,479,700,679,1.4356370642592786
2024-04-25 14:17:16.475000+00:00,2024-04-25 14:15:30+00:00,2024-04-25 14:17:30+00:00,TABUENCA01-45,Sensoria-C1-E90A,Left,Gait,1.0.5,40.3876772,-3.6291348,F0:75:B1:51:59:F6,SCKS,0.125,0.9375,-0.15625,5.6,-44.799999,-26.880001,0.383104,0.672768,-0.214912,574,461,436,0.9586163531361229
2024-04-25 14:17:16.483000+00:00,2024-04-25 14:15:30+00:00,2024-04-25 14:17:30+00:00,TABUENCA01-45,Sensoria-C1-EEA1,Right,Gait,1.0.5,40.3876772,-3.6291348,CB:AA:BC:3F:36:A5,SCKS,-0.429688,1.88672,0.058594,6.72,-14.56,-381.920013,0.084096,0.738176,-0.289664,478,699,678,1.9359177132770906
2024-04-25 14:17:16.500000+00:00,2024-04-25 14:15:30+00:00,2024-04-25 14:17:30+00:00,TABUENCA01-45,Sensoria-C1-EEA1,Right,Gait,1.0.5,40.3876772,-3.6291348,CB:AA:BC:3F:36:A5,SCKS,-0.289063,1.996095,0.09375,11.2,5.6,-386.399994,0.084096,0.738176,-0.289664,478,698,677,2.0190942844488466
2024-04-25 14:17:16.507000+00:00,2024-04-25 14:15:30+00:00,2024-04-25 14:17:30+00:00,TABUENCA01-45,Sensoria-C1-E90A,Left,Gait,1.0.5,40.3876772,-3.6291348,F0:75:B1:51:59:F6,SCKS,0.09375,0.9375,-0.15625,12.32,-42.560001,-36.959999,0.37376,0.682112,-0.214912,548,435,455,0.9550441743710079
2024-04-25 14:17:16.533000+00:00,2024-04-25 14:15:30+00:00,2024-04-25 14:17:30+00:00,TABUENCA01-45,Sensoria-C1-EEA1,Right,Gait,1.0.5,40.3876772,-3.6291348,CB:AA:BC:3F:36:A5,SCKS,0.242188,1.996095,-0.207031,56.0,-40.32,-396.480011,0.028032,0.7008,-0.289664,479,699,678,2.0213639235254
2024-04-25 14:17:16.540000+00:00,2024-04-25 14:15:30+00:00,2024-04-25 14:17:30+00:00,TABUENCA01-45,Sensoria-C1-E90A,Left,Gait,1.0.5,40.3876772,-3.6291348,F0:75:B1:51:59:F6,SCKS,0.09375,1.031249,-0.21875,10.08,-40.32,-51.52,0.355072,0.691456,-0.196224,518,403,481,1.0583549144785978
2024-04-25 14:17:16.549000+00:00,2024-04-25 14:15:30+00:00,2024-04-25 14:17:30+00:00,TABUENCA01-45,Sensoria-C1-EEA1,Right,Gait,1.0.5,40.3876772,-3.6291348,CB:AA:BC:3F:36:A5,SCKS,1.066407,1.996095,-0.050781,36.959999,-16.799999,-394.23999,-0.018688,0.644736,-0.28032,478,699,677,2.2636691120026797
2024-04-25 14:17:16.565000+00:00,2024-04-25 14:15:30+00:00,2024-04-25 14:17:30+00:00,TABUENCA01-45,Sensoria-C1-EEA1,Right,Gait,1.0.5,40.3876772,-3.6291348,CB:AA:BC:3F:36:A5,SCKS,1.996095,1.996095,-0.5,44.799999,-12.32,-359.519989,-0.056064,0.588672,-0.28032,478,700,678,2.8668432984817986
2024-04-25 14:17:16.572000+00:00,2024-04-25 14:15:30+00:00,2024-04-25 14:17:30+00:00,TABUENCA01-45,Sensoria-C1-E90A,Left,Gait,1.0.5,40.3876772,-3.6291348,F0:75:B1:51:59:F6,SCKS,0.09375,1.062499,-0.1875,3.36,-40.32,-73.919998,0.336384,0.7008,-0.177536,484,367,519,1.0829817346109767
2024-04-25 14:17:16.581000+00:00,2024-04-25 14:15:30+00:00,2024-04-25 14:17:30+00:00,TABUENCA01-45,Sensoria-C1-EEA1,Right,Gait,1.0.5,40.3876772,-3.6291348,CB:AA:BC:3F:36:A5,SCKS,1.996095,1.785158,0.066406,50.400002,30.24,-227.360001,-0.074752,0.56064,-0.261632,478,699,679,2.6787299398828917
2024-04-25 14:17:16.605000+00:00,2024-04-25 14:15:30+00:00,2024-04-25 14:17:30+00:00,TABUENCA01-45,Sensoria-C1-E90A,Left,Gait,1.0.5,40.3876772,-3.6291348,F0:75:B1:51:59:F6,SCKS,0.125,1.156249,-0.125,-2.24,-41.439999,-101.919998,0.317696,0.710144,-0.18688,443,328,578,1.1696844659996986
2024-04-25 14:17:16.613000+00:00,2024-04-25 14:15:30+00:00,2024-04-25 14:17:30+00:00,TABUENCA01-45,Sensoria-C1-EEA1,Right,Gait,1.0.5,40.3876772,-3.6291348,CB:AA:BC:3F:36:A5,SCKS,1.996095,1.640626,0.167969,61.599998,42.560001,-126.559998,-0.074752,0.56064,-0.261632,477,702,679,2.5892590650342426
2024-04-25 14:17:16.630000+00:00,2024-04-25 14:15:30+00:00,2024-04-25 14:17:30+00:00,TABUENCA01-45,Sensoria-C1-EEA1,Right,Gait,1.0.5,40.3876772,-3.6291348,CB:AA:BC:3F:36:A5,SCKS,1.621095,1.996095,0.964844,12.32,38.080002,38.080002,-0.084096,0.541952,-0.261632,476,703,683,2.746501081810455
2024-04-25 14:17:16.637000+00:00,2024-04-25 14:15:30+00:00,2024-04-25 14:17:30+00:00,TABUENCA01-45,Sensoria-C1-E90A,Left,Gait,1.0.5,40.3876772,-3.6291348,F0:75:B1:51:59:F6,SCKS,0.09375,1.281249,-0.09375,-3.36,-33.599998,-115.360001,0.299008,0.728832,-0.18688,407,300,627,1.2880904956566523
2024-04-25 14:17:16.646000+00:00,2024-04-25 14:15:30+00:00,2024-04-25 14:17:30+00:00,TABUENCA01-45,Sensoria-C1-EEA1,Right,Gait,1.0.5,40.3876772,-3.6291348,CB:AA:BC:3F:36:A5,SCKS,-1.218751,0.660157,0.136719,15.68,-128.800003,123.199997,-0.074752,0.551296,-0.261632,477,698,677,1.3927861823018635
2024-04-25 14:17:16.662000+00:00,2024-04-25 14:15:30+00:00,2024-04-25 14:17:30+00:00,TABUENCA01-45,Sensoria-C1-EEA1,Right,Gait,1.0.5,40.3876772,-3.6291348,CB:AA:BC:3F:36:A5,SCKS,-1.425782,0.4375,1.308595,47.040001,-227.360001,94.080002,-0.074752,0.579328,-0.299008,483,702,652,1.9841072137233413
2024-04-25 14:17:16.670000+00:00,2024-04-25 14:15:30+00:00,2024-04-25 14:17:30+00:00,TABUENCA01-45,Sensoria-C1-E90A,Left,Gait,1.0.5,40.3876772,-3.6291348,F0:75:B1:51:59:F6,SCKS,0.1875,1.468749,-0.21875,2.24,-28.0,-133.279999,0.28032,0.738176,-0.177536,378,287,658,1.496740270554982
2024-04-25 14:17:16.686000+00:00,2024-04-25 14:15:30+00:00,2024-04-25 14:17:30+00:00,TABUENCA01-45,Sensoria-C1-E90A,Left,Gait,1.0.5,40.3876772,-3.6291348,F0:75:B1:51:59:F6,SCKS,0.46875,1.843749,0.0,0.0,-22.4,-165.759995,0.252288,0.74752,-0.18688,375,310,669,1.902402937734538
2024-04-25 14:17:16.710000+00:00,2024-04-25 14:15:30+00:00,2024-04-25 14:17:30+00:00,TABUENCA01-45,Sensoria-C1-EEA1,Right,Gait,1.0.5,40.3876772,-3.6291348,CB:AA:BC:3F:36:A5,SCKS,1.234376,1.527345,0.480469,75.040001,-209.440002,236.320007,-0.056064,0.60736,-0.317696,490,706,600,2.021711482472709
2024-04-25 14:17:16.712000+00:00,2024-04-25 14:15:30+00:00,2024-04-25 14:17:30+00:00,TABUENCA01-45,Sensoria-C1-EEA1,Right,Gait,1.0.5,40.3876772,-3.6291348,CB:AA:BC:3F:36:A5,SCKS,0.488282,1.91797,0.15625,47.040001,-17.92,224.0,-0.056064,0.60736,-0.317696,494,712,522,1.9853065997281125
2024-04-25 14:17:16.728000+00:00,2024-04-25 14:15:30+00:00,2024-04-25 14:17:30+00:00,TABUENCA01-45,Sensoria-C1-EEA1,Right,Gait,1.0.5,40.3876772,-3.6291348,CB:AA:BC:3F:36:A5,SCKS,0.117188,1.445314,-0.488282,57.119999,31.360001,193.759995,-0.04672,0.644736,-0.308352,494,713,452,1.5300604228147332
2024-04-25 14:17:16.734000+00:00,2024-04-25 14:15:30+00:00,2024-04-25 14:17:30+00:00,TABUENCA01-45,Sensoria-C1-E90A,Left,Gait,1.0.5,40.3876772,-3.6291348,F0:75:B1:51:59:F6,SCKS,1.031249,2.437499,0.0,-22.4,-28.0,-199.360001,0.18688,0.784896,-0.205568,433,364,673,2.6466726044227684
2024-04-25 14:17:16.743000+00:00,2024-04-25 14:15:30+00:00,2024-04-25 14:17:30+00:00,TABUENCA01-45,Sensoria-C1-EEA1,Right,Gait,1.0.5,40.3876772,-3.6291348,CB:AA:BC:3F:36:A5,SCKS,0.089844,1.113282,0.082031,5.6,33.599998,157.919998,-0.028032,0.672768,-0.308352,494,713,408,1.1199097467300658
2024-04-25 14:17:16.751000+00:00,2024-04-25 14:15:30+00:00,2024-04-25 14:17:30+00:00,TABUENCA01-45,Sensoria-C1-E90A,Left,Gait,1.0.5,40.3876772,-3.6291348,F0:75:B1:51:59:F6,SCKS,0.625,2.156249,-0.34375,-40.32,-57.119999,-226.240005,0.14016,0.784896,-0.18688,516,424,678,2.271166839424396
2024-04-25 14:17:16.759000+00:00,2024-04-25 14:15:30+00:00,2024-04-25 14:17:30+00:00,TABUENCA01-45,Sensoria-C1-EEA1,Right,Gait,1.0.5,40.3876772,-3.6291348,CB:AA:BC:3F:36:A5,SCKS,0.265625,1.035157,-0.136719,15.68,-28.0,118.720001,-0.009344,0.682112,-0.299008,488,716,381,1.0774037034626345
2024-04-25 14:17:16.784000+00:00,2024-04-25 14:15:30+00:00,2024-04-25 14:17:30+00:00,TABUENCA01-45,Sensoria-C1-E90A,Left,Gait,1.0.5,40.3876772,-3.6291348,F0:75:B1:51:59:F6,SCKS,0.75,1.843749,-0.6875,-10.08,-15.68,-266.559998,0.09344,0.79424,-0.196224,588,484,683,2.105841073063445
2024-04-25 14:17:16.792000+00:00,2024-04-25 14:15:30+00:00,2024-04-25 14:17:30+00:00,TABUENCA01-45,Sensoria-C1-EEA1,Right,Gait,1.0.5,40.3876772,-3.6291348,CB:AA:BC:3F:36:A5,SCKS,-0.054688,0.941407,0.03125,-15.68,25.76,99.68,0.0,0.7008,-0.308352,478,719,360,0.9435117802619107
2024-04-25 14:17:16.808000+00:00,2024-04-25 14:15:30+00:00,2024-04-25 14:17:30+00:00,TABUENCA01-45,Sensoria-C1-EEA1,Right,Gait,1.0.5,40.3876772,-3.6291348,CB:AA:BC:3F:36:A5,SCKS,-0.128906,0.980469,-0.066406,-8.96,17.92,76.160004,0.0,0.7008,-0.308352,469,713,347,0.9911336810102863
2024-04-25 14:17:16.816000+00:00,2024-04-25 14:15:30+00:00,2024-04-25 14:17:30+00:00,TABUENCA01-45,Sensoria-C1-E90A,Left,Gait,1.0.5,40.3876772,-3.6291348,F0:75:B1:51:59:F6,SCKS,-0.34375,-0.125,-0.53125,20.16,-25.76,-116.480003,0.018688,0.79424,-0.18688,666,536,687,0.6449927325171967
2024-04-25 14:17:16.825000+00:00,2024-04-25 14:15:30+00:00,2024-04-25 14:17:30+00:00,TABUENCA01-45,Sensoria-C1-EEA1,Right,Gait,1.0.5,40.3876772,-3.6291348,CB:AA:BC:3F:36:A5,SCKS,-0.078125,0.972657,0.125,-4.48,10.08,60.48,0.009344,0.7008,-0.308352,462,705,340,0.983763261803367
2024-04-25 14:17:16.841000+00:00,2024-04-25 14:15:30+00:00,2024-04-25 14:17:30+00:00,TABUENCA01-45,Sensoria-C1-EEA1,Right,Gait,1.0.5,40.3876772,-3.6291348,CB:AA:BC:3F:36:A5,SCKS,-0.167969,0.988282,0.074219,7.84,5.6,44.799999,0.018688,0.710144,-0.308352,455,693,338,1.0051981677490265
2024-04-25 14:17:16.848000+00:00,2024-04-25 14:15:30+00:00,2024-04-25 14:17:30+00:00,TABUENCA01-45,Sensoria-C1-E90A,Left,Gait,1.0.5,40.3876772,-3.6291348,F0:75:B1:51:59:F6,SCKS,0.968749,0.125,-0.15625,11.2,-162.399994,50.400002,0.009344,0.784896,-0.196224,688,543,686,0.9891985076318099
2024-04-25 14:17:16.874000+00:00,2024-04-25 14:15:30+00:00,2024-04-25 14:17:30+00:00,TABUENCA01-45,Sensoria-C1-EEA1,Right,Gait,1.0.5,40.3876772,-3.6291348,CB:AA:BC:3F:36:A5,SCKS,-0.15625,0.988282,-0.035156,8.96,4.48,42.560001,0.018688,0.710144,-0.299008,447,682,338,1.0011749689040372
2024-04-25 14:17:16.881000+00:00,2024-04-25 14:15:30+00:00,2024-04-25 14:17:30+00:00,TABUENCA01-45,Sensoria-C1-E90A,Left,Gait,1.0.5,40.3876772,-3.6291348,F0:75:B1:51:59:F6,SCKS,0.78125,0.03125,-0.03125,-6.72,-70.559998,129.919998,0.018688,0.79424,-0.196224,695,544,682,0.7824990015968072
2024-04-25 14:17:16.890000+00:00,2024-04-25 14:15:30+00:00,2024-04-25 14:17:30+00:00,TABUENCA01-45,Sensoria-C1-EEA1,Right,Gait,1.0.5,40.3876772,-3.6291348,CB:AA:BC:3F:36:A5,SCKS,-0.195313,0.964844,-0.007813,3.36,6.72,43.68,0.018688,0.710144,-0.299008,439,674,341,0.984445100182839
2024-04-25 14:17:16.906000+00:00,2024-04-25 14:15:30+00:00,2024-04-25 14:17:30+00:00,TABUENCA01-45,Sensoria-C1-EEA1,Right,Gait,1.0.5,40.3876772,-3.6291348,CB:AA:BC:3F:36:A5,SCKS,-0.121094,0.988282,-0.214844,0.0,7.84,48.16,0.028032,0.719488,-0.308352,431,662,348,1.018588735798703
2024-04-25 14:17:16.922000+00:00,2024-04-25 14:15:30+00:00,2024-04-25 14:17:30+00:00,TABUENCA01-45,Sensoria-C1-EEA1,Right,Gait,1.0.5,40.3876772,-3.6291348,CB:AA:BC:3F:36:A5,SCKS,-0.078125,0.964844,-0.109375,-15.68,22.4,48.16,0.028032,0.719488,-0.308352,419,652,356,0.9741613575717322
2024-04-25 14:17:16.929000+00:00,2024-04-25 14:15:30+00:00,2024-04-25 14:17:30+00:00,TABUENCA01-45,Sensoria-C1-E90A,Left,Gait,1.0.5,40.3876772,-3.6291348,F0:75:B1:51:59:F6,SCKS,0.3125,0.125,0.03125,0.0,-12.32,172.479996,0.037376,0.79424,-0.205568,697,544,681,0.338020432074749
2024-04-25 14:17:16.946000+00:00,2024-04-25 14:15:30+00:00,2024-04-25 14:17:30+00:00,TABUENCA01-45,Sensoria-C1-E90A,Left,Gait,1.0.5,40.3876772,-3.6291348,F0:75:B1:51:59:F6,SCKS,0.34375,0.375,-0.15625,21.280001,1.12,229.600006,0.112128,0.79424,-0.196224,699,541,680,0.5321683239352001
2024-04-25 14:17:16.954000+00:00,2024-04-25 14:15:30+00:00,2024-04-25 14:17:30+00:00,TABUENCA01-45,Sensoria-C1-EEA1,Right,Gait,1.0.5,40.3876772,-3.6291348,CB:AA:BC:3F:36:A5,SCKS,-0.089844,0.968751,0.042969,-12.32,28.0,47.040001,0.037376,0.728832,-0.299008,403,630,373,0.9738566523354452
2024-04-25 14:17:16.971000+00:00,2024-04-25 14:15:30+00:00,2024-04-25 14:17:30+00:00,TABUENCA01-45,Sensoria-C1-EEA1,Right,Gait,1.0.5,40.3876772,-3.6291348,CB:AA:BC:3F:36:A5,SCKS,-0.09375,0.988282,-0.015625,-5.6,28.0,50.400002,0.037376,0.728832,-0.299008,388,613,384,0.99284163623863
2024-04-25 14:17:16.978000+00:00,2024-04-25 14:15:30+00:00,2024-04-25 14:17:30+00:00,TABUENCA01-45,Sensoria-C1-E90A,Left,Gait,1.0.5,40.3876772,-3.6291348,F0:75:B1:51:59:F6,SCKS,0.28125,0.65625,-0.125,8.96,26.880001,278.880005,0.158848,0.784896,-0.205568,699,542,678,0.7248383440464501
2024-04-25 14:17:16.987000+00:00,2024-04-25 14:15:30+00:00,2024-04-25 14:17:30+00:00,TABUENCA01-45,Sensoria-C1-EEA1,Right,Gait,1.0.5,40.3876772,-3.6291348,CB:AA:BC:3F:36:A5,SCKS,-0.082031,0.972657,-0.046875,-4.48,25.76,51.52,0.04672,0.728832,-0.299008,374,596,398,0.9772348695349548
2024-04-25 14:17:17.003000+00:00,2024-04-25 14:15:30+00:00,2024-04-25 14:17:30+00:00,TABUENCA01-45,Sensoria-C1-EEA1,Right,Gait,1.0.5,40.3876772,-3.6291348,CB:AA:BC:3F:36:A5,SCKS,-0.066406,0.976563,-0.046875,-6.72,17.92,50.400002,0.056064,0.738176,-0.28032,362,580,411,0.9799399550125507
2024-04-25 14:17:17.020000+00:00,2024-04-25 14:15:30+00:00,2024-04-25 14:17:30+00:00,TABUENCA01-45,Sensoria-C1-EEA1,Right,Gait,1.0.5,40.3876772,-3.6291348,CB:AA:BC:3F:36:A5,SCKS,-0.035156,0.984376,-0.035156,-8.96,12.32,51.52,0.065408,0.738176,-0.289664,346,560,427,0.9856307615167051
2024-04-25 14:17:17.027000+00:00,2024-04-25 14:15:30+00:00,2024-04-25 14:17:30+00:00,TABUENCA01-45,Sensoria-C1-E90A,Left,Gait,1.0.5,40.3876772,-3.6291348,F0:75:B1:51:59:F6,SCKS,0.34375,1.562499,-0.09375,5.6,41.439999,367.360016,0.289664,0.74752,-0.205568,697,538,676,1.6026092006478063
2024-04-25 14:17:17.052000+00:00,2024-04-25 14:15:30+00:00,2024-04-25 14:17:30+00:00,TABUENCA01-45,Sensoria-C1-EEA1,Right,Gait,1.0.5,40.3876772,-3.6291348,CB:AA:BC:3F:36:A5,SCKS,-0.027344,0.976563,-0.011719,-8.96,10.08,52.639999,0.065408,0.738176,-0.289664,332,542,442,0.9770160296873331
2024-04-25 14:17:17.059000+00:00,2024-04-25 14:15:30+00:00,2024-04-25 14:17:30+00:00,TABUENCA01-45,Sensoria-C1-E90A,Left,Gait,1.0.5,40.3876772,-3.6291348,F0:75:B1:51:59:F6,SCKS,0.375,2.156249,0.0,1.12,60.48,385.279999,0.392448,0.65408,-0.205568,696,536,675,2.188614801649893
2024-04-25 14:17:17.068000+00:00,2024-04-25 14:15:30+00:00,2024-04-25 14:17:30+00:00,TABUENCA01-45,Sensoria-C1-EEA1,Right,Gait,1.0.5,40.3876772,-3.6291348,CB:AA:BC:3F:36:A5,SCKS,-0.015625,0.980469,-0.015625,-7.84,7.84,53.760002,0.065408,0.738176,-0.289664,316,522,460,0.9807179723095728
2024-04-25 14:17:17.084000+00:00,2024-04-25 14:15:30+00:00,2024-04-25 14:17:30+00:00,TABUENCA01-45,Sensoria-C1-EEA1,Right,Gait,1.0.5,40.3876772,-3.6291348,CB:AA:BC:3F:36:A5,SCKS,-0.007813,1.007813,0.011719,-6.72,5.6,56.0,0.084096,0.74752,-0.270976,301,505,480,1.0079114152042332
2024-04-25 14:17:17.092000+00:00,2024-04-25 14:15:30+00:00,2024-04-25 14:17:30+00:00,TABUENCA01-45,Sensoria-C1-E90A,Left,Gait,1.0.5,40.3876772,-3.6291348,F0:75:B1:51:59:F6,SCKS,-0.0625,2.843749,0.0,0.0,124.32,400.959991,0.448512,0.598016,-0.2336,696,536,675,2.8444357305098316
2024-04-25 14:17:17.101000+00:00,2024-04-25 14:15:30+00:00,2024-04-25 14:17:30+00:00,TABUENCA01-45,Sensoria-C1-EEA1,Right,Gait,1.0.5,40.3876772,-3.6291348,CB:AA:BC:3F:36:A5,SCKS,0.019531,1.039063,-0.050781,-3.36,3.36,58.240002,0.084096,0.74752,-0.289664,284,487,506,1.040486466942747
2024-04-25 14:17:17.124000+00:00,2024-04-25 14:15:30+00:00,2024-04-25 14:17:30+00:00,TABUENCA01-45,Sensoria-C1-E90A,Left,Gait,1.0.5,40.3876772,-3.6291348,F0:75:B1:51:59:F6,SCKS,-0.8125,3.031248,-0.21875,-28.0,115.360001,371.839996,0.485888,0.532608,-0.252288,697,536,676,3.1458658982868295
2024-04-25 14:17:17.134000+00:00,2024-04-25 14:15:30+00:00,2024-04-25 14:17:30+00:00,TABUENCA01-45,Sensoria-C1-EEA1,Right,Gait,1.0.5,40.3876772,-3.6291348,CB:AA:BC:3F:36:A5,SCKS,-0.019531,1.062501,0.03125,-6.72,5.6,63.84,0.09344,0.756864,-0.289664,267,468,538,1.063139876715195
2024-04-25 14:17:17.150000+00:00,2024-04-25 14:15:30+00:00,2024-04-25 14:17:30+00:00,TABUENCA01-45,Sensoria-C1-EEA1,Right,Gait,1.0.5,40.3876772,-3.6291348,CB:AA:BC:3F:36:A5,SCKS,-0.054688,1.13672,0.019531,-10.08,0.0,73.919998,0.102784,0.756864,-0.28032,250,450,577,1.1382023527057918
2024-04-25 14:17:17.157000+00:00,2024-04-25 14:15:30+00:00,2024-04-25 14:17:30+00:00,TABUENCA01-45,Sensoria-C1-E90A,Left,Gait,1.0.5,40.3876772,-3.6291348,F0:75:B1:51:59:F6,SCKS,-2.843749,1.624999,-0.8125,29.120001,112.0,268.799988,0.504576,0.485888,-0.270976,694,535,680,3.37456462006612
2024-04-25 14:17:17.166000+00:00,2024-04-25 14:15:30+00:00,2024-04-25 14:17:30+00:00,TABUENCA01-45,Sensoria-C1-EEA1,Right,Gait,1.0.5,40.3876772,-3.6291348,CB:AA:BC:3F:36:A5,SCKS,-0.078125,1.144532,0.195313,-3.36,-11.2,88.480003,0.102784,0.756864,-0.28032,234,433,616,1.1637027896408947
2024-04-25 14:17:17.182000+00:00,2024-04-25 14:15:30+00:00,2024-04-25 14:17:30+00:00,TABUENCA01-45,Sensoria-C1-EEA1,Right,Gait,1.0.5,40.3876772,-3.6291348,CB:AA:BC:3F:36:A5,SCKS,-0.089844,1.242188,0.132813,2.24,-29.120001,100.800003,0.121472,0.766208,-0.289664,219,419,647,1.252494417013106
2024-04-25 14:17:17.190000+00:00,2024-04-25 14:15:30+00:00,2024-04-25 14:17:30+00:00,TABUENCA01-45,Sensoria-C1-E90A,Left,Gait,1.0.5,40.3876772,-3.6291348,F0:75:B1:51:59:F6,SCKS,-3.374998,1.562499,-0.5,10.08,-104.160004,34.720001,0.51392,0.448512,-0.28032,692,534,684,3.752601047940615
2024-04-25 14:17:17.199000+00:00,2024-04-25 14:15:30+00:00,2024-04-25 14:17:30+00:00,TABUENCA01-45,Sensoria-C1-EEA1,Right,Gait,1.0.5,40.3876772,-3.6291348,CB:AA:BC:3F:36:A5,SCKS,-0.09375,1.382813,-0.175781,-8.96,-34.720001,118.720001,0.130816,0.775552,-0.28032,208,411,667,1.397089766418035
2024-04-25 14:17:17.222000+00:00,2024-04-25 14:15:30+00:00,2024-04-25 14:17:30+00:00,TABUENCA01-45,Sensoria-C1-E90A,Left,Gait,1.0.5,40.3876772,-3.6291348,F0:75:B1:51:59:F6,SCKS,1.218749,2.218749,-0.25,14.56,-14.56,-170.240005,0.504576,0.485888,-0.252288,690,536,685,2.543756326773852
2024-04-25 14:17:17.247000+00:00,2024-04-25 14:15:30+00:00,2024-04-25 14:17:30+00:00,TABUENCA01-45,Sensoria-C1-EEA1,Right,Gait,1.0.5,40.3876772,-3.6291348,CB:AA:BC:3F:36:A5,SCKS,-0.152344,1.51172,-0.136719,-23.52,-20.16,135.520004,0.149504,0.775552,-0.308352,200,408,682,1.5255156956573734
2024-04-25 14:17:17.248000+00:00,2024-04-25 14:15:30+00:00,2024-04-25 14:17:30+00:00,TABUENCA01-45,Sensoria-C1-EEA1,Right,Gait,1.0.5,40.3876772,-3.6291348,CB:AA:BC:3F:36:A5,SCKS,-0.265625,1.707032,-0.058594,-30.24,-6.72,154.559998,0.177536,0.784896,-0.299008,195,414,689,1.7285682359933032
2024-04-25 14:17:17.255000+00:00,2024-04-25 14:15:30+00:00,2024-04-25 14:17:30+00:00,TABUENCA01-45,Sensoria-C1-E90A,Left,Gait,1.0.5,40.3876772,-3.6291348,F0:75:B1:51:59:F6,SCKS,-0.34375,1.187499,0.6875,47.040001,159.039993,-181.440002,0.495232,0.504576,-0.270976,699,535,662,1.4145579477352632
2024-04-25 14:17:17.264000+00:00,2024-04-25 14:15:30+00:00,2024-04-25 14:17:30+00:00,TABUENCA01-45,Sensoria-C1-EEA1,Right,Gait,1.0.5,40.3876772,-3.6291348,CB:AA:BC:3F:36:A5,SCKS,-0.492188,1.972658,0.296875,-35.84,15.68,180.320007,0.214912,0.79424,-0.308352,199,430,693,2.054693013063752
2024-04-25 14:17:17.280000+00:00,2024-04-25 14:15:30+00:00,2024-04-25 14:17:30+00:00,TABUENCA01-45,Sensoria-C1-EEA1,Right,Gait,1.0.5,40.3876772,-3.6291348,CB:AA:BC:3F:36:A5,SCKS,-0.925782,1.996095,0.363282,-50.400002,39.200001,204.960007,0.214912,0.79424,-0.308352,212,448,694,2.2301213805694524
2024-04-25 14:17:17.287000+00:00,2024-04-25 14:15:30+00:00,2024-04-25 14:17:30+00:00,TABUENCA01-45,Sensoria-C1-E90A,Left,Gait,1.0.5,40.3876772,-3.6291348,F0:75:B1:51:59:F6,SCKS,-0.125,1.781249,0.0,73.919998,75.040001,-191.520004,0.485888,0.541952,-0.270976,702,541,577,1.7856295808484468
2024-04-25 14:17:17.312000+00:00,2024-04-25 14:15:30+00:00,2024-04-25 14:17:30+00:00,TABUENCA01-45,Sensoria-C1-EEA1,Right,Gait,1.0.5,40.3876772,-3.6291348,CB:AA:BC:3F:36:A5,SCKS,-0.683594,1.996095,0.140625,-57.119999,47.040001,238.559998,0.252288,0.803584,-0.308352,233,471,693,2.114585395884025
2024-04-25 14:17:17.320000+00:00,2024-04-25 14:15:30+00:00,2024-04-25 14:17:30+00:00,TABUENCA01-45,Sensoria-C1-E90A,Left,Gait,1.0.5,40.3876772,-3.6291348,F0:75:B1:51:59:F6,SCKS,0.15625,1.062499,0.03125,59.360001,-39.200001,-166.880005,0.448512,0.598016,-0.270976,700,551,409,1.0743811009139168
2024-04-25 14:17:17.329000+00:00,2024-04-25 14:15:30+00:00,2024-04-25 14:17:30+00:00,TABUENCA01-45,Sensoria-C1-EEA1,Right,Gait,1.0.5,40.3876772,-3.6291348,CB:AA:BC:3F:36:A5,SCKS,-0.679688,1.996095,-0.515625,-32.48,21.280001,271.040009,0.289664,0.803584,-0.317696,277,519,691,2.1707694873002983
2024-04-25 14:17:17.345000+00:00,2024-04-25 14:15:30+00:00,2024-04-25 14:17:30+00:00,TABUENCA01-45,Sensoria-C1-EEA1,Right,Gait,1.0.5,40.3876772,-3.6291348,CB:AA:BC:3F:36:A5,SCKS,-0.628907,1.996095,-0.667969,-14.56,-60.48,296.799988,0.345728,0.803584,-0.308352,336,582,691,2.1968390584280404
2024-04-25 14:17:17.353000+00:00,2024-04-25 14:15:30+00:00,2024-04-25 14:17:30+00:00,TABUENCA01-45,Sensoria-C1-E90A,Left,Gait,1.0.5,40.3876772,-3.6291348,F0:75:B1:51:59:F6,SCKS,0.03125,0.968749,-0.15625,53.760002,-44.799999,-89.599998,0.429824,0.616704,-0.261632,682,550,361,0.9817663927844545
2024-04-25 14:17:17.361000+00:00,2024-04-25 14:15:30+00:00,2024-04-25 14:17:30+00:00,TABUENCA01-45,Sensoria-C1-EEA1,Right,Gait,1.0.5,40.3876772,-3.6291348,CB:AA:BC:3F:36:A5,SCKS,-0.402344,0.726563,-0.609375,20.16,-59.360001,284.480011,0.345728,0.803584,-0.308352,394,635,688,1.0301030909234279
2024-04-25 14:17:17.369000+00:00,2024-04-25 14:15:30+00:00,2024-04-25 14:17:30+00:00,TABUENCA01-45,Sensoria-C1-E90A,Left,Gait,1.0.5,40.3876772,-3.6291348,F0:75:B1:51:59:F6,SCKS,0.1875,0.968749,-0.25,23.52,-43.68,-42.560001,0.42048,0.635392,-0.242944,667,539,342,1.0179051404728243
2024-04-25 14:17:17.394000+00:00,2024-04-25 14:15:30+00:00,2024-04-25 14:17:30+00:00,TABUENCA01-45,Sensoria-C1-EEA1,Right,Gait,1.0.5,40.3876772,-3.6291348,CB:AA:BC:3F:36:A5,SCKS,-0.273438,0.207031,-0.664063,22.4,-1.12,206.080002,0.392448,0.79424,-0.308352,440,667,688,0.7474020623292392
2024-04-25 14:17:17.401000+00:00,2024-04-25 14:15:30+00:00,2024-04-25 14:17:30+00:00,TABUENCA01-45,Sensoria-C1-E90A,Left,Gait,1.0.5,40.3876772,-3.6291348,F0:75:B1:51:59:F6,SCKS,0.1875,0.968749,-0.125,5.6,-36.959999,-22.4,0.411136,0.635392,-0.242944,658,530,331,0.994613429931951
2024-04-25 14:17:17.410000+00:00,2024-04-25 14:15:30+00:00,2024-04-25 14:17:30+00:00,TABUENCA01-45,Sensoria-C1-EEA1,Right,Gait,1.0.5,40.3876772,-3.6291348,CB:AA:BC:3F:36:A5,SCKS,0.152344,0.796876,-0.660157,20.16,135.520004,126.559998,0.411136,0.79424,-0.308352,460,685,685,1.0459576083001643
2024-04-25 14:17:17.426000+00:00,2024-04-25 14:15:30+00:00,2024-04-25 14:17:30+00:00,TABUENCA01-45,Sensoria-C1-EEA1,Right,Gait,1.0.5,40.3876772,-3.6291348,CB:AA:BC:3F:36:A5,SCKS,-1.152345,0.292969,-0.4375,-11.2,181.440002,-1.12,0.42048,0.79424,-0.308352,472,694,683,1.266939652858809
2024-04-25 14:17:17.434000+00:00,2024-04-25 14:15:30+00:00,2024-04-25 14:17:30+00:00,TABUENCA01-45,Sensoria-C1-E90A,Left,Gait,1.0.5,40.3876772,-3.6291348,F0:75:B1:51:59:F6,SCKS,0.21875,0.968749,-0.15625,2.24,-34.720001,-14.56,0.411136,0.65408,-0.2336,648,521,334,1.005355782795822
2024-04-25 14:17:17.442000+00:00,2024-04-25 14:15:30+00:00,2024-04-25 14:17:30+00:00,TABUENCA01-45,Sensoria-C1-EEA1,Right,Gait,1.0.5,40.3876772,-3.6291348,CB:AA:BC:3F:36:A5,SCKS,-1.003907,0.082031,-0.078125,-32.48,127.68,-51.52,0.411136,0.79424,-0.317696,477,701,681,1.0102781128159712
2024-04-25 14:17:17.458000+00:00,2024-04-25 14:15:30+00:00,2024-04-25 14:17:30+00:00,TABUENCA01-45,Sensoria-C1-EEA1,Right,Gait,1.0.5,40.3876772,-3.6291348,CB:AA:BC:3F:36:A5,SCKS,-0.554688,-0.089844,0.039063,10.08,23.52,-106.400002,0.411136,0.79424,-0.317696,479,702,681,0.5632731483472294
2024-04-25 14:17:17.466000+00:00,2024-04-25 14:15:30+00:00,2024-04-25 14:17:30+00:00,TABUENCA01-45,Sensoria-C1-E90A,Left,Gait,1.0.5,40.3876772,-3.6291348,F0:75:B1:51:59:F6,SCKS,0.21875,0.9375,-0.125,-1.12,-28.0,-19.040001,0.401792,0.65408,-0.224256,641,515,350,0.9707640354380667
2024-04-25 14:17:17.506000+00:00,2024-04-25 14:15:30+00:00,2024-04-25 14:17:30+00:00,TABUENCA01-45,Sensoria-C1-EEA1,Right,Gait,1.0.5,40.3876772,-3.6291348,CB:AA:BC:3F:36:A5,SCKS,-0.53125,0.121094,-0.0625,50.400002,1.12,-152.320007,0.392448,0.803584,-0.32704,480,703,680,0.5484492404370709
2024-04-25 14:17:17.508000+00:00,2024-04-25 14:15:30+00:00,2024-04-25 14:17:30+00:00,TABUENCA01-45,Sensoria-C1-EEA1,Right,Gait,1.0.5,40.3876772,-3.6291348,CB:AA:BC:3F:36:A5,SCKS,-0.566407,0.28125,-0.027344,49.279999,-24.639999,-193.759995,0.364416,0.812928,-0.308352,480,704,678,0.6329819479929898
2024-04-25 14:17:17.514000+00:00,2024-04-25 14:15:30+00:00,2024-04-25 14:17:30+00:00,TABUENCA01-45,Sensoria-C1-E90A,Left,Gait,1.0.5,40.3876772,-3.6291348,F0:75:B1:51:59:F6,SCKS,0.1875,0.9375,-0.1875,-1.12,-29.120001,-23.52,0.401792,0.65408,-0.224256,634,505,372,0.9742785792574935
2024-04-25 14:17:17.523000+00:00,2024-04-25 14:15:30+00:00,2024-04-25 14:17:30+00:00,TABUENCA01-45,Sensoria-C1-EEA1,Right,Gait,1.0.5,40.3876772,-3.6291348,CB:AA:BC:3F:36:A5,SCKS,-0.488282,0.363282,0.003906,48.16,-53.760002,-237.440002,0.317696,0.803584,-0.299008,479,704,678,0.6086118466510491
2024-04-25 14:17:17.531000+00:00,2024-04-25 14:15:30+00:00,2024-04-25 14:17:30+00:00,TABUENCA01-45,Sensoria-C1-E90A,Left,Gait,1.0.5,40.3876772,-3.6291348,F0:75:B1:51:59:F6,SCKS,0.125,0.9375,-0.15625,-3.36,-29.120001,-19.040001,0.392448,0.663424,-0.2336,620,493,394,0.9586163531361229
2024-04-25 14:17:17.540000+00:00,2024-04-25 14:15:30+00:00,2024-04-25 14:17:30+00:00,TABUENCA01-45,Sensoria-C1-EEA1,Right,Gait,1.0.5,40.3876772,-3.6291348,CB:AA:BC:3F:36:A5,SCKS,-0.46875,0.554688,-0.027344,51.52,-73.919998,-276.640015,0.270976,0.803584,-0.299008,479,703,678,0.7267413805336805
2024-04-25 14:17:17.563000+00:00,2024-04-25 14:15:30+00:00,2024-04-25 14:17:30+00:00,TABUENCA01-45,Sensoria-C1-E90A,Left,Gait,1.0.5,40.3876772,-3.6291348,F0:75:B1:51:59:F6,SCKS,0.15625,0.968749,-0.125,-1.12,-31.360001,-19.040001,0.392448,0.65408,-0.224256,604,478,413,0.9891985076318099
2024-04-25 14:17:17.588000+00:00,2024-04-25 14:15:30+00:00,2024-04-25 14:17:30+00:00,TABUENCA01-45,Sensoria-C1-EEA1,Right,Gait,1.0.5,40.3876772,-3.6291348,CB:AA:BC:3F:36:A5,SCKS,-0.445313,0.789063,-0.078125,50.400002,-81.760002,-310.23999,0.270976,0.803584,-0.299008,479,702,678,0.9094105792011659
2024-04-25 14:17:17.589000+00:00,2024-04-25 14:15:30+00:00,2024-04-25 14:17:30+00:00,TABUENCA01-45,Sensoria-C1-EEA1,Right,Gait,1.0.5,40.3876772,-3.6291348,CB:AA:BC:3F:36:A5,SCKS,-0.414063,1.074219,-0.082031,41.439999,-77.279999,-340.480011,0.205568,0.79424,-0.289664,478,701,677,1.1541766385137937
2024-04-25 14:17:17.596000+00:00,2024-04-25 14:15:30+00:00,2024-04-25 14:17:30+00:00,TABUENCA01-45,Sensoria-C1-E90A,Left,Gait,1.0.5,40.3876772,-3.6291348,F0:75:B1:51:59:F6,SCKS,0.09375,0.9375,-0.15625,4.48,-36.959999,-28.0,0.383104,0.672768,-0.214912,586,460,436,0.9550441743710079
2024-04-25 14:17:17.604000+00:00,2024-04-25 14:15:30+00:00,2024-04-25 14:17:30+00:00,TABUENCA01-45,Sensoria-C1-EEA1,Right,Gait,1.0.5,40.3876772,-3.6291348,CB:AA:BC:3F:36:A5,SCKS,-0.40625,1.425782,-0.0625,25.76,-57.119999,-365.119995,0.149504,0.775552,-0.28032,478,698,678,1.4838462265423598
2024-04-25 14:17:17.621000+00:00,2024-04-25 14:15:30+00:00,2024-04-25 14:17:30+00:00,TABUENCA01-45,Sensoria-C1-EEA1,Right,Gait,1.0.5,40.3876772,-3.6291348,CB:AA:BC:3F:36:A5,SCKS,-0.363282,1.875001,0.050781,5.6,-10.08,-375.200012,0.084096,0.74752,-0.28032,477,699,676,1.9105447577814028
2024-04-25 14:17:17.628000+00:00,2024-04-25 14:15:30+00:00,2024-04-25 14:17:30+00:00,TABUENCA01-45,Sensoria-C1-E90A,Left,Gait,1.0.5,40.3876772,-3.6291348,F0:75:B1:51:59:F6,SCKS,0.09375,0.9375,-0.15625,10.08,-42.560001,-30.24,0.37376,0.672768,-0.205568,562,436,460,0.9550441743710079
2024-04-25 14:17:17.653000+00:00,2024-04-25 14:15:30+00:00,2024-04-25 14:17:30+00:00,TABUENCA01-45,Sensoria-C1-EEA1,Right,Gait,1.0.5,40.3876772,-3.6291348,CB:AA:BC:3F:36:A5,SCKS,-0.363282,1.996095,0.167969,17.92,3.36,-378.559998,0.037376,0.710144,-0.28032,477,698,675,2.0358248071752145
2024-04-25 14:17:17.661000+00:00,2024-04-25 14:15:30+00:00,2024-04-25 14:17:30+00:00,TABUENCA01-45,Sensoria-C1-E90A,Left,Gait,1.0.5,40.3876772,-3.6291348,F0:75:B1:51:59:F6,SCKS,0.0625,0.968749,-0.15625,12.32,-45.920002,-34.720001,0.364416,0.691456,-0.205568,522,397,498,0.9832573099148564
2024-04-25 14:17:17.669000+00:00,2024-04-25 14:15:30+00:00,2024-04-25 14:17:30+00:00,TABUENCA01-45,Sensoria-C1-EEA1,Right,Gait,1.0.5,40.3876772,-3.6291348,CB:AA:BC:3F:36:A5,SCKS,-0.03125,1.996095,-0.183594,48.16,-31.360001,-387.519989,-0.018688,0.663424,-0.270976,476,698,676,2.0047639682418974
2024-04-25 14:17:17.686000+00:00,2024-04-25 14:15:30+00:00,2024-04-25 14:17:30+00:00,TABUENCA01-45,Sensoria-C1-EEA1,Right,Gait,1.0.5,40.3876772,-3.6291348,CB:AA:BC:3F:36:A5,SCKS,0.917969,1.996095,0.058594,36.959999,-14.56,-398.720001,-0.018688,0.663424,-0.270976,477,699,676,2.197838845507559
2024-04-25 14:17:17.693000+00:00,2024-04-25 14:15:30+00:00,2024-04-25 14:17:30+00:00,TABUENCA01-45,Sensoria-C1-E90A,Left,Gait,1.0.5,40.3876772,-3.6291348,F0:75:B1:51:59:F6,SCKS,0.09375,0.999999,-0.1875,7.84,-44.799999,-40.32,0.355072,0.691456,-0.196224,490,369,529,1.0217354415410087
2024-04-25 14:17:17.702000+00:00,2024-04-25 14:15:30+00:00,2024-04-25 14:17:30+00:00,TABUENCA01-45,Sensoria-C1-EEA1,Right,Gait,1.0.5,40.3876772,-3.6291348,CB:AA:BC:3F:36:A5,SCKS,1.785158,1.996095,-0.097656,36.959999,-2.24,-374.079987,-0.056064,0.598016,-0.270976,477,700,677,2.6796867407077642
2024-04-25 14:17:17.709000+00:00,2024-04-25 14:15:30+00:00,2024-04-25 14:17:30+00:00,TABUENCA01-45,Sensoria-C1-E90A,Left,Gait,1.0.5,40.3876772,-3.6291348,F0:75:B1:51:59:F6,SCKS,0.09375,1.031249,-0.1875,0.0,-41.439999,-58.240002,0.345728,0.7008,-0.196224,458,340,568,1.052340160072303
2024-04-25 14:17:17.718000+00:00,2024-04-25 14:15:30+00:00,2024-04-25 14:17:30+00:00,TABUENCA01-45,Sensoria-C1-EEA1,Right,Gait,1.0.5,40.3876772,-3.6291348,CB:AA:BC:3F:36:A5,SCKS,1.996095,1.992189,-0.101563,47.040001,29.120001,-272.160004,-0.074752,0.551296,-0.261632,476,701,676,2.821972236524484
2024-04-25 14:17:17.742000+00:00,2024-04-25 14:15:30+00:00,2024-04-25 14:17:30+00:00,TABUENCA01-45,Sensoria-C1-E90A,Left,Gait,1.0.5,40.3876772,-3.6291348,F0:75:B1:51:59:F6,SCKS,0.125,1.124999,-0.09375,-2.24,-35.84,-84.0,0.336384,0.710144,-0.18688,424,309,615,1.1357978748443758
2024-04-25 14:17:17.751000+00:00,2024-04-25 14:15:30+00:00,2024-04-25 14:17:30+00:00,TABUENCA01-45,Sensoria-C1-EEA1,Right,Gait,1.0.5,40.3876772,-3.6291348,CB:AA:BC:3F:36:A5,SCKS,1.996095,1.468751,0.292969,62.720001,42.560001,-147.839996,-0.09344,0.523264,-0.261632,475,702,679,2.4954870434420213
2024-04-25 14:17:17.767000+00:00,2024-04-25 14:15:30+00:00,2024-04-25 14:17:30+00:00,TABUENCA01-45,Sensoria-C1-EEA1,Right,Gait,1.0.5,40.3876772,-3.6291348,CB:AA:BC:3F:36:A5,SCKS,1.996095,1.757814,0.886719,16.799999,68.32,-7.84,-0.084096,0.523264,-0.261632,476,702,683,2.8036718589346363
2024-04-25 14:17:17.775000+00:00,2024-04-25 14:15:30+00:00,2024-04-25 14:17:30+00:00,TABUENCA01-45,Sensoria-C1-E90A,Left,Gait,1.0.5,40.3876772,-3.6291348,F0:75:B1:51:59:F6,SCKS,0.125,1.249999,-0.125,-1.12,-26.880001,-106.400002,0.317696,0.719488,-0.18688,390,290,650,1.2624371271477246
2024-04-25 14:17:17.784000+00:00,2024-04-25 14:15:30+00:00,2024-04-25 14:17:30+00:00,TABUENCA01-45,Sensoria-C1-EEA1,Right,Gait,1.0.5,40.3876772,-3.6291348,CB:AA:BC:3F:36:A5,SCKS,0.703125,0.742188,-0.203125,7.84,-104.160004,137.759995,-0.084096,0.523264,-0.261632,474,703,683,1.0423471391978778
2024-04-25 14:17:17.801000+00:00,2024-04-25 14:15:30+00:00,2024-04-25 14:17:30+00:00,TABUENCA01-45,Sensoria-C1-EEA1,Right,Gait,1.0.5,40.3876772,-3.6291348,CB:AA:BC:3F:36:A5,SCKS,-2.000001,0.367188,1.144532,59.360001,-168.0,69.440002,-0.074752,0.541952,-0.261632,478,699,672,2.333406206893476
2024-04-25 14:17:17.807000+00:00,2024-04-25 14:15:30+00:00,2024-04-25 14:17:30+00:00,TABUENCA01-45,Sensoria-C1-E90A,Left,Gait,1.0.5,40.3876772,-3.6291348,F0:75:B1:51:59:F6,SCKS,0.15625,1.437499,-0.125,-2.24,-22.4,-123.199997,0.270976,0.74752,-0.18688,366,282,669,1.4513588245161844
2024-04-25 14:17:17.833000+00:00,2024-04-25 14:15:30+00:00,2024-04-25 14:17:30+00:00,TABUENCA01-45,Sensoria-C1-EEA1,Right,Gait,1.0.5,40.3876772,-3.6291348,CB:AA:BC:3F:36:A5,SCKS,0.808594,1.277345,0.859376,60.48,-246.399994,229.600006,-0.084096,0.56064,-0.28032,487,702,645,1.7389541728398137
2024-04-25 14:17:17.840000+00:00,2024-04-25 14:15:30+00:00,2024-04-25 14:17:30+00:00,TABUENCA01-45,Sensoria-C1-E90A,Left,Gait,1.0.5,40.3876772,-3.6291348,F0:75:B1:51:59:F6,SCKS,0.40625,1.687499,0.0625,-5.6,-14.56,-150.080002,0.242944,0.756864,-0.177536,359,301,678,1.7368356823548392
2024-04-25 14:17:17.849000+00:00,2024-04-25 14:15:30+00:00,2024-04-25 14:17:30+00:00,TABUENCA01-45,Sensoria-C1-EEA1,Right,Gait,1.0.5,40.3876772,-3.6291348,CB:AA:BC:3F:36:A5,SCKS,0.871094,1.996095,0.367188,63.84,-118.720001,216.160004,-0.074752,0.598016,-0.317696,492,707,591,2.208625598240906
2024-04-25 14:17:17.865000+00:00,2024-04-25 14:15:30+00:00,2024-04-25 14:17:30+00:00,TABUENCA01-45,Sensoria-C1-EEA1,Right,Gait,1.0.5,40.3876772,-3.6291348,CB:AA:BC:3F:36:A5,SCKS,0.058594,1.226563,-0.242188,42.560001,39.200001,197.119995,-0.056064,0.626048,-0.308352,495,709,518,1.2516169850033996
2024-04-25 14:17:17.873000+00:00,2024-04-25 14:15:30+00:00,2024-04-25 14:17:30+00:00,TABUENCA01-45,Sensoria-C1-E90A,Left,Gait,1.0.5,40.3876772,-3.6291348,F0:75:B1:51:59:F6,SCKS,0.84375,2.156249,-0.0625,-23.52,-29.120001,-166.880005,0.224256,0.775552,-0.18688,402,353,680,2.316296626622117
2024-04-25 14:17:17.881000+00:00,2024-04-25 14:15:30+00:00,2024-04-25 14:17:30+00:00,TABUENCA01-45,Sensoria-C1-EEA1,Right,Gait,1.0.5,40.3876772,-3.6291348,CB:AA:BC:3F:36:A5,SCKS,0.117188,1.351563,-0.316406,32.48,20.16,171.360001,-0.056064,0.626048,-0.308352,497,711,451,1.3930428303354496
2024-04-25 14:17:17.905000+00:00,2024-04-25 14:15:30+00:00,2024-04-25 14:17:30+00:00,TABUENCA01-45,Sensoria-C1-E90A,Left,Gait,1.0.5,40.3876772,-3.6291348,F0:75:B1:51:59:F6,SCKS,0.53125,2.124999,-0.40625,-35.84,-58.240002,-211.680008,0.18688,0.784896,-0.196224,482,403,682,2.2277536612024678
2024-04-25 14:17:17.914000+00:00,2024-04-25 14:15:30+00:00,2024-04-25 14:17:30+00:00,TABUENCA01-45,Sensoria-C1-EEA1,Right,Gait,1.0.5,40.3876772,-3.6291348,CB:AA:BC:3F:36:A5,SCKS,-0.203125,0.898438,-0.21875,11.2,7.84,148.960007,-0.04672,0.65408,-0.289664,496,712,410,0.9467323634317145
2024-04-25 14:17:17.930000+00:00,2024-04-25 14:15:30+00:00,2024-04-25 14:17:30+00:00,TABUENCA01-45,Sensoria-C1-EEA1,Right,Gait,1.0.5,40.3876772,-3.6291348,CB:AA:BC:3F:36:A5,SCKS,0.109375,0.968751,-0.007813,6.72,-16.799999,115.360001,-0.037376,0.672768,-0.308352,490,718,384,0.9749371434072045
2024-04-25 14:17:17.937000+00:00,2024-04-25 14:15:30+00:00,2024-04-25 14:17:30+00:00,TABUENCA01-45,Sensoria-C1-E90A,Left,Gait,1.0.5,40.3876772,-3.6291348,F0:75:B1:51:59:F6,SCKS,0.71875,1.937499,-0.78125,-6.72,-47.040001,-250.880005,0.14016,0.784896,-0.205568,560,464,686,2.2092658282789333
2024-04-25 14:17:17.946000+00:00,2024-04-25 14:15:30+00:00,2024-04-25 14:17:30+00:00,TABUENCA01-45,Sensoria-C1-EEA1,Right,Gait,1.0.5,40.3876772,-3.6291348,CB:AA:BC:3F:36:A5,SCKS,-0.058594,0.957032,-0.023438,-3.36,8.96,94.080002,-0.018688,0.682112,-0.308352,481,711,363,0.9591104449978636
2024-04-25 14:17:17.962000+00:00,2024-04-25 14:15:30+00:00,2024-04-25 14:17:30+00:00,TABUENCA01-45,Sensoria-C1-EEA1,Right,Gait,1.0.5,40.3876772,-3.6291348,CB:AA:BC:3F:36:A5,SCKS,-0.097656,0.972657,-0.046875,-11.2,16.799999,71.68,-0.009344,0.7008,-0.308352,474,702,350,0.9786703222280729
2024-04-25 14:17:17.970000+00:00,2024-04-25 14:15:30+00:00,2024-04-25 14:17:30+00:00,TABUENCA01-45,Sensoria-C1-E90A,Left,Gait,1.0.5,40.3876772,-3.6291348,F0:75:B1:51:59:F6,SCKS,0.65625,0.999999,-0.46875,16.799999,36.959999,-235.199997,0.04672,0.79424,-0.196224,628,518,688,1.2846745210367487
2024-04-25 14:17:17.979000+00:00,2024-04-25 14:15:30+00:00,2024-04-25 14:17:30+00:00,TABUENCA01-45,Sensoria-C1-EEA1,Right,Gait,1.0.5,40.3876772,-3.6291348,CB:AA:BC:3F:36:A5,SCKS,-0.085938,0.996094,0.0625,-12.32,31.360001,54.880001,-0.009344,0.7008,-0.308352,470,691,344,1.0017458992578907
2024-04-25 14:17:18.003000+00:00,2024-04-25 14:15:30+00:00,2024-04-25 14:17:30+00:00,TABUENCA01-45,Sensoria-C1-E90A,Left,Gait,1.0.5,40.3876772,-3.6291348,F0:75:B1:51:59:F6,SCKS,-0.375,0.65625,-0.4375,5.6,-95.199997,-14.56,0.028032,0.79424,-0.196224,683,540,687,0.8733242882801325
2024-04-25 14:17:18.011000+00:00,2024-04-25 14:15:30+00:00,2024-04-25 14:17:30+00:00,TABUENCA01-45,Sensoria-C1-EEA1,Right,Gait,1.0.5,40.3876772,-3.6291348,CB:AA:BC:3F:36:A5,SCKS,-0.1875,0.964844,0.019531,-1.12,20.16,32.48,0.0,0.7008,-0.299008,462,673,339,0.9830878161675081
2024-04-25 14:17:18.027000+00:00,2024-04-25 14:15:30+00:00,2024-04-25 14:17:30+00:00,TABUENCA01-45,Sensoria-C1-EEA1,Right,Gait,1.0.5,40.3876772,-3.6291348,CB:AA:BC:3F:36:A5,SCKS,-0.195313,0.984376,-0.054688,2.24,11.2,33.599998,0.0,0.710144,-0.299008,460,667,340,1.0050542545997208
2024-04-25 14:17:18.035000+00:00,2024-04-25 14:15:30+00:00,2024-04-25 14:17:30+00:00,TABUENCA01-45,Sensoria-C1-E90A,Left,Gait,1.0.5,40.3876772,-3.6291348,F0:75:B1:51:59:F6,SCKS,1.093749,0.15625,-0.1875,0.0,-125.440002,86.239998,0.018688,0.79424,-0.214912,695,543,687,1.120650341320164
2024-04-25 14:17:18.043000+00:00,2024-04-25 14:15:30+00:00,2024-04-25 14:17:30+00:00,TABUENCA01-45,Sensoria-C1-EEA1,Right,Gait,1.0.5,40.3876772,-3.6291348,CB:AA:BC:3F:36:A5,SCKS,-0.195313,0.949219,-0.089844,2.24,7.84,35.84,0.0,0.710144,-0.299008,455,661,345,0.9732604082495085
2024-04-25 14:17:18.060000+00:00,2024-04-25 14:15:30+00:00,2024-04-25 14:17:30+00:00,TABUENCA01-45,Sensoria-C1-EEA1,Right,Gait,1.0.5,40.3876772,-3.6291348,CB:AA:BC:3F:36:A5,SCKS,-0.132813,0.988282,-0.210938,-2.24,14.56,41.439999,0.009344,0.710144,-0.299008,450,657,350,1.0192327724013783
2024-04-25 14:17:18.067000+00:00,2024-04-25 14:15:30+00:00,2024-04-25 14:17:30+00:00,TABUENCA01-45,Sensoria-C1-E90A,Left,Gait,1.0.5,40.3876772,-3.6291348,F0:75:B1:51:59:F6,SCKS,0.5,0.0625,0.0,-17.92,-16.799999,132.160004,0.028032,0.79424,-0.205568,700,543,684,0.5038911092686593
2024-04-25 14:17:18.084000+00:00,2024-04-25 14:15:30+00:00,2024-04-25 14:17:30+00:00,TABUENCA01-45,Sensoria-C1-E90A,Left,Gait,1.0.5,40.3876772,-3.6291348,F0:75:B1:51:59:F6,SCKS,0.3125,0.21875,-0.0625,-13.440001,15.68,187.039993,0.09344,0.803584,-0.205568,702,543,683,0.38654115240165565
2024-04-25 14:17:18.093000+00:00,2024-04-25 14:15:30+00:00,2024-04-25 14:17:30+00:00,TABUENCA01-45,Sensoria-C1-EEA1,Right,Gait,1.0.5,40.3876772,-3.6291348,CB:AA:BC:3F:36:A5,SCKS,-0.144531,0.960938,-0.035156,-12.32,31.360001,40.32,0.009344,0.710144,-0.299008,439,649,360,0.972382123519864
2024-04-25 14:17:18.109000+00:00,2024-04-25 14:15:30+00:00,2024-04-25 14:17:30+00:00,TABUENCA01-45,Sensoria-C1-EEA1,Right,Gait,1.0.5,40.3876772,-3.6291348,CB:AA:BC:3F:36:A5,SCKS,-0.15625,0.980469,0.015625,-6.72,29.120001,44.799999,0.028032,0.710144,-0.289664,429,642,368,0.9929640794540355
2024-04-25 14:17:18.116000+00:00,2024-04-25 14:15:30+00:00,2024-04-25 14:17:30+00:00,TABUENCA01-45,Sensoria-C1-E90A,Left,Gait,1.0.5,40.3876772,-3.6291348,F0:75:B1:51:59:F6,SCKS,0.40625,0.5,-0.25,-2.24,35.84,241.919998,0.130816,0.79424,-0.205568,702,541,682,0.6910420121092494
2024-04-25 14:17:18.125000+00:00,2024-04-25 14:15:30+00:00,2024-04-25 14:17:30+00:00,TABUENCA01-45,Sensoria-C1-EEA1,Right,Gait,1.0.5,40.3876772,-3.6291348,CB:AA:BC:3F:36:A5,SCKS,-0.113281,0.992188,-0.0625,-4.48,25.76,50.400002,0.028032,0.710144,-0.28032,413,629,376,1.0005877584225185
2024-04-25 14:17:18.141000+00:00,2024-04-25 14:15:30+00:00,2024-04-25 14:17:30+00:00,TABUENCA01-45,Sensoria-C1-EEA1,Right,Gait,1.0.5,40.3876772,-3.6291348,CB:AA:BC:3F:36:A5,SCKS,-0.109375,0.984376,-0.074219,-4.48,21.280001,51.52,0.028032,0.710144,-0.28032,396,616,386,0.993210682565386
2024-04-25 14:17:18.149000+00:00,2024-04-25 14:15:30+00:00,2024-04-25 14:17:30+00:00,TABUENCA01-45,Sensoria-C1-E90A,Left,Gait,1.0.5,40.3876772,-3.6291348,F0:75:B1:51:59:F6,SCKS,0.3125,0.90625,-0.1875,-8.96,72.800003,314.720001,0.2336,0.766208,-0.214912,703,540,681,0.9767812255054865
2024-04-25 14:17:18.174000+00:00,2024-04-25 14:15:30+00:00,2024-04-25 14:17:30+00:00,TABUENCA01-45,Sensoria-C1-EEA1,Right,Gait,1.0.5,40.3876772,-3.6291348,CB:AA:BC:3F:36:A5,SCKS,-0.054688,0.972657,-0.050781,-4.48,14.56,52.639999,0.037376,0.719488,-0.270976,376,600,400,0.9755158260909969
2024-04-25 14:17:18.181000+00:00,2024-04-25 14:15:30+00:00,2024-04-25 14:17:30+00:00,TABUENCA01-45,Sensoria-C1-E90A,Left,Gait,1.0.5,40.3876772,-3.6291348,F0:75:B1:51:59:F6,SCKS,0.375,1.374999,-0.25,-14.56,77.279999,356.160004,0.299008,0.738176,-0.224256,700,539,680,1.4469786625935435
2024-04-25 14:17:18.189000+00:00,2024-04-25 14:15:30+00:00,2024-04-25 14:17:30+00:00,TABUENCA01-45,Sensoria-C1-EEA1,Right,Gait,1.0.5,40.3876772,-3.6291348,CB:AA:BC:3F:36:A5,SCKS,-0.050781,0.988282,-0.058594,-4.48,12.32,52.639999,0.037376,0.728832,-0.289664,358,583,413,0.9913189589234133
2024-04-25 14:17:18.206000+00:00,2024-04-25 14:15:30+00:00,2024-04-25 14:17:30+00:00,TABUENCA01-45,Sensoria-C1-EEA1,Right,Gait,1.0.5,40.3876772,-3.6291348,CB:AA:BC:3F:36:A5,SCKS,-0.046875,1.007813,-0.0625,-4.48,12.32,54.880001,0.04672,0.738176,-0.28032,337,563,428,1.0108365637401528
2024-04-25 14:17:18.213000+00:00,2024-04-25 14:15:30+00:00,2024-04-25 14:17:30+00:00,TABUENCA01-45,Sensoria-C1-E90A,Left,Gait,1.0.5,40.3876772,-3.6291348,F0:75:B1:51:59:F6,SCKS,0.375,1.937499,-0.25,-19.040001,75.040001,383.040009,0.355072,0.7008,-0.2336,701,537,678,1.9892278338594098
2024-04-25 14:17:18.222000+00:00,2024-04-25 14:15:30+00:00,2024-04-25 14:17:30+00:00,TABUENCA01-45,Sensoria-C1-EEA1,Right,Gait,1.0.5,40.3876772,-3.6291348,CB:AA:BC:3F:36:A5,SCKS,-0.042969,1.011719,-0.042969,-4.48,12.32,58.240002,0.056064,0.738176,-0.28032,315,544,450,1.0135423054234096
2024-04-25 14:17:18.238000+00:00,2024-04-25 14:15:30+00:00,2024-04-25 14:17:30+00:00,TABUENCA01-45,Sensoria-C1-EEA1,Right,Gait,1.0.5,40.3876772,-3.6291348,CB:AA:BC:3F:36:A5,SCKS,0.007813,1.019532,-0.042969,-2.24,10.08,62.720001,0.056064,0.738176,-0.28032,293,522,476,1.0204669896444472
2024-04-25 14:17:18.246000+00:00,2024-04-25 14:15:30+00:00,2024-04-25 14:17:30+00:00,TABUENCA01-45,Sensoria-C1-E90A,Left,Gait,1.0.5,40.3876772,-3.6291348,F0:75:B1:51:59:F6,SCKS,0.3125,2.718749,-0.46875,-12.32,92.959999,407.679993,0.411136,0.65408,-0.242944,700,536,679,2.7765048059567627
2024-04-25 14:17:18.271000+00:00,2024-04-25 14:15:30+00:00,2024-04-25 14:17:30+00:00,TABUENCA01-45,Sensoria-C1-EEA1,Right,Gait,1.0.5,40.3876772,-3.6291348,CB:AA:BC:3F:36:A5,SCKS,-0.015625,1.078126,-0.039063,-3.36,11.2,64.959999,0.065408,0.74752,-0.270976,272,502,507,1.0789465836963383
2024-04-25 14:17:18.278000+00:00,2024-04-25 14:15:30+00:00,2024-04-25 14:17:30+00:00,TABUENCA01-45,Sensoria-C1-E90A,Left,Gait,1.0.5,40.3876772,-3.6291348,F0:75:B1:51:59:F6,SCKS,-0.6875,2.874999,-0.3125,-42.560001,47.040001,403.200012,0.457856,0.588672,-0.261632,699,535,680,2.9725295204591324
2024-04-25 14:17:18.287000+00:00,2024-04-25 14:15:30+00:00,2024-04-25 14:17:30+00:00,TABUENCA01-45,Sensoria-C1-EEA1,Right,Gait,1.0.5,40.3876772,-3.6291348,CB:AA:BC:3F:36:A5,SCKS,-0.054688,1.035157,0.007813,-2.24,11.2,70.559998,0.074752,0.74752,-0.261632,251,483,550,1.0366300376518136
2024-04-25 14:17:18.303000+00:00,2024-04-25 14:15:30+00:00,2024-04-25 14:17:30+00:00,TABUENCA01-45,Sensoria-C1-EEA1,Right,Gait,1.0.5,40.3876772,-3.6291348,CB:AA:BC:3F:36:A5,SCKS,-0.097656,1.117188,0.050781,6.72,-1.12,78.400002,0.074752,0.756864,-0.270976,236,468,589,1.1225971813794118
2024-04-25 14:17:18.311000+00:00,2024-04-25 14:15:30+00:00,2024-04-25 14:17:30+00:00,TABUENCA01-45,Sensoria-C1-E90A,Left,Gait,1.0.5,40.3876772,-3.6291348,F0:75:B1:51:59:F6,SCKS,-1.874999,2.093749,-0.9375,-2.24,53.760002,299.040009,0.523264,0.4672,-0.261632,698,535,682,2.9628216913952143
2024-04-25 14:17:18.320000+00:00,2024-04-25 14:15:30+00:00,2024-04-25 14:17:30+00:00,TABUENCA01-45,Sensoria-C1-EEA1,Right,Gait,1.0.5,40.3876772,-3.6291348,CB:AA:BC:3F:36:A5,SCKS,-0.070313,1.19922,0.09375,10.08,-12.32,91.840004,0.09344,0.766208,-0.261632,220,452,626,1.2049321926436358
2024-04-25 14:17:18.343000+00:00,2024-04-25 14:15:30+00:00,2024-04-25 14:17:30+00:00,TABUENCA01-45,Sensoria-C1-E90A,Left,Gait,1.0.5,40.3876772,-3.6291348,F0:75:B1:51:59:F6,SCKS,-3.499998,1.374999,-0.65625,14.56,-67.199997,125.440002,0.532608,0.439168,-0.270976,697,534,686,3.8172335941758924
2024-04-25 14:17:18.353000+00:00,2024-04-25 14:15:30+00:00,2024-04-25 14:17:30+00:00,TABUENCA01-45,Sensoria-C1-EEA1,Right,Gait,1.0.5,40.3876772,-3.6291348,CB:AA:BC:3F:36:A5,SCKS,-0.113281,1.242188,0.097656,7.84,-21.280001,107.520004,0.09344,0.766208,-0.261632,206,437,654,1.2511595848016352
2024-04-25 14:17:18.360000+00:00,2024-04-25 14:15:30+00:00,2024-04-25 14:17:30+00:00,TABUENCA01-45,Sensoria-C1-E90A,Left,Gait,1.0.5,40.3876772,-3.6291348,F0:75:B1:51:59:F6,SCKS,0.0,4.281248,-0.375,24.639999,-51.52,-113.120003,0.532608,0.448512,-0.270976,693,534,690,4.297639984631565
2024-04-25 14:17:18.368000+00:00,2024-04-25 14:15:30+00:00,2024-04-25 14:17:30+00:00,TABUENCA01-45,Sensoria-C1-EEA1,Right,Gait,1.0.5,40.3876772,-3.6291348,CB:AA:BC:3F:36:A5,SCKS,-0.121094,1.347657,-0.148438,-3.36,-28.0,125.440002,0.112128,0.766208,-0.261632,196,429,674,1.3612042412250267
2024-04-25 14:17:18.384000+00:00,2024-04-25 14:15:30+00:00,2024-04-25 14:17:30+00:00,TABUENCA01-45,Sensoria-C1-EEA1,Right,Gait,1.0.5,40.3876772,-3.6291348,CB:AA:BC:3F:36:A5,SCKS,-0.105469,1.453126,-0.199219,-16.799999,-17.92,143.360001,0.130816,0.775552,-0.28032,189,426,685,1.4705057265437629
2024-04-25 14:17:18.392000+00:00,2024-04-25 14:15:30+00:00,2024-04-25 14:17:30+00:00,TABUENCA01-45,Sensoria-C1-E90A,Left,Gait,1.0.5,40.3876772,-3.6291348,F0:75:B1:51:59:F6,SCKS,2.656249,0.3125,1.031249,50.400002,112.0,-107.520004,0.523264,0.476544,-0.261632,697,534,667,2.8664942874532295
2024-04-25 14:17:18.401000+00:00,2024-04-25 14:15:30+00:00,2024-04-25 14:17:30+00:00,TABUENCA01-45,Sensoria-C1-EEA1,Right,Gait,1.0.5,40.3876772,-3.6291348,CB:AA:BC:3F:36:A5,SCKS,-0.292969,1.679689,-0.070313,-25.76,1.12,160.160004,0.158848,0.784896,-0.289664,185,431,690,1.706496378446494
2024-04-25 14:17:18.424000+00:00,2024-04-25 14:15:30+00:00,2024-04-25 14:17:30+00:00,TABUENCA01-45,Sensoria-C1-E90A,Left,Gait,1.0.5,40.3876772,-3.6291348,F0:75:B1:51:59:F6,SCKS,-0.625,1.906249,0.03125,80.639999,128.800003,-230.720001,0.51392,0.504576,-0.299008,698,540,607,2.006336664795069
2024-04-25 14:17:18.449000+00:00,2024-04-25 14:15:30+00:00,2024-04-25 14:17:30+00:00,TABUENCA01-45,Sensoria-C1-EEA1,Right,Gait,1.0.5,40.3876772,-3.6291348,CB:AA:BC:3F:36:A5,SCKS,-0.535157,1.91797,0.222656,-30.24,24.639999,182.559998,0.18688,0.79424,-0.261632,188,446,694,2.003641093081543
2024-04-25 14:17:18.450000+00:00,2024-04-25 14:15:30+00:00,2024-04-25 14:17:30+00:00,TABUENCA01-45,Sensoria-C1-EEA1,Right,Gait,1.0.5,40.3876772,-3.6291348,CB:AA:BC:3F:36:A5,SCKS,-0.949219,1.996095,0.425782,-42.560001,53.760002,207.199997,0.18688,0.79424,-0.261632,200,466,694,2.250933644181898
2024-04-25 14:17:18.457000+00:00,2024-04-25 14:15:30+00:00,2024-04-25 14:17:30+00:00,TABUENCA01-45,Sensoria-C1-E90A,Left,Gait,1.0.5,40.3876772,-3.6291348,F0:75:B1:51:59:F6,SCKS,-0.03125,1.499999,-0.6875,100.800003,0.0,-190.399994,0.476544,0.579328,-0.299008,697,543,483,1.6503423319120794
2024-04-25 14:17:18.467000+00:00,2024-04-25 14:15:30+00:00,2024-04-25 14:17:30+00:00,TABUENCA01-45,Sensoria-C1-EEA1,Right,Gait,1.0.5,40.3876772,-3.6291348,CB:AA:BC:3F:36:A5,SCKS,-0.667969,1.996095,0.269531,-52.639999,60.48,238.559998,0.2336,0.803584,-0.28032,225,498,692,2.1220802986567215
2024-04-25 14:17:18.482000+00:00,2024-04-25 14:15:30+00:00,2024-04-25 14:17:30+00:00,TABUENCA01-45,Sensoria-C1-EEA1,Right,Gait,1.0.5,40.3876772,-3.6291348,CB:AA:BC:3F:36:A5,SCKS,-0.750001,1.996095,-0.472657,-19.040001,26.880001,272.160004,0.28032,0.803584,-0.28032,272,551,692,2.184101963891567
2024-04-25 14:17:18.489000+00:00,2024-04-25 14:15:30+00:00,2024-04-25 14:17:30+00:00,TABUENCA01-45,Sensoria-C1-E90A,Left,Gait,1.0.5,40.3876772,-3.6291348,F0:75:B1:51:59:F6,SCKS,-0.28125,1.249999,-0.125,69.440002,0.0,-125.440002,0.448512,0.60736,-0.289664,690,554,376,1.2873321492532532
2024-04-25 14:17:18.498000+00:00,2024-04-25 14:15:30+00:00,2024-04-25 14:17:30+00:00,TABUENCA01-45,Sensoria-C1-EEA1,Right,Gait,1.0.5,40.3876772,-3.6291348,CB:AA:BC:3F:36:A5,SCKS,-0.558594,1.988283,-0.675782,23.52,-81.760002,319.200012,0.32704,0.803584,-0.28032,334,609,690,2.1730112416757073
2024-04-25 14:17:18.522000+00:00,2024-04-25 14:15:30+00:00,2024-04-25 14:17:30+00:00,TABUENCA01-45,Sensoria-C1-E90A,Left,Gait,1.0.5,40.3876772,-3.6291348,F0:75:B1:51:59:F6,SCKS,0.0625,0.968749,-0.1875,28.0,-47.040001,-58.240002,0.429824,0.635392,-0.261632,671,545,341,0.9887047714060047
2024-04-25 14:17:18.531000+00:00,2024-04-25 14:15:30+00:00,2024-04-25 14:17:30+00:00,TABUENCA01-45,Sensoria-C1-EEA1,Right,Gait,1.0.5,40.3876772,-3.6291348,CB:AA:BC:3F:36:A5,SCKS,-0.125,0.492188,-0.625,40.32,-33.599998,255.360001,0.364416,0.803584,-0.28032,401,655,690,0.8052943730984341
2024-04-25 14:17:18.547000+00:00,2024-04-25 14:15:30+00:00,2024-04-25 14:17:30+00:00,TABUENCA01-45,Sensoria-C1-EEA1,Right,Gait,1.0.5,40.3876772,-3.6291348,CB:AA:BC:3F:36:A5,SCKS,0.816407,0.167969,-1.039063,32.48,78.400002,163.520004,0.364416,0.803584,-0.28032,443,680,690,1.332060769101395
2024-04-25 14:17:18.556000+00:00,2024-04-25 14:15:30+00:00,2024-04-25 14:17:30+00:00,TABUENCA01-45,Sensoria-C1-E90A,Left,Gait,1.0.5,40.3876772,-3.6291348,F0:75:B1:51:59:F6,SCKS,0.15625,0.999999,-0.03125,17.92,-42.560001,-30.24,0.42048,0.644736,-0.261632,656,532,328,1.0126147465848006
2024-04-25 14:17:18.588000+00:00,2024-04-25 14:15:30+00:00,2024-04-25 14:17:30+00:00,TABUENCA01-45,Sensoria-C1-E90A,Left,Gait,1.0.5,40.3876772,-3.6291348,F0:75:B1:51:59:F6,SCKS,0.1875,0.999999,-0.15625,12.32,-31.360001,-25.76,0.411136,0.65408,-0.270976,640,516,330,1.0293533467672797
2024-04-25 14:17:18.596000+00:00,2024-04-25 14:15:30+00:00,2024-04-25 14:17:30+00:00,TABUENCA01-45,Sensoria-C1-EEA1,Right,Gait,1.0.5,40.3876772,-3.6291348,CB:AA:BC:3F:36:A5,SCKS,-1.140626,0.457032,-0.519532,12.32,235.199997,41.439999,0.392448,0.79424,-0.261632,464,693,689,1.33409872945146
2024-04-25 14:17:18.598000+00:00,2024-04-25 14:15:30+00:00,2024-04-25 14:17:30+00:00,TABUENCA01-45,Sensoria-C1-EEA1,Right,Gait,1.0.5,40.3876772,-3.6291348,CB:AA:BC:3F:36:A5,SCKS,-1.289063,0.15625,-0.089844,-25.76,189.279999,-43.68,0.401792,0.803584,-0.270976,473,701,688,1.3016026370613267
2024-04-25 14:17:18.613000+00:00,2024-04-25 14:15:30+00:00,2024-04-25 14:17:30+00:00,TABUENCA01-45,Sensoria-C1-EEA1,Right,Gait,1.0.5,40.3876772,-3.6291348,CB:AA:BC:3F:36:A5,SCKS,-0.683594,-0.140625,0.089844,-1.12,98.559998,-78.400002,0.392448,0.812928,-0.28032,478,705,685,0.7036676003604259
2024-04-25 14:17:18.629000+00:00,2024-04-25 14:15:30+00:00,2024-04-25 14:17:30+00:00,TABUENCA01-45,Sensoria-C1-EEA1,Right,Gait,1.0.5,40.3876772,-3.6291348,CB:AA:BC:3F:36:A5,SCKS,-0.515625,-0.03125,0.03125,41.439999,43.68,-125.440002,0.37376,0.812928,-0.28032,479,706,686,0.5175154738024749
2024-04-25 14:17:18.637000+00:00,2024-04-25 14:15:30+00:00,2024-04-25 14:17:30+00:00,TABUENCA01-45,Sensoria-C1-E90A,Left,Gait,1.0.5,40.3876772,-3.6291348,F0:75:B1:51:59:F6,SCKS,0.1875,0.968749,-0.1875,6.72,-25.76,-28.0,0.411136,0.663424,-0.261632,622,502,347,1.0043839529786407
2024-04-25 14:17:18.645000+00:00,2024-04-25 14:15:30+00:00,2024-04-25 14:17:30+00:00,TABUENCA01-45,Sensoria-C1-EEA1,Right,Gait,1.0.5,40.3876772,-3.6291348,CB:AA:BC:3F:36:A5,SCKS,-0.625,0.1875,-0.019531,52.639999,19.040001,-173.600006,0.37376,0.812928,-0.28032,481,706,683,0.6528113892702853
2024-04-25 14:17:18.653000+00:00,2024-04-25 14:15:30+00:00,2024-04-25 14:17:30+00:00,TABUENCA01-45,Sensoria-C1-E90A,Left,Gait,1.0.5,40.3876772,-3.6291348,F0:75:B1:51:59:F6,SCKS,0.15625,0.9375,-0.25,-1.12,-41.439999,-29.120001,0.411136,0.663424,-0.261632,604,486,381,0.9827615745947742
2024-04-25 14:17:18.662000+00:00,2024-04-25 14:15:30+00:00,2024-04-25 14:17:30+00:00,TABUENCA01-45,Sensoria-C1-EEA1,Right,Gait,1.0.5,40.3876772,-3.6291348,CB:AA:BC:3F:36:A5,SCKS,-0.558594,0.324219,0.027344,50.400002,-12.32,-213.919998,0.336384,0.822272,-0.270976,481,707,684,0.6464463714284426
2024-04-25 14:17:18.686000+00:00,2024-04-25 14:15:30+00:00,2024-04-25 14:17:30+00:00,TABUENCA01-45,Sensoria-C1-E90A,Left,Gait,1.0.5,40.3876772,-3.6291348,F0:75:B1:51:59:F6,SCKS,0.09375,0.9375,-0.125,2.24,-54.880001,-23.52,0.401792,0.672768,-0.242944,586,464,417,0.9504316453590969
2024-04-25 14:17:18.694000+00:00,2024-04-25 14:15:30+00:00,2024-04-25 14:17:30+00:00,TABUENCA01-45,Sensoria-C1-EEA1,Right,Gait,1.0.5,40.3876772,-3.6291348,CB:AA:BC:3F:36:A5,SCKS,-0.476563,0.433594,0.03125,51.52,-43.68,-256.480011,0.289664,0.822272,-0.261632,480,706,684,0.6450524105101848
2024-04-25 14:17:18.702000+00:00,2024-04-25 14:15:30+00:00,2024-04-25 14:17:30+00:00,TABUENCA01-45,Sensoria-C1-E90A,Left,Gait,1.0.5,40.3876772,-3.6291348,F0:75:B1:51:59:F6,SCKS,0.09375,0.9375,-0.21875,7.84,-57.119999,-20.16,0.401792,0.672768,-0.2336,567,445,456,0.967236721283885
2024-04-25 14:17:18.711000+00:00,2024-04-25 14:15:30+00:00,2024-04-25 14:17:30+00:00,TABUENCA01-45,Sensoria-C1-EEA1,Right,Gait,1.0.5,40.3876772,-3.6291348,CB:AA:BC:3F:36:A5,SCKS,-0.507813,0.65625,0.015625,52.639999,-61.599998,-294.559998,0.242944,0.812928,-0.261632,480,704,683,0.8299290608805068
2024-04-25 14:17:18.727000+00:00,2024-04-25 14:15:30+00:00,2024-04-25 14:17:30+00:00,TABUENCA01-45,Sensoria-C1-EEA1,Right,Gait,1.0.5,40.3876772,-3.6291348,CB:AA:BC:3F:36:A5,SCKS,-0.480469,0.898438,-0.011719,45.920002,-69.440002,-324.799988,0.177536,0.803584,-0.261632,481,704,682,1.018910513620308
2024-04-25 14:17:18.734000+00:00,2024-04-25 14:15:30+00:00,2024-04-25 14:17:30+00:00,TABUENCA01-45,Sensoria-C1-E90A,Left,Gait,1.0.5,40.3876772,-3.6291348,F0:75:B1:51:59:F6,SCKS,0.09375,0.9375,-0.21875,3.36,-44.799999,-24.639999,0.383104,0.682112,-0.214912,550,423,492,0.967236721283885
2024-04-25 14:17:18.743000+00:00,2024-04-25 14:15:30+00:00,2024-04-25 14:17:30+00:00,TABUENCA01-45,Sensoria-C1-EEA1,Right,Gait,1.0.5,40.3876772,-3.6291348,CB:AA:BC:3F:36:A5,SCKS,-0.421875,1.187501,-0.027344,35.84,-64.959999,-351.679993,0.177536,0.775552,-0.270976,479,703,681,1.2605097520297095
2024-04-25 14:17:18.760000+00:00,2024-04-25 14:15:30+00:00,2024-04-25 14:17:30+00:00,TABUENCA01-45,Sensoria-C1-EEA1,Right,Gait,1.0.5,40.3876772,-3.6291348,CB:AA:BC:3F:36:A5,SCKS,-0.410157,1.593751,0.003906,19.040001,-41.439999,-370.720001,0.121472,0.775552,-0.270976,478,702,679,1.6456871730331981
2024-04-25 14:17:18.767000+00:00,2024-04-25 14:15:30+00:00,2024-04-25 14:17:30+00:00,TABUENCA01-45,Sensoria-C1-E90A,Left,Gait,1.0.5,40.3876772,-3.6291348,F0:75:B1:51:59:F6,SCKS,0.09375,0.968749,-0.1875,0.0,-40.32,-30.24,0.383104,0.682112,-0.214912,529,401,523,0.9911709930688044
2024-04-25 14:17:18.792000+00:00,2024-04-25 14:15:30+00:00,2024-04-25 14:17:30+00:00,TABUENCA01-45,Sensoria-C1-EEA1,Right,Gait,1.0.5,40.3876772,-3.6291348,CB:AA:BC:3F:36:A5,SCKS,-0.425782,1.996095,0.097656,-1.12,1.12,-376.320007,0.056064,0.738176,-0.261632,479,702,680,2.0433360601929875
2024-04-25 14:17:18.799000+00:00,2024-04-25 14:15:30+00:00,2024-04-25 14:17:30+00:00,TABUENCA01-45,Sensoria-C1-E90A,Left,Gait,1.0.5,40.3876772,-3.6291348,F0:75:B1:51:59:F6,SCKS,0.03125,0.9375,-0.1875,0.0,-38.080002,-34.720001,0.383104,0.691456,-0.224256,507,376,554,0.9565767415633729
2024-04-25 14:17:18.808000+00:00,2024-04-25 14:15:30+00:00,2024-04-25 14:17:30+00:00,TABUENCA01-45,Sensoria-C1-EEA1,Right,Gait,1.0.5,40.3876772,-3.6291348,CB:AA:BC:3F:36:A5,SCKS,-0.234375,1.996095,0.105469,24.639999,-41.439999,-388.640015,0.0,0.7008,-0.252288,479,701,680,2.0125731290094775
2024-04-25 14:17:18.824000+00:00,2024-04-25 14:15:30+00:00,2024-04-25 14:17:30+00:00,TABUENCA01-45,Sensoria-C1-EEA1,Right,Gait,1.0.5,40.3876772,-3.6291348,CB:AA:BC:3F:36:A5,SCKS,0.785157,1.996095,-0.101563,36.959999,-32.48,-397.600006,-0.04672,0.635392,-0.261632,480,702,679,2.1473662488367
2024-04-25 14:17:18.832000+00:00,2024-04-25 14:15:30+00:00,2024-04-25 14:17:30+00:00,TABUENCA01-45,Sensoria-C1-E90A,Left,Gait,1.0.5,40.3876772,-3.6291348,F0:75:B1:51:59:F6,SCKS,0.03125,0.999999,-0.1875,-2.24,-33.599998,-44.799999,0.364416,0.7008,-0.205568,467,338,594,1.017905109772517
2024-04-25 14:17:18.840000+00:00,2024-04-25 14:15:30+00:00,2024-04-25 14:17:30+00:00,TABUENCA01-45,Sensoria-C1-EEA1,Right,Gait,1.0.5,40.3876772,-3.6291348,CB:AA:BC:3F:36:A5,SCKS,1.644532,1.996095,-0.175781,31.360001,-8.96,-381.920013,-0.084096,0.579328,-0.270976,478,701,680,2.592253789274885
2024-04-25 14:17:18.865000+00:00,2024-04-25 14:15:30+00:00,2024-04-25 14:17:30+00:00,TABUENCA01-45,Sensoria-C1-E90A,Left,Gait,1.0.5,40.3876772,-3.6291348,F0:75:B1:51:59:F6,SCKS,0.0625,1.093749,-0.15625,-5.6,-34.720001,-58.240002,0.355072,0.710144,-0.205568,439,314,628,1.1066197122322556
2024-04-25 14:17:18.873000+00:00,2024-04-25 14:15:30+00:00,2024-04-25 14:17:30+00:00,TABUENCA01-45,Sensoria-C1-EEA1,Right,Gait,1.0.5,40.3876772,-3.6291348,CB:AA:BC:3F:36:A5,SCKS,1.996095,1.996095,-0.171875,42.560001,33.599998,-294.559998,-0.084096,0.579328,-0.270976,478,701,680,2.82813215986718
2024-04-25 14:17:18.889000+00:00,2024-04-25 14:15:30+00:00,2024-04-25 14:17:30+00:00,TABUENCA01-45,Sensoria-C1-EEA1,Right,Gait,1.0.5,40.3876772,-3.6291348,CB:AA:BC:3F:36:A5,SCKS,1.996095,1.535157,0.269531,58.240002,51.52,-170.240005,-0.102784,0.532608,-0.252288,477,703,682,2.53253809914777
2024-04-25 14:17:18.897000+00:00,2024-04-25 14:15:30+00:00,2024-04-25 14:17:30+00:00,TABUENCA01-45,Sensoria-C1-E90A,Left,Gait,1.0.5,40.3876772,-3.6291348,F0:75:B1:51:59:F6,SCKS,0.09375,1.156249,-0.03125,-5.6,-30.24,-75.040001,0.32704,0.728832,-0.205568,413,294,655,1.1604642928591125
2024-04-25 14:17:18.906000+00:00,2024-04-25 14:15:30+00:00,2024-04-25 14:17:30+00:00,TABUENCA01-45,Sensoria-C1-EEA1,Right,Gait,1.0.5,40.3876772,-3.6291348,CB:AA:BC:3F:36:A5,SCKS,1.996095,1.769533,0.718751,28.0,73.919998,-40.32,-0.102784,0.504576,-0.242944,477,703,686,2.762651857747371
2024-04-25 14:17:18.922000+00:00,2024-04-25 14:15:30+00:00,2024-04-25 14:17:30+00:00,TABUENCA01-45,Sensoria-C1-EEA1,Right,Gait,1.0.5,40.3876772,-3.6291348,CB:AA:BC:3F:36:A5,SCKS,1.996095,1.839845,0.847657,-10.08,-1.12,117.599998,-0.102784,0.51392,-0.242944,477,705,686,2.8439316557714602
2024-04-25 14:17:18.929000+00:00,2024-04-25 14:15:30+00:00,2024-04-25 14:17:30+00:00,TABUENCA01-45,Sensoria-C1-E90A,Left,Gait,1.0.5,40.3876772,-3.6291348,F0:75:B1:51:59:F6,SCKS,0.125,1.281249,-0.15625,3.36,-15.68,-101.919998,0.308352,0.738176,-0.196224,391,279,673,1.296779882054391
2024-04-25 14:17:18.954000+00:00,2024-04-25 14:15:30+00:00,2024-04-25 14:17:30+00:00,TABUENCA01-45,Sensoria-C1-EEA1,Right,Gait,1.0.5,40.3876772,-3.6291348,CB:AA:BC:3F:36:A5,SCKS,-2.000001,0.765626,-0.519532,19.040001,-104.160004,123.199997,-0.102784,0.532608,-0.261632,476,705,681,2.2036562052418702
2024-04-25 14:17:18.962000+00:00,2024-04-25 14:15:30+00:00,2024-04-25 14:17:30+00:00,TABUENCA01-45,Sensoria-C1-E90A,Left,Gait,1.0.5,40.3876772,-3.6291348,F0:75:B1:51:59:F6,SCKS,0.15625,1.406249,-0.1875,8.96,-8.96,-128.800003,0.299008,0.74752,-0.196224,379,280,681,1.4272724205634326
2024-04-25 14:17:18.970000+00:00,2024-04-25 14:15:30+00:00,2024-04-25 14:17:30+00:00,TABUENCA01-45,Sensoria-C1-EEA1,Right,Gait,1.0.5,40.3876772,-3.6291348,CB:AA:BC:3F:36:A5,SCKS,-1.335938,0.417969,1.683595,56.0,-199.360001,120.959999,-0.102784,0.532608,-0.261632,484,706,660,2.1895023518667434
2024-04-25 14:17:18.986000+00:00,2024-04-25 14:15:30+00:00,2024-04-25 14:17:30+00:00,TABUENCA01-45,Sensoria-C1-EEA1,Right,Gait,1.0.5,40.3876772,-3.6291348,CB:AA:BC:3F:36:A5,SCKS,0.738282,1.472657,0.320313,69.440002,-262.079987,241.919998,-0.102784,0.569984,-0.299008,493,709,614,1.6782071889793586
2024-04-25 14:17:18.994000+00:00,2024-04-25 14:15:30+00:00,2024-04-25 14:17:30+00:00,TABUENCA01-45,Sensoria-C1-E90A,Left,Gait,1.0.5,40.3876772,-3.6291348,F0:75:B1:51:59:F6,SCKS,0.34375,1.687499,-0.0625,1.12,-8.96,-161.279999,0.270976,0.775552,-0.205568,398,315,683,1.7232884806383986
2024-04-25 14:17:19.003000+00:00,2024-04-25 14:15:30+00:00,2024-04-25 14:17:30+00:00,TABUENCA01-45,Sensoria-C1-EEA1,Right,Gait,1.0.5,40.3876772,-3.6291348,CB:AA:BC:3F:36:A5,SCKS,0.644532,1.894533,0.277344,41.439999,-47.040001,220.639999,-0.084096,0.598016,-0.317696,499,714,534,2.0202961370672865
2024-04-25 14:17:19.019000+00:00,2024-04-25 14:15:30+00:00,2024-04-25 14:17:30+00:00,TABUENCA01-45,Sensoria-C1-EEA1,Right,Gait,1.0.5,40.3876772,-3.6291348,CB:AA:BC:3F:36:A5,SCKS,0.128906,1.406251,-0.367188,43.68,47.040001,196.0,-0.074752,0.635392,-0.299008,504,715,457,1.4591044031120597
2024-04-25 14:17:19.026000+00:00,2024-04-25 14:15:30+00:00,2024-04-25 14:17:30+00:00,TABUENCA01-45,Sensoria-C1-E90A,Left,Gait,1.0.5,40.3876772,-3.6291348,F0:75:B1:51:59:F6,SCKS,0.90625,2.312499,-0.125,-28.0,-44.799999,-185.919998,0.196224,0.79424,-0.205568,479,382,681,2.486878703817498
2024-04-25 14:17:19.043000+00:00,2024-04-25 14:15:30+00:00,2024-04-25 14:17:30+00:00,TABUENCA01-45,Sensoria-C1-E90A,Left,Gait,1.0.5,40.3876772,-3.6291348,F0:75:B1:51:59:F6,SCKS,0.4375,2.093749,-0.3125,-35.84,-98.559998,-221.759995,0.158848,0.79424,-0.214912,542,439,685,2.161676982113886
2024-04-25 14:17:19.051000+00:00,2024-04-25 14:15:30+00:00,2024-04-25 14:17:30+00:00,TABUENCA01-45,Sensoria-C1-EEA1,Right,Gait,1.0.5,40.3876772,-3.6291348,CB:AA:BC:3F:36:A5,SCKS,0.167969,1.234376,-0.308594,21.280001,22.4,172.479996,-0.065408,0.663424,-0.308352,503,716,406,1.2834048274698828
2024-04-25 14:17:19.068000+00:00,2024-04-25 14:15:30+00:00,2024-04-25 14:17:30+00:00,TABUENCA01-45,Sensoria-C1-EEA1,Right,Gait,1.0.5,40.3876772,-3.6291348,CB:AA:BC:3F:36:A5,SCKS,-0.027344,0.832032,-0.113281,7.84,10.08,133.279999,-0.065408,0.663424,-0.308352,496,718,376,0.840153276682892
2024-04-25 14:17:19.083000+00:00,2024-04-25 14:15:30+00:00,2024-04-25 14:17:30+00:00,TABUENCA01-45,Sensoria-C1-EEA1,Right,Gait,1.0.5,40.3876772,-3.6291348,CB:AA:BC:3F:36:A5,SCKS,-0.039063,0.964844,0.050781,-8.96,28.0,118.720001,-0.04672,0.672768,-0.308352,487,719,356,0.9669687545448405
2024-04-25 14:17:19.091000+00:00,2024-04-25 14:15:30+00:00,2024-04-25 14:17:30+00:00,TABUENCA01-45,Sensoria-C1-E90A,Left,Gait,1.0.5,40.3876772,-3.6291348,F0:75:B1:51:59:F6,SCKS,0.71875,1.593749,-0.65625,-4.48,1.12,-269.920013,0.102784,0.803584,-0.205568,607,501,691,1.8674317925967203
2024-04-25 14:17:19.100000+00:00,2024-04-25 14:15:30+00:00,2024-04-25 14:17:30+00:00,TABUENCA01-45,Sensoria-C1-EEA1,Right,Gait,1.0.5,40.3876772,-3.6291348,CB:AA:BC:3F:36:A5,SCKS,-0.121094,0.988282,-0.113281,-10.08,21.280001,94.080002,-0.028032,0.691456,-0.289664,475,710,343,1.0020966287344748
2024-04-25 14:17:19.107000+00:00,2024-04-25 14:15:30+00:00,2024-04-25 14:17:30+00:00,TABUENCA01-45,Sensoria-C1-E90A,Left,Gait,1.0.5,40.3876772,-3.6291348,F0:75:B1:51:59:F6,SCKS,0.8125,0.5625,-0.375,22.4,0.0,-176.960007,0.056064,0.803584,-0.205568,660,532,689,1.0569709078304852
2024-04-25 14:17:19.132000+00:00,2024-04-25 14:15:30+00:00,2024-04-25 14:17:30+00:00,TABUENCA01-45,Sensoria-C1-EEA1,Right,Gait,1.0.5,40.3876772,-3.6291348,CB:AA:BC:3F:36:A5,SCKS,-0.078125,0.992188,0.078125,-5.6,16.799999,54.880001,-0.028032,0.7008,-0.289664,461,694,335,0.9983206191369584
2024-04-25 14:17:19.140000+00:00,2024-04-25 14:15:30+00:00,2024-04-25 14:17:30+00:00,TABUENCA01-45,Sensoria-C1-E90A,Left,Gait,1.0.5,40.3876772,-3.6291348,F0:75:B1:51:59:F6,SCKS,-0.125,0.6875,-0.28125,5.6,-126.559998,-80.639999,0.028032,0.803584,-0.224256,683,540,689,0.7532481745746219
2024-04-25 14:17:19.165000+00:00,2024-04-25 14:15:30+00:00,2024-04-25 14:17:30+00:00,TABUENCA01-45,Sensoria-C1-EEA1,Right,Gait,1.0.5,40.3876772,-3.6291348,CB:AA:BC:3F:36:A5,SCKS,-0.121094,1.000001,-0.027344,2.24,10.08,42.560001,-0.018688,0.7008,-0.28032,454,681,336,1.007677255460795
2024-04-25 14:17:19.166000+00:00,2024-04-25 14:15:30+00:00,2024-04-25 14:17:30+00:00,TABUENCA01-45,Sensoria-C1-EEA1,Right,Gait,1.0.5,40.3876772,-3.6291348,CB:AA:BC:3F:36:A5,SCKS,-0.132813,0.980469,-0.015625,0.0,12.32,40.32,-0.018688,0.7008,-0.28032,446,670,338,0.9895468122100137
2024-04-25 14:17:19.173000+00:00,2024-04-25 14:15:30+00:00,2024-04-25 14:17:30+00:00,TABUENCA01-45,Sensoria-C1-E90A,Left,Gait,1.0.5,40.3876772,-3.6291348,F0:75:B1:51:59:F6,SCKS,0.9375,0.09375,-0.09375,-1.12,-123.199997,85.120003,0.037376,0.803584,-0.205568,694,542,688,0.9468285879714448
2024-04-25 14:17:19.182000+00:00,2024-04-25 14:15:30+00:00,2024-04-25 14:17:30+00:00,TABUENCA01-45,Sensoria-C1-EEA1,Right,Gait,1.0.5,40.3876772,-3.6291348,CB:AA:BC:3F:36:A5,SCKS,-0.15625,0.988282,-0.070313,2.24,6.72,39.200001,-0.009344,0.710144,-0.270976,438,662,343,1.0030250704708232
2024-04-25 14:17:19.206000+00:00,2024-04-25 14:15:30+00:00,2024-04-25 14:17:30+00:00,TABUENCA01-45,Sensoria-C1-E90A,Left,Gait,1.0.5,40.3876772,-3.6291348,F0:75:B1:51:59:F6,SCKS,0.46875,0.0625,-0.03125,-14.56,17.92,156.800003,0.056064,0.812928,-0.214912,698,542,686,0.4739297152532219
2024-04-25 14:17:19.214000+00:00,2024-04-25 14:15:30+00:00,2024-04-25 14:17:30+00:00,TABUENCA01-45,Sensoria-C1-EEA1,Right,Gait,1.0.5,40.3876772,-3.6291348,CB:AA:BC:3F:36:A5,SCKS,-0.101563,0.972657,-0.171875,-1.12,12.32,41.439999,0.0,0.719488,-0.270976,427,654,353,0.9929338841247185
2024-04-25 14:17:19.231000+00:00,2024-04-25 14:15:30+00:00,2024-04-25 14:17:30+00:00,TABUENCA01-45,Sensoria-C1-EEA1,Right,Gait,1.0.5,40.3876772,-3.6291348,CB:AA:BC:3F:36:A5,SCKS,-0.078125,0.960938,-0.097656,-10.08,23.52,41.439999,0.0,0.719488,-0.270976,418,647,363,0.9690418204623575
2024-04-25 14:17:19.238000+00:00,2024-04-25 14:15:30+00:00,2024-04-25 14:17:30+00:00,TABUENCA01-45,Sensoria-C1-E90A,Left,Gait,1.0.5,40.3876772,-3.6291348,F0:75:B1:51:59:F6,SCKS,0.3125,0.25,-0.1875,0.0,42.560001,217.279999,0.102784,0.812928,-0.205568,699,541,687,0.4419417382415922
2024-04-25 14:17:19.247000+00:00,2024-04-25 14:15:30+00:00,2024-04-25 14:17:30+00:00,TABUENCA01-45,Sensoria-C1-EEA1,Right,Gait,1.0.5,40.3876772,-3.6291348,CB:AA:BC:3F:36:A5,SCKS,-0.085938,0.984376,-0.042969,-10.08,28.0,38.080002,0.0,0.719488,-0.270976,404,638,373,0.9890539844624255
2024-04-25 14:17:19.264000+00:00,2024-04-25 14:15:30+00:00,2024-04-25 14:17:30+00:00,TABUENCA01-45,Sensoria-C1-EEA1,Right,Gait,1.0.5,40.3876772,-3.6291348,CB:AA:BC:3F:36:A5,SCKS,-0.105469,0.980469,-0.011719,-8.96,25.76,35.84,0.009344,0.719488,-0.28032,391,628,385,0.9861949629170695
2024-04-25 14:17:19.271000+00:00,2024-04-25 14:15:30+00:00,2024-04-25 14:17:30+00:00,TABUENCA01-45,Sensoria-C1-E90A,Left,Gait,1.0.5,40.3876772,-3.6291348,F0:75:B1:51:59:F6,SCKS,0.375,0.625,-0.28125,-1.12,51.52,265.440002,0.14016,0.812928,-0.214912,698,539,684,0.78125
2024-04-25 14:17:19.296000+00:00,2024-04-25 14:15:30+00:00,2024-04-25 14:17:30+00:00,TABUENCA01-45,Sensoria-C1-EEA1,Right,Gait,1.0.5,40.3876772,-3.6291348,CB:AA:BC:3F:36:A5,SCKS,-0.082031,0.984376,-0.058594,-6.72,19.040001,38.080002,0.018688,0.719488,-0.270976,379,616,396,0.9895243560281879
2024-04-25 14:17:19.304000+00:00,2024-04-25 14:15:30+00:00,2024-04-25 14:17:30+00:00,TABUENCA01-45,Sensoria-C1-E90A,Left,Gait,1.0.5,40.3876772,-3.6291348,F0:75:B1:51:59:F6,SCKS,0.25,0.8125,-0.1875,-8.96,71.68,306.880005,0.18688,0.79424,-0.214912,697,536,684,0.8705242673240075
2024-04-25 14:17:19.312000+00:00,2024-04-25 14:15:30+00:00,2024-04-25 14:17:30+00:00,TABUENCA01-45,Sensoria-C1-EEA1,Right,Gait,1.0.5,40.3876772,-3.6291348,CB:AA:BC:3F:36:A5,SCKS,-0.046875,0.968751,-0.074219,-5.6,15.68,39.200001,0.018688,0.719488,-0.270976,367,606,406,0.9727200139747306
2024-04-25 14:17:19.330000+00:00,2024-04-25 14:15:30+00:00,2024-04-25 14:17:30+00:00,TABUENCA01-45,Sensoria-C1-EEA1,Right,Gait,1.0.5,40.3876772,-3.6291348,CB:AA:BC:3F:36:A5,SCKS,-0.042969,0.964844,-0.039063,-5.6,16.799999,40.32,0.018688,0.728832,-0.270976,351,593,423,0.9665899840501142
2024-04-25 14:17:19.336000+00:00,2024-04-25 14:15:30+00:00,2024-04-25 14:17:30+00:00,TABUENCA01-45,Sensoria-C1-E90A,Left,Gait,1.0.5,40.3876772,-3.6291348,F0:75:B1:51:59:F6,SCKS,0.34375,1.374999,-0.1875,-7.84,73.919998,358.399994,0.308352,0.74752,-0.205568,697,536,682,1.4296651924492672
2024-04-25 14:17:19.345000+00:00,2024-04-25 14:15:30+00:00,2024-04-25 14:17:30+00:00,TABUENCA01-45,Sensoria-C1-EEA1,Right,Gait,1.0.5,40.3876772,-3.6291348,CB:AA:BC:3F:36:A5,SCKS,-0.070313,0.968751,-0.035156,-5.6,14.56,43.68,0.028032,0.728832,-0.261632,335,581,437,0.9719353694078635
2024-04-25 14:17:19.361000+00:00,2024-04-25 14:15:30+00:00,2024-04-25 14:17:30+00:00,TABUENCA01-45,Sensoria-C1-EEA1,Right,Gait,1.0.5,40.3876772,-3.6291348,CB:AA:BC:3F:36:A5,SCKS,-0.0625,0.972657,-0.03125,-4.48,11.2,49.279999,0.028032,0.738176,-0.270976,320,567,454,0.9751638078543522
2024-04-25 14:17:19.368000+00:00,2024-04-25 14:15:30+00:00,2024-04-25 14:17:30+00:00,TABUENCA01-45,Sensoria-C1-E90A,Left,Gait,1.0.5,40.3876772,-3.6291348,F0:75:B1:51:59:F6,SCKS,0.375,1.937499,-0.15625,-12.32,78.400002,387.519989,0.37376,0.710144,-0.214912,698,535,680,1.9796316418720428
2024-04-25 14:17:19.385000+00:00,2024-04-25 14:15:30+00:00,2024-04-25 14:17:30+00:00,TABUENCA01-45,Sensoria-C1-E90A,Left,Gait,1.0.5,40.3876772,-3.6291348,F0:75:B1:51:59:F6,SCKS,0.1875,2.781249,-0.34375,-14.56,105.279999,414.399994,0.485888,0.588672,-0.252288,696,533,680,2.8086769683431023
2024-04-25 14:17:19.393000+00:00,2024-04-25 14:15:30+00:00,2024-04-25 14:17:30+00:00,TABUENCA01-45,Sensoria-C1-EEA1,Right,Gait,1.0.5,40.3876772,-3.6291348,CB:AA:BC:3F:36:A5,SCKS,-0.023438,0.980469,-0.019531,0.0,5.6,56.0,0.037376,0.74752,-0.270976,301,551,472,0.980943555851202
2024-04-25 14:17:19.410000+00:00,2024-04-25 14:15:30+00:00,2024-04-25 14:17:30+00:00,TABUENCA01-45,Sensoria-C1-EEA1,Right,Gait,1.0.5,40.3876772,-3.6291348,CB:AA:BC:3F:36:A5,SCKS,-0.015625,1.035157,-0.015625,0.0,3.36,59.360001,0.037376,0.74752,-0.270976,284,535,495,1.0353928220240858
2024-04-25 14:17:19.417000+00:00,2024-04-25 14:15:30+00:00,2024-04-25 14:17:30+00:00,TABUENCA01-45,Sensoria-C1-E90A,Left,Gait,1.0.5,40.3876772,-3.6291348,F0:75:B1:51:59:F6,SCKS,-0.4375,3.062498,-0.28125,-47.040001,62.720001,388.640015,0.51392,0.523264,-0.261632,696,534,679,3.106348630225526
2024-04-25 14:17:19.426000+00:00,2024-04-25 14:15:30+00:00,2024-04-25 14:17:30+00:00,TABUENCA01-45,Sensoria-C1-EEA1,Right,Gait,1.0.5,40.3876772,-3.6291348,CB:AA:BC:3F:36:A5,SCKS,-0.015625,1.066407,0.0,0.0,4.48,63.84,0.04672,0.74752,-0.261632,265,516,524,1.066521462641048
2024-04-25 14:17:19.442000+00:00,2024-04-25 14:15:30+00:00,2024-04-25 14:17:30+00:00,TABUENCA01-45,Sensoria-C1-EEA1,Right,Gait,1.0.5,40.3876772,-3.6291348,CB:AA:BC:3F:36:A5,SCKS,-0.070313,1.097657,0.015625,2.24,-1.12,71.68,0.056064,0.74752,-0.261632,246,496,563,1.1000177036043557
2024-04-25 14:17:19.450000+00:00,2024-04-25 14:15:30+00:00,2024-04-25 14:17:30+00:00,TABUENCA01-45,Sensoria-C1-E90A,Left,Gait,1.0.5,40.3876772,-3.6291348,F0:75:B1:51:59:F6,SCKS,-2.906248,1.624999,-0.6875,5.6,42.560001,257.600006,0.532608,0.4672,-0.28032,694,533,682,3.3999346225339395
2024-04-25 14:17:19.475000+00:00,2024-04-25 14:15:30+00:00,2024-04-25 14:17:30+00:00,TABUENCA01-45,Sensoria-C1-EEA1,Right,Gait,1.0.5,40.3876772,-3.6291348,CB:AA:BC:3F:36:A5,SCKS,-0.074219,1.117188,0.0625,10.08,-12.32,86.239998,0.056064,0.766208,-0.261632,230,479,602,1.1213936584915218
2024-04-25 14:17:19.482000+00:00,2024-04-25 14:15:30+00:00,2024-04-25 14:17:30+00:00,TABUENCA01-45,Sensoria-C1-E90A,Left,Gait,1.0.5,40.3876772,-3.6291348,F0:75:B1:51:59:F6,SCKS,-3.124998,1.468749,-0.375,12.32,-124.32,63.84,0.541952,0.429824,-0.28032,693,534,687,3.4732493611897493
2024-04-25 14:17:19.491000+00:00,2024-04-25 14:15:30+00:00,2024-04-25 14:17:30+00:00,TABUENCA01-45,Sensoria-C1-EEA1,Right,Gait,1.0.5,40.3876772,-3.6291348,CB:AA:BC:3F:36:A5,SCKS,-0.03125,1.210938,0.070313,10.08,-21.280001,98.559998,0.074752,0.766208,-0.261632,215,462,635,1.2133801219374745
2024-04-25 14:17:19.507000+00:00,2024-04-25 14:15:30+00:00,2024-04-25 14:17:30+00:00,TABUENCA01-45,Sensoria-C1-EEA1,Right,Gait,1.0.5,40.3876772,-3.6291348,CB:AA:BC:3F:36:A5,SCKS,-0.09375,1.277345,-0.015625,-1.12,-25.76,112.0,0.09344,0.775552,-0.270976,204,451,662,1.2808760487065094
2024-04-25 14:17:19.514000+00:00,2024-04-25 14:15:30+00:00,2024-04-25 14:17:30+00:00,TABUENCA01-45,Sensoria-C1-E90A,Left,Gait,1.0.5,40.3876772,-3.6291348,F0:75:B1:51:59:F6,SCKS,0.28125,2.406249,-0.125,20.16,-5.6,-150.080002,0.541952,0.42048,-0.242944,689,534,690,2.4258525949655305
2024-04-25 14:17:19.523000+00:00,2024-04-25 14:15:30+00:00,2024-04-25 14:17:30+00:00,TABUENCA01-45,Sensoria-C1-EEA1,Right,Gait,1.0.5,40.3876772,-3.6291348,CB:AA:BC:3F:36:A5,SCKS,-0.097656,1.343751,-0.203125,-14.56,-20.16,126.559998,0.09344,0.775552,-0.270976,195,445,679,1.3625209025780118
2024-04-25 14:17:19.540000+00:00,2024-04-25 14:15:30+00:00,2024-04-25 14:17:30+00:00,TABUENCA01-45,Sensoria-C1-EEA1,Right,Gait,1.0.5,40.3876772,-3.6291348,CB:AA:BC:3F:36:A5,SCKS,-0.203125,1.585939,-0.019531,-26.880001,0.0,146.720001,0.112128,0.784896,-0.270976,190,445,686,1.5990133637049442
2024-04-25 14:17:19.547000+00:00,2024-04-25 14:15:30+00:00,2024-04-25 14:17:30+00:00,TABUENCA01-45,Sensoria-C1-E90A,Left,Gait,1.0.5,40.3876772,-3.6291348,F0:75:B1:51:59:F6,SCKS,1.031249,0.875,1.062499,47.040001,143.360001,-140.0,0.541952,0.485888,-0.270976,694,534,670,1.7198847708500706
2024-04-25 14:17:19.572000+00:00,2024-04-25 14:15:30+00:00,2024-04-25 14:17:30+00:00,TABUENCA01-45,Sensoria-C1-EEA1,Right,Gait,1.0.5,40.3876772,-3.6291348,CB:AA:BC:3F:36:A5,SCKS,-0.414063,1.777345,0.191406,-31.360001,17.92,164.639999,0.14016,0.79424,-0.28032,187,454,691,1.8349495017111506
2024-04-25 14:17:19.579000+00:00,2024-04-25 14:15:30+00:00,2024-04-25 14:17:30+00:00,TABUENCA01-45,Sensoria-C1-E90A,Left,Gait,1.0.5,40.3876772,-3.6291348,F0:75:B1:51:59:F6,SCKS,-0.46875,1.843749,0.03125,78.400002,117.599998,-212.800003,0.51392,0.523264,-0.289664,696,538,610,1.9026595859483115
2024-04-25 14:17:19.589000+00:00,2024-04-25 14:15:30+00:00,2024-04-25 14:17:30+00:00,TABUENCA01-45,Sensoria-C1-EEA1,Right,Gait,1.0.5,40.3876772,-3.6291348,CB:AA:BC:3F:36:A5,SCKS,-0.792969,1.996095,0.359375,-43.68,45.920002,188.160004,0.168192,0.803584,-0.28032,193,471,693,2.177692695173265
2024-04-25 14:17:19.604000+00:00,2024-04-25 14:15:30+00:00,2024-04-25 14:17:30+00:00,TABUENCA01-45,Sensoria-C1-EEA1,Right,Gait,1.0.5,40.3876772,-3.6291348,CB:AA:BC:3F:36:A5,SCKS,-0.925782,1.996095,0.382813,-58.240002,60.48,219.520004,0.214912,0.812928,-0.289664,207,491,693,2.233386073547966
2024-04-25 14:17:19.612000+00:00,2024-04-25 14:15:30+00:00,2024-04-25 14:17:30+00:00,TABUENCA01-45,Sensoria-C1-E90A,Left,Gait,1.0.5,40.3876772,-3.6291348,F0:75:B1:51:59:F6,SCKS,-0.09375,1.812499,-0.78125,90.720001,12.32,-169.119995,0.504576,0.56064,-0.28032,695,544,483,1.9759284526523222
2024-04-25 14:17:19.621000+00:00,2024-04-25 14:15:30+00:00,2024-04-25 14:17:30+00:00,TABUENCA01-45,Sensoria-C1-EEA1,Right,Gait,1.0.5,40.3876772,-3.6291348,CB:AA:BC:3F:36:A5,SCKS,-0.410157,1.996095,-0.339844,-26.880001,4.48,253.119995,0.214912,0.812928,-0.289664,243,530,691,2.0659423898090674
2024-04-25 14:17:19.644000+00:00,2024-04-25 14:15:30+00:00,2024-04-25 14:17:30+00:00,TABUENCA01-45,Sensoria-C1-E90A,Left,Gait,1.0.5,40.3876772,-3.6291348,F0:75:B1:51:59:F6,SCKS,0.09375,0.75,-0.25,67.199997,-25.76,-164.639999,0.485888,0.588672,-0.28032,693,550,401,0.7961087001785623
2024-04-25 14:17:19.653000+00:00,2024-04-25 14:15:30+00:00,2024-04-25 14:17:30+00:00,TABUENCA01-45,Sensoria-C1-EEA1,Right,Gait,1.0.5,40.3876772,-3.6291348,CB:AA:BC:3F:36:A5,SCKS,-0.589844,1.996095,-0.570313,-7.84,-43.68,291.200012,0.252288,0.822272,-0.28032,296,580,689,2.15813996564866
2024-04-25 14:17:19.669000+00:00,2024-04-25 14:15:30+00:00,2024-04-25 14:17:30+00:00,TABUENCA01-45,Sensoria-C1-EEA1,Right,Gait,1.0.5,40.3876772,-3.6291348,CB:AA:BC:3F:36:A5,SCKS,-0.515625,1.652345,-0.578125,17.92,-63.84,306.880005,0.317696,0.822272,-0.28032,360,633,688,1.8249223696571315
2024-04-25 14:17:19.677000+00:00,2024-04-25 14:15:30+00:00,2024-04-25 14:17:30+00:00,TABUENCA01-45,Sensoria-C1-E90A,Left,Gait,1.0.5,40.3876772,-3.6291348,F0:75:B1:51:59:F6,SCKS,0.125,0.968749,-0.25,28.0,-38.080002,-58.240002,0.457856,0.626048,-0.261632,671,545,346,1.0082656519990156
2024-04-25 14:17:19.686000+00:00,2024-04-25 14:15:30+00:00,2024-04-25 14:17:30+00:00,TABUENCA01-45,Sensoria-C1-EEA1,Right,Gait,1.0.5,40.3876772,-3.6291348,CB:AA:BC:3F:36:A5,SCKS,-0.257813,0.570313,-0.488282,28.0,-13.440001,237.440002,0.355072,0.822272,-0.28032,418,669,689,0.7938159562908772
2024-04-25 14:17:19.703000+00:00,2024-04-25 14:15:30+00:00,2024-04-25 14:17:30+00:00,TABUENCA01-45,Sensoria-C1-EEA1,Right,Gait,1.0.5,40.3876772,-3.6291348,CB:AA:BC:3F:36:A5,SCKS,0.722657,0.457032,-0.828126,23.52,78.400002,156.800003,0.383104,0.822272,-0.270976,450,686,688,1.1903377926240097
2024-04-25 14:17:19.709000+00:00,2024-04-25 14:15:30+00:00,2024-04-25 14:17:30+00:00,TABUENCA01-45,Sensoria-C1-E90A,Left,Gait,1.0.5,40.3876772,-3.6291348,F0:75:B1:51:59:F6,SCKS,0.125,0.999999,-0.0625,10.08,-41.439999,-24.639999,0.448512,0.635392,-0.261632,659,536,329,1.009717410962592
2024-04-25 14:17:19.725000+00:00,2024-04-25 14:15:30+00:00,2024-04-25 14:17:30+00:00,TABUENCA01-45,Sensoria-C1-E90A,Left,Gait,1.0.5,40.3876772,-3.6291348,F0:75:B1:51:59:F6,SCKS,0.21875,0.968749,-0.1875,8.96,-33.599998,-12.32,0.448512,0.644736,-0.252288,647,525,326,1.0106841432915628
2024-04-25 14:17:19.734000+00:00,2024-04-25 14:15:30+00:00,2024-04-25 14:17:30+00:00,TABUENCA01-45,Sensoria-C1-EEA1,Right,Gait,1.0.5,40.3876772,-3.6291348,CB:AA:BC:3F:36:A5,SCKS,-1.085938,0.433594,-0.464844,-2.24,199.360001,35.84,0.383104,0.822272,-0.270976,465,696,686,1.2583103913645473
2024-04-25 14:17:19.750000+00:00,2024-04-25 14:15:30+00:00,2024-04-25 14:17:30+00:00,TABUENCA01-45,Sensoria-C1-EEA1,Right,Gait,1.0.5,40.3876772,-3.6291348,CB:AA:BC:3F:36:A5,SCKS,-1.097657,0.144531,-0.066406,-35.84,153.440002,-34.720001,0.392448,0.822272,-0.299008,473,703,685,1.1091212090867257
2024-04-25 14:17:19.758000+00:00,2024-04-25 14:15:30+00:00,2024-04-25 14:17:30+00:00,TABUENCA01-45,Sensoria-C1-E90A,Left,Gait,1.0.5,40.3876772,-3.6291348,F0:75:B1:51:59:F6,SCKS,0.1875,0.968749,-0.125,3.36,-25.76,-15.68,0.429824,0.65408,-0.242944,640,516,338,0.994613429931951
2024-04-25 14:17:19.767000+00:00,2024-04-25 14:15:30+00:00,2024-04-25 14:17:30+00:00,TABUENCA01-45,Sensoria-C1-EEA1,Right,Gait,1.0.5,40.3876772,-3.6291348,CB:AA:BC:3F:36:A5,SCKS,-0.550782,-0.140625,0.089844,-8.96,73.919998,-67.199997,0.383104,0.822272,-0.289664,476,704,682,0.5755068605021143
2024-04-25 14:17:19.783000+00:00,2024-04-25 14:15:30+00:00,2024-04-25 14:17:30+00:00,TABUENCA01-45,Sensoria-C1-EEA1,Right,Gait,1.0.5,40.3876772,-3.6291348,CB:AA:BC:3F:36:A5,SCKS,-0.4375,-0.050781,0.007813,25.76,36.959999,-112.0,0.364416,0.831616,-0.299008,478,705,682,0.4405065299516001
2024-04-25 14:17:19.790000+00:00,2024-04-25 14:15:30+00:00,2024-04-25 14:17:30+00:00,TABUENCA01-45,Sensoria-C1-E90A,Left,Gait,1.0.5,40.3876772,-3.6291348,F0:75:B1:51:59:F6,SCKS,0.1875,0.9375,-0.28125,0.0,-31.360001,-17.92,0.429824,0.65408,-0.2336,629,503,360,0.9965761699438734
2024-04-25 14:17:19.799000+00:00,2024-04-25 14:15:30+00:00,2024-04-25 14:17:30+00:00,TABUENCA01-45,Sensoria-C1-EEA1,Right,Gait,1.0.5,40.3876772,-3.6291348,CB:AA:BC:3F:36:A5,SCKS,-0.566407,0.164063,-0.066406,36.959999,14.56,-160.160004,0.32704,0.84096,-0.289664,478,706,682,0.5934166449081117
2024-04-25 14:17:19.823000+00:00,2024-04-25 14:15:30+00:00,2024-04-25 14:17:30+00:00,TABUENCA01-45,Sensoria-C1-E90A,Left,Gait,1.0.5,40.3876772,-3.6291348,F0:75:B1:51:59:F6,SCKS,0.125,0.9375,-0.125,-3.36,-48.16,-14.56,0.429824,0.663424,-0.2336,618,492,386,0.9540210951546092
2024-04-25 14:17:19.832000+00:00,2024-04-25 14:15:30+00:00,2024-04-25 14:17:30+00:00,TABUENCA01-45,Sensoria-C1-EEA1,Right,Gait,1.0.5,40.3876772,-3.6291348,CB:AA:BC:3F:36:A5,SCKS,-0.519532,0.285156,-0.019531,33.599998,-16.799999,-200.479996,0.32704,0.84096,-0.289664,479,704,682,0.5929661907065191
2024-04-25 14:17:19.848000+00:00,2024-04-25 14:15:30+00:00,2024-04-25 14:17:30+00:00,TABUENCA01-45,Sensoria-C1-EEA1,Right,Gait,1.0.5,40.3876772,-3.6291348,CB:AA:BC:3F:36:A5,SCKS,-0.460938,0.382813,-0.007813,35.84,-58.240002,-259.839996,0.28032,0.831616,-0.28032,477,704,683,0.5992250627118328
2024-04-25 14:17:19.855000+00:00,2024-04-25 14:15:30+00:00,2024-04-25 14:17:30+00:00,TABUENCA01-45,Sensoria-C1-E90A,Left,Gait,1.0.5,40.3876772,-3.6291348,F0:75:B1:51:59:F6,SCKS,0.15625,0.9375,-0.1875,5.6,-48.16,-12.32,0.429824,0.663424,-0.2336,604,477,410,0.96875
2024-04-25 14:17:19.863000+00:00,2024-04-25 14:15:30+00:00,2024-04-25 14:17:30+00:00,TABUENCA01-45,Sensoria-C1-EEA1,Right,Gait,1.0.5,40.3876772,-3.6291348,CB:AA:BC:3F:36:A5,SCKS,-0.445313,0.6875,-0.042969,40.32,-72.800003,-292.320007,0.224256,0.822272,-0.289664,477,703,681,0.8202476777961641
2024-04-25 14:17:19.880000+00:00,2024-04-25 14:15:30+00:00,2024-04-25 14:17:30+00:00,TABUENCA01-45,Sensoria-C1-EEA1,Right,Gait,1.0.5,40.3876772,-3.6291348,CB:AA:BC:3F:36:A5,SCKS,-0.402344,0.929688,-0.0625,33.599998,-77.279999,-321.440002,0.177536,0.822272,-0.289664,476,702,680,1.0149417331453072
2024-04-25 14:17:19.887000+00:00,2024-04-25 14:15:30+00:00,2024-04-25 14:17:30+00:00,TABUENCA01-45,Sensoria-C1-E90A,Left,Gait,1.0.5,40.3876772,-3.6291348,F0:75:B1:51:59:F6,SCKS,0.125,0.9375,-0.1875,7.84,-43.68,-20.16,0.42048,0.663424,-0.224256,590,459,433,0.9642030387838445
2024-04-25 14:17:19.913000+00:00,2024-04-25 14:15:30+00:00,2024-04-25 14:17:30+00:00,TABUENCA01-45,Sensoria-C1-EEA1,Right,Gait,1.0.5,40.3876772,-3.6291348,CB:AA:BC:3F:36:A5,SCKS,-0.359375,1.214845,-0.066406,23.52,-71.68,-348.320007,0.112128,0.79424,-0.28032,477,701,679,1.2686246574483722
2024-04-25 14:17:19.920000+00:00,2024-04-25 14:15:30+00:00,2024-04-25 14:17:30+00:00,TABUENCA01-45,Sensoria-C1-E90A,Left,Gait,1.0.5,40.3876772,-3.6291348,F0:75:B1:51:59:F6,SCKS,0.125,0.9375,-0.1875,6.72,-40.32,-28.0,0.411136,0.672768,-0.214912,569,440,457,0.9642030387838445
2024-04-25 14:17:19.929000+00:00,2024-04-25 14:15:30+00:00,2024-04-25 14:17:30+00:00,TABUENCA01-45,Sensoria-C1-EEA1,Right,Gait,1.0.5,40.3876772,-3.6291348,CB:AA:BC:3F:36:A5,SCKS,-0.394532,1.648439,-0.011719,6.72,-43.68,-367.360016,0.112128,0.79424,-0.28032,476,699,680,1.6950350942402344
2024-04-25 14:17:19.946000+00:00,2024-04-25 14:15:30+00:00,2024-04-25 14:17:30+00:00,TABUENCA01-45,Sensoria-C1-EEA1,Right,Gait,1.0.5,40.3876772,-3.6291348,CB:AA:BC:3F:36:A5,SCKS,-0.441407,1.996095,0.070313,-7.84,-6.72,-375.200012,0.04672,0.756864,-0.289664,477,700,680,2.0455266575244138
2024-04-25 14:17:19.953000+00:00,2024-04-25 14:15:30+00:00,2024-04-25 14:17:30+00:00,TABUENCA01-45,Sensoria-C1-E90A,Left,Gait,1.0.5,40.3876772,-3.6291348,F0:75:B1:51:59:F6,SCKS,0.09375,0.9375,-0.1875,8.96,-36.959999,-34.720001,0.411136,0.682112,-0.205568,548,415,481,0.9606516343087124
2024-04-25 14:17:19.962000+00:00,2024-04-25 14:15:30+00:00,2024-04-25 14:17:30+00:00,TABUENCA01-45,Sensoria-C1-EEA1,Right,Gait,1.0.5,40.3876772,-3.6291348,CB:AA:BC:3F:36:A5,SCKS,-0.179688,1.996095,-0.082031,21.280001,-34.720001,-384.160004,-0.009344,0.710144,-0.308352,477,700,678,2.0058444883215647
2024-04-25 14:17:19.978000+00:00,2024-04-25 14:15:30+00:00,2024-04-25 14:17:30+00:00,TABUENCA01-45,Sensoria-C1-EEA1,Right,Gait,1.0.5,40.3876772,-3.6291348,CB:AA:BC:3F:36:A5,SCKS,0.1875,1.996095,-0.5625,25.76,-31.360001,-388.640015,-0.056064,0.663424,-0.299008,476,699,678,2.0822962683117403
2024-04-25 14:17:19.986000+00:00,2024-04-25 14:15:30+00:00,2024-04-25 14:17:30+00:00,TABUENCA01-45,Sensoria-C1-E90A,Left,Gait,1.0.5,40.3876772,-3.6291348,F0:75:B1:51:59:F6,SCKS,0.0625,0.999999,-0.1875,4.48,-35.84,-42.560001,0.392448,0.691456,-0.205568,508,374,521,1.019343170870831
2024-04-25 14:17:20.011000+00:00,2024-04-25 14:15:30+00:00,2024-04-25 14:17:30+00:00,TABUENCA01-45,Sensoria-C1-EEA1,Right,Gait,1.0.5,40.3876772,-3.6291348,CB:AA:BC:3F:36:A5,SCKS,1.390626,1.996095,-0.152344,25.76,-15.68,-384.160004,-0.09344,0.598016,-0.308352,475,700,679,2.4375078697795005
2024-04-25 14:17:20.027000+00:00,2024-04-25 14:15:30+00:00,2024-04-25 14:17:30+00:00,TABUENCA01-45,Sensoria-C1-EEA1,Right,Gait,1.0.5,40.3876772,-3.6291348,CB:AA:BC:3F:36:A5,SCKS,1.906251,1.996095,-0.457032,44.799999,41.439999,-344.959991,-0.121472,0.541952,-0.299008,476,700,679,2.7976894704469975
2024-04-25 14:17:20.044000+00:00,2024-04-25 14:15:30+00:00,2024-04-25 14:17:30+00:00,TABUENCA01-45,Sensoria-C1-EEA1,Right,Gait,1.0.5,40.3876772,-3.6291348,CB:AA:BC:3F:36:A5,SCKS,1.996095,1.722657,0.25,61.599998,76.160004,-221.759995,-0.121472,0.541952,-0.299008,474,700,680,2.648479259626928
2024-04-25 14:17:20.051000+00:00,2024-04-25 14:15:30+00:00,2024-04-25 14:17:30+00:00,TABUENCA01-45,Sensoria-C1-E90A,Left,Gait,1.0.5,40.3876772,-3.6291348,F0:75:B1:51:59:F6,SCKS,0.0625,1.062499,-0.15625,-3.36,-36.959999,-66.080002,0.37376,0.710144,-0.18688,456,325,588,1.0757436671907485
2024-04-25 14:17:20.060000+00:00,2024-04-25 14:15:30+00:00,2024-04-25 14:17:30+00:00,TABUENCA01-45,Sensoria-C1-EEA1,Right,Gait,1.0.5,40.3876772,-3.6291348,CB:AA:BC:3F:36:A5,SCKS,1.996095,1.796876,0.492188,58.240002,63.84,-117.599998,-0.121472,0.504576,-0.289664,474,702,683,2.730459235320132
2024-04-25 14:17:20.067000+00:00,2024-04-25 14:15:30+00:00,2024-04-25 14:17:30+00:00,TABUENCA01-45,Sensoria-C1-E90A,Left,Gait,1.0.5,40.3876772,-3.6291348,F0:75:B1:51:59:F6,SCKS,0.0625,1.124999,-0.03125,-1.12,-31.360001,-81.760002,0.355072,0.719488,-0.18688,428,301,631,1.127167051727915
2024-04-25 14:17:20.092000+00:00,2024-04-25 14:15:30+00:00,2024-04-25 14:17:30+00:00,TABUENCA01-45,Sensoria-C1-EEA1,Right,Gait,1.0.5,40.3876772,-3.6291348,CB:AA:BC:3F:36:A5,SCKS,1.996095,1.769533,1.011719,-13.440001,40.32,59.360001,-0.121472,0.504576,-0.270976,474,703,685,2.8529314085822324
2024-04-25 14:17:20.107000+00:00,2024-04-25 14:15:30+00:00,2024-04-25 14:17:30+00:00,TABUENCA01-45,Sensoria-C1-EEA1,Right,Gait,1.0.5,40.3876772,-3.6291348,CB:AA:BC:3F:36:A5,SCKS,-0.363282,1.996095,0.089844,11.2,-92.959999,171.360001,-0.112128,0.532608,-0.289664,473,701,686,2.030871981412172
2024-04-25 14:17:20.115000+00:00,2024-04-25 14:15:30+00:00,2024-04-25 14:17:30+00:00,TABUENCA01-45,Sensoria-C1-E90A,Left,Gait,1.0.5,40.3876772,-3.6291348,F0:75:B1:51:59:F6,SCKS,0.15625,1.249999,-0.28125,5.6,-20.16,-99.68,0.336384,0.738176,-0.18688,401,285,659,1.2907413083189831
2024-04-25 14:17:20.124000+00:00,2024-04-25 14:15:30+00:00,2024-04-25 14:17:30+00:00,TABUENCA01-45,Sensoria-C1-EEA1,Right,Gait,1.0.5,40.3876772,-3.6291348,CB:AA:BC:3F:36:A5,SCKS,-2.000001,0.871094,0.160156,43.68,-133.279999,82.879997,-0.112128,0.551296,-0.317696,478,701,671,2.1873405544571702
2024-04-25 14:17:20.132000+00:00,2024-04-25 14:15:30+00:00,2024-04-25 14:17:30+00:00,TABUENCA01-45,Sensoria-C1-E90A,Left,Gait,1.0.5,40.3876772,-3.6291348,F0:75:B1:51:59:F6,SCKS,0.09375,1.343749,-0.1875,3.36,-24.639999,-116.480003,0.317696,0.74752,-0.18688,384,283,673,1.3600024586378512
2024-04-25 14:17:20.140000+00:00,2024-04-25 14:15:30+00:00,2024-04-25 14:17:30+00:00,TABUENCA01-45,Sensoria-C1-EEA1,Right,Gait,1.0.5,40.3876772,-3.6291348,CB:AA:BC:3F:36:A5,SCKS,0.117188,0.777344,1.414063,53.760002,-222.880005,203.839996,-0.112128,0.551296,-0.317696,486,705,643,1.6178908769286637
2024-04-25 14:17:20.164000+00:00,2024-04-25 14:15:30+00:00,2024-04-25 14:17:30+00:00,TABUENCA01-45,Sensoria-C1-E90A,Left,Gait,1.0.5,40.3876772,-3.6291348,F0:75:B1:51:59:F6,SCKS,0.625,2.031249,0.0,-7.84,-24.639999,-171.360001,0.261632,0.775552,-0.18688,415,335,681,2.1252288112109246
2024-04-25 14:17:20.173000+00:00,2024-04-25 14:15:30+00:00,2024-04-25 14:17:30+00:00,TABUENCA01-45,Sensoria-C1-EEA1,Right,Gait,1.0.5,40.3876772,-3.6291348,CB:AA:BC:3F:36:A5,SCKS,0.714844,1.925783,0.355469,56.0,-73.919998,212.800003,-0.102784,0.588672,-0.355072,493,709,587,2.084706290436617
2024-04-25 14:17:20.190000+00:00,2024-04-25 14:15:30+00:00,2024-04-25 14:17:30+00:00,TABUENCA01-45,Sensoria-C1-EEA1,Right,Gait,1.0.5,40.3876772,-3.6291348,CB:AA:BC:3F:36:A5,SCKS,0.078125,1.308595,-0.449219,48.16,24.639999,172.479996,-0.09344,0.616704,-0.355072,499,716,475,1.3857568688666133
2024-04-25 14:17:20.222000+00:00,2024-04-25 14:15:30+00:00,2024-04-25 14:17:30+00:00,TABUENCA01-45,Sensoria-C1-EEA1,Right,Gait,1.0.5,40.3876772,-3.6291348,CB:AA:BC:3F:36:A5,SCKS,0.023438,1.10547,-0.179688,12.32,-2.24,155.680008,-0.074752,0.644736,-0.345728,498,716,421,1.1202236553867266
2024-04-25 14:17:20.224000+00:00,2024-04-25 14:15:30+00:00,2024-04-25 14:17:30+00:00,TABUENCA01-45,Sensoria-C1-EEA1,Right,Gait,1.0.5,40.3876772,-3.6291348,CB:AA:BC:3F:36:A5,SCKS,0.199219,0.972657,0.191406,1.12,-5.6,118.720001,-0.065408,0.672768,-0.336384,491,719,382,1.01113110250155
2024-04-25 14:17:20.229000+00:00,2024-04-25 14:15:30+00:00,2024-04-25 14:17:30+00:00,TABUENCA01-45,Sensoria-C1-E90A,Left,Gait,1.0.5,40.3876772,-3.6291348,F0:75:B1:51:59:F6,SCKS,0.90625,2.124999,-0.03125,-25.76,-56.0,-185.919998,0.224256,0.784896,-0.177536,482,388,680,2.3103866289002366
2024-04-25 14:17:20.230000+00:00,2024-04-25 14:15:30+00:00,2024-04-25 14:17:30+00:00,TABUENCA01-45,Sensoria-C1-E90A,Left,Gait,1.0.5,40.3876772,-3.6291348,F0:75:B1:51:59:F6,SCKS,0.71875,2.156249,-0.5625,-22.4,-100.800003,-222.880005,0.18688,0.803584,-0.18688,545,443,685,2.3414562909653043
2024-04-25 14:17:20.255000+00:00,2024-04-25 14:15:30+00:00,2024-04-25 14:17:30+00:00,TABUENCA01-45,Sensoria-C1-EEA1,Right,Gait,1.0.5,40.3876772,-3.6291348,CB:AA:BC:3F:36:A5,SCKS,-0.046875,0.976563,-0.015625,0.0,16.799999,100.800003,-0.056064,0.682112,-0.345728,480,715,360,0.977812200383591
2024-04-25 14:17:20.262000+00:00,2024-04-25 14:15:30+00:00,2024-04-25 14:17:30+00:00,TABUENCA01-45,Sensoria-C1-E90A,Left,Gait,1.0.5,40.3876772,-3.6291348,F0:75:B1:51:59:F6,SCKS,0.6875,1.156249,-0.40625,1.12,10.08,-259.839996,0.09344,0.812928,-0.177536,609,500,687,1.4052071244129813
2024-04-25 14:17:20.271000+00:00,2024-04-25 14:15:30+00:00,2024-04-25 14:17:30+00:00,TABUENCA01-45,Sensoria-C1-EEA1,Right,Gait,1.0.5,40.3876772,-3.6291348,CB:AA:BC:3F:36:A5,SCKS,-0.089844,0.964844,-0.097656,-8.96,20.16,78.400002,-0.04672,0.691456,-0.345728,472,707,346,0.9739263745314634
2024-04-25 14:17:20.287000+00:00,2024-04-25 14:15:30+00:00,2024-04-25 14:17:30+00:00,TABUENCA01-45,Sensoria-C1-EEA1,Right,Gait,1.0.5,40.3876772,-3.6291348,CB:AA:BC:3F:36:A5,SCKS,-0.101563,0.964844,0.035156,-12.32,25.76,59.360001,-0.04672,0.691456,-0.345728,466,697,337,0.9708114809997872
2024-04-25 14:17:20.295000+00:00,2024-04-25 14:15:30+00:00,2024-04-25 14:17:30+00:00,TABUENCA01-45,Sensoria-C1-E90A,Left,Gait,1.0.5,40.3876772,-3.6291348,F0:75:B1:51:59:F6,SCKS,0.5625,0.40625,-0.375,16.799999,-1.12,-165.759995,0.056064,0.812928,-0.168192,659,531,687,0.7887143415077477
2024-04-25 14:17:20.304000+00:00,2024-04-25 14:15:30+00:00,2024-04-25 14:17:30+00:00,TABUENCA01-45,Sensoria-C1-EEA1,Right,Gait,1.0.5,40.3876772,-3.6291348,CB:AA:BC:3F:36:A5,SCKS,-0.109375,0.984376,0.011719,-4.48,20.16,41.439999,-0.037376,0.710144,-0.336384,462,690,334,0.9905030716570242
2024-04-25 14:17:20.320000+00:00,2024-04-25 14:15:30+00:00,2024-04-25 14:17:30+00:00,TABUENCA01-45,Sensoria-C1-EEA1,Right,Gait,1.0.5,40.3876772,-3.6291348,CB:AA:BC:3F:36:A5,SCKS,-0.167969,0.976563,-0.023438,0.0,14.56,31.360001,-0.037376,0.7008,-0.32704,457,683,332,0.9911802145795687
2024-04-25 14:17:20.327000+00:00,2024-04-25 14:15:30+00:00,2024-04-25 14:17:30+00:00,TABUENCA01-45,Sensoria-C1-E90A,Left,Gait,1.0.5,40.3876772,-3.6291348,F0:75:B1:51:59:F6,SCKS,-0.34375,0.46875,-0.28125,7.84,-116.480003,-62.720001,0.028032,0.803584,-0.177536,684,540,688,0.6457493224928695
2024-04-25 14:17:20.353000+00:00,2024-04-25 14:15:30+00:00,2024-04-25 14:17:30+00:00,TABUENCA01-45,Sensoria-C1-EEA1,Right,Gait,1.0.5,40.3876772,-3.6291348,CB:AA:BC:3F:36:A5,SCKS,-0.191406,0.960938,-0.058594,2.24,7.84,30.24,-0.028032,0.710144,-0.336384,455,678,332,0.98156576627142
2024-04-25 14:17:20.360000+00:00,2024-04-25 14:15:30+00:00,2024-04-25 14:17:30+00:00,TABUENCA01-45,Sensoria-C1-E90A,Left,Gait,1.0.5,40.3876772,-3.6291348,F0:75:B1:51:59:F6,SCKS,0.875,0.0625,-0.125,-1.12,-123.199997,104.160004,0.028032,0.812928,-0.168192,692,540,685,0.8860904299223641
2024-04-25 14:17:20.368000+00:00,2024-04-25 14:15:30+00:00,2024-04-25 14:17:30+00:00,TABUENCA01-45,Sensoria-C1-EEA1,Right,Gait,1.0.5,40.3876772,-3.6291348,CB:AA:BC:3F:36:A5,SCKS,-0.179688,0.941407,-0.035156,1.12,2.24,32.48,-0.037376,0.719488,-0.317696,454,674,337,0.9590468504348472
2024-04-25 14:17:20.384000+00:00,2024-04-25 14:15:30+00:00,2024-04-25 14:17:30+00:00,TABUENCA01-45,Sensoria-C1-EEA1,Right,Gait,1.0.5,40.3876772,-3.6291348,CB:AA:BC:3F:36:A5,SCKS,-0.132813,0.957032,-0.066406,0.0,1.12,31.360001,-0.037376,0.719488,-0.317696,450,671,340,0.968482988404546
2024-04-25 14:17:20.392000+00:00,2024-04-25 14:15:30+00:00,2024-04-25 14:17:30+00:00,TABUENCA01-45,Sensoria-C1-E90A,Left,Gait,1.0.5,40.3876772,-3.6291348,F0:75:B1:51:59:F6,SCKS,0.53125,0.03125,-0.03125,-13.440001,-22.4,144.479996,0.04672,0.812928,-0.196224,697,538,684,0.5330850659134994
2024-04-25 14:17:20.400000+00:00,2024-04-25 14:15:30+00:00,2024-04-25 14:17:30+00:00,TABUENCA01-45,Sensoria-C1-EEA1,Right,Gait,1.0.5,40.3876772,-3.6291348,CB:AA:BC:3F:36:A5,SCKS,-0.132813,0.964844,-0.144531,-2.24,5.6,29.120001,-0.028032,0.710144,-0.345728,446,667,344,0.9846077631554608
2024-04-25 14:17:20.424000+00:00,2024-04-25 14:15:30+00:00,2024-04-25 14:17:30+00:00,TABUENCA01-45,Sensoria-C1-E90A,Left,Gait,1.0.5,40.3876772,-3.6291348,F0:75:B1:51:59:F6,SCKS,0.3125,0.15625,-0.0625,-8.96,23.52,189.279999,0.112128,0.812928,-0.18688,697,537,682,0.3549317716125171
2024-04-25 14:17:20.433000+00:00,2024-04-25 14:15:30+00:00,2024-04-25 14:17:30+00:00,TABUENCA01-45,Sensoria-C1-EEA1,Right,Gait,1.0.5,40.3876772,-3.6291348,CB:AA:BC:3F:36:A5,SCKS,-0.132813,0.953126,-0.070313,-8.96,14.56,25.76,-0.028032,0.719488,-0.336384,443,666,349,0.9649001931878758
2024-04-25 14:17:20.441000+00:00,2024-04-25 14:15:30+00:00,2024-04-25 14:17:30+00:00,TABUENCA01-45,Sensoria-C1-E90A,Left,Gait,1.0.5,40.3876772,-3.6291348,F0:75:B1:51:59:F6,SCKS,0.21875,0.5,-0.25,1.12,48.16,237.440002,0.158848,0.803584,-0.18688,696,538,682,0.6002928972593295
2024-04-25 14:17:20.449000+00:00,2024-04-25 14:15:30+00:00,2024-04-25 14:17:30+00:00,TABUENCA01-45,Sensoria-C1-EEA1,Right,Gait,1.0.5,40.3876772,-3.6291348,CB:AA:BC:3F:36:A5,SCKS,-0.144531,0.957032,-0.003906,-7.84,13.440001,25.76,-0.018688,0.719488,-0.317696,435,664,353,0.9678918926310933
2024-04-25 14:17:20.465000+00:00,2024-04-25 14:15:30+00:00,2024-04-25 14:17:30+00:00,TABUENCA01-45,Sensoria-C1-EEA1,Right,Gait,1.0.5,40.3876772,-3.6291348,CB:AA:BC:3F:36:A5,SCKS,-0.136719,0.960938,-0.019531,-5.6,8.96,31.360001,-0.009344,0.719488,-0.32704,427,661,359,0.9708117143741107
2024-04-25 14:17:20.473000+00:00,2024-04-25 14:15:30+00:00,2024-04-25 14:17:30+00:00,TABUENCA01-45,Sensoria-C1-E90A,Left,Gait,1.0.5,40.3876772,-3.6291348,F0:75:B1:51:59:F6,SCKS,0.15625,0.968749,-0.25,-12.32,75.040001,308.0,0.261632,0.775552,-0.196224,697,535,681,1.0126147774455003
2024-04-25 14:17:20.482000+00:00,2024-04-25 14:15:30+00:00,2024-04-25 14:17:30+00:00,TABUENCA01-45,Sensoria-C1-EEA1,Right,Gait,1.0.5,40.3876772,-3.6291348,CB:AA:BC:3F:36:A5,SCKS,-0.125,0.976563,-0.082031,-5.6,5.6,33.599998,-0.009344,0.719488,-0.32704,419,656,362,0.9879419911766074
2024-04-25 14:17:20.498000+00:00,2024-04-25 14:15:30+00:00,2024-04-25 14:17:30+00:00,TABUENCA01-45,Sensoria-C1-EEA1,Right,Gait,1.0.5,40.3876772,-3.6291348,CB:AA:BC:3F:36:A5,SCKS,-0.113281,0.968751,-0.050781,-7.84,4.48,34.720001,-0.009344,0.719488,-0.336384,409,652,367,0.9766728187694178
2024-04-25 14:17:20.506000+00:00,2024-04-25 14:15:30+00:00,2024-04-25 14:17:30+00:00,TABUENCA01-45,Sensoria-C1-E90A,Left,Gait,1.0.5,40.3876772,-3.6291348,F0:75:B1:51:59:F6,SCKS,0.21875,1.281249,-0.25,-7.84,87.360001,328.160004,0.32704,0.74752,-0.196224,696,535,680,1.323612693540297
2024-04-25 14:17:20.530000+00:00,2024-04-25 14:15:30+00:00,2024-04-25 14:17:30+00:00,TABUENCA01-45,Sensoria-C1-EEA1,Right,Gait,1.0.5,40.3876772,-3.6291348,CB:AA:BC:3F:36:A5,SCKS,-0.09375,0.960938,-0.027344,-6.72,2.24,36.959999,0.0,0.728832,-0.32704,400,648,374,0.9658874658468242
2024-04-25 14:17:20.538000+00:00,2024-04-25 14:15:30+00:00,2024-04-25 14:17:30+00:00,TABUENCA01-45,Sensoria-C1-E90A,Left,Gait,1.0.5,40.3876772,-3.6291348,F0:75:B1:51:59:F6,SCKS,0.21875,1.687499,-0.21875,-11.2,98.559998,346.079987,0.383104,0.7008,-0.196224,694,535,679,1.715621170305671
2024-04-25 14:17:20.547000+00:00,2024-04-25 14:15:30+00:00,2024-04-25 14:17:30+00:00,TABUENCA01-45,Sensoria-C1-EEA1,Right,Gait,1.0.5,40.3876772,-3.6291348,CB:AA:BC:3F:36:A5,SCKS,-0.101563,0.960938,-0.035156,-3.36,3.36,40.32,0.0,0.728832,-0.317696,386,640,377,0.9669295874824598
2024-04-25 14:17:20.563000+00:00,2024-04-25 14:15:30+00:00,2024-04-25 14:17:30+00:00,TABUENCA01-45,Sensoria-C1-EEA1,Right,Gait,1.0.5,40.3876772,-3.6291348,CB:AA:BC:3F:36:A5,SCKS,-0.078125,0.980469,-0.042969,1.12,7.84,50.400002,0.009344,0.728832,-0.317696,371,631,383,0.9845147589279706
2024-04-25 14:17:20.571000+00:00,2024-04-25 14:15:30+00:00,2024-04-25 14:17:30+00:00,TABUENCA01-45,Sensoria-C1-E90A,Left,Gait,1.0.5,40.3876772,-3.6291348,F0:75:B1:51:59:F6,SCKS,0.1875,2.343749,-0.25,-20.16,107.520004,370.720001,0.429824,0.65408,-0.224256,694,533,678,2.364490563525471
2024-04-25 14:17:20.579000+00:00,2024-04-25 14:15:30+00:00,2024-04-25 14:17:30+00:00,TABUENCA01-45,Sensoria-C1-EEA1,Right,Gait,1.0.5,40.3876772,-3.6291348,CB:AA:BC:3F:36:A5,SCKS,-0.054688,1.015626,-0.03125,2.24,13.440001,56.0,0.009344,0.728832,-0.317696,352,621,395,1.017577275552083
2024-04-25 14:17:20.604000+00:00,2024-04-25 14:15:30+00:00,2024-04-25 14:17:30+00:00,TABUENCA01-45,Sensoria-C1-E90A,Left,Gait,1.0.5,40.3876772,-3.6291348,F0:75:B1:51:59:F6,SCKS,-0.21875,2.718749,-0.4375,-35.84,75.040001,379.679993,0.476544,0.588672,-0.2336,695,534,678,2.7624000321280406
2024-04-25 14:17:20.628000+00:00,2024-04-25 14:15:30+00:00,2024-04-25 14:17:30+00:00,TABUENCA01-45,Sensoria-C1-EEA1,Right,Gait,1.0.5,40.3876772,-3.6291348,CB:AA:BC:3F:36:A5,SCKS,-0.078125,1.007813,-0.03125,3.36,21.280001,62.720001,0.018688,0.738176,-0.308352,331,605,407,1.0113194950627622
2024-04-25 14:17:20.629000+00:00,2024-04-25 14:15:30+00:00,2024-04-25 14:17:30+00:00,TABUENCA01-45,Sensoria-C1-EEA1,Right,Gait,1.0.5,40.3876772,-3.6291348,CB:AA:BC:3F:36:A5,SCKS,-0.085938,1.046876,-0.023438,2.24,23.52,72.800003,0.028032,0.74752,-0.308352,308,587,425,1.050658859508642
2024-04-25 14:17:20.635000+00:00,2024-04-25 14:15:30+00:00,2024-04-25 14:17:30+00:00,TABUENCA01-45,Sensoria-C1-E90A,Left,Gait,1.0.5,40.3876772,-3.6291348,F0:75:B1:51:59:F6,SCKS,-1.249999,2.249999,-0.21875,-39.200001,21.280001,320.320007,0.532608,0.476544,-0.242944,695,532,680,2.5831849648257865
2024-04-25 14:17:20.644000+00:00,2024-04-25 14:15:30+00:00,2024-04-25 14:17:30+00:00,TABUENCA01-45,Sensoria-C1-EEA1,Right,Gait,1.0.5,40.3876772,-3.6291348,CB:AA:BC:3F:36:A5,SCKS,-0.085938,1.082032,-0.015625,5.6,14.56,85.120003,0.037376,0.756864,-0.308352,284,565,451,1.0855518087558051
2024-04-25 14:17:20.661000+00:00,2024-04-25 14:15:30+00:00,2024-04-25 14:17:30+00:00,TABUENCA01-45,Sensoria-C1-EEA1,Right,Gait,1.0.5,40.3876772,-3.6291348,CB:AA:BC:3F:36:A5,SCKS,-0.054688,1.160157,-0.054688,16.799999,1.12,97.440002,0.04672,0.766208,-0.299008,259,541,497,1.1627320496730966
2024-04-25 14:17:20.668000+00:00,2024-04-25 14:15:30+00:00,2024-04-25 14:17:30+00:00,TABUENCA01-45,Sensoria-C1-E90A,Left,Gait,1.0.5,40.3876772,-3.6291348,F0:75:B1:51:59:F6,SCKS,-2.406249,1.531249,-0.999999,-11.2,-44.799999,212.800003,0.541952,0.439168,-0.2336,692,533,684,3.0223758452586598
2024-04-25 14:17:20.693000+00:00,2024-04-25 14:15:30+00:00,2024-04-25 14:17:30+00:00,TABUENCA01-45,Sensoria-C1-EEA1,Right,Gait,1.0.5,40.3876772,-3.6291348,CB:AA:BC:3F:36:A5,SCKS,-0.074219,1.222657,0.0,17.92,-4.48,109.760002,0.056064,0.775552,-0.299008,238,515,556,1.2249075881918603
2024-04-25 14:17:20.701000+00:00,2024-04-25 14:15:30+00:00,2024-04-25 14:17:30+00:00,TABUENCA01-45,Sensoria-C1-E90A,Left,Gait,1.0.5,40.3876772,-3.6291348,F0:75:B1:51:59:F6,SCKS,-2.624999,1.374999,-0.03125,-20.16,-133.279999,-75.040001,0.532608,0.439168,-0.224256,691,534,687,2.963480818649245
2024-04-25 14:17:20.710000+00:00,2024-04-25 14:15:30+00:00,2024-04-25 14:17:30+00:00,TABUENCA01-45,Sensoria-C1-EEA1,Right,Gait,1.0.5,40.3876772,-3.6291348,CB:AA:BC:3F:36:A5,SCKS,-0.113281,1.339845,-0.011719,1.12,-3.36,122.080002,0.056064,0.775552,-0.299008,220,494,606,1.344676371454113
2024-04-25 14:17:20.726000+00:00,2024-04-25 14:15:30+00:00,2024-04-25 14:17:30+00:00,TABUENCA01-45,Sensoria-C1-EEA1,Right,Gait,1.0.5,40.3876772,-3.6291348,CB:AA:BC:3F:36:A5,SCKS,-0.117188,1.398438,-0.007813,-10.08,-4.48,131.039993,0.084096,0.784896,-0.299008,204,476,639,1.4033612899595742
2024-04-25 14:17:20.733000+00:00,2024-04-25 14:15:30+00:00,2024-04-25 14:17:30+00:00,TABUENCA01-45,Sensoria-C1-E90A,Left,Gait,1.0.5,40.3876772,-3.6291348,F0:75:B1:51:59:F6,SCKS,3.968748,0.78125,0.5625,24.639999,10.08,-115.360001,0.532608,0.457856,-0.214912,689,532,681,4.083836247941878
2024-04-25 14:17:20.741000+00:00,2024-04-25 14:15:30+00:00,2024-04-25 14:17:30+00:00,TABUENCA01-45,Sensoria-C1-EEA1,Right,Gait,1.0.5,40.3876772,-3.6291348,CB:AA:BC:3F:36:A5,SCKS,-0.242188,1.562501,0.015625,-15.68,-2.24,144.479996,0.102784,0.79424,-0.299008,192,465,661,1.5812363969280494
2024-04-25 14:17:20.749000+00:00,2024-04-25 14:15:30+00:00,2024-04-25 14:17:30+00:00,TABUENCA01-45,Sensoria-C1-E90A,Left,Gait,1.0.5,40.3876772,-3.6291348,F0:75:B1:51:59:F6,SCKS,-0.40625,1.218749,0.40625,67.199997,113.120003,-200.479996,0.532608,0.485888,-0.214912,694,535,653,1.347377916547915
2024-04-25 14:17:20.758000+00:00,2024-04-25 14:15:30+00:00,2024-04-25 14:17:30+00:00,TABUENCA01-45,Sensoria-C1-EEA1,Right,Gait,1.0.5,40.3876772,-3.6291348,CB:AA:BC:3F:36:A5,SCKS,-0.320313,1.714845,0.085938,-22.4,6.72,161.279999,0.130816,0.79424,-0.308352,188,465,673,1.7466193437145943
2024-04-25 14:17:20.781000+00:00,2024-04-25 14:15:30+00:00,2024-04-25 14:17:30+00:00,TABUENCA01-45,Sensoria-C1-E90A,Left,Gait,1.0.5,40.3876772,-3.6291348,F0:75:B1:51:59:F6,SCKS,-0.40625,1.687499,-0.25,61.599998,17.92,-170.240005,0.504576,0.541952,-0.2336,694,537,570,1.7536225185315681
2024-04-25 14:17:20.790000+00:00,2024-04-25 14:15:30+00:00,2024-04-25 14:17:30+00:00,TABUENCA01-45,Sensoria-C1-EEA1,Right,Gait,1.0.5,40.3876772,-3.6291348,CB:AA:BC:3F:36:A5,SCKS,-0.667969,1.996095,0.21875,-34.720001,25.76,178.080002,0.158848,0.812928,-0.308352,190,475,681,2.116229996121877
2024-04-25 14:17:20.807000+00:00,2024-04-25 14:15:30+00:00,2024-04-25 14:17:30+00:00,TABUENCA01-45,Sensoria-C1-EEA1,Right,Gait,1.0.5,40.3876772,-3.6291348,CB:AA:BC:3F:36:A5,SCKS,-0.929688,1.996095,0.347656,-52.639999,48.16,206.080002,0.158848,0.812928,-0.308352,206,491,684,2.2292554184536595
2024-04-25 14:17:20.814000+00:00,2024-04-25 14:15:30+00:00,2024-04-25 14:17:30+00:00,TABUENCA01-45,Sensoria-C1-E90A,Left,Gait,1.0.5,40.3876772,-3.6291348,F0:75:B1:51:59:F6,SCKS,0.125,0.78125,-0.40625,64.959999,-1.12,-145.600006,0.485888,0.579328,-0.2336,693,543,443,0.8893905919223567
2024-04-25 14:17:20.823000+00:00,2024-04-25 14:15:30+00:00,2024-04-25 14:17:30+00:00,TABUENCA01-45,Sensoria-C1-EEA1,Right,Gait,1.0.5,40.3876772,-3.6291348,CB:AA:BC:3F:36:A5,SCKS,-0.28125,1.996095,-0.050781,-51.52,39.200001,238.559998,0.205568,0.822272,-0.32704,239,523,683,2.0164512197139803
2024-04-25 14:17:20.847000+00:00,2024-04-25 14:15:30+00:00,2024-04-25 14:17:30+00:00,TABUENCA01-45,Sensoria-C1-E90A,Left,Gait,1.0.5,40.3876772,-3.6291348,F0:75:B1:51:59:F6,SCKS,-0.0625,0.999999,-0.09375,41.439999,-20.16,-97.440002,0.457856,0.626048,-0.214912,682,550,387,1.0063266430443942
2024-04-25 14:17:20.855000+00:00,2024-04-25 14:15:30+00:00,2024-04-25 14:17:30+00:00,TABUENCA01-45,Sensoria-C1-EEA1,Right,Gait,1.0.5,40.3876772,-3.6291348,CB:AA:BC:3F:36:A5,SCKS,-0.808594,1.996095,-0.515625,-20.16,19.040001,263.200012,0.252288,0.831616,-0.317696,289,573,681,2.2145177006486083
2024-04-25 14:17:20.871000+00:00,2024-04-25 14:15:30+00:00,2024-04-25 14:17:30+00:00,TABUENCA01-45,Sensoria-C1-EEA1,Right,Gait,1.0.5,40.3876772,-3.6291348,CB:AA:BC:3F:36:A5,SCKS,-0.324219,1.851564,-0.449219,-1.12,-78.400002,297.920013,0.308352,0.831616,-0.32704,348,626,684,1.9326678235066677
2024-04-25 14:17:20.878000+00:00,2024-04-25 14:15:30+00:00,2024-04-25 14:17:30+00:00,TABUENCA01-45,Sensoria-C1-E90A,Left,Gait,1.0.5,40.3876772,-3.6291348,F0:75:B1:51:59:F6,SCKS,0.15625,0.968749,-0.1875,21.280001,-34.720001,-44.799999,0.448512,0.635392,-0.205568,671,547,351,0.9990219904992081
2024-04-25 14:17:20.887000+00:00,2024-04-25 14:15:30+00:00,2024-04-25 14:17:30+00:00,TABUENCA01-45,Sensoria-C1-EEA1,Right,Gait,1.0.5,40.3876772,-3.6291348,CB:AA:BC:3F:36:A5,SCKS,-0.242188,0.601563,-0.398438,21.280001,-44.799999,234.080002,0.355072,0.831616,-0.317696,410,665,683,0.7611083432449023
2024-04-25 14:17:20.904000+00:00,2024-04-25 14:15:30+00:00,2024-04-25 14:17:30+00:00,TABUENCA01-45,Sensoria-C1-EEA1,Right,Gait,1.0.5,40.3876772,-3.6291348,CB:AA:BC:3F:36:A5,SCKS,0.742188,0.222656,-0.878907,10.08,43.68,162.399994,0.355072,0.831616,-0.317696,447,685,683,1.1717065487266851
2024-04-25 14:17:20.912000+00:00,2024-04-25 14:15:30+00:00,2024-04-25 14:17:30+00:00,TABUENCA01-45,Sensoria-C1-E90A,Left,Gait,1.0.5,40.3876772,-3.6291348,F0:75:B1:51:59:F6,SCKS,0.15625,0.999999,-0.09375,8.96,-39.200001,-26.880001,0.439168,0.635392,-0.205568,660,537,332,1.0164650141549387
2024-04-25 14:17:20.920000+00:00,2024-04-25 14:15:30+00:00,2024-04-25 14:17:30+00:00,TABUENCA01-45,Sensoria-C1-EEA1,Right,Gait,1.0.5,40.3876772,-3.6291348,CB:AA:BC:3F:36:A5,SCKS,-0.925782,0.472657,-0.492188,2.24,174.720001,40.32,0.37376,0.831616,-0.317696,466,696,682,1.1500982473323746
2024-04-25 14:17:20.945000+00:00,2024-04-25 14:15:30+00:00,2024-04-25 14:17:30+00:00,TABUENCA01-45,Sensoria-C1-E90A,Left,Gait,1.0.5,40.3876772,-3.6291348,F0:75:B1:51:59:F6,SCKS,0.21875,0.9375,-0.15625,5.6,-32.48,-15.68,0.429824,0.635392,-0.196224,652,529,329,0.9752804083954522
2024-04-25 14:17:20.955000+00:00,2024-04-25 14:15:30+00:00,2024-04-25 14:17:30+00:00,TABUENCA01-45,Sensoria-C1-EEA1,Right,Gait,1.0.5,40.3876772,-3.6291348,CB:AA:BC:3F:36:A5,SCKS,-1.246095,0.234375,-0.109375,-41.439999,155.680008,-49.279999,0.383104,0.831616,-0.32704,475,701,681,1.2726536371986683
2024-04-25 14:17:20.970000+00:00,2024-04-25 14:15:30+00:00,2024-04-25 14:17:30+00:00,TABUENCA01-45,Sensoria-C1-EEA1,Right,Gait,1.0.5,40.3876772,-3.6291348,CB:AA:BC:3F:36:A5,SCKS,-0.746094,-0.078125,0.023438,-38.080002,77.279999,-77.279999,0.364416,0.831616,-0.32704,478,706,679,0.7505392143685765
2024-04-25 14:17:20.977000+00:00,2024-04-25 14:15:30+00:00,2024-04-25 14:17:30+00:00,TABUENCA01-45,Sensoria-C1-E90A,Left,Gait,1.0.5,40.3876772,-3.6291348,F0:75:B1:51:59:F6,SCKS,0.1875,0.968749,-0.1875,2.24,-23.52,-19.040001,0.439168,0.644736,-0.196224,644,521,337,1.0043839529786407
2024-04-25 14:17:20.986000+00:00,2024-04-25 14:15:30+00:00,2024-04-25 14:17:30+00:00,TABUENCA01-45,Sensoria-C1-EEA1,Right,Gait,1.0.5,40.3876772,-3.6291348,CB:AA:BC:3F:36:A5,SCKS,-0.484375,-0.003906,-0.058594,4.48,21.280001,-117.599998,0.345728,0.84096,-0.355072,480,708,678,0.4879217706733324
2024-04-25 14:17:21.002000+00:00,2024-04-25 14:15:30+00:00,2024-04-25 14:17:30+00:00,TABUENCA01-45,Sensoria-C1-EEA1,Right,Gait,1.0.5,40.3876772,-3.6291348,CB:AA:BC:3F:36:A5,SCKS,-0.496094,0.1875,-0.164063,21.280001,4.48,-164.639999,0.345728,0.84096,-0.355072,480,707,678,0.5551415808647376
2024-04-25 14:17:21.018000+00:00,2024-04-25 14:15:30+00:00,2024-04-25 14:17:30+00:00,TABUENCA01-45,Sensoria-C1-EEA1,Right,Gait,1.0.5,40.3876772,-3.6291348,CB:AA:BC:3F:36:A5,SCKS,-0.515625,0.363282,-0.167969,17.92,-13.440001,-207.199997,0.317696,0.84096,-0.336384,482,708,677,0.6527300645059947
2024-04-25 14:17:21.042000+00:00,2024-04-25 14:15:30+00:00,2024-04-25 14:17:30+00:00,TABUENCA01-45,Sensoria-C1-E90A,Left,Gait,1.0.5,40.3876772,-3.6291348,F0:75:B1:51:59:F6,SCKS,0.15625,0.968749,-0.09375,-3.36,-43.68,-13.440001,0.429824,0.65408,-0.177536,621,497,382,0.9857371607081676
2024-04-25 14:17:21.051000+00:00,2024-04-25 14:15:30+00:00,2024-04-25 14:17:30+00:00,TABUENCA01-45,Sensoria-C1-EEA1,Right,Gait,1.0.5,40.3876772,-3.6291348,CB:AA:BC:3F:36:A5,SCKS,-0.523438,0.46875,-0.121094,14.56,-35.84,-248.639999,0.270976,0.831616,-0.345728,480,705,677,0.7130060723303835
2024-04-25 14:17:21.058000+00:00,2024-04-25 14:15:30+00:00,2024-04-25 14:17:30+00:00,TABUENCA01-45,Sensoria-C1-E90A,Left,Gait,1.0.5,40.3876772,-3.6291348,F0:75:B1:51:59:F6,SCKS,0.15625,0.9375,-0.1875,6.72,-41.439999,-20.16,0.42048,0.663424,-0.18688,606,481,405,0.96875
2024-04-25 14:17:21.067000+00:00,2024-04-25 14:15:30+00:00,2024-04-25 14:17:30+00:00,TABUENCA01-45,Sensoria-C1-EEA1,Right,Gait,1.0.5,40.3876772,-3.6291348,CB:AA:BC:3F:36:A5,SCKS,-0.464844,0.632813,-0.125,26.880001,-62.720001,-282.23999,0.214912,0.831616,-0.345728,479,705,677,0.7950831637665333
2024-04-25 14:17:21.083000+00:00,2024-04-25 14:15:30+00:00,2024-04-25 14:17:30+00:00,TABUENCA01-45,Sensoria-C1-EEA1,Right,Gait,1.0.5,40.3876772,-3.6291348,CB:AA:BC:3F:36:A5,SCKS,-0.433594,0.871094,-0.144531,29.120001,-71.68,-309.119995,0.168192,0.812928,-0.345728,479,704,676,0.9837162820818816
2024-04-25 14:17:21.090000+00:00,2024-04-25 14:15:30+00:00,2024-04-25 14:17:30+00:00,TABUENCA01-45,Sensoria-C1-E90A,Left,Gait,1.0.5,40.3876772,-3.6291348,F0:75:B1:51:59:F6,SCKS,0.09375,0.9375,-0.1875,7.84,-38.080002,-25.76,0.42048,0.663424,-0.168192,588,461,432,0.9606516343087124
2024-04-25 14:17:21.099000+00:00,2024-04-25 14:15:30+00:00,2024-04-25 14:17:30+00:00,TABUENCA01-45,Sensoria-C1-EEA1,Right,Gait,1.0.5,40.3876772,-3.6291348,CB:AA:BC:3F:36:A5,SCKS,-0.394532,1.152345,-0.164063,24.639999,-75.040001,-336.0,0.102784,0.79424,-0.345728,478,702,676,1.2290122725253805
2024-04-25 14:17:21.122000+00:00,2024-04-25 14:15:30+00:00,2024-04-25 14:17:30+00:00,TABUENCA01-45,Sensoria-C1-E90A,Left,Gait,1.0.5,40.3876772,-3.6291348,F0:75:B1:51:59:F6,SCKS,0.125,0.968749,-0.21875,8.96,-39.200001,-31.360001,0.401792,0.672768,-0.158848,565,440,458,1.0009751183226285
2024-04-25 14:17:21.131000+00:00,2024-04-25 14:15:30+00:00,2024-04-25 14:17:30+00:00,TABUENCA01-45,Sensoria-C1-EEA1,Right,Gait,1.0.5,40.3876772,-3.6291348,CB:AA:BC:3F:36:A5,SCKS,-0.398438,1.503907,-0.164063,15.68,-63.84,-359.519989,0.102784,0.79424,-0.345728,479,699,676,1.5644186691745916
2024-04-25 14:17:21.148000+00:00,2024-04-25 14:15:30+00:00,2024-04-25 14:17:30+00:00,TABUENCA01-45,Sensoria-C1-EEA1,Right,Gait,1.0.5,40.3876772,-3.6291348,CB:AA:BC:3F:36:A5,SCKS,-0.382813,1.937501,-0.054688,3.36,-35.84,-376.320007,0.056064,0.74752,-0.345728,480,700,674,1.9757142241007426
2024-04-25 14:17:21.156000+00:00,2024-04-25 14:15:30+00:00,2024-04-25 14:17:30+00:00,TABUENCA01-45,Sensoria-C1-E90A,Left,Gait,1.0.5,40.3876772,-3.6291348,F0:75:B1:51:59:F6,SCKS,0.09375,0.968749,-0.1875,7.84,-39.200001,-39.200001,0.401792,0.682112,-0.149504,539,415,484,0.9911709930688044
2024-04-25 14:17:21.164000+00:00,2024-04-25 14:15:30+00:00,2024-04-25 14:17:30+00:00,TABUENCA01-45,Sensoria-C1-EEA1,Right,Gait,1.0.5,40.3876772,-3.6291348,CB:AA:BC:3F:36:A5,SCKS,-0.261719,1.996095,-0.125,13.440001,-28.0,-386.399994,-0.009344,0.710144,-0.355072,477,700,674,2.0170565396106275
2024-04-25 14:17:21.181000+00:00,2024-04-25 14:15:30+00:00,2024-04-25 14:17:30+00:00,TABUENCA01-45,Sensoria-C1-EEA1,Right,Gait,1.0.5,40.3876772,-3.6291348,CB:AA:BC:3F:36:A5,SCKS,0.171875,1.996095,-0.460938,35.84,-36.959999,-392.0,-0.056064,0.65408,-0.355072,478,700,674,2.055821029295595
2024-04-25 14:17:21.204000+00:00,2024-04-25 14:15:30+00:00,2024-04-25 14:17:30+00:00,TABUENCA01-45,Sensoria-C1-E90A,Left,Gait,1.0.5,40.3876772,-3.6291348,F0:75:B1:51:59:F6,SCKS,0.0625,0.999999,-0.21875,4.48,-39.200001,-45.920002,0.383104,0.691456,-0.158848,508,386,515,1.0255514675046786
2024-04-25 14:17:21.213000+00:00,2024-04-25 14:15:30+00:00,2024-04-25 14:17:30+00:00,TABUENCA01-45,Sensoria-C1-EEA1,Right,Gait,1.0.5,40.3876772,-3.6291348,CB:AA:BC:3F:36:A5,SCKS,1.679689,1.996095,-0.292969,20.16,13.440001,-367.360016,-0.09344,0.598016,-0.364416,478,701,675,2.6251821309591077
2024-04-25 14:17:21.229000+00:00,2024-04-25 14:15:30+00:00,2024-04-25 14:17:30+00:00,TABUENCA01-45,Sensoria-C1-EEA1,Right,Gait,1.0.5,40.3876772,-3.6291348,CB:AA:BC:3F:36:A5,SCKS,1.996095,1.968751,-0.15625,36.959999,60.48,-288.959991,-0.09344,0.598016,-0.364416,478,699,676,2.8079867897705646
2024-04-25 14:17:21.237000+00:00,2024-04-25 14:15:30+00:00,2024-04-25 14:17:30+00:00,TABUENCA01-45,Sensoria-C1-E90A,Left,Gait,1.0.5,40.3876772,-3.6291348,F0:75:B1:51:59:F6,SCKS,0.09375,1.031249,-0.1875,1.12,-39.200001,-61.599998,0.37376,0.7008,-0.14016,471,353,556,1.052340160072303
2024-04-25 14:17:21.246000+00:00,2024-04-25 14:15:30+00:00,2024-04-25 14:17:30+00:00,TABUENCA01-45,Sensoria-C1-EEA1,Right,Gait,1.0.5,40.3876772,-3.6291348,CB:AA:BC:3F:36:A5,SCKS,1.996095,1.566407,0.238281,50.400002,76.160004,-174.720001,-0.112128,0.551296,-0.345728,477,701,676,2.5484905284569925
2024-04-25 14:17:21.253000+00:00,2024-04-25 14:15:30+00:00,2024-04-25 14:17:30+00:00,TABUENCA01-45,Sensoria-C1-E90A,Left,Gait,1.0.5,40.3876772,-3.6291348,F0:75:B1:51:59:F6,SCKS,0.09375,1.124999,-0.125,0.0,-36.959999,-85.120003,0.364416,0.7008,-0.158848,437,325,607,1.1357978748443758
2024-04-25 14:17:21.262000+00:00,2024-04-25 14:15:30+00:00,2024-04-25 14:17:30+00:00,TABUENCA01-45,Sensoria-C1-EEA1,Right,Gait,1.0.5,40.3876772,-3.6291348,CB:AA:BC:3F:36:A5,SCKS,1.996095,1.69922,0.785157,30.24,87.360001,-45.920002,-0.112128,0.523264,-0.32704,477,700,680,2.736460372830931
2024-04-25 14:17:21.278000+00:00,2024-04-25 14:15:30+00:00,2024-04-25 14:17:30+00:00,TABUENCA01-45,Sensoria-C1-EEA1,Right,Gait,1.0.5,40.3876772,-3.6291348,CB:AA:BC:3F:36:A5,SCKS,0.191406,1.996095,0.898438,0.0,-7.84,108.639999,-0.112128,0.532608,-0.317696,475,704,683,2.197321630008907
2024-04-25 14:17:21.286000+00:00,2024-04-25 14:15:30+00:00,2024-04-25 14:17:30+00:00,TABUENCA01-45,Sensoria-C1-E90A,Left,Gait,1.0.5,40.3876772,-3.6291348,F0:75:B1:51:59:F6,SCKS,0.09375,1.187499,-0.0625,2.24,-31.360001,-104.160004,0.317696,0.738176,-0.130816,404,301,647,1.192832422220741
2024-04-25 14:17:21.311000+00:00,2024-04-25 14:15:30+00:00,2024-04-25 14:17:30+00:00,TABUENCA01-45,Sensoria-C1-EEA1,Right,Gait,1.0.5,40.3876772,-3.6291348,CB:AA:BC:3F:36:A5,SCKS,-2.000001,0.660157,1.13672,44.799999,-185.919998,86.239998,-0.112128,0.551296,-0.345728,480,700,668,2.3933122702752354
2024-04-25 14:17:21.318000+00:00,2024-04-25 14:15:30+00:00,2024-04-25 14:17:30+00:00,TABUENCA01-45,Sensoria-C1-E90A,Left,Gait,1.0.5,40.3876772,-3.6291348,F0:75:B1:51:59:F6,SCKS,0.25,1.531249,-0.125,7.84,-24.639999,-138.880005,0.299008,0.74752,-0.121472,370,293,674,1.5565501919311822
2024-04-25 14:17:21.343000+00:00,2024-04-25 14:15:30+00:00,2024-04-25 14:17:30+00:00,TABUENCA01-45,Sensoria-C1-EEA1,Right,Gait,1.0.5,40.3876772,-3.6291348,CB:AA:BC:3F:36:A5,SCKS,0.878907,1.23047,0.906251,68.32,-228.479996,229.600006,-0.102784,0.588672,-0.364416,486,705,634,1.762902382592411
2024-04-25 14:17:21.344000+00:00,2024-04-25 14:15:30+00:00,2024-04-25 14:17:30+00:00,TABUENCA01-45,Sensoria-C1-EEA1,Right,Gait,1.0.5,40.3876772,-3.6291348,CB:AA:BC:3F:36:A5,SCKS,0.804688,1.996095,0.210938,63.84,-94.080002,228.479996,-0.102784,0.588672,-0.364416,493,710,572,2.16250152975969
2024-04-25 14:17:21.360000+00:00,2024-04-25 14:15:30+00:00,2024-04-25 14:17:30+00:00,TABUENCA01-45,Sensoria-C1-EEA1,Right,Gait,1.0.5,40.3876772,-3.6291348,CB:AA:BC:3F:36:A5,SCKS,0.257813,1.437501,-0.390625,50.400002,32.48,200.479996,-0.074752,0.626048,-0.383104,498,714,492,1.511775300299287
2024-04-25 14:17:21.366000+00:00,2024-04-25 14:15:30+00:00,2024-04-25 14:17:30+00:00,TABUENCA01-45,Sensoria-C1-E90A,Left,Gait,1.0.5,40.3876772,-3.6291348,F0:75:B1:51:59:F6,SCKS,0.625,2.031249,0.03125,-2.24,-26.880001,-179.199997,0.242944,0.766208,-0.121472,380,330,678,2.1254585534658164
2024-04-25 14:17:21.383000+00:00,2024-04-25 14:15:30+00:00,2024-04-25 14:17:30+00:00,TABUENCA01-45,Sensoria-C1-E90A,Left,Gait,1.0.5,40.3876772,-3.6291348,F0:75:B1:51:59:F6,SCKS,0.968749,2.187499,-0.09375,-25.76,-48.16,-196.0,0.214912,0.784896,-0.121472,452,383,680,2.3942463454085083
2024-04-25 14:17:21.391000+00:00,2024-04-25 14:15:30+00:00,2024-04-25 14:17:30+00:00,TABUENCA01-45,Sensoria-C1-EEA1,Right,Gait,1.0.5,40.3876772,-3.6291348,CB:AA:BC:3F:36:A5,SCKS,0.273438,1.390626,-0.058594,16.799999,16.799999,179.199997,-0.065408,0.663424,-0.383104,499,714,430,1.4184647576009775
2024-04-25 14:17:21.399000+00:00,2024-04-25 14:15:30+00:00,2024-04-25 14:17:30+00:00,TABUENCA01-45,Sensoria-C1-E90A,Left,Gait,1.0.5,40.3876772,-3.6291348,F0:75:B1:51:59:F6,SCKS,0.65625,2.312499,-0.59375,-25.76,-86.239998,-235.199997,0.168192,0.79424,-0.130816,525,443,682,2.4760562897480742
2024-04-25 14:17:21.408000+00:00,2024-04-25 14:15:30+00:00,2024-04-25 14:17:30+00:00,TABUENCA01-45,Sensoria-C1-EEA1,Right,Gait,1.0.5,40.3876772,-3.6291348,CB:AA:BC:3F:36:A5,SCKS,-0.253906,0.753907,-0.269531,12.32,17.92,142.240005,-0.04672,0.682112,-0.37376,495,715,393,0.8399351054968472
2024-04-25 14:17:21.424000+00:00,2024-04-25 14:15:30+00:00,2024-04-25 14:17:30+00:00,TABUENCA01-45,Sensoria-C1-EEA1,Right,Gait,1.0.5,40.3876772,-3.6291348,CB:AA:BC:3F:36:A5,SCKS,0.085938,1.039063,0.023438,-5.6,3.36,125.440002,-0.037376,0.691456,-0.37376,485,719,370,1.0428742003027018
2024-04-25 14:17:21.431000+00:00,2024-04-25 14:15:30+00:00,2024-04-25 14:17:30+00:00,TABUENCA01-45,Sensoria-C1-E90A,Left,Gait,1.0.5,40.3876772,-3.6291348,F0:75:B1:51:59:F6,SCKS,0.78125,1.281249,-0.53125,4.48,28.0,-265.440002,0.112128,0.803584,-0.149504,597,502,686,1.5919098985184432
2024-04-25 14:17:21.440000+00:00,2024-04-25 14:15:30+00:00,2024-04-25 14:17:30+00:00,TABUENCA01-45,Sensoria-C1-EEA1,Right,Gait,1.0.5,40.3876772,-3.6291348,CB:AA:BC:3F:36:A5,SCKS,-0.085938,0.972657,-0.03125,-12.32,17.92,98.559998,-0.028032,0.710144,-0.37376,475,714,351,0.976946028188354
2024-04-25 14:17:21.464000+00:00,2024-04-25 14:15:30+00:00,2024-04-25 14:17:30+00:00,TABUENCA01-45,Sensoria-C1-E90A,Left,Gait,1.0.5,40.3876772,-3.6291348,F0:75:B1:51:59:F6,SCKS,0.5,0.59375,-0.375,21.280001,0.0,-159.039993,0.074752,0.803584,-0.130816,652,533,686,0.8620696390083576
2024-04-25 14:17:21.473000+00:00,2024-04-25 14:15:30+00:00,2024-04-25 14:17:30+00:00,TABUENCA01-45,Sensoria-C1-EEA1,Right,Gait,1.0.5,40.3876772,-3.6291348,CB:AA:BC:3F:36:A5,SCKS,-0.097656,0.980469,0.003906,-13.440001,16.799999,78.400002,-0.028032,0.710144,-0.37376,467,706,342,0.9853280728432536
2024-04-25 14:17:21.490000+00:00,2024-04-25 14:15:30+00:00,2024-04-25 14:17:30+00:00,TABUENCA01-45,Sensoria-C1-EEA1,Right,Gait,1.0.5,40.3876772,-3.6291348,CB:AA:BC:3F:36:A5,SCKS,-0.054688,1.000001,0.105469,-6.72,16.799999,61.599998,-0.009344,0.710144,-0.364416,460,694,338,1.007033508531866
2024-04-25 14:17:21.497000+00:00,2024-04-25 14:15:30+00:00,2024-04-25 14:17:30+00:00,TABUENCA01-45,Sensoria-C1-E90A,Left,Gait,1.0.5,40.3876772,-3.6291348,F0:75:B1:51:59:F6,SCKS,0.3125,0.53125,-0.25,5.6,-148.960007,-31.360001,0.028032,0.79424,-0.14016,680,540,686,0.6651186454310238
2024-04-25 14:17:21.506000+00:00,2024-04-25 14:15:30+00:00,2024-04-25 14:17:30+00:00,TABUENCA01-45,Sensoria-C1-EEA1,Right,Gait,1.0.5,40.3876772,-3.6291348,CB:AA:BC:3F:36:A5,SCKS,-0.144531,0.996094,0.027344,3.36,8.96,45.920002,-0.009344,0.719488,-0.345728,453,681,336,1.0068963010821919
2024-04-25 14:17:21.522000+00:00,2024-04-25 14:15:30+00:00,2024-04-25 14:17:30+00:00,TABUENCA01-45,Sensoria-C1-EEA1,Right,Gait,1.0.5,40.3876772,-3.6291348,CB:AA:BC:3F:36:A5,SCKS,-0.148438,0.972657,-0.03125,2.24,7.84,44.799999,0.0,0.728832,-0.355072,445,670,338,0.9844145681535803
2024-04-25 14:17:21.530000+00:00,2024-04-25 14:15:30+00:00,2024-04-25 14:17:30+00:00,TABUENCA01-45,Sensoria-C1-E90A,Left,Gait,1.0.5,40.3876772,-3.6291348,F0:75:B1:51:59:F6,SCKS,1.031249,0.09375,-0.09375,-4.48,-114.239998,108.639999,0.028032,0.803584,-0.130816,692,542,682,1.0397368056392926
2024-04-25 14:17:21.539000+00:00,2024-04-25 14:15:30+00:00,2024-04-25 14:17:30+00:00,TABUENCA01-45,Sensoria-C1-EEA1,Right,Gait,1.0.5,40.3876772,-3.6291348,CB:AA:BC:3F:36:A5,SCKS,-0.167969,0.964844,-0.027344,2.24,2.24,44.799999,0.009344,0.728832,-0.355072,437,659,343,0.9797373237929645
2024-04-25 14:17:21.562000+00:00,2024-04-25 14:15:30+00:00,2024-04-25 14:17:30+00:00,TABUENCA01-45,Sensoria-C1-E90A,Left,Gait,1.0.5,40.3876772,-3.6291348,F0:75:B1:51:59:F6,SCKS,0.46875,0.0625,0.03125,-12.32,-21.280001,151.199997,0.04672,0.79424,-0.14016,696,543,682,0.4739297152532219
2024-04-25 14:17:21.571000+00:00,2024-04-25 14:15:30+00:00,2024-04-25 14:17:30+00:00,TABUENCA01-45,Sensoria-C1-EEA1,Right,Gait,1.0.5,40.3876772,-3.6291348,CB:AA:BC:3F:36:A5,SCKS,-0.078125,0.976563,-0.179688,2.24,6.72,48.16,0.009344,0.728832,-0.355072,428,649,352,0.9960253942234605
2024-04-25 14:17:21.587000+00:00,2024-04-25 14:15:30+00:00,2024-04-25 14:17:30+00:00,TABUENCA01-45,Sensoria-C1-EEA1,Right,Gait,1.0.5,40.3876772,-3.6291348,CB:AA:BC:3F:36:A5,SCKS,-0.027344,0.953126,-0.054688,-11.2,21.280001,45.920002,0.009344,0.738176,-0.355072,418,638,360,0.9550851498981648
2024-04-25 14:17:21.595000+00:00,2024-04-25 14:15:30+00:00,2024-04-25 14:17:30+00:00,TABUENCA01-45,Sensoria-C1-E90A,Left,Gait,1.0.5,40.3876772,-3.6291348,F0:75:B1:51:59:F6,SCKS,0.1875,0.21875,-0.09375,3.36,7.84,215.040009,0.084096,0.803584,-0.14016,697,540,681,0.3029799910885206
2024-04-25 14:17:21.603000+00:00,2024-04-25 14:15:30+00:00,2024-04-25 14:17:30+00:00,TABUENCA01-45,Sensoria-C1-EEA1,Right,Gait,1.0.5,40.3876772,-3.6291348,CB:AA:BC:3F:36:A5,SCKS,-0.070313,0.972657,0.015625,-8.96,28.0,36.959999,0.018688,0.738176,-0.345728,406,627,371,0.9753203054602113
2024-04-25 14:17:21.620000+00:00,2024-04-25 14:15:30+00:00,2024-04-25 14:17:30+00:00,TABUENCA01-45,Sensoria-C1-EEA1,Right,Gait,1.0.5,40.3876772,-3.6291348,CB:AA:BC:3F:36:A5,SCKS,-0.082031,0.992188,-0.027344,-8.96,23.52,36.959999,0.018688,0.738176,-0.364416,396,616,380,0.995948696791657
2024-04-25 14:17:21.627000+00:00,2024-04-25 14:15:30+00:00,2024-04-25 14:17:30+00:00,TABUENCA01-45,Sensoria-C1-E90A,Left,Gait,1.0.5,40.3876772,-3.6291348,F0:75:B1:51:59:F6,SCKS,0.40625,0.59375,-0.15625,-1.12,12.32,276.640015,0.121472,0.79424,-0.14016,697,538,679,0.7362011868368592
2024-04-25 14:17:21.652000+00:00,2024-04-25 14:15:30+00:00,2024-04-25 14:17:30+00:00,TABUENCA01-45,Sensoria-C1-EEA1,Right,Gait,1.0.5,40.3876772,-3.6291348,CB:AA:BC:3F:36:A5,SCKS,-0.074219,0.968751,-0.066406,-11.2,17.92,36.959999,0.028032,0.738176,-0.345728,387,605,390,0.9738566202465331
2024-04-25 14:17:21.660000+00:00,2024-04-25 14:15:30+00:00,2024-04-25 14:17:30+00:00,TABUENCA01-45,Sensoria-C1-E90A,Left,Gait,1.0.5,40.3876772,-3.6291348,F0:75:B1:51:59:F6,SCKS,0.1875,1.062499,-0.09375,-1.12,36.959999,338.23999,0.2336,0.766208,-0.149504,697,537,677,1.0829817346109767
2024-04-25 14:17:21.669000+00:00,2024-04-25 14:15:30+00:00,2024-04-25 14:17:30+00:00,TABUENCA01-45,Sensoria-C1-EEA1,Right,Gait,1.0.5,40.3876772,-3.6291348,CB:AA:BC:3F:36:A5,SCKS,-0.042969,0.968751,-0.027344,-10.08,12.32,36.959999,0.028032,0.738176,-0.345728,375,591,402,0.9700889285513983
2024-04-25 14:17:21.685000+00:00,2024-04-25 14:15:30+00:00,2024-04-25 14:17:30+00:00,TABUENCA01-45,Sensoria-C1-EEA1,Right,Gait,1.0.5,40.3876772,-3.6291348,CB:AA:BC:3F:36:A5,SCKS,-0.019531,0.980469,-0.011719,-7.84,10.08,38.080002,0.028032,0.74752,-0.345728,363,578,412,0.9807335289888891
2024-04-25 14:17:21.692000+00:00,2024-04-25 14:15:30+00:00,2024-04-25 14:17:30+00:00,TABUENCA01-45,Sensoria-C1-E90A,Left,Gait,1.0.5,40.3876772,-3.6291348,F0:75:B1:51:59:F6,SCKS,0.3125,1.562499,-0.09375,-2.24,28.0,364.0,0.289664,0.738176,-0.14016,696,537,678,1.5961981197523698
2024-04-25 14:17:21.701000+00:00,2024-04-25 14:15:30+00:00,2024-04-25 14:17:30+00:00,TABUENCA01-45,Sensoria-C1-EEA1,Right,Gait,1.0.5,40.3876772,-3.6291348,CB:AA:BC:3F:36:A5,SCKS,-0.042969,1.015626,-0.035156,-3.36,8.96,36.959999,0.037376,0.74752,-0.336384,348,563,425,1.01714229642317
2024-04-25 14:17:21.725000+00:00,2024-04-25 14:15:30+00:00,2024-04-25 14:17:30+00:00,TABUENCA01-45,Sensoria-C1-E90A,Left,Gait,1.0.5,40.3876772,-3.6291348,F0:75:B1:51:59:F6,SCKS,0.34375,2.124999,0.0,-5.6,54.880001,386.399994,0.401792,0.65408,-0.149504,695,536,676,2.1526227752444225
2024-04-25 14:17:21.733000+00:00,2024-04-25 14:15:30+00:00,2024-04-25 14:17:30+00:00,TABUENCA01-45,Sensoria-C1-EEA1,Right,Gait,1.0.5,40.3876772,-3.6291348,CB:AA:BC:3F:36:A5,SCKS,-0.050781,1.007813,-0.019531,-2.24,8.96,40.32,0.037376,0.756864,-0.345728,333,546,439,1.0092805422136106
2024-04-25 14:17:21.741000+00:00,2024-04-25 14:15:30+00:00,2024-04-25 14:17:30+00:00,TABUENCA01-45,Sensoria-C1-E90A,Left,Gait,1.0.5,40.3876772,-3.6291348,F0:75:B1:51:59:F6,SCKS,-0.0625,2.781249,0.0,-2.24,116.480003,406.559998,0.457856,0.598016,-0.168192,694,537,677,2.7819511588094064
2024-04-25 14:17:21.749000+00:00,2024-04-25 14:15:30+00:00,2024-04-25 14:17:30+00:00,TABUENCA01-45,Sensoria-C1-EEA1,Right,Gait,1.0.5,40.3876772,-3.6291348,CB:AA:BC:3F:36:A5,SCKS,-0.0625,0.988282,0.007813,0.0,4.48,49.279999,0.04672,0.756864,-0.345728,316,527,456,0.9902871323474823
2024-04-25 14:17:21.766000+00:00,2024-04-25 14:15:30+00:00,2024-04-25 14:17:30+00:00,TABUENCA01-45,Sensoria-C1-EEA1,Right,Gait,1.0.5,40.3876772,-3.6291348,CB:AA:BC:3F:36:A5,SCKS,-0.027344,1.039063,-0.027344,1.12,-1.12,59.360001,0.04672,0.756864,-0.345728,294,507,479,1.0397823361843574
2024-04-25 14:17:21.786000+00:00,2024-04-25 14:15:30+00:00,2024-04-25 14:17:30+00:00,TABUENCA01-45,Sensoria-C1-E90A,Left,Gait,1.0.5,40.3876772,-3.6291348,F0:75:B1:51:59:F6,SCKS,-0.875,2.999998,-0.28125,-32.48,101.919998,370.720001,0.495232,0.541952,-0.18688,694,535,676,3.137628812097441
2024-04-25 14:17:21.789000+00:00,2024-04-25 14:15:30+00:00,2024-04-25 14:17:30+00:00,TABUENCA01-45,Sensoria-C1-EEA1,Right,Gait,1.0.5,40.3876772,-3.6291348,CB:AA:BC:3F:36:A5,SCKS,-0.0625,1.078126,-0.007813,7.84,-4.48,69.440002,0.056064,0.766208,-0.345728,277,484,507,1.079964334987503
2024-04-25 14:17:21.798000+00:00,2024-04-25 14:15:30+00:00,2024-04-25 14:17:30+00:00,TABUENCA01-45,Sensoria-C1-EEA1,Right,Gait,1.0.5,40.3876772,-3.6291348,CB:AA:BC:3F:36:A5,SCKS,-0.097656,1.16797,0.011719,3.36,-6.72,85.120003,0.065408,0.775552,-0.336384,256,461,552,1.172104069695605
2024-04-25 14:17:21.805000+00:00,2024-04-25 14:15:30+00:00,2024-04-25 14:17:30+00:00,TABUENCA01-45,Sensoria-C1-E90A,Left,Gait,1.0.5,40.3876772,-3.6291348,F0:75:B1:51:59:F6,SCKS,-2.593749,1.781249,-1.062499,17.92,101.919998,243.040009,0.523264,0.485888,-0.214912,695,536,679,3.32103688627558
2024-04-25 14:17:21.830000+00:00,2024-04-25 14:15:30+00:00,2024-04-25 14:17:30+00:00,TABUENCA01-45,Sensoria-C1-EEA1,Right,Gait,1.0.5,40.3876772,-3.6291348,CB:AA:BC:3F:36:A5,SCKS,-0.082031,1.19922,0.105469,-3.36,-11.2,104.160004,0.084096,0.775552,-0.345728,238,438,597,1.2066405443718522
2024-04-25 14:17:21.838000+00:00,2024-04-25 14:15:30+00:00,2024-04-25 14:17:30+00:00,TABUENCA01-45,Sensoria-C1-E90A,Left,Gait,1.0.5,40.3876772,-3.6291348,F0:75:B1:51:59:F6,SCKS,-3.218748,1.499999,-0.46875,3.36,-100.800003,28.0,0.523264,0.457856,-0.205568,691,534,685,3.5819076272295187
2024-04-25 14:17:21.846000+00:00,2024-04-25 14:15:30+00:00,2024-04-25 14:17:30+00:00,TABUENCA01-45,Sensoria-C1-EEA1,Right,Gait,1.0.5,40.3876772,-3.6291348,CB:AA:BC:3F:36:A5,SCKS,-0.082031,1.242188,0.117188,-13.440001,-19.040001,115.360001,0.102784,0.784896,-0.345728,225,420,633,1.2503971927547664
2024-04-25 14:17:21.862000+00:00,2024-04-25 14:15:30+00:00,2024-04-25 14:17:30+00:00,TABUENCA01-45,Sensoria-C1-EEA1,Right,Gait,1.0.5,40.3876772,-3.6291348,CB:AA:BC:3F:36:A5,SCKS,-0.074219,1.371095,-0.101563,-20.16,-25.76,128.800003,0.112128,0.79424,-0.345728,214,406,658,1.376853297179841
2024-04-25 14:17:21.871000+00:00,2024-04-25 14:15:30+00:00,2024-04-25 14:17:30+00:00,TABUENCA01-45,Sensoria-C1-E90A,Left,Gait,1.0.5,40.3876772,-3.6291348,F0:75:B1:51:59:F6,SCKS,1.562499,0.968749,0.375,-6.72,-3.36,-143.360001,0.51392,0.485888,-0.18688,691,535,678,1.8763002824713322
2024-04-25 14:17:21.879000+00:00,2024-04-25 14:15:30+00:00,2024-04-25 14:17:30+00:00,TABUENCA01-45,Sensoria-C1-EEA1,Right,Gait,1.0.5,40.3876772,-3.6291348,CB:AA:BC:3F:36:A5,SCKS,-0.136719,1.476564,-0.105469,-25.76,-17.92,141.119995,0.112128,0.79424,-0.345728,205,395,676,1.4866260595785346
2024-04-25 14:17:21.902000+00:00,2024-04-25 14:15:30+00:00,2024-04-25 14:17:30+00:00,TABUENCA01-45,Sensoria-C1-E90A,Left,Gait,1.0.5,40.3876772,-3.6291348,F0:75:B1:51:59:F6,SCKS,-0.15625,1.156249,0.21875,38.080002,92.959999,-194.880005,0.51392,0.523264,-0.205568,696,535,646,1.1870877705548988
2024-04-25 14:17:21.911000+00:00,2024-04-25 14:15:30+00:00,2024-04-25 14:17:30+00:00,TABUENCA01-45,Sensoria-C1-EEA1,Right,Gait,1.0.5,40.3876772,-3.6291348,CB:AA:BC:3F:36:A5,SCKS,-0.226563,1.656251,-0.023438,-29.120001,2.24,166.880005,0.149504,0.803584,-0.364416,205,400,685,1.6718395580359975
2024-04-25 14:17:21.927000+00:00,2024-04-25 14:15:30+00:00,2024-04-25 14:17:30+00:00,TABUENCA01-45,Sensoria-C1-EEA1,Right,Gait,1.0.5,40.3876772,-3.6291348,CB:AA:BC:3F:36:A5,SCKS,-0.675782,1.996095,0.203125,-40.32,20.16,189.279999,0.168192,0.812928,-0.37376,212,414,687,2.117152882097559
2024-04-25 14:17:21.934000+00:00,2024-04-25 14:15:30+00:00,2024-04-25 14:17:30+00:00,TABUENCA01-45,Sensoria-C1-E90A,Left,Gait,1.0.5,40.3876772,-3.6291348,F0:75:B1:51:59:F6,SCKS,-0.09375,1.531249,-0.15625,54.880001,22.4,-183.680008,0.485888,0.551296,-0.205568,694,541,549,1.5420527309404826
2024-04-25 14:17:21.959000+00:00,2024-04-25 14:15:30+00:00,2024-04-25 14:17:30+00:00,TABUENCA01-45,Sensoria-C1-EEA1,Right,Gait,1.0.5,40.3876772,-3.6291348,CB:AA:BC:3F:36:A5,SCKS,-0.914063,1.996095,0.191406,-53.760002,47.040001,217.279999,0.214912,0.822272,-0.37376,228,433,690,2.2037564915003656
2024-04-25 14:17:21.960000+00:00,2024-04-25 14:15:30+00:00,2024-04-25 14:17:30+00:00,TABUENCA01-45,Sensoria-C1-EEA1,Right,Gait,1.0.5,40.3876772,-3.6291348,CB:AA:BC:3F:36:A5,SCKS,-0.136719,1.996095,-0.316406,-48.16,29.120001,253.119995,0.252288,0.822272,-0.37376,260,465,692,2.0256357251050843
2024-04-25 14:17:21.967000+00:00,2024-04-25 14:15:30+00:00,2024-04-25 14:17:30+00:00,TABUENCA01-45,Sensoria-C1-E90A,Left,Gait,1.0.5,40.3876772,-3.6291348,F0:75:B1:51:59:F6,SCKS,-0.65625,1.562499,-0.15625,72.800003,22.4,-173.600006,0.476544,0.588672,-0.205568,693,545,443,1.701905182435555
2024-04-25 14:17:21.992000+00:00,2024-04-25 14:15:30+00:00,2024-04-25 14:17:30+00:00,TABUENCA01-45,Sensoria-C1-EEA1,Right,Gait,1.0.5,40.3876772,-3.6291348,CB:AA:BC:3F:36:A5,SCKS,-0.976563,1.996095,-0.59375,-31.360001,7.84,273.279999,0.252288,0.822272,-0.37376,304,522,689,2.300132518898422
2024-04-25 14:17:22+00:00,2024-04-25 14:15:30+00:00,2024-04-25 14:17:30+00:00,TABUENCA01-45,Sensoria-C1-E90A,Left,Gait,1.0.5,40.3876772,-3.6291348,F0:75:B1:51:59:F6,SCKS,0.03125,0.999999,-0.125,34.720001,-51.52,-85.120003,0.439168,0.626048,-0.18688,676,552,368,1.008265621005199
2024-04-25 14:17:22.009000+00:00,2024-04-25 14:15:30+00:00,2024-04-25 14:17:30+00:00,TABUENCA01-45,Sensoria-C1-EEA1,Right,Gait,1.0.5,40.3876772,-3.6291348,CB:AA:BC:3F:36:A5,SCKS,-0.34375,1.691407,-0.511719,3.36,-67.199997,295.679993,0.308352,0.831616,-0.383104,361,588,688,1.8002438826753446
2024-04-25 14:17:22.026000+00:00,2024-04-25 14:15:30+00:00,2024-04-25 14:17:30+00:00,TABUENCA01-45,Sensoria-C1-EEA1,Right,Gait,1.0.5,40.3876772,-3.6291348,CB:AA:BC:3F:36:A5,SCKS,-0.171875,0.582032,-0.566407,30.24,-32.48,245.279999,0.355072,0.822272,-0.383104,418,640,685,0.8301320101634438
2024-04-25 14:17:22.034000+00:00,2024-04-25 14:15:30+00:00,2024-04-25 14:17:30+00:00,TABUENCA01-45,Sensoria-C1-E90A,Left,Gait,1.0.5,40.3876772,-3.6291348,F0:75:B1:51:59:F6,SCKS,0.125,1.031249,-0.1875,24.639999,-36.959999,-49.279999,0.429824,0.626048,-0.18688,665,547,349,1.0555831326811735
2024-04-25 14:17:22.042000+00:00,2024-04-25 14:15:30+00:00,2024-04-25 14:17:30+00:00,TABUENCA01-45,Sensoria-C1-EEA1,Right,Gait,1.0.5,40.3876772,-3.6291348,CB:AA:BC:3F:36:A5,SCKS,0.492188,0.160156,-0.777344,22.4,42.560001,164.639999,0.392448,0.822272,-0.37376,453,671,685,0.9338964964148865
2024-04-25 14:17:22.058000+00:00,2024-04-25 14:15:30+00:00,2024-04-25 14:17:30+00:00,TABUENCA01-45,Sensoria-C1-EEA1,Right,Gait,1.0.5,40.3876772,-3.6291348,CB:AA:BC:3F:36:A5,SCKS,-0.769532,0.484375,-0.519532,0.0,181.440002,62.720001,0.401792,0.812928,-0.364416,469,686,683,1.0472402487839167
2024-04-25 14:17:22.065000+00:00,2024-04-25 14:15:30+00:00,2024-04-25 14:17:30+00:00,TABUENCA01-45,Sensoria-C1-E90A,Left,Gait,1.0.5,40.3876772,-3.6291348,F0:75:B1:51:59:F6,SCKS,0.1875,0.968749,-0.09375,6.72,-29.120001,-24.639999,0.42048,0.644736,-0.168192,651,539,334,0.9911709930688044
2024-04-25 14:17:22.082000+00:00,2024-04-25 14:15:30+00:00,2024-04-25 14:17:30+00:00,TABUENCA01-45,Sensoria-C1-E90A,Left,Gait,1.0.5,40.3876772,-3.6291348,F0:75:B1:51:59:F6,SCKS,0.21875,0.968749,-0.125,1.12,-29.120001,-15.68,0.42048,0.644736,-0.177536,640,531,333,1.0009751183226285
2024-04-25 14:17:22.090000+00:00,2024-04-25 14:15:30+00:00,2024-04-25 14:17:30+00:00,TABUENCA01-45,Sensoria-C1-EEA1,Right,Gait,1.0.5,40.3876772,-3.6291348,CB:AA:BC:3F:36:A5,SCKS,-1.179688,0.21875,-0.183594,-34.720001,150.080002,-24.639999,0.401792,0.812928,-0.364416,477,695,680,1.2137636082367935
2024-04-25 14:17:22.106000+00:00,2024-04-25 14:15:30+00:00,2024-04-25 14:17:30+00:00,TABUENCA01-45,Sensoria-C1-EEA1,Right,Gait,1.0.5,40.3876772,-3.6291348,CB:AA:BC:3F:36:A5,SCKS,-0.671875,-0.054688,-0.019531,-10.08,69.440002,-56.0,0.383104,0.812928,-0.392448,480,700,681,0.6743799025252755
2024-04-25 14:17:22.114000+00:00,2024-04-25 14:15:30+00:00,2024-04-25 14:17:30+00:00,TABUENCA01-45,Sensoria-C1-E90A,Left,Gait,1.0.5,40.3876772,-3.6291348,F0:75:B1:51:59:F6,SCKS,0.1875,0.968749,-0.15625,-1.12,-21.280001,-19.040001,0.411136,0.644736,-0.168192,628,521,347,0.9990219904992081
2024-04-25 14:17:22.123000+00:00,2024-04-25 14:15:30+00:00,2024-04-25 14:17:30+00:00,TABUENCA01-45,Sensoria-C1-EEA1,Right,Gait,1.0.5,40.3876772,-3.6291348,CB:AA:BC:3F:36:A5,SCKS,-0.425782,-0.042969,-0.027344,29.120001,21.280001,-95.199997,0.37376,0.822272,-0.383104,483,702,679,0.4288173746724822
2024-04-25 14:17:22.139000+00:00,2024-04-25 14:15:30+00:00,2024-04-25 14:17:30+00:00,TABUENCA01-45,Sensoria-C1-EEA1,Right,Gait,1.0.5,40.3876772,-3.6291348,CB:AA:BC:3F:36:A5,SCKS,-0.472657,0.105469,-0.101563,47.040001,0.0,-141.119995,0.345728,0.822272,-0.37376,484,704,678,0.49481652415718697
2024-04-25 14:17:22.147000+00:00,2024-04-25 14:15:30+00:00,2024-04-25 14:17:30+00:00,TABUENCA01-45,Sensoria-C1-E90A,Left,Gait,1.0.5,40.3876772,-3.6291348,F0:75:B1:51:59:F6,SCKS,0.1875,0.9375,-0.1875,-6.72,-25.76,-20.16,0.411136,0.65408,-0.158848,605,508,387,0.9742785792574935
2024-04-25 14:17:22.172000+00:00,2024-04-25 14:15:30+00:00,2024-04-25 14:17:30+00:00,TABUENCA01-45,Sensoria-C1-EEA1,Right,Gait,1.0.5,40.3876772,-3.6291348,CB:AA:BC:3F:36:A5,SCKS,-0.519532,0.269531,-0.070313,44.799999,-22.4,-184.800003,0.317696,0.822272,-0.37376,481,701,677,0.5894950185998182
2024-04-25 14:17:22.179000+00:00,2024-04-25 14:15:30+00:00,2024-04-25 14:17:30+00:00,TABUENCA01-45,Sensoria-C1-E90A,Left,Gait,1.0.5,40.3876772,-3.6291348,F0:75:B1:51:59:F6,SCKS,0.15625,0.9375,-0.125,-4.48,-26.880001,-20.16,0.411136,0.65408,-0.168192,590,496,415,0.9586163531361229
2024-04-25 14:17:22.188000+00:00,2024-04-25 14:15:30+00:00,2024-04-25 14:17:30+00:00,TABUENCA01-45,Sensoria-C1-EEA1,Right,Gait,1.0.5,40.3876772,-3.6291348,CB:AA:BC:3F:36:A5,SCKS,-0.46875,0.351563,-0.035156,45.920002,-49.279999,-227.360001,0.317696,0.822272,-0.37376,482,701,676,0.5869915244745872
2024-04-25 14:17:22.204000+00:00,2024-04-25 14:15:30+00:00,2024-04-25 14:17:30+00:00,TABUENCA01-45,Sensoria-C1-EEA1,Right,Gait,1.0.5,40.3876772,-3.6291348,CB:AA:BC:3F:36:A5,SCKS,-0.425782,0.515625,-0.054688,52.639999,-68.32,-265.440002,0.270976,0.822272,-0.37376,481,701,678,0.6709323583588735
2024-04-25 14:17:22.212000+00:00,2024-04-25 14:15:30+00:00,2024-04-25 14:17:30+00:00,TABUENCA01-45,Sensoria-C1-E90A,Left,Gait,1.0.5,40.3876772,-3.6291348,F0:75:B1:51:59:F6,SCKS,0.125,0.9375,-0.15625,-1.12,-28.0,-28.0,0.392448,0.663424,-0.149504,570,482,443,0.9586163531361229
2024-04-25 14:17:22.221000+00:00,2024-04-25 14:15:30+00:00,2024-04-25 14:17:30+00:00,TABUENCA01-45,Sensoria-C1-EEA1,Right,Gait,1.0.5,40.3876772,-3.6291348,CB:AA:BC:3F:36:A5,SCKS,-0.421875,0.878907,-0.082031,49.279999,-73.919998,-311.360016,0.224256,0.822272,-0.364416,480,699,676,0.9783583777098247
2024-04-25 14:17:22.245000+00:00,2024-04-25 14:15:30+00:00,2024-04-25 14:17:30+00:00,TABUENCA01-45,Sensoria-C1-E90A,Left,Gait,1.0.5,40.3876772,-3.6291348,F0:75:B1:51:59:F6,SCKS,0.09375,0.9375,-0.125,1.12,-33.599998,-34.720001,0.383104,0.672768,-0.14016,547,463,472,0.9504316453590969
2024-04-25 14:17:22.253000+00:00,2024-04-25 14:15:30+00:00,2024-04-25 14:17:30+00:00,TABUENCA01-45,Sensoria-C1-EEA1,Right,Gait,1.0.5,40.3876772,-3.6291348,CB:AA:BC:3F:36:A5,SCKS,-0.386719,1.160157,-0.046875,40.32,-67.199997,-339.360016,0.158848,0.812928,-0.355072,482,699,675,1.223810898478601
2024-04-25 14:17:22.277000+00:00,2024-04-25 14:15:30+00:00,2024-04-25 14:17:30+00:00,TABUENCA01-45,Sensoria-C1-E90A,Left,Gait,1.0.5,40.3876772,-3.6291348,F0:75:B1:51:59:F6,SCKS,0.0625,0.968749,-0.125,7.84,-41.439999,-39.200001,0.37376,0.682112,-0.149504,526,440,500,0.9787777454565464
2024-04-25 14:17:22.285000+00:00,2024-04-25 14:15:30+00:00,2024-04-25 14:17:30+00:00,TABUENCA01-45,Sensoria-C1-EEA1,Right,Gait,1.0.5,40.3876772,-3.6291348,CB:AA:BC:3F:36:A5,SCKS,-0.363282,1.515626,0.007813,26.880001,-43.68,-360.640015,0.112128,0.775552,-0.355072,480,698,675,1.5585753194404817
2024-04-25 14:17:22.287000+00:00,2024-04-25 14:15:30+00:00,2024-04-25 14:17:30+00:00,TABUENCA01-45,Sensoria-C1-EEA1,Right,Gait,1.0.5,40.3876772,-3.6291348,CB:AA:BC:3F:36:A5,SCKS,-0.375,1.937501,0.082031,11.2,0.0,-369.600006,0.04672,0.74752,-0.355072,481,699,676,1.9751618186776494
2024-04-25 14:17:22.302000+00:00,2024-04-25 14:15:30+00:00,2024-04-25 14:17:30+00:00,TABUENCA01-45,Sensoria-C1-EEA1,Right,Gait,1.0.5,40.3876772,-3.6291348,CB:AA:BC:3F:36:A5,SCKS,-0.246094,1.996095,0.144531,33.599998,-14.56,-377.440002,0.0,0.7008,-0.345728,479,698,673,2.016394484177637
2024-04-25 14:17:22.310000+00:00,2024-04-25 14:15:30+00:00,2024-04-25 14:17:30+00:00,TABUENCA01-45,Sensoria-C1-E90A,Left,Gait,1.0.5,40.3876772,-3.6291348,F0:75:B1:51:59:F6,SCKS,0.03125,0.968749,-0.15625,16.799999,-50.400002,-40.32,0.364416,0.682112,-0.14016,502,415,529,0.9817663927844545
2024-04-25 14:17:22.318000+00:00,2024-04-25 14:15:30+00:00,2024-04-25 14:17:30+00:00,TABUENCA01-45,Sensoria-C1-EEA1,Right,Gait,1.0.5,40.3876772,-3.6291348,CB:AA:BC:3F:36:A5,SCKS,0.136719,1.996095,0.042969,39.200001,-22.4,-394.23999,0.0,0.7008,-0.345728,481,697,674,2.001233037141602
2024-04-25 14:17:22.342000+00:00,2024-04-25 14:15:30+00:00,2024-04-25 14:17:30+00:00,TABUENCA01-45,Sensoria-C1-E90A,Left,Gait,1.0.5,40.3876772,-3.6291348,F0:75:B1:51:59:F6,SCKS,0.03125,0.999999,-0.1875,13.440001,-53.760002,-40.32,0.364416,0.691456,-0.130816,475,389,556,1.017905109772517
2024-04-25 14:17:22.351000+00:00,2024-04-25 14:15:30+00:00,2024-04-25 14:17:30+00:00,TABUENCA01-45,Sensoria-C1-EEA1,Right,Gait,1.0.5,40.3876772,-3.6291348,CB:AA:BC:3F:36:A5,SCKS,1.289063,1.996095,0.070313,31.360001,-4.48,-378.559998,-0.04672,0.644736,-0.336384,479,696,674,2.377187957432689
2024-04-25 14:17:22.367000+00:00,2024-04-25 14:15:30+00:00,2024-04-25 14:17:30+00:00,TABUENCA01-45,Sensoria-C1-EEA1,Right,Gait,1.0.5,40.3876772,-3.6291348,CB:AA:BC:3F:36:A5,SCKS,1.933595,1.996095,-0.210938,20.16,42.560001,-306.880005,-0.084096,0.588672,-0.345728,478,698,675,2.787055742695865
2024-04-25 14:17:22.383000+00:00,2024-04-25 14:15:30+00:00,2024-04-25 14:17:30+00:00,TABUENCA01-45,Sensoria-C1-EEA1,Right,Gait,1.0.5,40.3876772,-3.6291348,CB:AA:BC:3F:36:A5,SCKS,1.996095,1.402345,0.167969,67.199997,24.639999,-176.960007,-0.09344,0.551296,-0.345728,479,698,676,2.445236253005218
2024-04-25 14:17:22.400000+00:00,2024-04-25 14:15:30+00:00,2024-04-25 14:17:30+00:00,TABUENCA01-45,Sensoria-C1-EEA1,Right,Gait,1.0.5,40.3876772,-3.6291348,CB:AA:BC:3F:36:A5,SCKS,1.996095,1.675782,0.847657,21.280001,94.080002,-42.560001,-0.102784,0.541952,-0.317696,477,699,678,2.7406500962724154
2024-04-25 14:17:22.407000+00:00,2024-04-25 14:15:30+00:00,2024-04-25 14:17:30+00:00,TABUENCA01-45,Sensoria-C1-E90A,Left,Gait,1.0.5,40.3876772,-3.6291348,F0:75:B1:51:59:F6,SCKS,0.09375,1.031249,-0.15625,3.36,-42.560001,-54.880001,0.336384,0.7008,-0.121472,448,364,586,1.047223770261638
2024-04-25 14:17:22.408000+00:00,2024-04-25 14:15:30+00:00,2024-04-25 14:17:30+00:00,TABUENCA01-45,Sensoria-C1-E90A,Left,Gait,1.0.5,40.3876772,-3.6291348,F0:75:B1:51:59:F6,SCKS,0.125,1.124999,-0.03125,0.0,-31.360001,-76.160004,0.32704,0.710144,-0.112128,420,336,623,1.1323534397444113
2024-04-25 14:17:22.423000+00:00,2024-04-25 14:15:30+00:00,2024-04-25 14:17:30+00:00,TABUENCA01-45,Sensoria-C1-E90A,Left,Gait,1.0.5,40.3876772,-3.6291348,F0:75:B1:51:59:F6,SCKS,0.0625,1.187499,-0.03125,8.96,-12.32,-97.440002,0.308352,0.728832,-0.102784,392,314,650,1.1895531461439628
2024-04-25 14:17:22.432000+00:00,2024-04-25 14:15:30+00:00,2024-04-25 14:17:30+00:00,TABUENCA01-45,Sensoria-C1-EEA1,Right,Gait,1.0.5,40.3876772,-3.6291348,CB:AA:BC:3F:36:A5,SCKS,0.023438,1.996095,0.757813,-11.2,5.6,108.639999,-0.102784,0.541952,-0.317696,476,701,682,2.1352342100664274
2024-04-25 14:17:22.448000+00:00,2024-04-25 14:15:30+00:00,2024-04-25 14:17:30+00:00,TABUENCA01-45,Sensoria-C1-EEA1,Right,Gait,1.0.5,40.3876772,-3.6291348,CB:AA:BC:3F:36:A5,SCKS,-2.000001,1.589845,-0.765626,38.080002,-140.0,113.120003,-0.09344,0.551296,-0.308352,477,700,674,2.667169716366396
2024-04-25 14:17:22.455000+00:00,2024-04-25 14:15:30+00:00,2024-04-25 14:17:30+00:00,TABUENCA01-45,Sensoria-C1-E90A,Left,Gait,1.0.5,40.3876772,-3.6291348,F0:75:B1:51:59:F6,SCKS,0.15625,1.374999,-0.3125,8.96,-10.08,-120.959999,0.289664,0.738176,-0.102784,371,304,669,1.4186939636514282
2024-04-25 14:17:22.464000+00:00,2024-04-25 14:15:30+00:00,2024-04-25 14:17:30+00:00,TABUENCA01-45,Sensoria-C1-EEA1,Right,Gait,1.0.5,40.3876772,-3.6291348,CB:AA:BC:3F:36:A5,SCKS,-0.265625,0.746094,1.433595,41.439999,-169.119995,188.160004,-0.09344,0.579328,-0.336384,484,701,650,1.6378057032157385
2024-04-25 14:17:22.480000+00:00,2024-04-25 14:15:30+00:00,2024-04-25 14:17:30+00:00,TABUENCA01-45,Sensoria-C1-EEA1,Right,Gait,1.0.5,40.3876772,-3.6291348,CB:AA:BC:3F:36:A5,SCKS,0.652344,1.652345,0.386719,52.639999,-193.759995,220.639999,-0.084096,0.616704,-0.37376,492,705,596,1.8180616816604434
2024-04-25 14:17:22.488000+00:00,2024-04-25 14:15:30+00:00,2024-04-25 14:17:30+00:00,TABUENCA01-45,Sensoria-C1-E90A,Left,Gait,1.0.5,40.3876772,-3.6291348,F0:75:B1:51:59:F6,SCKS,0.40625,1.812499,0.0625,-13.440001,-24.639999,-157.919998,0.242944,0.756864,-0.102784,379,330,679,1.8585203624122606
2024-04-25 14:17:22.496000+00:00,2024-04-25 14:15:30+00:00,2024-04-25 14:17:30+00:00,TABUENCA01-45,Sensoria-C1-EEA1,Right,Gait,1.0.5,40.3876772,-3.6291348,CB:AA:BC:3F:36:A5,SCKS,0.324219,1.601564,-0.003906,34.720001,-3.36,213.919998,-0.065408,0.644736,-0.364416,499,709,517,1.6340564442188035
2024-04-25 14:17:22.520000+00:00,2024-04-25 14:15:30+00:00,2024-04-25 14:17:30+00:00,TABUENCA01-45,Sensoria-C1-E90A,Left,Gait,1.0.5,40.3876772,-3.6291348,F0:75:B1:51:59:F6,SCKS,0.875,2.249999,0.0,-30.24,-23.52,-181.440002,0.205568,0.775552,-0.121472,453,383,678,2.4141500574738513
2024-04-25 14:17:22.529000+00:00,2024-04-25 14:15:30+00:00,2024-04-25 14:17:30+00:00,TABUENCA01-45,Sensoria-C1-EEA1,Right,Gait,1.0.5,40.3876772,-3.6291348,CB:AA:BC:3F:36:A5,SCKS,0.191406,1.472657,-0.207031,26.880001,33.599998,191.520004,-0.065408,0.644736,-0.364416,501,713,444,1.499405459322461
2024-04-25 14:17:22.545000+00:00,2024-04-25 14:15:30+00:00,2024-04-25 14:17:30+00:00,TABUENCA01-45,Sensoria-C1-EEA1,Right,Gait,1.0.5,40.3876772,-3.6291348,CB:AA:BC:3F:36:A5,SCKS,0.066406,0.953126,-0.226563,5.6,34.720001,174.720001,-0.04672,0.672768,-0.364416,503,715,404,0.9819316278035859
2024-04-25 14:17:22.553000+00:00,2024-04-25 14:15:30+00:00,2024-04-25 14:17:30+00:00,TABUENCA01-45,Sensoria-C1-E90A,Left,Gait,1.0.5,40.3876772,-3.6291348,F0:75:B1:51:59:F6,SCKS,0.4375,1.999999,-0.3125,-40.32,-62.720001,-227.360001,0.168192,0.784896,-0.130816,530,438,682,2.071004225008003
2024-04-25 14:17:22.562000+00:00,2024-04-25 14:15:30+00:00,2024-04-25 14:17:30+00:00,TABUENCA01-45,Sensoria-C1-EEA1,Right,Gait,1.0.5,40.3876772,-3.6291348,CB:AA:BC:3F:36:A5,SCKS,0.082031,0.839844,-0.171875,11.2,-5.6,125.440002,-0.037376,0.691456,-0.355072,497,717,375,0.8611666766207341
2024-04-25 14:17:22.578000+00:00,2024-04-25 14:15:30+00:00,2024-04-25 14:17:30+00:00,TABUENCA01-45,Sensoria-C1-EEA1,Right,Gait,1.0.5,40.3876772,-3.6291348,CB:AA:BC:3F:36:A5,SCKS,-0.023438,1.003907,0.046875,-12.32,17.92,112.0,-0.018688,0.710144,-0.355072,488,713,357,1.0052740273766154
2024-04-25 14:17:22.586000+00:00,2024-04-25 14:15:30+00:00,2024-04-25 14:17:30+00:00,TABUENCA01-45,Sensoria-C1-E90A,Left,Gait,1.0.5,40.3876772,-3.6291348,F0:75:B1:51:59:F6,SCKS,0.625,1.218749,-0.5,-3.36,10.08,-260.959991,0.074752,0.79424,-0.130816,600,497,684,1.4580720575475685
2024-04-25 14:17:22.611000+00:00,2024-04-25 14:15:30+00:00,2024-04-25 14:17:30+00:00,TABUENCA01-45,Sensoria-C1-EEA1,Right,Gait,1.0.5,40.3876772,-3.6291348,CB:AA:BC:3F:36:A5,SCKS,-0.078125,0.964844,-0.082031,-10.08,6.72,81.760002,-0.009344,0.710144,-0.355072,479,704,345,0.9714713299536946
2024-04-25 14:17:22.618000+00:00,2024-04-25 14:15:30+00:00,2024-04-25 14:17:30+00:00,TABUENCA01-45,Sensoria-C1-E90A,Left,Gait,1.0.5,40.3876772,-3.6291348,F0:75:B1:51:59:F6,SCKS,0.6875,0.5,-0.3125,7.84,8.96,-166.880005,0.037376,0.784896,-0.14016,653,532,685,0.9057110466368399
2024-04-25 14:17:22.627000+00:00,2024-04-25 14:15:30+00:00,2024-04-25 14:17:30+00:00,TABUENCA01-45,Sensoria-C1-EEA1,Right,Gait,1.0.5,40.3876772,-3.6291348,CB:AA:BC:3F:36:A5,SCKS,-0.09375,0.988282,0.027344,-15.68,20.16,54.880001,0.0,0.728832,-0.345728,473,691,338,0.9930951960210058
2024-04-25 14:17:22.644000+00:00,2024-04-25 14:15:30+00:00,2024-04-25 14:17:30+00:00,TABUENCA01-45,Sensoria-C1-EEA1,Right,Gait,1.0.5,40.3876772,-3.6291348,CB:AA:BC:3F:36:A5,SCKS,-0.121094,0.972657,0.023438,-2.24,17.92,38.080002,0.0,0.728832,-0.345728,469,682,334,0.9804461924700406
2024-04-25 14:17:22.650000+00:00,2024-04-25 14:15:30+00:00,2024-04-25 14:17:30+00:00,TABUENCA01-45,Sensoria-C1-E90A,Left,Gait,1.0.5,40.3876772,-3.6291348,F0:75:B1:51:59:F6,SCKS,-0.3125,0.59375,-0.40625,6.72,-99.68,-68.32,0.018688,0.784896,-0.130816,682,540,683,0.7843687748756958
2024-04-25 14:17:22.659000+00:00,2024-04-25 14:15:30+00:00,2024-04-25 14:17:30+00:00,TABUENCA01-45,Sensoria-C1-EEA1,Right,Gait,1.0.5,40.3876772,-3.6291348,CB:AA:BC:3F:36:A5,SCKS,-0.171875,0.984376,-0.050781,2.24,11.2,33.599998,0.009344,0.728832,-0.345728,466,676,334,1.0005577619318138
2024-04-25 14:17:22.684000+00:00,2024-04-25 14:15:30+00:00,2024-04-25 14:17:30+00:00,TABUENCA01-45,Sensoria-C1-E90A,Left,Gait,1.0.5,40.3876772,-3.6291348,F0:75:B1:51:59:F6,SCKS,0.999999,0.15625,-0.1875,-3.36,-104.160004,97.440002,0.009344,0.784896,-0.130816,695,543,682,1.0293533467672797
2024-04-25 14:17:22.692000+00:00,2024-04-25 14:15:30+00:00,2024-04-25 14:17:30+00:00,TABUENCA01-45,Sensoria-C1-EEA1,Right,Gait,1.0.5,40.3876772,-3.6291348,CB:AA:BC:3F:36:A5,SCKS,-0.167969,0.960938,-0.054688,0.0,8.96,35.84,0.009344,0.728832,-0.355072,460,668,335,0.9770395090010434
2024-04-25 14:17:22.708000+00:00,2024-04-25 14:15:30+00:00,2024-04-25 14:17:30+00:00,TABUENCA01-45,Sensoria-C1-EEA1,Right,Gait,1.0.5,40.3876772,-3.6291348,CB:AA:BC:3F:36:A5,SCKS,-0.136719,0.964844,-0.089844,-1.12,5.6,38.080002,0.018688,0.719488,-0.345728,454,662,340,0.9786153348650327
2024-04-25 14:17:22.715000+00:00,2024-04-25 14:15:30+00:00,2024-04-25 14:17:30+00:00,TABUENCA01-45,Sensoria-C1-E90A,Left,Gait,1.0.5,40.3876772,-3.6291348,F0:75:B1:51:59:F6,SCKS,0.46875,0.0625,0.0,-23.52,1.12,135.520004,0.018688,0.79424,-0.130816,700,542,682,0.47289831095067364
2024-04-25 14:17:22.724000+00:00,2024-04-25 14:15:30+00:00,2024-04-25 14:17:30+00:00,TABUENCA01-45,Sensoria-C1-EEA1,Right,Gait,1.0.5,40.3876772,-3.6291348,CB:AA:BC:3F:36:A5,SCKS,-0.109375,0.968751,-0.167969,-5.6,13.440001,38.080002,0.018688,0.728832,-0.345728,448,657,346,0.9892699204903584
2024-04-25 14:17:22.740000+00:00,2024-04-25 14:15:30+00:00,2024-04-25 14:17:30+00:00,TABUENCA01-45,Sensoria-C1-EEA1,Right,Gait,1.0.5,40.3876772,-3.6291348,CB:AA:BC:3F:36:A5,SCKS,-0.089844,0.964844,-0.078125,-12.32,21.280001,34.720001,0.018688,0.728832,-0.345728,437,652,352,0.972162231470139
2024-04-25 14:17:22.748000+00:00,2024-04-25 14:15:30+00:00,2024-04-25 14:17:30+00:00,TABUENCA01-45,Sensoria-C1-E90A,Left,Gait,1.0.5,40.3876772,-3.6291348,F0:75:B1:51:59:F6,SCKS,0.3125,0.25,-0.125,-15.68,30.24,187.039993,0.074752,0.803584,-0.14016,702,541,679,0.4192627457812106
2024-04-25 14:17:22.757000+00:00,2024-04-25 14:15:30+00:00,2024-04-25 14:17:30+00:00,TABUENCA01-45,Sensoria-C1-EEA1,Right,Gait,1.0.5,40.3876772,-3.6291348,CB:AA:BC:3F:36:A5,SCKS,-0.113281,0.968751,0.0,-11.2,20.16,30.24,0.028032,0.728832,-0.345728,428,645,360,0.9753517749827496
2024-04-25 14:17:22.764000+00:00,2024-04-25 14:15:30+00:00,2024-04-25 14:17:30+00:00,TABUENCA01-45,Sensoria-C1-E90A,Left,Gait,1.0.5,40.3876772,-3.6291348,F0:75:B1:51:59:F6,SCKS,0.375,0.5625,-0.3125,-4.48,56.0,235.199997,0.121472,0.79424,-0.149504,701,540,679,0.7447734554883115
2024-04-25 14:17:22.789000+00:00,2024-04-25 14:15:30+00:00,2024-04-25 14:17:30+00:00,TABUENCA01-45,Sensoria-C1-EEA1,Right,Gait,1.0.5,40.3876772,-3.6291348,CB:AA:BC:3F:36:A5,SCKS,-0.105469,0.976563,-0.019531,-7.84,15.68,33.599998,0.028032,0.738176,-0.345728,418,637,367,0.9824359841185581
2024-04-25 14:17:22.797000+00:00,2024-04-25 14:15:30+00:00,2024-04-25 14:17:30+00:00,TABUENCA01-45,Sensoria-C1-E90A,Left,Gait,1.0.5,40.3876772,-3.6291348,F0:75:B1:51:59:F6,SCKS,0.25,0.75,-0.25,-11.2,86.239998,272.160004,0.168192,0.784896,-0.149504,702,539,677,0.82915619758885
2024-04-25 14:17:22.805000+00:00,2024-04-25 14:15:30+00:00,2024-04-25 14:17:30+00:00,TABUENCA01-45,Sensoria-C1-EEA1,Right,Gait,1.0.5,40.3876772,-3.6291348,CB:AA:BC:3F:36:A5,SCKS,-0.097656,0.984376,-0.101563,-6.72,14.56,36.959999,0.028032,0.738176,-0.336384,404,630,377,0.9944082897286205
2024-04-25 14:17:22.821000+00:00,2024-04-25 14:15:30+00:00,2024-04-25 14:17:30+00:00,TABUENCA01-45,Sensoria-C1-EEA1,Right,Gait,1.0.5,40.3876772,-3.6291348,CB:AA:BC:3F:36:A5,SCKS,-0.070313,0.960938,-0.0625,-7.84,16.799999,40.32,0.037376,0.738176,-0.32704,388,621,388,0.9655319817660106
2024-04-25 14:17:22.829000+00:00,2024-04-25 14:15:30+00:00,2024-04-25 14:17:30+00:00,TABUENCA01-45,Sensoria-C1-E90A,Left,Gait,1.0.5,40.3876772,-3.6291348,F0:75:B1:51:59:F6,SCKS,0.3125,1.343749,-0.3125,-12.32,103.040001,337.119995,0.28032,0.74752,-0.168192,698,537,676,1.4145578372767231
2024-04-25 14:17:22.838000+00:00,2024-04-25 14:15:30+00:00,2024-04-25 14:17:30+00:00,TABUENCA01-45,Sensoria-C1-EEA1,Right,Gait,1.0.5,40.3876772,-3.6291348,CB:AA:BC:3F:36:A5,SCKS,-0.0625,0.972657,-0.054688,-6.72,15.68,41.439999,0.037376,0.738176,-0.32704,372,611,399,0.9761960187344548
2024-04-25 14:17:22.861000+00:00,2024-04-25 14:15:30+00:00,2024-04-25 14:17:30+00:00,TABUENCA01-45,Sensoria-C1-E90A,Left,Gait,1.0.5,40.3876772,-3.6291348,F0:75:B1:51:59:F6,SCKS,0.375,1.812499,-0.28125,-20.16,90.720001,362.880005,0.345728,0.710144,-0.177536,697,537,675,1.872132256946875
2024-04-25 14:17:22.870000+00:00,2024-04-25 14:15:30+00:00,2024-04-25 14:17:30+00:00,TABUENCA01-45,Sensoria-C1-EEA1,Right,Gait,1.0.5,40.3876772,-3.6291348,CB:AA:BC:3F:36:A5,SCKS,-0.046875,0.992188,-0.0625,-5.6,15.68,43.68,0.04672,0.74752,-0.336384,354,600,411,0.995259033100931
2024-04-25 14:17:22.887000+00:00,2024-04-25 14:15:30+00:00,2024-04-25 14:17:30+00:00,TABUENCA01-45,Sensoria-C1-EEA1,Right,Gait,1.0.5,40.3876772,-3.6291348,CB:AA:BC:3F:36:A5,SCKS,-0.054688,0.992188,-0.054688,-3.36,15.68,48.16,0.04672,0.74752,-0.336384,336,585,425,0.995197760262753
2024-04-25 14:17:22.894000+00:00,2024-04-25 14:15:30+00:00,2024-04-25 14:17:30+00:00,TABUENCA01-45,Sensoria-C1-E90A,Left,Gait,1.0.5,40.3876772,-3.6291348,F0:75:B1:51:59:F6,SCKS,0.21875,2.593749,-0.40625,-26.880001,91.840004,390.880005,0.401792,0.663424,-0.196224,697,536,675,2.634468542230292
2024-04-25 14:17:22.903000+00:00,2024-04-25 14:15:30+00:00,2024-04-25 14:17:30+00:00,TABUENCA01-45,Sensoria-C1-EEA1,Right,Gait,1.0.5,40.3876772,-3.6291348,CB:AA:BC:3F:36:A5,SCKS,-0.050781,1.000001,-0.011719,0.0,12.32,54.880001,0.056064,0.756864,-0.32704,314,568,443,1.0013581002433645
2024-04-25 14:17:22.919000+00:00,2024-04-25 14:15:30+00:00,2024-04-25 14:17:30+00:00,TABUENCA01-45,Sensoria-C1-EEA1,Right,Gait,1.0.5,40.3876772,-3.6291348,CB:AA:BC:3F:36:A5,SCKS,-0.039063,1.019532,-0.003906,11.2,3.36,58.240002,0.065408,0.756864,-0.32704,294,551,467,1.02028754467993
2024-04-25 14:17:22.927000+00:00,2024-04-25 14:15:30+00:00,2024-04-25 14:17:30+00:00,TABUENCA01-45,Sensoria-C1-E90A,Left,Gait,1.0.5,40.3876772,-3.6291348,F0:75:B1:51:59:F6,SCKS,-0.375,2.718749,-0.25,-51.52,34.720001,389.76001,0.448512,0.60736,-0.205568,696,535,674,2.755852159496405
2024-04-25 14:17:22.952000+00:00,2024-04-25 14:15:30+00:00,2024-04-25 14:17:30+00:00,TABUENCA01-45,Sensoria-C1-EEA1,Right,Gait,1.0.5,40.3876772,-3.6291348,CB:AA:BC:3F:36:A5,SCKS,-0.050781,1.050782,-0.007813,10.08,4.48,70.559998,0.065408,0.756864,-0.32704,273,532,501,1.0520373398572886
2024-04-25 14:17:22.960000+00:00,2024-04-25 14:15:30+00:00,2024-04-25 14:17:30+00:00,TABUENCA01-45,Sensoria-C1-E90A,Left,Gait,1.0.5,40.3876772,-3.6291348,F0:75:B1:51:59:F6,SCKS,-1.406249,2.187499,-0.84375,-21.280001,19.040001,308.0,0.51392,0.495232,-0.2336,696,535,676,2.733971870283599
2024-04-25 14:17:22.969000+00:00,2024-04-25 14:15:30+00:00,2024-04-25 14:17:30+00:00,TABUENCA01-45,Sensoria-C1-EEA1,Right,Gait,1.0.5,40.3876772,-3.6291348,CB:AA:BC:3F:36:A5,SCKS,-0.082031,1.117188,-0.023438,7.84,-2.24,82.879997,0.074752,0.766208,-0.32704,253,513,543,1.1204407401326497
2024-04-25 14:17:22.984000+00:00,2024-04-25 14:15:30+00:00,2024-04-25 14:17:30+00:00,TABUENCA01-45,Sensoria-C1-EEA1,Right,Gait,1.0.5,40.3876772,-3.6291348,CB:AA:BC:3F:36:A5,SCKS,-0.042969,1.16797,0.0,2.24,-8.96,98.559998,0.084096,0.766208,-0.317696,236,490,589,1.1687601361532656
2024-04-25 14:17:22.992000+00:00,2024-04-25 14:15:30+00:00,2024-04-25 14:17:30+00:00,TABUENCA01-45,Sensoria-C1-E90A,Left,Gait,1.0.5,40.3876772,-3.6291348,F0:75:B1:51:59:F6,SCKS,-3.187498,1.343749,-0.375,-2.24,-103.040001,168.0,0.523264,0.4672,-0.214912,693,534,679,3.479429532984538
2024-04-25 14:17:23+00:00,2024-04-25 14:15:30+00:00,2024-04-25 14:17:30+00:00,TABUENCA01-45,Sensoria-C1-EEA1,Right,Gait,1.0.5,40.3876772,-3.6291348,CB:AA:BC:3F:36:A5,SCKS,-0.039063,1.222657,0.007813,-8.96,-11.2,109.760002,0.102784,0.775552,-0.317696,221,471,625,1.2233058082863009
2024-04-25 14:17:23.017000+00:00,2024-04-25 14:15:30+00:00,2024-04-25 14:17:30+00:00,TABUENCA01-45,Sensoria-C1-EEA1,Right,Gait,1.0.5,40.3876772,-3.6291348,CB:AA:BC:3F:36:A5,SCKS,-0.058594,1.304688,-0.074219,-15.68,-12.32,122.080002,0.121472,0.79424,-0.317696,208,457,653,1.3081102759863177
2024-04-25 14:17:23.024000+00:00,2024-04-25 14:15:30+00:00,2024-04-25 14:17:30+00:00,TABUENCA01-45,Sensoria-C1-E90A,Left,Gait,1.0.5,40.3876772,-3.6291348,F0:75:B1:51:59:F6,SCKS,-1.312499,1.656249,0.03125,13.440001,-16.799999,-124.32,0.51392,0.457856,-0.196224,691,535,686,2.113478397689932
2024-04-25 14:17:23.049000+00:00,2024-04-25 14:15:30+00:00,2024-04-25 14:17:30+00:00,TABUENCA01-45,Sensoria-C1-EEA1,Right,Gait,1.0.5,40.3876772,-3.6291348,CB:AA:BC:3F:36:A5,SCKS,-0.132813,1.421876,-0.121094,-19.040001,-6.72,135.520004,0.149504,0.79424,-0.32704,199,447,673,1.4331902906386855
2024-04-25 14:17:23.056000+00:00,2024-04-25 14:15:30+00:00,2024-04-25 14:17:30+00:00,TABUENCA01-45,Sensoria-C1-E90A,Left,Gait,1.0.5,40.3876772,-3.6291348,F0:75:B1:51:59:F6,SCKS,1.656249,0.65625,0.84375,38.080002,99.68,-131.039993,0.51392,0.485888,-0.196224,694,533,664,1.9712277582768056
2024-04-25 14:17:23.065000+00:00,2024-04-25 14:15:30+00:00,2024-04-25 14:17:30+00:00,TABUENCA01-45,Sensoria-C1-EEA1,Right,Gait,1.0.5,40.3876772,-3.6291348,CB:AA:BC:3F:36:A5,SCKS,-0.238281,1.617189,-0.007813,-23.52,2.24,153.440002,0.149504,0.79424,-0.32704,193,443,682,1.6346678988868044
2024-04-25 14:17:23.081000+00:00,2024-04-25 14:15:30+00:00,2024-04-25 14:17:30+00:00,TABUENCA01-45,Sensoria-C1-EEA1,Right,Gait,1.0.5,40.3876772,-3.6291348,CB:AA:BC:3F:36:A5,SCKS,-0.4375,1.863283,0.210938,-28.0,17.92,173.600006,0.168192,0.803584,-0.336384,192,450,688,1.9255452806758402
2024-04-25 14:17:23.089000+00:00,2024-04-25 14:15:30+00:00,2024-04-25 14:17:30+00:00,TABUENCA01-45,Sensoria-C1-E90A,Left,Gait,1.0.5,40.3876772,-3.6291348,F0:75:B1:51:59:F6,SCKS,-0.25,1.718749,-0.0625,78.400002,82.879997,-211.680008,0.485888,0.551296,-0.224256,696,537,596,1.7379598312392035
2024-04-25 14:17:23.097000+00:00,2024-04-25 14:15:30+00:00,2024-04-25 14:17:30+00:00,TABUENCA01-45,Sensoria-C1-EEA1,Right,Gait,1.0.5,40.3876772,-3.6291348,CB:AA:BC:3F:36:A5,SCKS,-0.796876,1.996095,0.339844,-41.439999,38.080002,194.880005,0.196224,0.812928,-0.32704,199,467,689,2.175982663703229
2024-04-25 14:17:23.105000+00:00,2024-04-25 14:15:30+00:00,2024-04-25 14:17:30+00:00,TABUENCA01-45,Sensoria-C1-E90A,Left,Gait,1.0.5,40.3876772,-3.6291348,F0:75:B1:51:59:F6,SCKS,-0.59375,1.843749,-0.5,79.519997,21.280001,-172.479996,0.476544,0.579328,-0.224256,694,543,463,2.000487300009925
2024-04-25 14:17:23.130000+00:00,2024-04-25 14:15:30+00:00,2024-04-25 14:17:30+00:00,TABUENCA01-45,Sensoria-C1-EEA1,Right,Gait,1.0.5,40.3876772,-3.6291348,CB:AA:BC:3F:36:A5,SCKS,-0.832032,1.996095,0.355469,-58.240002,53.760002,225.119995,0.242944,0.812928,-0.345728,221,493,689,2.1915817821860997
2024-04-25 14:17:23.138000+00:00,2024-04-25 14:15:30+00:00,2024-04-25 14:17:30+00:00,TABUENCA01-45,Sensoria-C1-E90A,Left,Gait,1.0.5,40.3876772,-3.6291348,F0:75:B1:51:59:F6,SCKS,0.09375,0.5625,-0.625,73.919998,-26.880001,-155.680008,0.448512,0.616704,-0.205568,685,550,401,0.8460616481675552
2024-04-25 14:17:23.147000+00:00,2024-04-25 14:15:30+00:00,2024-04-25 14:17:30+00:00,TABUENCA01-45,Sensoria-C1-EEA1,Right,Gait,1.0.5,40.3876772,-3.6291348,CB:AA:BC:3F:36:A5,SCKS,-0.5,1.996095,-0.378907,-29.120001,28.0,258.720001,0.289664,0.812928,-0.345728,265,537,687,2.0923588993463813
2024-04-25 14:17:23.163000+00:00,2024-04-25 14:15:30+00:00,2024-04-25 14:17:30+00:00,TABUENCA01-45,Sensoria-C1-EEA1,Right,Gait,1.0.5,40.3876772,-3.6291348,CB:AA:BC:3F:36:A5,SCKS,-0.683594,1.992189,-0.46875,-14.56,-32.48,282.23999,0.289664,0.812928,-0.345728,320,593,684,2.1577405615729153
2024-04-25 14:17:23.170000+00:00,2024-04-25 14:15:30+00:00,2024-04-25 14:17:30+00:00,TABUENCA01-45,Sensoria-C1-E90A,Left,Gait,1.0.5,40.3876772,-3.6291348,F0:75:B1:51:59:F6,SCKS,-0.03125,0.999999,-0.125,31.360001,-49.279999,-96.32,0.439168,0.635392,-0.205568,667,548,363,1.008265621005199
2024-04-25 14:17:23.179000+00:00,2024-04-25 14:15:30+00:00,2024-04-25 14:17:30+00:00,TABUENCA01-45,Sensoria-C1-EEA1,Right,Gait,1.0.5,40.3876772,-3.6291348,CB:AA:BC:3F:36:A5,SCKS,-0.449219,1.29297,-0.488282,15.68,-85.120003,292.320007,0.336384,0.812928,-0.355072,383,643,685,1.4532681935503164
2024-04-25 14:17:23.204000+00:00,2024-04-25 14:15:30+00:00,2024-04-25 14:17:30+00:00,TABUENCA01-45,Sensoria-C1-E90A,Left,Gait,1.0.5,40.3876772,-3.6291348,F0:75:B1:51:59:F6,SCKS,0.21875,0.968749,-0.15625,15.68,-43.68,-33.599998,0.42048,0.644736,-0.18688,648,539,343,1.005355782795822
2024-04-25 14:17:23.212000+00:00,2024-04-25 14:15:30+00:00,2024-04-25 14:17:30+00:00,TABUENCA01-45,Sensoria-C1-EEA1,Right,Gait,1.0.5,40.3876772,-3.6291348,CB:AA:BC:3F:36:A5,SCKS,-0.234375,0.539063,-0.355469,22.4,-38.080002,228.479996,0.383104,0.812928,-0.345728,432,672,684,0.686934326231409
2024-04-25 14:17:23.228000+00:00,2024-04-25 14:15:30+00:00,2024-04-25 14:17:30+00:00,TABUENCA01-45,Sensoria-C1-EEA1,Right,Gait,1.0.5,40.3876772,-3.6291348,CB:AA:BC:3F:36:A5,SCKS,0.726563,0.425782,-0.761719,10.08,66.080002,155.680008,0.411136,0.803584,-0.32704,458,688,684,1.135517476507517
2024-04-25 14:17:23.236000+00:00,2024-04-25 14:15:30+00:00,2024-04-25 14:17:30+00:00,TABUENCA01-45,Sensoria-C1-E90A,Left,Gait,1.0.5,40.3876772,-3.6291348,F0:75:B1:51:59:F6,SCKS,0.15625,0.999999,-0.15625,12.32,-32.48,-21.280001,0.411136,0.65408,-0.177536,635,526,334,1.0241221240657776
2024-04-25 14:17:23.245000+00:00,2024-04-25 14:15:30+00:00,2024-04-25 14:17:30+00:00,TABUENCA01-45,Sensoria-C1-EEA1,Right,Gait,1.0.5,40.3876772,-3.6291348,CB:AA:BC:3F:36:A5,SCKS,-0.941407,0.363282,-0.277344,-29.120001,159.039993,-21.280001,0.411136,0.803584,-0.355072,469,697,681,1.0464896776887005
2024-04-25 14:17:23.268000+00:00,2024-04-25 14:15:30+00:00,2024-04-25 14:17:30+00:00,TABUENCA01-45,Sensoria-C1-E90A,Left,Gait,1.0.5,40.3876772,-3.6291348,F0:75:B1:51:59:F6,SCKS,0.15625,0.968749,-0.125,4.48,-26.880001,-16.799999,0.411136,0.65408,-0.168192,620,515,339,0.9891985076318099
2024-04-25 14:17:23.276000+00:00,2024-04-25 14:15:30+00:00,2024-04-25 14:17:30+00:00,TABUENCA01-45,Sensoria-C1-EEA1,Right,Gait,1.0.5,40.3876772,-3.6291348,CB:AA:BC:3F:36:A5,SCKS,-0.839844,-0.007813,-0.023438,-50.400002,97.440002,-57.119999,0.411136,0.803584,-0.355072,476,702,681,0.8402073120063881
2024-04-25 14:17:23.277000+00:00,2024-04-25 14:15:30+00:00,2024-04-25 14:17:30+00:00,TABUENCA01-45,Sensoria-C1-EEA1,Right,Gait,1.0.5,40.3876772,-3.6291348,CB:AA:BC:3F:36:A5,SCKS,-0.480469,-0.085938,0.003906,-14.56,33.599998,-90.720001,0.401792,0.803584,-0.355072,478,704,678,0.4881096768565442
2024-04-25 14:17:23.301000+00:00,2024-04-25 14:15:30+00:00,2024-04-25 14:17:30+00:00,TABUENCA01-45,Sensoria-C1-E90A,Left,Gait,1.0.5,40.3876772,-3.6291348,F0:75:B1:51:59:F6,SCKS,0.1875,0.9375,-0.25,2.24,-21.280001,-21.280001,0.411136,0.65408,-0.177536,603,504,355,0.9882117688026185
2024-04-25 14:17:23.309000+00:00,2024-04-25 14:15:30+00:00,2024-04-25 14:17:30+00:00,TABUENCA01-45,Sensoria-C1-EEA1,Right,Gait,1.0.5,40.3876772,-3.6291348,CB:AA:BC:3F:36:A5,SCKS,-0.445313,0.070313,-0.109375,14.56,11.2,-135.520004,0.37376,0.812928,-0.364416,481,703,678,0.46390783196988605
2024-04-25 14:17:23.326000+00:00,2024-04-25 14:15:30+00:00,2024-04-25 14:17:30+00:00,TABUENCA01-45,Sensoria-C1-EEA1,Right,Gait,1.0.5,40.3876772,-3.6291348,CB:AA:BC:3F:36:A5,SCKS,-0.507813,0.28125,-0.144531,16.799999,-3.36,-178.080002,0.345728,0.822272,-0.364416,479,704,677,0.5982180333540607
2024-04-25 14:17:23.333000+00:00,2024-04-25 14:15:30+00:00,2024-04-25 14:17:30+00:00,TABUENCA01-45,Sensoria-C1-E90A,Left,Gait,1.0.5,40.3876772,-3.6291348,F0:75:B1:51:59:F6,SCKS,0.125,0.9375,-0.125,-5.6,-38.080002,-16.799999,0.401792,0.663424,-0.168192,578,485,398,0.9540210951546092
2024-04-25 14:17:23.342000+00:00,2024-04-25 14:15:30+00:00,2024-04-25 14:17:30+00:00,TABUENCA01-45,Sensoria-C1-EEA1,Right,Gait,1.0.5,40.3876772,-3.6291348,CB:AA:BC:3F:36:A5,SCKS,-0.464844,0.402344,-0.101563,11.2,-28.0,-218.399994,0.308352,0.822272,-0.364416,479,702,676,0.6231177109030043
2024-04-25 14:17:23.358000+00:00,2024-04-25 14:15:30+00:00,2024-04-25 14:17:30+00:00,TABUENCA01-45,Sensoria-C1-EEA1,Right,Gait,1.0.5,40.3876772,-3.6291348,CB:AA:BC:3F:36:A5,SCKS,-0.417969,0.621094,-0.117188,22.4,-72.800003,-275.519989,0.261632,0.812928,-0.364416,478,703,675,0.7577525118011816
2024-04-25 14:17:23.365000+00:00,2024-04-25 14:15:30+00:00,2024-04-25 14:17:30+00:00,TABUENCA01-45,Sensoria-C1-E90A,Left,Gait,1.0.5,40.3876772,-3.6291348,F0:75:B1:51:59:F6,SCKS,0.125,0.9375,-0.1875,-2.24,-36.959999,-19.040001,0.392448,0.663424,-0.158848,559,470,427,0.9642030387838445
2024-04-25 14:17:23.390000+00:00,2024-04-25 14:15:30+00:00,2024-04-25 14:17:30+00:00,TABUENCA01-45,Sensoria-C1-EEA1,Right,Gait,1.0.5,40.3876772,-3.6291348,CB:AA:BC:3F:36:A5,SCKS,-0.398438,0.847657,-0.136719,23.52,-85.120003,-306.880005,0.205568,0.812928,-0.364416,479,701,676,0.9465554999333109
2024-04-25 14:17:23.398000+00:00,2024-04-25 14:15:30+00:00,2024-04-25 14:17:30+00:00,TABUENCA01-45,Sensoria-C1-E90A,Left,Gait,1.0.5,40.3876772,-3.6291348,F0:75:B1:51:59:F6,SCKS,0.09375,0.9375,-0.1875,0.0,-39.200001,-23.52,0.383104,0.672768,-0.177536,539,454,458,0.9606516343087124
2024-04-25 14:17:23.407000+00:00,2024-04-25 14:15:30+00:00,2024-04-25 14:17:30+00:00,TABUENCA01-45,Sensoria-C1-EEA1,Right,Gait,1.0.5,40.3876772,-3.6291348,CB:AA:BC:3F:36:A5,SCKS,-0.328125,1.140626,-0.164063,19.040001,-87.360001,-333.76001,0.205568,0.812928,-0.364416,479,699,674,1.1981695854385555
2024-04-25 14:17:23.423000+00:00,2024-04-25 14:15:30+00:00,2024-04-25 14:17:30+00:00,TABUENCA01-45,Sensoria-C1-EEA1,Right,Gait,1.0.5,40.3876772,-3.6291348,CB:AA:BC:3F:36:A5,SCKS,-0.335938,1.44922,-0.164063,8.96,-70.559998,-353.920013,0.149504,0.79424,-0.355072,478,699,675,1.4966661672574149
2024-04-25 14:17:23.430000+00:00,2024-04-25 14:15:30+00:00,2024-04-25 14:17:30+00:00,TABUENCA01-45,Sensoria-C1-E90A,Left,Gait,1.0.5,40.3876772,-3.6291348,F0:75:B1:51:59:F6,SCKS,0.09375,0.9375,-0.1875,5.6,-44.799999,-24.639999,0.383104,0.682112,-0.158848,520,438,489,0.9606516343087124
2024-04-25 14:17:23.439000+00:00,2024-04-25 14:15:30+00:00,2024-04-25 14:17:30+00:00,TABUENCA01-45,Sensoria-C1-EEA1,Right,Gait,1.0.5,40.3876772,-3.6291348,CB:AA:BC:3F:36:A5,SCKS,-0.328125,1.796876,-0.070313,-1.12,-41.439999,-366.23999,0.09344,0.766208,-0.364416,479,699,673,1.8279423658775458
2024-04-25 14:17:23.447000+00:00,2024-04-25 14:15:30+00:00,2024-04-25 14:17:30+00:00,TABUENCA01-45,Sensoria-C1-E90A,Left,Gait,1.0.5,40.3876772,-3.6291348,F0:75:B1:51:59:F6,SCKS,0.09375,0.9375,-0.21875,8.96,-47.040001,-29.120001,0.364416,0.682112,-0.158848,500,419,517,0.967236721283885
2024-04-25 14:17:23.472000+00:00,2024-04-25 14:15:30+00:00,2024-04-25 14:17:30+00:00,TABUENCA01-45,Sensoria-C1-EEA1,Right,Gait,1.0.5,40.3876772,-3.6291348,CB:AA:BC:3F:36:A5,SCKS,-0.207031,1.996095,-0.050781,10.08,-38.080002,-380.799988,0.037376,0.728832,-0.355072,477,698,673,2.0074450911412245
2024-04-25 14:17:23.479000+00:00,2024-04-25 14:15:30+00:00,2024-04-25 14:17:30+00:00,TABUENCA01-45,Sensoria-C1-E90A,Left,Gait,1.0.5,40.3876772,-3.6291348,F0:75:B1:51:59:F6,SCKS,0.0625,0.9375,-0.21875,7.84,-43.68,-34.720001,0.355072,0.691456,-0.14016,476,398,546,0.9647093150270707
2024-04-25 14:17:23.503000+00:00,2024-04-25 14:15:30+00:00,2024-04-25 14:17:30+00:00,TABUENCA01-45,Sensoria-C1-EEA1,Right,Gait,1.0.5,40.3876772,-3.6291348,CB:AA:BC:3F:36:A5,SCKS,-0.101563,1.996095,-0.382813,23.52,-44.799999,-396.480011,-0.009344,0.682112,-0.364416,478,697,672,2.0350076375687145
2024-04-25 14:17:23.504000+00:00,2024-04-25 14:15:30+00:00,2024-04-25 14:17:30+00:00,TABUENCA01-45,Sensoria-C1-EEA1,Right,Gait,1.0.5,40.3876772,-3.6291348,CB:AA:BC:3F:36:A5,SCKS,0.722657,1.996095,-0.160156,25.76,-39.200001,-402.079987,-0.009344,0.682112,-0.364416,476,697,672,2.128914825212601
2024-04-25 14:17:23.511000+00:00,2024-04-25 14:15:30+00:00,2024-04-25 14:17:30+00:00,TABUENCA01-45,Sensoria-C1-E90A,Left,Gait,1.0.5,40.3876772,-3.6291348,F0:75:B1:51:59:F6,SCKS,0.0625,0.999999,-0.1875,4.48,-40.32,-40.32,0.345728,0.7008,-0.14016,452,375,577,1.019343170870831
2024-04-25 14:17:23.520000+00:00,2024-04-25 14:15:30+00:00,2024-04-25 14:17:30+00:00,TABUENCA01-45,Sensoria-C1-EEA1,Right,Gait,1.0.5,40.3876772,-3.6291348,CB:AA:BC:3F:36:A5,SCKS,1.378907,1.996095,-0.3125,13.440001,30.24,-376.320007,-0.065408,0.626048,-0.355072,477,696,673,2.4461062964789573
2024-04-25 14:17:23.536000+00:00,2024-04-25 14:15:30+00:00,2024-04-25 14:17:30+00:00,TABUENCA01-45,Sensoria-C1-EEA1,Right,Gait,1.0.5,40.3876772,-3.6291348,CB:AA:BC:3F:36:A5,SCKS,1.996095,1.984376,-0.203125,41.439999,64.959999,-281.119995,-0.084096,0.569984,-0.364416,478,696,674,2.8219502341511977
2024-04-25 14:17:23.543000+00:00,2024-04-25 14:15:30+00:00,2024-04-25 14:17:30+00:00,TABUENCA01-45,Sensoria-C1-E90A,Left,Gait,1.0.5,40.3876772,-3.6291348,F0:75:B1:51:59:F6,SCKS,0.0625,1.031249,-0.1875,0.0,-35.84,-51.52,0.336384,0.7008,-0.121472,426,350,612,1.0500176189002737
2024-04-25 14:17:23.569000+00:00,2024-04-25 14:15:30+00:00,2024-04-25 14:17:30+00:00,TABUENCA01-45,Sensoria-C1-EEA1,Right,Gait,1.0.5,40.3876772,-3.6291348,CB:AA:BC:3F:36:A5,SCKS,1.996095,1.54297,0.257813,48.16,106.400002,-160.160004,-0.102784,0.541952,-0.345728,477,699,676,2.5360637241390447
2024-04-25 14:17:23.576000+00:00,2024-04-25 14:15:30+00:00,2024-04-25 14:17:30+00:00,TABUENCA01-45,Sensoria-C1-E90A,Left,Gait,1.0.5,40.3876772,-3.6291348,F0:75:B1:51:59:F6,SCKS,0.09375,1.124999,-0.09375,0.0,-30.24,-68.32,0.32704,0.7008,-0.121472,400,327,643,1.132784566897431
2024-04-25 14:17:23.584000+00:00,2024-04-25 14:15:30+00:00,2024-04-25 14:17:30+00:00,TABUENCA01-45,Sensoria-C1-EEA1,Right,Gait,1.0.5,40.3876772,-3.6291348,CB:AA:BC:3F:36:A5,SCKS,1.996095,1.738282,0.847657,11.2,114.239998,-23.52,-0.09344,0.532608,-0.308352,477,699,681,2.779306019530415
2024-04-25 14:17:23.601000+00:00,2024-04-25 14:15:30+00:00,2024-04-25 14:17:30+00:00,TABUENCA01-45,Sensoria-C1-EEA1,Right,Gait,1.0.5,40.3876772,-3.6291348,CB:AA:BC:3F:36:A5,SCKS,1.738282,1.832033,0.832032,-14.56,14.56,128.800003,-0.09344,0.532608,-0.308352,473,700,682,2.6589935076334807
2024-04-25 14:17:23.609000+00:00,2024-04-25 14:15:30+00:00,2024-04-25 14:17:30+00:00,TABUENCA01-45,Sensoria-C1-E90A,Left,Gait,1.0.5,40.3876772,-3.6291348,F0:75:B1:51:59:F6,SCKS,0.0625,1.156249,-0.25,11.2,-13.440001,-96.32,0.289664,0.728832,-0.121472,373,310,665,1.1846172377612105
2024-04-25 14:17:23.617000+00:00,2024-04-25 14:15:30+00:00,2024-04-25 14:17:30+00:00,TABUENCA01-45,Sensoria-C1-EEA1,Right,Gait,1.0.5,40.3876772,-3.6291348,CB:AA:BC:3F:36:A5,SCKS,-2.000001,1.246095,-0.4375,11.2,-78.400002,107.520004,-0.084096,0.56064,-0.317696,477,698,675,2.3966983537829707
2024-04-25 14:17:23.642000+00:00,2024-04-25 14:15:30+00:00,2024-04-25 14:17:30+00:00,TABUENCA01-45,Sensoria-C1-E90A,Left,Gait,1.0.5,40.3876772,-3.6291348,F0:75:B1:51:59:F6,SCKS,0.0625,1.343749,-0.21875,5.6,-19.040001,-117.599998,0.270976,0.738176,-0.130816,355,301,677,1.362871669490932
2024-04-25 14:17:23.651000+00:00,2024-04-25 14:15:30+00:00,2024-04-25 14:17:30+00:00,TABUENCA01-45,Sensoria-C1-EEA1,Right,Gait,1.0.5,40.3876772,-3.6291348,CB:AA:BC:3F:36:A5,SCKS,-1.10547,0.746094,1.660157,48.16,-180.320007,150.080002,-0.084096,0.579328,-0.345728,484,701,650,2.1295167156857446
2024-04-25 14:17:23.666000+00:00,2024-04-25 14:15:30+00:00,2024-04-25 14:17:30+00:00,TABUENCA01-45,Sensoria-C1-EEA1,Right,Gait,1.0.5,40.3876772,-3.6291348,CB:AA:BC:3F:36:A5,SCKS,0.609375,1.441407,0.53125,64.959999,-138.880005,215.040009,-0.074752,0.616704,-0.355072,491,706,601,1.6526398859927107
2024-04-25 14:17:23.674000+00:00,2024-04-25 14:15:30+00:00,2024-04-25 14:17:30+00:00,TABUENCA01-45,Sensoria-C1-E90A,Left,Gait,1.0.5,40.3876772,-3.6291348,F0:75:B1:51:59:F6,SCKS,0.40625,1.749999,0.03125,-10.08,-24.639999,-155.680008,0.224256,0.756864,-0.130816,366,335,681,1.7968060899832794
2024-04-25 14:17:23.698000+00:00,2024-04-25 14:15:30+00:00,2024-04-25 14:17:30+00:00,TABUENCA01-45,Sensoria-C1-EEA1,Right,Gait,1.0.5,40.3876772,-3.6291348,CB:AA:BC:3F:36:A5,SCKS,0.136719,1.347657,-0.289063,43.68,31.360001,199.360001,-0.065408,0.644736,-0.37376,495,711,527,1.3850736054733699
2024-04-25 14:17:23.699000+00:00,2024-04-25 14:15:30+00:00,2024-04-25 14:17:30+00:00,TABUENCA01-45,Sensoria-C1-EEA1,Right,Gait,1.0.5,40.3876772,-3.6291348,CB:AA:BC:3F:36:A5,SCKS,0.175781,1.410157,-0.355469,35.84,20.16,173.600006,-0.065408,0.644736,-0.37376,500,713,453,1.4648549192909857
2024-04-25 14:17:23.707000+00:00,2024-04-25 14:15:30+00:00,2024-04-25 14:17:30+00:00,TABUENCA01-45,Sensoria-C1-E90A,Left,Gait,1.0.5,40.3876772,-3.6291348,F0:75:B1:51:59:F6,SCKS,0.875,2.187499,-0.0625,-28.0,-38.080002,-171.360001,0.18688,0.775552,-0.121472,431,385,681,2.3568375262204646
2024-04-25 14:17:23.732000+00:00,2024-04-25 14:15:30+00:00,2024-04-25 14:17:30+00:00,TABUENCA01-45,Sensoria-C1-EEA1,Right,Gait,1.0.5,40.3876772,-3.6291348,CB:AA:BC:3F:36:A5,SCKS,-0.117188,0.910157,-0.191406,5.6,17.92,153.440002,-0.037376,0.663424,-0.364416,500,715,407,0.9374193559069495
2024-04-25 14:17:23.739000+00:00,2024-04-25 14:15:30+00:00,2024-04-25 14:17:30+00:00,TABUENCA01-45,Sensoria-C1-E90A,Left,Gait,1.0.5,40.3876772,-3.6291348,F0:75:B1:51:59:F6,SCKS,0.28125,2.187499,-0.21875,-39.200001,-72.800003,-209.440002,0.149504,0.775552,-0.14016,508,436,682,2.216326916319206
2024-04-25 14:17:23.748000+00:00,2024-04-25 14:15:30+00:00,2024-04-25 14:17:30+00:00,TABUENCA01-45,Sensoria-C1-EEA1,Right,Gait,1.0.5,40.3876772,-3.6291348,CB:AA:BC:3F:36:A5,SCKS,0.1875,0.953126,-0.027344,8.96,-20.16,115.360001,-0.028032,0.691456,-0.364416,492,717,377,0.9717783266836115
2024-04-25 14:17:23.756000+00:00,2024-04-25 14:15:30+00:00,2024-04-25 14:17:30+00:00,TABUENCA01-45,Sensoria-C1-E90A,Left,Gait,1.0.5,40.3876772,-3.6291348,F0:75:B1:51:59:F6,SCKS,0.625,1.874999,-0.71875,1.12,-30.24,-253.119995,0.102784,0.784896,-0.130816,584,495,686,2.1030567782399507
2024-04-25 14:17:23.765000+00:00,2024-04-25 14:15:30+00:00,2024-04-25 14:17:30+00:00,TABUENCA01-45,Sensoria-C1-EEA1,Right,Gait,1.0.5,40.3876772,-3.6291348,CB:AA:BC:3F:36:A5,SCKS,-0.035156,0.949219,0.015625,-5.6,13.440001,100.800003,-0.018688,0.7008,-0.355072,483,716,358,0.9499983131153444
2024-04-25 14:17:23.788000+00:00,2024-04-25 14:15:30+00:00,2024-04-25 14:17:30+00:00,TABUENCA01-45,Sensoria-C1-E90A,Left,Gait,1.0.5,40.3876772,-3.6291348,F0:75:B1:51:59:F6,SCKS,0.625,0.90625,-0.46875,17.92,19.040001,-203.839996,0.056064,0.784896,-0.14016,642,531,687,1.1965118574422904
2024-04-25 14:17:23.795000+00:00,2024-04-25 14:15:30+00:00,2024-04-25 14:17:30+00:00,TABUENCA01-45,Sensoria-C1-EEA1,Right,Gait,1.0.5,40.3876772,-3.6291348,CB:AA:BC:3F:36:A5,SCKS,-0.097656,0.964844,-0.09375,-10.08,12.32,75.040001,0.0,0.710144,-0.355072,475,708,346,0.9742944632768884
2024-04-25 14:17:23.798000+00:00,2024-04-25 14:15:30+00:00,2024-04-25 14:17:30+00:00,TABUENCA01-45,Sensoria-C1-EEA1,Right,Gait,1.0.5,40.3876772,-3.6291348,CB:AA:BC:3F:36:A5,SCKS,-0.089844,0.996094,0.050781,-12.32,25.76,59.360001,0.0,0.719488,-0.355072,469,698,339,1.0014259389156044
2024-04-25 14:17:23.820000+00:00,2024-04-25 14:15:30+00:00,2024-04-25 14:17:30+00:00,TABUENCA01-45,Sensoria-C1-E90A,Left,Gait,1.0.5,40.3876772,-3.6291348,F0:75:B1:51:59:F6,SCKS,-0.875,0.5,-0.53125,0.0,-120.959999,-67.199997,0.009344,0.784896,-0.149504,675,540,685,1.1392328833473866
2024-04-25 14:17:23.829000+00:00,2024-04-25 14:15:30+00:00,2024-04-25 14:17:30+00:00,TABUENCA01-45,Sensoria-C1-EEA1,Right,Gait,1.0.5,40.3876772,-3.6291348,CB:AA:BC:3F:36:A5,SCKS,-0.109375,0.980469,0.03125,-4.48,29.120001,41.439999,0.0,0.719488,-0.355072,464,689,333,0.9870455476248298
2024-04-25 14:17:23.845000+00:00,2024-04-25 14:15:30+00:00,2024-04-25 14:17:30+00:00,TABUENCA01-45,Sensoria-C1-EEA1,Right,Gait,1.0.5,40.3876772,-3.6291348,CB:AA:BC:3F:36:A5,SCKS,-0.203125,0.960938,0.0,1.12,22.4,33.599998,0.0,0.719488,-0.345728,460,681,334,0.9821718818358628
2024-04-25 14:17:23.852000+00:00,2024-04-25 14:15:30+00:00,2024-04-25 14:17:30+00:00,TABUENCA01-45,Sensoria-C1-E90A,Left,Gait,1.0.5,40.3876772,-3.6291348,F0:75:B1:51:59:F6,SCKS,0.875,0.09375,-0.15625,-1.12,-124.32,91.840004,0.0,0.784896,-0.14016,690,542,684,0.8937718528796932
2024-04-25 14:17:23.861000+00:00,2024-04-25 14:15:30+00:00,2024-04-25 14:17:30+00:00,TABUENCA01-45,Sensoria-C1-EEA1,Right,Gait,1.0.5,40.3876772,-3.6291348,CB:AA:BC:3F:36:A5,SCKS,-0.183594,0.980469,-0.054688,3.36,11.2,36.959999,0.009344,0.719488,-0.336384,457,674,335,0.9990080050435032
2024-04-25 14:17:23.878000+00:00,2024-04-25 14:15:30+00:00,2024-04-25 14:17:30+00:00,TABUENCA01-45,Sensoria-C1-EEA1,Right,Gait,1.0.5,40.3876772,-3.6291348,CB:AA:BC:3F:36:A5,SCKS,-0.171875,0.964844,-0.058594,1.12,7.84,40.32,0.018688,0.719488,-0.345728,451,670,340,0.9817831821726222
2024-04-25 14:17:23.885000+00:00,2024-04-25 14:15:30+00:00,2024-04-25 14:17:30+00:00,TABUENCA01-45,Sensoria-C1-E90A,Left,Gait,1.0.5,40.3876772,-3.6291348,F0:75:B1:51:59:F6,SCKS,0.5,0.03125,0.0,-15.68,-19.040001,133.279999,0.018688,0.79424,-0.158848,695,542,683,0.5009756106837937
2024-04-25 14:17:23.911000+00:00,2024-04-25 14:15:30+00:00,2024-04-25 14:17:30+00:00,TABUENCA01-45,Sensoria-C1-EEA1,Right,Gait,1.0.5,40.3876772,-3.6291348,CB:AA:BC:3F:36:A5,SCKS,-0.117188,0.972657,-0.164063,-1.12,7.84,42.560001,0.018688,0.728832,-0.345728,446,665,344,0.9933334460099489
2024-04-25 14:17:23.918000+00:00,2024-04-25 14:15:30+00:00,2024-04-25 14:17:30+00:00,TABUENCA01-45,Sensoria-C1-E90A,Left,Gait,1.0.5,40.3876772,-3.6291348,F0:75:B1:51:59:F6,SCKS,0.25,0.15625,-0.03125,-12.32,26.880001,181.440002,0.037376,0.79424,-0.158848,698,539,681,0.29646353064078557
2024-04-25 14:17:23.927000+00:00,2024-04-25 14:15:30+00:00,2024-04-25 14:17:30+00:00,TABUENCA01-45,Sensoria-C1-EEA1,Right,Gait,1.0.5,40.3876772,-3.6291348,CB:AA:BC:3F:36:A5,SCKS,-0.097656,0.957032,-0.105469,-8.96,22.4,40.32,0.018688,0.728832,-0.345728,439,658,349,0.9677658049967461
2024-04-25 14:17:23.943000+00:00,2024-04-25 14:15:30+00:00,2024-04-25 14:17:30+00:00,TABUENCA01-45,Sensoria-C1-EEA1,Right,Gait,1.0.5,40.3876772,-3.6291348,CB:AA:BC:3F:36:A5,SCKS,-0.109375,0.960938,-0.023438,-8.96,26.880001,35.84,0.028032,0.738176,-0.336384,432,650,353,0.9674265193351895
2024-04-25 14:17:23.950000+00:00,2024-04-25 14:15:30+00:00,2024-04-25 14:17:30+00:00,TABUENCA01-45,Sensoria-C1-E90A,Left,Gait,1.0.5,40.3876772,-3.6291348,F0:75:B1:51:59:F6,SCKS,0.25,0.5,-0.21875,1.12,48.16,231.839996,0.074752,0.79424,-0.158848,696,540,681,0.6002928972593295
2024-04-25 14:17:23.960000+00:00,2024-04-25 14:15:30+00:00,2024-04-25 14:17:30+00:00,TABUENCA01-45,Sensoria-C1-EEA1,Right,Gait,1.0.5,40.3876772,-3.6291348,CB:AA:BC:3F:36:A5,SCKS,-0.121094,0.972657,0.0,-4.48,24.639999,36.959999,0.037376,0.728832,-0.32704,420,643,359,0.9801660045548407
2024-04-25 14:17:23.983000+00:00,2024-04-25 14:15:30+00:00,2024-04-25 14:17:30+00:00,TABUENCA01-45,Sensoria-C1-E90A,Left,Gait,1.0.5,40.3876772,-3.6291348,F0:75:B1:51:59:F6,SCKS,0.1875,0.8125,-0.1875,-12.32,84.0,286.720001,0.168192,0.784896,-0.158848,697,538,679,0.854674645698584
2024-04-25 14:17:23.992000+00:00,2024-04-25 14:15:30+00:00,2024-04-25 14:17:30+00:00,TABUENCA01-45,Sensoria-C1-EEA1,Right,Gait,1.0.5,40.3876772,-3.6291348,CB:AA:BC:3F:36:A5,SCKS,-0.105469,0.984376,-0.09375,-4.48,14.56,40.32,0.037376,0.738176,-0.32704,410,633,366,0.994438978438094
2024-04-25 14:17:24.008000+00:00,2024-04-25 14:15:30+00:00,2024-04-25 14:17:30+00:00,TABUENCA01-45,Sensoria-C1-EEA1,Right,Gait,1.0.5,40.3876772,-3.6291348,CB:AA:BC:3F:36:A5,SCKS,-0.082031,0.964844,-0.046875,-6.72,12.32,42.560001,0.037376,0.738176,-0.32704,396,622,373,0.969458763910049
2024-04-25 14:17:24.024000+00:00,2024-04-25 14:15:30+00:00,2024-04-25 14:17:30+00:00,TABUENCA01-45,Sensoria-C1-EEA1,Right,Gait,1.0.5,40.3876772,-3.6291348,CB:AA:BC:3F:36:A5,SCKS,-0.082031,0.984376,-0.042969,-5.6,7.84,45.920002,0.037376,0.738176,-0.32704,382,611,382,0.9887221699233815
2024-04-25 14:17:24.040000+00:00,2024-04-25 14:15:30+00:00,2024-04-25 14:17:30+00:00,TABUENCA01-45,Sensoria-C1-EEA1,Right,Gait,1.0.5,40.3876772,-3.6291348,CB:AA:BC:3F:36:A5,SCKS,-0.066406,0.984376,-0.042969,-4.48,6.72,49.279999,0.04672,0.74752,-0.32704,365,597,392,0.9875485816773775
2024-04-25 14:17:24.047000+00:00,2024-04-25 14:15:30+00:00,2024-04-25 14:17:30+00:00,TABUENCA01-45,Sensoria-C1-E90A,Left,Gait,1.0.5,40.3876772,-3.6291348,F0:75:B1:51:59:F6,SCKS,0.25,1.593749,-0.1875,-22.4,91.840004,347.200012,0.289664,0.738176,-0.177536,694,537,678,1.624097326209547
2024-04-25 14:17:24.056000+00:00,2024-04-25 14:15:30+00:00,2024-04-25 14:17:30+00:00,TABUENCA01-45,Sensoria-C1-EEA1,Right,Gait,1.0.5,40.3876772,-3.6291348,CB:AA:BC:3F:36:A5,SCKS,-0.058594,0.992188,-0.070313,-3.36,6.72,52.639999,0.056064,0.74752,-0.32704,348,582,406,0.9964006233182514
2024-04-25 14:17:24.080000+00:00,2024-04-25 14:15:30+00:00,2024-04-25 14:17:30+00:00,TABUENCA01-45,Sensoria-C1-E90A,Left,Gait,1.0.5,40.3876772,-3.6291348,F0:75:B1:51:59:F6,SCKS,0.3125,2.187499,-0.21875,-34.720001,86.239998,372.959991,0.345728,0.710144,-0.18688,694,535,677,2.2205088803022157
2024-04-25 14:17:24.089000+00:00,2024-04-25 14:15:30+00:00,2024-04-25 14:17:30+00:00,TABUENCA01-45,Sensoria-C1-EEA1,Right,Gait,1.0.5,40.3876772,-3.6291348,CB:AA:BC:3F:36:A5,SCKS,-0.019531,1.003907,-0.046875,-4.48,6.72,58.240002,0.056064,0.756864,-0.32704,329,564,421,1.0051905243460069
2024-04-25 14:17:24.096000+00:00,2024-04-25 14:15:30+00:00,2024-04-25 14:17:30+00:00,TABUENCA01-45,Sensoria-C1-E90A,Left,Gait,1.0.5,40.3876772,-3.6291348,F0:75:B1:51:59:F6,SCKS,-0.1875,2.781249,-0.21875,-35.84,97.440002,387.519989,0.448512,0.598016,-0.214912,693,535,677,2.7961319376061278
2024-04-25 14:17:24.105000+00:00,2024-04-25 14:15:30+00:00,2024-04-25 14:17:30+00:00,TABUENCA01-45,Sensoria-C1-EEA1,Right,Gait,1.0.5,40.3876772,-3.6291348,CB:AA:BC:3F:36:A5,SCKS,-0.015625,1.031251,-0.03125,-3.36,6.72,60.48,0.074752,0.756864,-0.317696,307,545,443,1.031842685745264
2024-04-25 14:17:24.121000+00:00,2024-04-25 14:15:30+00:00,2024-04-25 14:17:30+00:00,TABUENCA01-45,Sensoria-C1-EEA1,Right,Gait,1.0.5,40.3876772,-3.6291348,CB:AA:BC:3F:36:A5,SCKS,-0.023438,1.031251,-0.003906,-3.36,6.72,64.959999,0.074752,0.756864,-0.317696,289,527,470,1.0315247072566898
2024-04-25 14:17:24.129000+00:00,2024-04-25 14:15:30+00:00,2024-04-25 14:17:30+00:00,TABUENCA01-45,Sensoria-C1-E90A,Left,Gait,1.0.5,40.3876772,-3.6291348,F0:75:B1:51:59:F6,SCKS,-0.71875,2.531249,-0.6875,-47.040001,30.24,355.040009,0.485888,0.551296,-0.242944,694,533,676,2.7196469095272273
2024-04-25 14:17:24.137000+00:00,2024-04-25 14:15:30+00:00,2024-04-25 14:17:30+00:00,TABUENCA01-45,Sensoria-C1-EEA1,Right,Gait,1.0.5,40.3876772,-3.6291348,CB:AA:BC:3F:36:A5,SCKS,-0.027344,1.078126,-0.003906,0.0,1.12,72.800003,0.074752,0.766208,-0.32704,268,507,509,1.0784797740560552
2024-04-25 14:17:24.161000+00:00,2024-04-25 14:15:30+00:00,2024-04-25 14:17:30+00:00,TABUENCA01-45,Sensoria-C1-E90A,Left,Gait,1.0.5,40.3876772,-3.6291348,F0:75:B1:51:59:F6,SCKS,-2.843749,1.343749,-0.46875,-7.84,-106.400002,148.960007,0.523264,0.4672,-0.224256,691,534,679,3.1799836968924855
2024-04-25 14:17:24.170000+00:00,2024-04-25 14:15:30+00:00,2024-04-25 14:17:30+00:00,TABUENCA01-45,Sensoria-C1-EEA1,Right,Gait,1.0.5,40.3876772,-3.6291348,CB:AA:BC:3F:36:A5,SCKS,-0.035156,1.109376,0.046875,1.12,-4.48,81.760002,0.09344,0.766208,-0.317696,248,487,558,1.1109222832120165
2024-04-25 14:17:24.187000+00:00,2024-04-25 14:15:30+00:00,2024-04-25 14:17:30+00:00,TABUENCA01-45,Sensoria-C1-EEA1,Right,Gait,1.0.5,40.3876772,-3.6291348,CB:AA:BC:3F:36:A5,SCKS,-0.027344,1.128907,0.082031,6.72,-14.56,90.720001,0.102784,0.775552,-0.32704,230,469,602,1.132213669739948
2024-04-25 14:17:24.194000+00:00,2024-04-25 14:15:30+00:00,2024-04-25 14:17:30+00:00,TABUENCA01-45,Sensoria-C1-E90A,Left,Gait,1.0.5,40.3876772,-3.6291348,F0:75:B1:51:59:F6,SCKS,-1.781249,1.906249,-0.09375,6.72,-69.440002,-82.879997,0.51392,0.4672,-0.196224,689,534,688,2.610636380751253
2024-04-25 14:17:24.203000+00:00,2024-04-25 14:15:30+00:00,2024-04-25 14:17:30+00:00,TABUENCA01-45,Sensoria-C1-EEA1,Right,Gait,1.0.5,40.3876772,-3.6291348,CB:AA:BC:3F:36:A5,SCKS,-0.054688,1.242188,-0.046875,11.2,-22.4,99.68,0.112128,0.784896,-0.32704,215,460,636,1.2442745156568145
2024-04-25 14:17:24.219000+00:00,2024-04-25 14:15:30+00:00,2024-04-25 14:17:30+00:00,TABUENCA01-45,Sensoria-C1-EEA1,Right,Gait,1.0.5,40.3876772,-3.6291348,CB:AA:BC:3F:36:A5,SCKS,-0.058594,1.320313,-0.1875,4.48,-20.16,115.360001,0.14016,0.784896,-0.317696,203,453,660,1.3348467795237775
2024-04-25 14:17:24.227000+00:00,2024-04-25 14:15:30+00:00,2024-04-25 14:17:30+00:00,TABUENCA01-45,Sensoria-C1-E90A,Left,Gait,1.0.5,40.3876772,-3.6291348,F0:75:B1:51:59:F6,SCKS,3.624998,0.4375,0.6875,44.799999,73.919998,-107.520004,0.51392,0.485888,-0.205568,688,532,678,3.715464035622469
2024-04-25 14:17:24.252000+00:00,2024-04-25 14:15:30+00:00,2024-04-25 14:17:30+00:00,TABUENCA01-45,Sensoria-C1-EEA1,Right,Gait,1.0.5,40.3876772,-3.6291348,CB:AA:BC:3F:36:A5,SCKS,-0.144531,1.429689,-0.109375,-10.08,-6.72,129.919998,0.14016,0.784896,-0.317696,194,449,675,1.4411324496058646
2024-04-25 14:17:24.259000+00:00,2024-04-25 14:15:30+00:00,2024-04-25 14:17:30+00:00,TABUENCA01-45,Sensoria-C1-E90A,Left,Gait,1.0.5,40.3876772,-3.6291348,F0:75:B1:51:59:F6,SCKS,-0.71875,1.468749,0.5625,68.32,151.199997,-207.199997,0.504576,0.51392,-0.2336,695,535,648,1.7292285671654284
2024-04-25 14:17:24.268000+00:00,2024-04-25 14:15:30+00:00,2024-04-25 14:17:30+00:00,TABUENCA01-45,Sensoria-C1-EEA1,Right,Gait,1.0.5,40.3876772,-3.6291348,CB:AA:BC:3F:36:A5,SCKS,-0.21875,1.609376,0.003906,-19.040001,5.6,145.600006,0.158848,0.79424,-0.32704,188,454,683,1.6241791553618707
2024-04-25 14:17:24.284000+00:00,2024-04-25 14:15:30+00:00,2024-04-25 14:17:30+00:00,TABUENCA01-45,Sensoria-C1-EEA1,Right,Gait,1.0.5,40.3876772,-3.6291348,CB:AA:BC:3F:36:A5,SCKS,-0.507813,1.996095,0.273438,-34.720001,35.84,176.960007,0.18688,0.803584,-0.32704,187,468,687,2.0777482118481054
2024-04-25 14:17:24.292000+00:00,2024-04-25 14:15:30+00:00,2024-04-25 14:17:30+00:00,TABUENCA01-45,Sensoria-C1-E90A,Left,Gait,1.0.5,40.3876772,-3.6291348,F0:75:B1:51:59:F6,SCKS,-0.3125,1.718749,-0.53125,97.440002,26.880001,-176.960007,0.485888,0.551296,-0.252288,693,539,543,1.8259192034427483
2024-04-25 14:17:24.301000+00:00,2024-04-25 14:15:30+00:00,2024-04-25 14:17:30+00:00,TABUENCA01-45,Sensoria-C1-EEA1,Right,Gait,1.0.5,40.3876772,-3.6291348,CB:AA:BC:3F:36:A5,SCKS,-1.070313,1.996095,0.484375,-53.760002,63.84,208.320007,0.224256,0.803584,-0.336384,202,491,688,2.316157228604958
2024-04-25 14:17:24.325000+00:00,2024-04-25 14:15:30+00:00,2024-04-25 14:17:30+00:00,TABUENCA01-45,Sensoria-C1-E90A,Left,Gait,1.0.5,40.3876772,-3.6291348,F0:75:B1:51:59:F6,SCKS,-0.375,1.312499,0.4375,62.720001,5.6,-165.759995,0.457856,0.60736,-0.224256,691,545,441,1.4334172020040086
2024-04-25 14:17:24.333000+00:00,2024-04-25 14:15:30+00:00,2024-04-25 14:17:30+00:00,TABUENCA01-45,Sensoria-C1-EEA1,Right,Gait,1.0.5,40.3876772,-3.6291348,CB:AA:BC:3F:36:A5,SCKS,-0.253906,1.996095,-0.011719,-51.52,40.32,241.919998,0.270976,0.803584,-0.336384,235,527,686,2.012212921343564
2024-04-25 14:17:24.350000+00:00,2024-04-25 14:15:30+00:00,2024-04-25 14:17:30+00:00,TABUENCA01-45,Sensoria-C1-EEA1,Right,Gait,1.0.5,40.3876772,-3.6291348,CB:AA:BC:3F:36:A5,SCKS,-0.804688,1.996095,-0.519532,-22.4,4.48,268.799988,0.317696,0.803584,-0.336384,285,578,685,2.2140080228836116
2024-04-25 14:17:24.357000+00:00,2024-04-25 14:15:30+00:00,2024-04-25 14:17:30+00:00,TABUENCA01-45,Sensoria-C1-E90A,Left,Gait,1.0.5,40.3876772,-3.6291348,F0:75:B1:51:59:F6,SCKS,0.0,1.218749,-0.125,67.199997,4.48,-112.0,0.439168,0.626048,-0.2336,681,548,383,1.2251424917131069
2024-04-25 14:17:24.366000+00:00,2024-04-25 14:15:30+00:00,2024-04-25 14:17:30+00:00,TABUENCA01-45,Sensoria-C1-EEA1,Right,Gait,1.0.5,40.3876772,-3.6291348,CB:AA:BC:3F:36:A5,SCKS,-0.300781,1.996095,-0.683594,8.96,-100.800003,305.76001,0.317696,0.803584,-0.336384,350,630,684,2.131235607768883
2024-04-25 14:17:24.383000+00:00,2024-04-25 14:15:30+00:00,2024-04-25 14:17:30+00:00,TABUENCA01-45,Sensoria-C1-EEA1,Right,Gait,1.0.5,40.3876772,-3.6291348,CB:AA:BC:3F:36:A5,SCKS,-0.140625,0.558594,-0.621094,32.48,-20.16,217.279999,0.364416,0.812928,-0.336384,412,665,684,0.8470893720836072
2024-04-25 14:17:24.389000+00:00,2024-04-25 14:15:30+00:00,2024-04-25 14:17:30+00:00,TABUENCA01-45,Sensoria-C1-E90A,Left,Gait,1.0.5,40.3876772,-3.6291348,F0:75:B1:51:59:F6,SCKS,0.09375,0.968749,-0.1875,26.880001,-34.720001,-57.119999,0.42048,0.635392,-0.224256,665,541,346,0.9911709930688044
2024-04-25 14:17:24.399000+00:00,2024-04-25 14:15:30+00:00,2024-04-25 14:17:30+00:00,TABUENCA01-45,Sensoria-C1-EEA1,Right,Gait,1.0.5,40.3876772,-3.6291348,CB:AA:BC:3F:36:A5,SCKS,0.648438,0.554688,-0.828126,15.68,109.760002,131.039993,0.392448,0.803584,-0.32704,448,685,683,1.1890934736445238
2024-04-25 14:17:24.422000+00:00,2024-04-25 14:15:30+00:00,2024-04-25 14:17:30+00:00,TABUENCA01-45,Sensoria-C1-E90A,Left,Gait,1.0.5,40.3876772,-3.6291348,F0:75:B1:51:59:F6,SCKS,0.125,0.999999,-0.0625,8.96,-43.68,-25.76,0.42048,0.644736,-0.214912,652,531,327,1.009717410962592
2024-04-25 14:17:24.431000+00:00,2024-04-25 14:15:30+00:00,2024-04-25 14:17:30+00:00,TABUENCA01-45,Sensoria-C1-EEA1,Right,Gait,1.0.5,40.3876772,-3.6291348,CB:AA:BC:3F:36:A5,SCKS,-1.285157,0.289063,-0.433594,-5.6,211.680008,2.24,0.411136,0.803584,-0.336384,467,696,682,1.3867911484625217
2024-04-25 14:17:24.438000+00:00,2024-04-25 14:15:30+00:00,2024-04-25 14:17:30+00:00,TABUENCA01-45,Sensoria-C1-E90A,Left,Gait,1.0.5,40.3876772,-3.6291348,F0:75:B1:51:59:F6,SCKS,0.21875,0.968749,-0.15625,8.96,-38.080002,-7.84,0.411136,0.65408,-0.214912,645,522,320,1.005355782795822
2024-04-25 14:17:24.447000+00:00,2024-04-25 14:15:30+00:00,2024-04-25 14:17:30+00:00,TABUENCA01-45,Sensoria-C1-EEA1,Right,Gait,1.0.5,40.3876772,-3.6291348,CB:AA:BC:3F:36:A5,SCKS,-1.121095,0.128906,-0.023438,-35.84,161.279999,-56.0,0.411136,0.812928,-0.345728,473,701,679,1.128724986746107
2024-04-25 14:17:24.464000+00:00,2024-04-25 14:15:30+00:00,2024-04-25 14:17:30+00:00,TABUENCA01-45,Sensoria-C1-EEA1,Right,Gait,1.0.5,40.3876772,-3.6291348,CB:AA:BC:3F:36:A5,SCKS,-0.558594,-0.136719,0.097656,-1.12,76.160004,-85.120003,0.411136,0.812928,-0.345728,477,704,677,0.5833146973401236
2024-04-25 14:17:24.472000+00:00,2024-04-25 14:15:30+00:00,2024-04-25 14:17:30+00:00,TABUENCA01-45,Sensoria-C1-E90A,Left,Gait,1.0.5,40.3876772,-3.6291348,F0:75:B1:51:59:F6,SCKS,0.21875,0.9375,-0.125,1.12,-32.48,-13.440001,0.411136,0.65408,-0.205568,638,516,328,0.9707640354380667
2024-04-25 14:17:24.480000+00:00,2024-04-25 14:15:30+00:00,2024-04-25 14:17:30+00:00,TABUENCA01-45,Sensoria-C1-EEA1,Right,Gait,1.0.5,40.3876772,-3.6291348,CB:AA:BC:3F:36:A5,SCKS,-0.46875,-0.003906,0.03125,35.84,36.959999,-132.160004,0.383104,0.812928,-0.345728,479,705,676,0.46980674945768924
2024-04-25 14:17:24.503000+00:00,2024-04-25 14:15:30+00:00,2024-04-25 14:17:30+00:00,TABUENCA01-45,Sensoria-C1-E90A,Left,Gait,1.0.5,40.3876772,-3.6291348,F0:75:B1:51:59:F6,SCKS,0.15625,0.90625,-0.21875,1.12,-44.799999,-16.799999,0.401792,0.663424,-0.196224,633,508,355,0.9452802163908859
2024-04-25 14:17:24.528000+00:00,2024-04-25 14:15:30+00:00,2024-04-25 14:17:30+00:00,TABUENCA01-45,Sensoria-C1-EEA1,Right,Gait,1.0.5,40.3876772,-3.6291348,CB:AA:BC:3F:36:A5,SCKS,-0.566407,0.230469,-0.03125,42.560001,11.2,-183.680008,0.364416,0.822272,-0.336384,477,705,675,0.6122984665259256
2024-04-25 14:17:24.529000+00:00,2024-04-25 14:15:30+00:00,2024-04-25 14:17:30+00:00,TABUENCA01-45,Sensoria-C1-EEA1,Right,Gait,1.0.5,40.3876772,-3.6291348,CB:AA:BC:3F:36:A5,SCKS,-0.53125,0.402344,0.007813,38.080002,-15.68,-224.0,0.317696,0.822272,-0.336384,479,704,676,0.6664595260066436
2024-04-25 14:17:24.536000+00:00,2024-04-25 14:15:30+00:00,2024-04-25 14:17:30+00:00,TABUENCA01-45,Sensoria-C1-E90A,Left,Gait,1.0.5,40.3876772,-3.6291348,F0:75:B1:51:59:F6,SCKS,0.15625,0.9375,-0.09375,4.48,-51.52,-10.08,0.392448,0.663424,-0.18688,626,499,370,0.9550441743710079
2024-04-25 14:17:24.545000+00:00,2024-04-25 14:15:30+00:00,2024-04-25 14:17:30+00:00,TABUENCA01-45,Sensoria-C1-EEA1,Right,Gait,1.0.5,40.3876772,-3.6291348,CB:AA:BC:3F:36:A5,SCKS,-0.476563,0.507813,0.015625,41.439999,-42.560001,-262.079987,0.270976,0.822272,-0.336384,478,703,676,0.6965848667341259
2024-04-25 14:17:24.560000+00:00,2024-04-25 14:15:30+00:00,2024-04-25 14:17:30+00:00,TABUENCA01-45,Sensoria-C1-EEA1,Right,Gait,1.0.5,40.3876772,-3.6291348,CB:AA:BC:3F:36:A5,SCKS,-0.484375,0.734376,-0.007813,43.68,-59.360001,-293.440002,0.214912,0.812928,-0.32704,478,702,675,0.8797660444515917
2024-04-25 14:17:24.568000+00:00,2024-04-25 14:15:30+00:00,2024-04-25 14:17:30+00:00,TABUENCA01-45,Sensoria-C1-E90A,Left,Gait,1.0.5,40.3876772,-3.6291348,F0:75:B1:51:59:F6,SCKS,0.15625,0.968749,-0.1875,10.08,-35.84,-16.799999,0.392448,0.663424,-0.177536,617,488,387,0.9990219904992081
2024-04-25 14:17:24.579000+00:00,2024-04-25 14:15:30+00:00,2024-04-25 14:17:30+00:00,TABUENCA01-45,Sensoria-C1-EEA1,Right,Gait,1.0.5,40.3876772,-3.6291348,CB:AA:BC:3F:36:A5,SCKS,-0.464844,1.003907,-0.03125,36.959999,-62.720001,-320.320007,0.214912,0.812928,-0.32704,477,702,674,1.1067455766728864
2024-04-25 14:17:24.601000+00:00,2024-04-25 14:15:30+00:00,2024-04-25 14:17:30+00:00,TABUENCA01-45,Sensoria-C1-E90A,Left,Gait,1.0.5,40.3876772,-3.6291348,F0:75:B1:51:59:F6,SCKS,0.125,0.9375,-0.1875,6.72,-29.120001,-24.639999,0.383104,0.663424,-0.177536,604,471,400,0.9642030387838445
2024-04-25 14:17:24.609000+00:00,2024-04-25 14:15:30+00:00,2024-04-25 14:17:30+00:00,TABUENCA01-45,Sensoria-C1-EEA1,Right,Gait,1.0.5,40.3876772,-3.6291348,CB:AA:BC:3F:36:A5,SCKS,-0.378907,1.29297,-0.027344,25.76,-51.52,-344.959991,0.158848,0.79424,-0.317696,476,701,674,1.3476236974337459
2024-04-25 14:17:24.626000+00:00,2024-04-25 14:15:30+00:00,2024-04-25 14:17:30+00:00,TABUENCA01-45,Sensoria-C1-EEA1,Right,Gait,1.0.5,40.3876772,-3.6291348,CB:AA:BC:3F:36:A5,SCKS,-0.371094,1.707032,0.023438,10.08,-21.280001,-359.519989,0.102784,0.775552,-0.317696,476,699,671,1.7470599147436245
2024-04-25 14:17:24.633000+00:00,2024-04-25 14:15:30+00:00,2024-04-25 14:17:30+00:00,TABUENCA01-45,Sensoria-C1-E90A,Left,Gait,1.0.5,40.3876772,-3.6291348,F0:75:B1:51:59:F6,SCKS,0.125,0.968749,-0.1875,6.72,-26.880001,-29.120001,0.383104,0.672768,-0.177536,588,450,413,0.994613429931951
2024-04-25 14:17:24.642000+00:00,2024-04-25 14:15:30+00:00,2024-04-25 14:17:30+00:00,TABUENCA01-45,Sensoria-C1-EEA1,Right,Gait,1.0.5,40.3876772,-3.6291348,CB:AA:BC:3F:36:A5,SCKS,-0.320313,1.996095,0.15625,-1.12,16.799999,-360.640015,0.04672,0.738176,-0.317696,475,698,672,2.027661147601837
2024-04-25 14:17:24.658000+00:00,2024-04-25 14:15:30+00:00,2024-04-25 14:17:30+00:00,TABUENCA01-45,Sensoria-C1-EEA1,Right,Gait,1.0.5,40.3876772,-3.6291348,CB:AA:BC:3F:36:A5,SCKS,-0.234375,1.996095,0.238281,30.24,-16.799999,-372.959991,-0.009344,0.691456,-0.299008,476,699,672,2.023883574865659
2024-04-25 14:17:24.665000+00:00,2024-04-25 14:15:30+00:00,2024-04-25 14:17:30+00:00,TABUENCA01-45,Sensoria-C1-E90A,Left,Gait,1.0.5,40.3876772,-3.6291348,F0:75:B1:51:59:F6,SCKS,0.09375,0.968749,-0.1875,5.6,-26.880001,-35.84,0.37376,0.682112,-0.168192,570,423,431,0.9911709930688044
2024-04-25 14:17:24.690000+00:00,2024-04-25 14:15:30+00:00,2024-04-25 14:17:30+00:00,TABUENCA01-45,Sensoria-C1-EEA1,Right,Gait,1.0.5,40.3876772,-3.6291348,CB:AA:BC:3F:36:A5,SCKS,-0.015625,1.996095,-0.234375,30.24,-26.880001,-384.160004,-0.009344,0.691456,-0.299008,476,699,673,2.009868411183926
2024-04-25 14:17:24.706000+00:00,2024-04-25 14:15:30+00:00,2024-04-25 14:17:30+00:00,TABUENCA01-45,Sensoria-C1-EEA1,Right,Gait,1.0.5,40.3876772,-3.6291348,CB:AA:BC:3F:36:A5,SCKS,1.296876,1.996095,-0.144531,26.880001,-19.040001,-372.959991,-0.056064,0.635392,-0.32704,475,698,672,2.384779196982815
2024-04-25 14:17:24.713000+00:00,2024-04-25 14:15:30+00:00,2024-04-25 14:17:30+00:00,TABUENCA01-45,Sensoria-C1-E90A,Left,Gait,1.0.5,40.3876772,-3.6291348,F0:75:B1:51:59:F6,SCKS,0.09375,0.999999,-0.1875,6.72,-29.120001,-41.439999,0.364416,0.691456,-0.158848,543,394,452,1.0217354415410087
2024-04-25 14:17:24.723000+00:00,2024-04-25 14:15:30+00:00,2024-04-25 14:17:30+00:00,TABUENCA01-45,Sensoria-C1-EEA1,Right,Gait,1.0.5,40.3876772,-3.6291348,CB:AA:BC:3F:36:A5,SCKS,1.94922,1.996095,-0.394532,41.439999,22.4,-309.119995,-0.074752,0.579328,-0.32704,474,700,674,2.817713497935693
2024-04-25 14:17:24.730000+00:00,2024-04-25 14:15:30+00:00,2024-04-25 14:17:30+00:00,TABUENCA01-45,Sensoria-C1-E90A,Left,Gait,1.0.5,40.3876772,-3.6291348,F0:75:B1:51:59:F6,SCKS,0.09375,1.031249,-0.21875,1.12,-31.360001,-57.119999,0.345728,0.7008,-0.177536,509,361,488,1.0583549144785978
2024-04-25 14:17:24.739000+00:00,2024-04-25 14:15:30+00:00,2024-04-25 14:17:30+00:00,TABUENCA01-45,Sensoria-C1-EEA1,Right,Gait,1.0.5,40.3876772,-3.6291348,CB:AA:BC:3F:36:A5,SCKS,1.996095,1.437501,0.160156,67.199997,56.0,-182.559998,-0.102784,0.541952,-0.308352,475,699,674,2.4650465144418674
2024-04-25 14:17:24.763000+00:00,2024-04-25 14:15:30+00:00,2024-04-25 14:17:30+00:00,TABUENCA01-45,Sensoria-C1-E90A,Left,Gait,1.0.5,40.3876772,-3.6291348,F0:75:B1:51:59:F6,SCKS,0.09375,1.093749,-0.1875,-2.24,-35.84,-78.400002,0.32704,0.710144,-0.168192,473,324,540,1.113657122951674
2024-04-25 14:17:24.773000+00:00,2024-04-25 14:15:30+00:00,2024-04-25 14:17:30+00:00,TABUENCA01-45,Sensoria-C1-EEA1,Right,Gait,1.0.5,40.3876772,-3.6291348,CB:AA:BC:3F:36:A5,SCKS,1.996095,1.76172,0.757813,16.799999,94.080002,-44.799999,-0.09344,0.523264,-0.289664,473,700,678,2.7680919692802837
2024-04-25 14:17:24.779000+00:00,2024-04-25 14:15:30+00:00,2024-04-25 14:17:30+00:00,TABUENCA01-45,Sensoria-C1-E90A,Left,Gait,1.0.5,40.3876772,-3.6291348,F0:75:B1:51:59:F6,SCKS,0.0,1.093749,-0.03125,-3.36,-33.599998,-100.800003,0.317696,0.728832,-0.168192,434,292,599,1.0941953379086389
2024-04-25 14:17:24.788000+00:00,2024-04-25 14:15:30+00:00,2024-04-25 14:17:30+00:00,TABUENCA01-45,Sensoria-C1-EEA1,Right,Gait,1.0.5,40.3876772,-3.6291348,CB:AA:BC:3F:36:A5,SCKS,1.613282,1.734376,0.613282,-23.52,10.08,112.0,-0.09344,0.523264,-0.289664,476,702,683,2.4468048006377625
2024-04-25 14:17:24.804000+00:00,2024-04-25 14:15:30+00:00,2024-04-25 14:17:30+00:00,TABUENCA01-45,Sensoria-C1-EEA1,Right,Gait,1.0.5,40.3876772,-3.6291348,CB:AA:BC:3F:36:A5,SCKS,-0.148438,1.996095,-0.117188,5.6,-91.840004,207.199997,-0.09344,0.541952,-0.289664,475,702,683,2.0050341932777607
2024-04-25 14:17:24.811000+00:00,2024-04-25 14:15:30+00:00,2024-04-25 14:17:30+00:00,TABUENCA01-45,Sensoria-C1-E90A,Left,Gait,1.0.5,40.3876772,-3.6291348,F0:75:B1:51:59:F6,SCKS,0.0625,1.312499,-0.09375,2.24,-30.24,-112.0,0.28032,0.74752,-0.158848,388,263,652,1.3173264354369423
2024-04-25 14:17:24.820000+00:00,2024-04-25 14:15:30+00:00,2024-04-25 14:17:30+00:00,TABUENCA01-45,Sensoria-C1-EEA1,Right,Gait,1.0.5,40.3876772,-3.6291348,CB:AA:BC:3F:36:A5,SCKS,-2.000001,0.960938,0.492188,20.16,-73.919998,63.84,-0.084096,0.569984,-0.299008,477,699,671,2.272807705721934
2024-04-25 14:17:24.836000+00:00,2024-04-25 14:15:30+00:00,2024-04-25 14:17:30+00:00,TABUENCA01-45,Sensoria-C1-EEA1,Right,Gait,1.0.5,40.3876772,-3.6291348,CB:AA:BC:3F:36:A5,SCKS,0.179688,0.933594,1.527345,58.240002,-232.960007,194.880005,-0.084096,0.588672,-0.336384,484,703,645,1.799074285071353
2024-04-25 14:17:24.844000+00:00,2024-04-25 14:15:30+00:00,2024-04-25 14:17:30+00:00,TABUENCA01-45,Sensoria-C1-E90A,Left,Gait,1.0.5,40.3876772,-3.6291348,F0:75:B1:51:59:F6,SCKS,0.25,1.499999,-0.09375,-2.24,-15.68,-134.399994,0.252288,0.756864,-0.158848,381,276,665,1.5235767333813548
2024-04-25 14:17:24.871000+00:00,2024-04-25 14:15:30+00:00,2024-04-25 14:17:30+00:00,TABUENCA01-45,Sensoria-C1-EEA1,Right,Gait,1.0.5,40.3876772,-3.6291348,CB:AA:BC:3F:36:A5,SCKS,0.652344,1.847658,-0.085938,77.279999,-190.399994,222.880005,-0.065408,0.626048,-0.364416,493,708,601,1.961320503931981
2024-04-25 14:17:24.877000+00:00,2024-04-25 14:15:30+00:00,2024-04-25 14:17:30+00:00,TABUENCA01-45,Sensoria-C1-E90A,Left,Gait,1.0.5,40.3876772,-3.6291348,F0:75:B1:51:59:F6,SCKS,0.625,1.999999,-0.125,-12.32,-10.08,-160.160004,0.224256,0.766208,-0.158848,416,327,672,2.0991060001822204
2024-04-25 14:17:24.885000+00:00,2024-04-25 14:15:30+00:00,2024-04-25 14:17:30+00:00,TABUENCA01-45,Sensoria-C1-EEA1,Right,Gait,1.0.5,40.3876772,-3.6291348,CB:AA:BC:3F:36:A5,SCKS,0.148438,1.253907,0.3125,26.880001,23.52,200.479996,-0.065408,0.626048,-0.355072,496,711,541,1.3007585688716412
2024-04-25 14:17:24.901000+00:00,2024-04-25 14:15:30+00:00,2024-04-25 14:17:30+00:00,TABUENCA01-45,Sensoria-C1-EEA1,Right,Gait,1.0.5,40.3876772,-3.6291348,CB:AA:BC:3F:36:A5,SCKS,-0.042969,1.191407,-0.328125,36.959999,50.400002,170.240005,-0.04672,0.65408,-0.355072,498,714,477,1.236512430279211
2024-04-25 14:17:24.918000+00:00,2024-04-25 14:15:30+00:00,2024-04-25 14:17:30+00:00,TABUENCA01-45,Sensoria-C1-EEA1,Right,Gait,1.0.5,40.3876772,-3.6291348,CB:AA:BC:3F:36:A5,SCKS,-0.023438,1.183595,-0.597657,34.720001,-12.32,142.240005,-0.028032,0.672768,-0.336384,502,715,429,1.3261373810876458
2024-04-25 14:17:24.925000+00:00,2024-04-25 14:15:30+00:00,2024-04-25 14:17:30+00:00,TABUENCA01-45,Sensoria-C1-E90A,Left,Gait,1.0.5,40.3876772,-3.6291348,F0:75:B1:51:59:F6,SCKS,0.9375,2.031249,-0.1875,-32.48,-60.48,-178.080002,0.168192,0.784896,-0.168192,488,379,673,2.2450022271706103
2024-04-25 14:17:24.941000+00:00,2024-04-25 14:15:30+00:00,2024-04-25 14:17:30+00:00,TABUENCA01-45,Sensoria-C1-E90A,Left,Gait,1.0.5,40.3876772,-3.6291348,F0:75:B1:51:59:F6,SCKS,0.4375,2.031249,-0.40625,-25.76,-91.840004,-226.240005,0.121472,0.79424,-0.177536,552,434,681,2.117172126328183
2024-04-25 14:17:24.950000+00:00,2024-04-25 14:15:30+00:00,2024-04-25 14:17:30+00:00,TABUENCA01-45,Sensoria-C1-EEA1,Right,Gait,1.0.5,40.3876772,-3.6291348,CB:AA:BC:3F:36:A5,SCKS,0.027344,0.875001,0.152344,-14.56,-1.12,128.800003,-0.009344,0.691456,-0.336384,499,715,391,0.8885849079705327
2024-04-25 14:17:24.966000+00:00,2024-04-25 14:15:30+00:00,2024-04-25 14:17:30+00:00,TABUENCA01-45,Sensoria-C1-EEA1,Right,Gait,1.0.5,40.3876772,-3.6291348,CB:AA:BC:3F:36:A5,SCKS,-0.054688,1.027344,-0.078125,3.36,-8.96,99.68,-0.009344,0.710144,-0.345728,490,719,364,1.031760625002234
2024-04-25 14:17:24.974000+00:00,2024-04-25 14:15:30+00:00,2024-04-25 14:17:30+00:00,TABUENCA01-45,Sensoria-C1-E90A,Left,Gait,1.0.5,40.3876772,-3.6291348,F0:75:B1:51:59:F6,SCKS,0.78125,1.187499,-0.53125,0.0,-2.24,-255.360001,0.074752,0.79424,-0.168192,613,498,686,1.5174755352232205
2024-04-25 14:17:24.983000+00:00,2024-04-25 14:15:30+00:00,2024-04-25 14:17:30+00:00,TABUENCA01-45,Sensoria-C1-EEA1,Right,Gait,1.0.5,40.3876772,-3.6291348,CB:AA:BC:3F:36:A5,SCKS,-0.023438,0.984376,-0.011719,-8.96,-2.24,82.879997,0.0,0.710144,-0.345728,485,717,347,0.9847247250785368
2024-04-25 14:17:24.999000+00:00,2024-04-25 14:15:30+00:00,2024-04-25 14:17:30+00:00,TABUENCA01-45,Sensoria-C1-EEA1,Right,Gait,1.0.5,40.3876772,-3.6291348,CB:AA:BC:3F:36:A5,SCKS,-0.0625,1.000001,0.058594,-8.96,15.68,57.119999,0.0,0.710144,-0.345728,478,710,337,1.0036640408209312
2024-04-25 14:17:25.015000+00:00,2024-04-25 14:15:30+00:00,2024-04-25 14:17:30+00:00,TABUENCA01-45,Sensoria-C1-EEA1,Right,Gait,1.0.5,40.3876772,-3.6291348,CB:AA:BC:3F:36:A5,SCKS,-0.128906,0.968751,0.023438,-6.72,21.280001,39.200001,0.009344,0.719488,-0.336384,473,704,330,0.9775707630043975
2024-04-25 14:17:25.039000+00:00,2024-04-25 14:15:30+00:00,2024-04-25 14:17:30+00:00,TABUENCA01-45,Sensoria-C1-E90A,Left,Gait,1.0.5,40.3876772,-3.6291348,F0:75:B1:51:59:F6,SCKS,0.8125,0.34375,-0.21875,17.92,-141.119995,26.880001,0.0,0.784896,-0.177536,688,539,684,0.9089399732655616
2024-04-25 14:17:25.048000+00:00,2024-04-25 14:15:30+00:00,2024-04-25 14:17:30+00:00,TABUENCA01-45,Sensoria-C1-EEA1,Right,Gait,1.0.5,40.3876772,-3.6291348,CB:AA:BC:3F:36:A5,SCKS,-0.160156,0.972657,-0.019531,-4.48,13.440001,34.720001,0.009344,0.719488,-0.345728,470,697,328,0.9859477896653555
2024-04-25 14:17:25.064000+00:00,2024-04-25 14:15:30+00:00,2024-04-25 14:17:30+00:00,TABUENCA01-45,Sensoria-C1-EEA1,Right,Gait,1.0.5,40.3876772,-3.6291348,CB:AA:BC:3F:36:A5,SCKS,-0.171875,0.953126,0.003906,-1.12,6.72,36.959999,0.009344,0.719488,-0.32704,467,693,327,0.9685068117143008
2024-04-25 14:17:25.071000+00:00,2024-04-25 14:15:30+00:00,2024-04-25 14:17:30+00:00,TABUENCA01-45,Sensoria-C1-E90A,Left,Gait,1.0.5,40.3876772,-3.6291348,F0:75:B1:51:59:F6,SCKS,0.78125,0.09375,-0.03125,-4.48,-49.279999,119.840004,0.018688,0.79424,-0.168192,695,539,683,0.7874751980221345
2024-04-25 14:17:25.081000+00:00,2024-04-25 14:15:30+00:00,2024-04-25 14:17:30+00:00,TABUENCA01-45,Sensoria-C1-EEA1,Right,Gait,1.0.5,40.3876772,-3.6291348,CB:AA:BC:3F:36:A5,SCKS,-0.148438,0.957032,-0.019531,2.24,-3.36,39.200001,0.018688,0.728832,-0.336384,465,687,330,0.9686720543243724
2024-04-25 14:17:25.104000+00:00,2024-04-25 14:15:30+00:00,2024-04-25 14:17:30+00:00,TABUENCA01-45,Sensoria-C1-E90A,Left,Gait,1.0.5,40.3876772,-3.6291348,F0:75:B1:51:59:F6,SCKS,0.21875,0.15625,0.03125,-3.36,8.96,165.759995,0.04672,0.79424,-0.177536,701,540,683,0.2706329386826371
2024-04-25 14:17:25.113000+00:00,2024-04-25 14:15:30+00:00,2024-04-25 14:17:30+00:00,TABUENCA01-45,Sensoria-C1-EEA1,Right,Gait,1.0.5,40.3876772,-3.6291348,CB:AA:BC:3F:36:A5,SCKS,-0.128906,0.968751,-0.0625,-1.12,-1.12,40.32,0.018688,0.728832,-0.336384,463,684,331,0.979286223142652
2024-04-25 14:17:25.120000+00:00,2024-04-25 14:15:30+00:00,2024-04-25 14:17:30+00:00,TABUENCA01-45,Sensoria-C1-E90A,Left,Gait,1.0.5,40.3876772,-3.6291348,F0:75:B1:51:59:F6,SCKS,0.40625,0.40625,-0.125,14.56,11.2,230.720001,0.074752,0.79424,-0.168192,700,538,680,0.5879652413195868
2024-04-25 14:17:25.129000+00:00,2024-04-25 14:15:30+00:00,2024-04-25 14:17:30+00:00,TABUENCA01-45,Sensoria-C1-EEA1,Right,Gait,1.0.5,40.3876772,-3.6291348,CB:AA:BC:3F:36:A5,SCKS,-0.117188,0.980469,-0.089844,-6.72,10.08,39.200001,0.018688,0.728832,-0.32704,462,680,337,0.9915263141445113
2024-04-25 14:17:25.145000+00:00,2024-04-25 14:15:30+00:00,2024-04-25 14:17:30+00:00,TABUENCA01-45,Sensoria-C1-EEA1,Right,Gait,1.0.5,40.3876772,-3.6291348,CB:AA:BC:3F:36:A5,SCKS,-0.136719,0.972657,-0.0625,-10.08,22.4,38.080002,0.028032,0.728832,-0.336384,458,673,343,0.98420525024509
2024-04-25 14:17:25.153000+00:00,2024-04-25 14:15:30+00:00,2024-04-25 14:17:30+00:00,TABUENCA01-45,Sensoria-C1-E90A,Left,Gait,1.0.5,40.3876772,-3.6291348,F0:75:B1:51:59:F6,SCKS,0.34375,0.65625,-0.09375,3.36,23.52,273.279999,0.130816,0.784896,-0.158848,699,537,680,0.7467376965842826
2024-04-25 14:17:25.161000+00:00,2024-04-25 14:15:30+00:00,2024-04-25 14:17:30+00:00,TABUENCA01-45,Sensoria-C1-EEA1,Right,Gait,1.0.5,40.3876772,-3.6291348,CB:AA:BC:3F:36:A5,SCKS,-0.117188,0.972657,0.007813,-10.08,24.639999,41.439999,0.037376,0.738176,-0.32704,452,665,349,0.9797222616445949
2024-04-25 14:17:25.178000+00:00,2024-04-25 14:15:30+00:00,2024-04-25 14:17:30+00:00,TABUENCA01-45,Sensoria-C1-EEA1,Right,Gait,1.0.5,40.3876772,-3.6291348,CB:AA:BC:3F:36:A5,SCKS,-0.082031,0.980469,0.046875,-7.84,20.16,44.799999,0.037376,0.738176,-0.336384,439,652,357,0.9850105636727964
2024-04-25 14:17:25.185000+00:00,2024-04-25 14:15:30+00:00,2024-04-25 14:17:30+00:00,TABUENCA01-45,Sensoria-C1-E90A,Left,Gait,1.0.5,40.3876772,-3.6291348,F0:75:B1:51:59:F6,SCKS,0.28125,0.90625,-0.03125,5.6,40.32,313.600006,0.224256,0.766208,-0.18688,699,536,678,0.949403595685207
2024-04-25 14:17:25.210000+00:00,2024-04-25 14:15:30+00:00,2024-04-25 14:17:30+00:00,TABUENCA01-45,Sensoria-C1-EEA1,Right,Gait,1.0.5,40.3876772,-3.6291348,CB:AA:BC:3F:36:A5,SCKS,-0.058594,0.992188,0.0,-5.6,21.280001,47.040001,0.037376,0.738176,-0.336384,426,638,366,0.9939166384461022
2024-04-25 14:17:25.218000+00:00,2024-04-25 14:15:30+00:00,2024-04-25 14:17:30+00:00,TABUENCA01-45,Sensoria-C1-E90A,Left,Gait,1.0.5,40.3876772,-3.6291348,F0:75:B1:51:59:F6,SCKS,0.3125,1.312499,-0.03125,1.12,40.32,356.160004,0.289664,0.738176,-0.168192,697,535,678,1.3495504575602204
2024-04-25 14:17:25.226000+00:00,2024-04-25 14:15:30+00:00,2024-04-25 14:17:30+00:00,TABUENCA01-45,Sensoria-C1-EEA1,Right,Gait,1.0.5,40.3876772,-3.6291348,CB:AA:BC:3F:36:A5,SCKS,-0.085938,1.003907,-0.054688,-4.48,24.639999,45.920002,0.04672,0.74752,-0.32704,408,621,375,1.0090616343103131
2024-04-25 14:17:25.243000+00:00,2024-04-25 14:15:30+00:00,2024-04-25 14:17:30+00:00,TABUENCA01-45,Sensoria-C1-EEA1,Right,Gait,1.0.5,40.3876772,-3.6291348,CB:AA:BC:3F:36:A5,SCKS,-0.0625,1.003907,-0.007813,-5.6,22.4,48.16,0.056064,0.74752,-0.32704,386,601,388,1.00588098581194
2024-04-25 14:17:25.250000+00:00,2024-04-25 14:15:30+00:00,2024-04-25 14:17:30+00:00,TABUENCA01-45,Sensoria-C1-E90A,Left,Gait,1.0.5,40.3876772,-3.6291348,F0:75:B1:51:59:F6,SCKS,0.34375,1.968749,0.03125,-4.48,53.760002,377.440002,0.345728,0.7008,-0.177536,695,532,676,1.998777939142065
2024-04-25 14:17:25.259000+00:00,2024-04-25 14:15:30+00:00,2024-04-25 14:17:30+00:00,TABUENCA01-45,Sensoria-C1-EEA1,Right,Gait,1.0.5,40.3876772,-3.6291348,CB:AA:BC:3F:36:A5,SCKS,-0.03125,1.000001,-0.003906,-3.36,17.92,49.279999,0.056064,0.756864,-0.32704,363,579,404,1.0004967862702008
2024-04-25 14:17:25.275000+00:00,2024-04-25 14:15:30+00:00,2024-04-25 14:17:30+00:00,TABUENCA01-45,Sensoria-C1-EEA1,Right,Gait,1.0.5,40.3876772,-3.6291348,CB:AA:BC:3F:36:A5,SCKS,-0.035156,0.996094,0.0,-4.48,15.68,52.639999,0.056064,0.756864,-0.32704,338,554,423,0.9967142023529113
2024-04-25 14:17:25.283000+00:00,2024-04-25 14:15:30+00:00,2024-04-25 14:17:30+00:00,TABUENCA01-45,Sensoria-C1-E90A,Left,Gait,1.0.5,40.3876772,-3.6291348,F0:75:B1:51:59:F6,SCKS,0.03125,2.687499,-0.03125,-4.48,95.199997,397.600006,0.401792,0.65408,-0.18688,697,533,676,2.6878623476660777
2024-04-25 14:17:25.307000+00:00,2024-04-25 14:15:30+00:00,2024-04-25 14:17:30+00:00,TABUENCA01-45,Sensoria-C1-EEA1,Right,Gait,1.0.5,40.3876772,-3.6291348,CB:AA:BC:3F:36:A5,SCKS,-0.03125,1.039063,-0.019531,-7.84,8.96,63.84,0.074752,0.766208,-0.308352,304,522,455,1.0397162788136
2024-04-25 14:17:25.315000+00:00,2024-04-25 14:15:30+00:00,2024-04-25 14:17:30+00:00,TABUENCA01-45,Sensoria-C1-E90A,Left,Gait,1.0.5,40.3876772,-3.6291348,F0:75:B1:51:59:F6,SCKS,-0.6875,2.937498,-0.375,-42.560001,78.400002,381.920013,0.457856,0.598016,-0.18688,694,533,675,3.0400946942495066
2024-04-25 14:17:25.324000+00:00,2024-04-25 14:15:30+00:00,2024-04-25 14:17:30+00:00,TABUENCA01-45,Sensoria-C1-EEA1,Right,Gait,1.0.5,40.3876772,-3.6291348,CB:AA:BC:3F:36:A5,SCKS,-0.058594,1.10547,-0.003906,-10.08,6.72,73.919998,0.084096,0.766208,-0.32704,280,499,493,1.1070286511974294
2024-04-25 14:17:25.340000+00:00,2024-04-25 14:15:30+00:00,2024-04-25 14:17:30+00:00,TABUENCA01-45,Sensoria-C1-EEA1,Right,Gait,1.0.5,40.3876772,-3.6291348,CB:AA:BC:3F:36:A5,SCKS,-0.113281,1.191407,0.105469,-13.440001,5.6,88.480003,0.084096,0.766208,-0.32704,259,477,542,1.2014187174216158
2024-04-25 14:17:25.347000+00:00,2024-04-25 14:15:30+00:00,2024-04-25 14:17:30+00:00,TABUENCA01-45,Sensoria-C1-E90A,Left,Gait,1.0.5,40.3876772,-3.6291348,F0:75:B1:51:59:F6,SCKS,-3.218748,1.343749,-0.46875,-6.72,25.76,208.320007,0.51392,0.485888,-0.242944,692,534,680,3.5193361057172416
2024-04-25 14:17:25.356000+00:00,2024-04-25 14:15:30+00:00,2024-04-25 14:17:30+00:00,TABUENCA01-45,Sensoria-C1-EEA1,Right,Gait,1.0.5,40.3876772,-3.6291348,CB:AA:BC:3F:36:A5,SCKS,-0.097656,1.144532,0.214844,-10.08,-8.96,103.040001,0.09344,0.775552,-0.32704,237,457,592,1.1686094889637002
2024-04-25 14:17:25.380000+00:00,2024-04-25 14:15:30+00:00,2024-04-25 14:17:30+00:00,TABUENCA01-45,Sensoria-C1-E90A,Left,Gait,1.0.5,40.3876772,-3.6291348,F0:75:B1:51:59:F6,SCKS,-3.062498,1.499999,-0.40625,19.040001,-91.840004,32.48,0.523264,0.4672,-0.2336,690,534,687,3.4342291802535545
2024-04-25 14:17:25.389000+00:00,2024-04-25 14:15:30+00:00,2024-04-25 14:17:30+00:00,TABUENCA01-45,Sensoria-C1-EEA1,Right,Gait,1.0.5,40.3876772,-3.6291348,CB:AA:BC:3F:36:A5,SCKS,-0.121094,1.328126,0.078125,14.56,-33.599998,113.120003,0.112128,0.784896,-0.317696,219,444,630,1.3359213840406179
2024-04-25 14:17:25.405000+00:00,2024-04-25 14:15:30+00:00,2024-04-25 14:17:30+00:00,TABUENCA01-45,Sensoria-C1-EEA1,Right,Gait,1.0.5,40.3876772,-3.6291348,CB:AA:BC:3F:36:A5,SCKS,-0.113281,1.453126,-0.109375,-3.36,-32.48,128.800003,0.130816,0.79424,-0.32704,205,435,656,1.461632870272833
2024-04-25 14:17:25.412000+00:00,2024-04-25 14:15:30+00:00,2024-04-25 14:17:30+00:00,TABUENCA01-45,Sensoria-C1-E90A,Left,Gait,1.0.5,40.3876772,-3.6291348,F0:75:B1:51:59:F6,SCKS,2.281249,1.187499,0.25,22.4,76.160004,-136.639999,0.504576,0.485888,-0.214912,690,532,674,2.583940958110692
2024-04-25 14:17:25.421000+00:00,2024-04-25 14:15:30+00:00,2024-04-25 14:17:30+00:00,TABUENCA01-45,Sensoria-C1-EEA1,Right,Gait,1.0.5,40.3876772,-3.6291348,CB:AA:BC:3F:36:A5,SCKS,-0.21875,1.550782,-0.039063,-30.24,-7.84,150.080002,0.158848,0.79424,-0.336384,195,436,671,1.566621298206111
2024-04-25 14:17:25.438000+00:00,2024-04-25 14:15:30+00:00,2024-04-25 14:17:30+00:00,TABUENCA01-45,Sensoria-C1-EEA1,Right,Gait,1.0.5,40.3876772,-3.6291348,CB:AA:BC:3F:36:A5,SCKS,-0.511719,1.85547,0.207031,-40.32,16.799999,172.479996,0.158848,0.79424,-0.336384,193,445,677,1.9358427340106945
2024-04-25 14:17:25.445000+00:00,2024-04-25 14:15:30+00:00,2024-04-25 14:17:30+00:00,TABUENCA01-45,Sensoria-C1-E90A,Left,Gait,1.0.5,40.3876772,-3.6291348,F0:75:B1:51:59:F6,SCKS,-0.75,1.312499,0.6875,66.080002,185.919998,-225.119995,0.504576,0.523264,-0.242944,696,535,633,1.66066549160299
2024-04-25 14:17:25.461000+00:00,2024-04-25 14:15:30+00:00,2024-04-25 14:17:30+00:00,TABUENCA01-45,Sensoria-C1-E90A,Left,Gait,1.0.5,40.3876772,-3.6291348,F0:75:B1:51:59:F6,SCKS,-0.09375,1.468749,-0.59375,95.199997,10.08,-184.800003,0.485888,0.551296,-0.252288,693,539,519,1.5869945652084005
2024-04-25 14:17:25.470000+00:00,2024-04-25 14:15:30+00:00,2024-04-25 14:17:30+00:00,TABUENCA01-45,Sensoria-C1-EEA1,Right,Gait,1.0.5,40.3876772,-3.6291348,CB:AA:BC:3F:36:A5,SCKS,-0.839844,1.996095,0.390625,-53.760002,31.360001,198.240005,0.18688,0.803584,-0.32704,200,459,682,2.200527455858254
2024-04-25 14:17:25.486000+00:00,2024-04-25 14:15:30+00:00,2024-04-25 14:17:30+00:00,TABUENCA01-45,Sensoria-C1-EEA1,Right,Gait,1.0.5,40.3876772,-3.6291348,CB:AA:BC:3F:36:A5,SCKS,-0.953126,1.996095,0.308594,-61.599998,43.68,232.960007,0.224256,0.812928,-0.345728,222,477,684,2.2333998024843202
2024-04-25 14:17:25.493000+00:00,2024-04-25 14:15:30+00:00,2024-04-25 14:17:30+00:00,TABUENCA01-45,Sensoria-C1-E90A,Left,Gait,1.0.5,40.3876772,-3.6291348,F0:75:B1:51:59:F6,SCKS,-0.34375,1.124999,0.21875,61.599998,-21.280001,-169.119995,0.4672,0.598016,-0.261632,690,545,421,1.1965109172092832
2024-04-25 14:17:25.502000+00:00,2024-04-25 14:15:30+00:00,2024-04-25 14:17:30+00:00,TABUENCA01-45,Sensoria-C1-EEA1,Right,Gait,1.0.5,40.3876772,-3.6291348,CB:AA:BC:3F:36:A5,SCKS,-0.554688,1.996095,-0.4375,-40.32,8.96,268.799988,0.270976,0.812928,-0.345728,261,516,684,2.1174230272595507
2024-04-25 14:17:25.518000+00:00,2024-04-25 14:15:30+00:00,2024-04-25 14:17:30+00:00,TABUENCA01-45,Sensoria-C1-EEA1,Right,Gait,1.0.5,40.3876772,-3.6291348,CB:AA:BC:3F:36:A5,SCKS,-0.664063,1.996095,-0.746094,-28.0,-69.440002,301.279999,0.317696,0.812928,-0.355072,317,572,681,2.232046409425664
2024-04-25 14:17:25.526000+00:00,2024-04-25 14:15:30+00:00,2024-04-25 14:17:30+00:00,TABUENCA01-45,Sensoria-C1-E90A,Left,Gait,1.0.5,40.3876772,-3.6291348,F0:75:B1:51:59:F6,SCKS,-0.1875,1.187499,-0.125,61.599998,-2.24,-114.239998,0.448512,0.616704,-0.2336,685,548,371,1.2086914928967607
2024-04-25 14:17:25.534000+00:00,2024-04-25 14:15:30+00:00,2024-04-25 14:17:30+00:00,TABUENCA01-45,Sensoria-C1-EEA1,Right,Gait,1.0.5,40.3876772,-3.6291348,CB:AA:BC:3F:36:A5,SCKS,-0.472657,1.218751,-0.546875,16.799999,-92.959999,300.160004,0.317696,0.812928,-0.355072,381,627,682,1.416979500654473
2024-04-25 14:17:25.558000+00:00,2024-04-25 14:15:30+00:00,2024-04-25 14:17:30+00:00,TABUENCA01-45,Sensoria-C1-E90A,Left,Gait,1.0.5,40.3876772,-3.6291348,F0:75:B1:51:59:F6,SCKS,0.125,0.968749,-0.21875,21.280001,-42.560001,-44.799999,0.429824,0.644736,-0.224256,672,543,343,1.0009751183226285
2024-04-25 14:17:25.567000+00:00,2024-04-25 14:15:30+00:00,2024-04-25 14:17:30+00:00,TABUENCA01-45,Sensoria-C1-EEA1,Right,Gait,1.0.5,40.3876772,-3.6291348,CB:AA:BC:3F:36:A5,SCKS,-0.324219,0.355469,-0.507813,28.0,-39.200001,211.680008,0.37376,0.812928,-0.355072,433,662,679,0.6995357123771451
2024-04-25 14:17:25.583000+00:00,2024-04-25 14:15:30+00:00,2024-04-25 14:17:30+00:00,TABUENCA01-45,Sensoria-C1-EEA1,Right,Gait,1.0.5,40.3876772,-3.6291348,CB:AA:BC:3F:36:A5,SCKS,0.203125,0.781251,-0.585938,4.48,97.440002,128.800003,0.401792,0.803584,-0.336384,461,682,679,0.9974649018737451
2024-04-25 14:17:25.591000+00:00,2024-04-25 14:15:30+00:00,2024-04-25 14:17:30+00:00,TABUENCA01-45,Sensoria-C1-E90A,Left,Gait,1.0.5,40.3876772,-3.6291348,F0:75:B1:51:59:F6,SCKS,0.15625,0.999999,-0.03125,10.08,-40.32,-16.799999,0.42048,0.644736,-0.205568,661,533,329,1.0126147465848006
2024-04-25 14:17:25.600000+00:00,2024-04-25 14:15:30+00:00,2024-04-25 14:17:30+00:00,TABUENCA01-45,Sensoria-C1-EEA1,Right,Gait,1.0.5,40.3876772,-3.6291348,CB:AA:BC:3F:36:A5,SCKS,-1.339845,0.285156,-0.40625,-23.52,160.160004,1.12,0.411136,0.803584,-0.355072,474,693,678,1.428823862784003
2024-04-25 14:17:25.616000+00:00,2024-04-25 14:15:30+00:00,2024-04-25 14:17:30+00:00,TABUENCA01-45,Sensoria-C1-EEA1,Right,Gait,1.0.5,40.3876772,-3.6291348,CB:AA:BC:3F:36:A5,SCKS,-0.996094,0.164063,-0.058594,-32.48,100.800003,-48.16,0.401792,0.803584,-0.364416,481,698,677,1.011213717094957
2024-04-25 14:17:25.623000+00:00,2024-04-25 14:15:30+00:00,2024-04-25 14:17:30+00:00,TABUENCA01-45,Sensoria-C1-E90A,Left,Gait,1.0.5,40.3876772,-3.6291348,F0:75:B1:51:59:F6,SCKS,0.21875,0.968749,-0.09375,5.6,-26.880001,-14.56,0.42048,0.65408,-0.205568,651,523,327,0.9975546350957425
2024-04-25 14:17:25.648000+00:00,2024-04-25 14:15:30+00:00,2024-04-25 14:17:30+00:00,TABUENCA01-45,Sensoria-C1-EEA1,Right,Gait,1.0.5,40.3876772,-3.6291348,CB:AA:BC:3F:36:A5,SCKS,-0.53125,-0.03125,-0.027344,3.36,35.84,-79.519997,0.383104,0.812928,-0.364416,482,701,675,0.5328703588453763
2024-04-25 14:17:25.656000+00:00,2024-04-25 14:15:30+00:00,2024-04-25 14:17:30+00:00,TABUENCA01-45,Sensoria-C1-E90A,Left,Gait,1.0.5,40.3876772,-3.6291348,F0:75:B1:51:59:F6,SCKS,0.21875,0.9375,-0.3125,-1.12,-26.880001,-16.799999,0.411136,0.65408,-0.205568,637,509,352,1.0121334212938529
2024-04-25 14:17:25.664000+00:00,2024-04-25 14:15:30+00:00,2024-04-25 14:17:30+00:00,TABUENCA01-45,Sensoria-C1-EEA1,Right,Gait,1.0.5,40.3876772,-3.6291348,CB:AA:BC:3F:36:A5,SCKS,-0.519532,0.085938,-0.105469,26.880001,11.2,-124.32,0.383104,0.812928,-0.364416,484,703,675,0.5370498569304343
2024-04-25 14:17:25.681000+00:00,2024-04-25 14:15:30+00:00,2024-04-25 14:17:30+00:00,TABUENCA01-45,Sensoria-C1-EEA1,Right,Gait,1.0.5,40.3876772,-3.6291348,CB:AA:BC:3F:36:A5,SCKS,-0.550782,0.253906,-0.113281,29.120001,-8.96,-169.119995,0.355072,0.822272,-0.364416,481,701,673,0.6169778385979516
2024-04-25 14:17:25.688000+00:00,2024-04-25 14:15:30+00:00,2024-04-25 14:17:30+00:00,TABUENCA01-45,Sensoria-C1-E90A,Left,Gait,1.0.5,40.3876772,-3.6291348,F0:75:B1:51:59:F6,SCKS,0.15625,0.9375,-0.09375,-4.48,-36.959999,-11.2,0.401792,0.663424,-0.18688,623,497,378,0.9550441743710079
2024-04-25 14:17:25.697000+00:00,2024-04-25 14:15:30+00:00,2024-04-25 14:17:30+00:00,TABUENCA01-45,Sensoria-C1-EEA1,Right,Gait,1.0.5,40.3876772,-3.6291348,CB:AA:BC:3F:36:A5,SCKS,-0.46875,0.335938,-0.089844,25.76,-29.120001,-211.680008,0.317696,0.822272,-0.355072,482,701,673,0.5836547324232024
2024-04-25 14:17:25.721000+00:00,2024-04-25 14:15:30+00:00,2024-04-25 14:17:30+00:00,TABUENCA01-45,Sensoria-C1-E90A,Left,Gait,1.0.5,40.3876772,-3.6291348,F0:75:B1:51:59:F6,SCKS,0.1875,0.9375,-0.1875,1.12,-39.200001,-16.799999,0.401792,0.672768,-0.196224,605,479,403,0.9742785792574935
2024-04-25 14:17:25.730000+00:00,2024-04-25 14:15:30+00:00,2024-04-25 14:17:30+00:00,TABUENCA01-45,Sensoria-C1-EEA1,Right,Gait,1.0.5,40.3876772,-3.6291348,CB:AA:BC:3F:36:A5,SCKS,-0.460938,0.484375,-0.121094,31.360001,-56.0,-274.399994,0.270976,0.812928,-0.355072,483,701,673,0.6795194900111402
2024-04-25 14:17:25.746000+00:00,2024-04-25 14:15:30+00:00,2024-04-25 14:17:30+00:00,TABUENCA01-45,Sensoria-C1-EEA1,Right,Gait,1.0.5,40.3876772,-3.6291348,CB:AA:BC:3F:36:A5,SCKS,-0.457032,0.812501,-0.125,29.120001,-68.32,-302.399994,0.214912,0.812928,-0.355072,481,701,672,0.9405642583178462
2024-04-25 14:17:25.753000+00:00,2024-04-25 14:15:30+00:00,2024-04-25 14:17:30+00:00,TABUENCA01-45,Sensoria-C1-E90A,Left,Gait,1.0.5,40.3876772,-3.6291348,F0:75:B1:51:59:F6,SCKS,0.15625,0.9375,-0.21875,4.48,-39.200001,-28.0,0.401792,0.663424,-0.18688,583,461,436,0.9752804083954522
2024-04-25 14:17:25.763000+00:00,2024-04-25 14:15:30+00:00,2024-04-25 14:17:30+00:00,TABUENCA01-45,Sensoria-C1-EEA1,Right,Gait,1.0.5,40.3876772,-3.6291348,CB:AA:BC:3F:36:A5,SCKS,-0.367188,1.054688,-0.128906,25.76,-72.800003,-331.519989,0.214912,0.812928,-0.355072,482,700,671,1.1241932936661738
2024-04-25 14:17:25.779000+00:00,2024-04-25 14:15:30+00:00,2024-04-25 14:17:30+00:00,TABUENCA01-45,Sensoria-C1-EEA1,Right,Gait,1.0.5,40.3876772,-3.6291348,CB:AA:BC:3F:36:A5,SCKS,-0.398438,1.375001,-0.140625,16.799999,-59.360001,-358.399994,0.158848,0.803584,-0.345728,480,698,670,1.4384561100256066
2024-04-25 14:17:25.786000+00:00,2024-04-25 14:15:30+00:00,2024-04-25 14:17:30+00:00,TABUENCA01-45,Sensoria-C1-E90A,Left,Gait,1.0.5,40.3876772,-3.6291348,F0:75:B1:51:59:F6,SCKS,0.125,0.9375,-0.1875,10.08,-47.040001,-33.599998,0.383104,0.672768,-0.18688,558,442,464,0.9642030387838445
2024-04-25 14:17:25.795000+00:00,2024-04-25 14:15:30+00:00,2024-04-25 14:17:30+00:00,TABUENCA01-45,Sensoria-C1-EEA1,Right,Gait,1.0.5,40.3876772,-3.6291348,CB:AA:BC:3F:36:A5,SCKS,-0.382813,1.785158,-0.050781,3.36,-29.120001,-374.079987,0.09344,0.775552,-0.345728,481,698,671,1.8264483534701987
2024-04-25 14:17:25.802000+00:00,2024-04-25 14:15:30+00:00,2024-04-25 14:17:30+00:00,TABUENCA01-45,Sensoria-C1-E90A,Left,Gait,1.0.5,40.3876772,-3.6291348,F0:75:B1:51:59:F6,SCKS,0.125,0.968749,-0.1875,14.56,-50.400002,-39.200001,0.383104,0.682112,-0.168192,529,417,495,0.994613429931951
2024-04-25 14:17:25.827000+00:00,2024-04-25 14:15:30+00:00,2024-04-25 14:17:30+00:00,TABUENCA01-45,Sensoria-C1-EEA1,Right,Gait,1.0.5,40.3876772,-3.6291348,CB:AA:BC:3F:36:A5,SCKS,-0.375,1.996095,-0.03125,11.2,-16.799999,-384.160004,0.037376,0.728832,-0.355072,481,698,669,2.0312549843692693
2024-04-25 14:17:25.835000+00:00,2024-04-25 14:15:30+00:00,2024-04-25 14:17:30+00:00,TABUENCA01-45,Sensoria-C1-E90A,Left,Gait,1.0.5,40.3876772,-3.6291348,F0:75:B1:51:59:F6,SCKS,0.09375,0.968749,-0.1875,14.56,-49.279999,-45.920002,0.364416,0.691456,-0.158848,498,389,528,0.9911709930688044
2024-04-25 14:17:25.844000+00:00,2024-04-25 14:15:30+00:00,2024-04-25 14:17:30+00:00,TABUENCA01-45,Sensoria-C1-EEA1,Right,Gait,1.0.5,40.3876772,-3.6291348,CB:AA:BC:3F:36:A5,SCKS,0.0,1.996095,-0.410157,44.799999,-42.560001,-392.0,-0.009344,0.682112,-0.345728,480,697,669,2.037798815799538
2024-04-25 14:17:25.860000+00:00,2024-04-25 14:15:30+00:00,2024-04-25 14:17:30+00:00,TABUENCA01-45,Sensoria-C1-EEA1,Right,Gait,1.0.5,40.3876772,-3.6291348,CB:AA:BC:3F:36:A5,SCKS,0.972657,1.996095,-0.109375,48.16,-34.720001,-394.23999,-0.009344,0.682112,-0.345728,480,699,669,2.2231553655331875
2024-04-25 14:17:25.867000+00:00,2024-04-25 14:15:30+00:00,2024-04-25 14:17:30+00:00,TABUENCA01-45,Sensoria-C1-E90A,Left,Gait,1.0.5,40.3876772,-3.6291348,F0:75:B1:51:59:F6,SCKS,0.125,1.031249,-0.1875,8.96,-48.16,-52.639999,0.355072,0.691456,-0.168192,465,362,570,1.0555831326811735
2024-04-25 14:17:25.876000+00:00,2024-04-25 14:15:30+00:00,2024-04-25 14:17:30+00:00,TABUENCA01-45,Sensoria-C1-EEA1,Right,Gait,1.0.5,40.3876772,-3.6291348,CB:AA:BC:3F:36:A5,SCKS,1.691407,1.996095,-0.253906,36.959999,13.440001,-376.320007,-0.056064,0.626048,-0.355072,479,698,670,2.628634844460143
2024-04-25 14:17:25.900000+00:00,2024-04-25 14:15:30+00:00,2024-04-25 14:17:30+00:00,TABUENCA01-45,Sensoria-C1-E90A,Left,Gait,1.0.5,40.3876772,-3.6291348,F0:75:B1:51:59:F6,SCKS,0.09375,1.062499,-0.15625,2.24,-43.68,-67.199997,0.345728,0.7008,-0.149504,428,333,615,1.078010783805524
2024-04-25 14:17:25.909000+00:00,2024-04-25 14:15:30+00:00,2024-04-25 14:17:30+00:00,TABUENCA01-45,Sensoria-C1-EEA1,Right,Gait,1.0.5,40.3876772,-3.6291348,CB:AA:BC:3F:36:A5,SCKS,1.996095,1.996095,0.0,54.880001,36.959999,-277.76001,-0.084096,0.579328,-0.336384,478,698,671,2.822904620785123
2024-04-25 14:17:25.925000+00:00,2024-04-25 14:15:30+00:00,2024-04-25 14:17:30+00:00,TABUENCA01-45,Sensoria-C1-EEA1,Right,Gait,1.0.5,40.3876772,-3.6291348,CB:AA:BC:3F:36:A5,SCKS,1.996095,1.656251,0.1875,62.720001,38.080002,-160.160004,-0.102784,0.541952,-0.32704,479,699,674,2.600522807826534
2024-04-25 14:17:25.941000+00:00,2024-04-25 14:15:30+00:00,2024-04-25 14:17:30+00:00,TABUENCA01-45,Sensoria-C1-EEA1,Right,Gait,1.0.5,40.3876772,-3.6291348,CB:AA:BC:3F:36:A5,SCKS,1.996095,1.714845,0.835938,26.880001,58.240002,-17.92,-0.09344,0.532608,-0.308352,478,700,676,2.7611376211435026
2024-04-25 14:17:25.949000+00:00,2024-04-25 14:15:30+00:00,2024-04-25 14:17:30+00:00,TABUENCA01-45,Sensoria-C1-E90A,Left,Gait,1.0.5,40.3876772,-3.6291348,F0:75:B1:51:59:F6,SCKS,0.125,1.156249,-0.09375,-1.12,-39.200001,-84.0,0.308352,0.719488,-0.149504,395,308,649,1.1667586779197316
2024-04-25 14:17:25.957000+00:00,2024-04-25 14:15:30+00:00,2024-04-25 14:17:30+00:00,TABUENCA01-45,Sensoria-C1-EEA1,Right,Gait,1.0.5,40.3876772,-3.6291348,CB:AA:BC:3F:36:A5,SCKS,0.757813,1.515626,1.039063,10.08,-47.040001,116.480003,-0.09344,0.532608,-0.308352,477,700,676,1.9877259954063085
2024-04-25 14:17:25.965000+00:00,2024-04-25 14:15:30+00:00,2024-04-25 14:17:30+00:00,TABUENCA01-45,Sensoria-C1-E90A,Left,Gait,1.0.5,40.3876772,-3.6291348,F0:75:B1:51:59:F6,SCKS,0.1875,1.249999,-0.125,7.84,-24.639999,-107.520004,0.299008,0.728832,-0.14016,368,294,670,1.2701491054206984
2024-04-25 14:17:25.989000+00:00,2024-04-25 14:15:30+00:00,2024-04-25 14:17:30+00:00,TABUENCA01-45,Sensoria-C1-EEA1,Right,Gait,1.0.5,40.3876772,-3.6291348,CB:AA:BC:3F:36:A5,SCKS,-2.000001,0.917969,0.710938,52.639999,-188.160004,85.120003,-0.09344,0.551296,-0.32704,482,700,658,2.3125967925269637
2024-04-25 14:17:25.998000+00:00,2024-04-25 14:15:30+00:00,2024-04-25 14:17:30+00:00,TABUENCA01-45,Sensoria-C1-E90A,Left,Gait,1.0.5,40.3876772,-3.6291348,F0:75:B1:51:59:F6,SCKS,0.34375,1.562499,-0.03125,5.6,-19.040001,-150.080002,0.242944,0.756864,-0.130816,351,309,681,1.6001699128533196
2024-04-25 14:17:26.006000+00:00,2024-04-25 14:15:30+00:00,2024-04-25 14:17:30+00:00,TABUENCA01-45,Sensoria-C1-EEA1,Right,Gait,1.0.5,40.3876772,-3.6291348,CB:AA:BC:3F:36:A5,SCKS,0.628907,1.214845,1.359376,71.68,-234.080002,225.119995,-0.084096,0.579328,-0.364416,491,705,622,1.9285423246716678
2024-04-25 14:17:26.022000+00:00,2024-04-25 14:15:30+00:00,2024-04-25 14:17:30+00:00,TABUENCA01-45,Sensoria-C1-EEA1,Right,Gait,1.0.5,40.3876772,-3.6291348,CB:AA:BC:3F:36:A5,SCKS,0.65625,1.996095,0.171875,76.160004,-128.800003,228.479996,-0.074752,0.616704,-0.383104,495,708,560,2.108222077284554
2024-04-25 14:17:26.038000+00:00,2024-04-25 14:15:30+00:00,2024-04-25 14:17:30+00:00,TABUENCA01-45,Sensoria-C1-EEA1,Right,Gait,1.0.5,40.3876772,-3.6291348,CB:AA:BC:3F:36:A5,SCKS,0.121094,1.531251,-0.539063,60.48,30.24,197.119995,-0.056064,0.65408,-0.37376,500,712,478,1.6278766230295219
2024-04-25 14:17:26.046000+00:00,2024-04-25 14:15:30+00:00,2024-04-25 14:17:30+00:00,TABUENCA01-45,Sensoria-C1-E90A,Left,Gait,1.0.5,40.3876772,-3.6291348,F0:75:B1:51:59:F6,SCKS,0.5625,1.906249,0.125,-1.12,-21.280001,-170.240005,0.242944,0.756864,-0.130816,368,345,679,1.9914357885708995
2024-04-25 14:17:26.054000+00:00,2024-04-25 14:15:30+00:00,2024-04-25 14:17:30+00:00,TABUENCA01-45,Sensoria-C1-EEA1,Right,Gait,1.0.5,40.3876772,-3.6291348,CB:AA:BC:3F:36:A5,SCKS,0.066406,1.226563,-0.105469,11.2,15.68,182.559998,-0.037376,0.682112,-0.364416,499,713,417,1.2328788504009631
2024-04-25 14:17:26.063000+00:00,2024-04-25 14:15:30+00:00,2024-04-25 14:17:30+00:00,TABUENCA01-45,Sensoria-C1-E90A,Left,Gait,1.0.5,40.3876772,-3.6291348,F0:75:B1:51:59:F6,SCKS,0.999999,2.124999,-0.0625,-26.880001,-59.360001,-188.160004,0.177536,0.784896,-0.149504,434,398,680,2.3493669360068044
2024-04-25 14:17:26.087000+00:00,2024-04-25 14:15:30+00:00,2024-04-25 14:17:30+00:00,TABUENCA01-45,Sensoria-C1-EEA1,Right,Gait,1.0.5,40.3876772,-3.6291348,CB:AA:BC:3F:36:A5,SCKS,-0.136719,0.781251,-0.285156,12.32,-1.12,142.240005,-0.037376,0.682112,-0.364416,496,713,384,0.8428280692395099
2024-04-25 14:17:26.104000+00:00,2024-04-25 14:15:30+00:00,2024-04-25 14:17:30+00:00,TABUENCA01-45,Sensoria-C1-EEA1,Right,Gait,1.0.5,40.3876772,-3.6291348,CB:AA:BC:3F:36:A5,SCKS,0.0625,1.031251,0.054688,-11.2,-13.440001,122.080002,-0.018688,0.7008,-0.37376,487,716,359,1.0345896057592112
2024-04-25 14:17:26.126000+00:00,2024-04-25 14:15:30+00:00,2024-04-25 14:17:30+00:00,TABUENCA01-45,Sensoria-C1-E90A,Left,Gait,1.0.5,40.3876772,-3.6291348,F0:75:B1:51:59:F6,SCKS,0.4375,2.343749,-0.53125,-8.96,-76.160004,-238.559998,0.130816,0.784896,-0.14016,511,455,683,2.4427018212424128
2024-04-25 14:17:26.128000+00:00,2024-04-25 14:15:30+00:00,2024-04-25 14:17:30+00:00,TABUENCA01-45,Sensoria-C1-E90A,Left,Gait,1.0.5,40.3876772,-3.6291348,F0:75:B1:51:59:F6,SCKS,0.90625,1.468749,-0.5,7.84,19.040001,-272.160004,0.084096,0.79424,-0.149504,590,510,686,1.7968062465110144
2024-04-25 14:17:26.135000+00:00,2024-04-25 14:15:30+00:00,2024-04-25 14:17:30+00:00,TABUENCA01-45,Sensoria-C1-EEA1,Right,Gait,1.0.5,40.3876772,-3.6291348,CB:AA:BC:3F:36:A5,SCKS,-0.066406,0.980469,-0.007813,-14.56,15.68,95.199997,-0.009344,0.710144,-0.364416,479,714,345,0.9827462845343147
2024-04-25 14:17:26.137000+00:00,2024-04-25 14:15:30+00:00,2024-04-25 14:17:30+00:00,TABUENCA01-45,Sensoria-C1-EEA1,Right,Gait,1.0.5,40.3876772,-3.6291348,CB:AA:BC:3F:36:A5,SCKS,-0.082031,1.003907,0.015625,-14.56,30.24,75.040001,0.0,0.719488,-0.37376,472,705,336,1.0073740567609433
2024-04-25 14:17:26.144000+00:00,2024-04-25 14:15:30+00:00,2024-04-25 14:17:30+00:00,TABUENCA01-45,Sensoria-C1-E90A,Left,Gait,1.0.5,40.3876772,-3.6291348,F0:75:B1:51:59:F6,SCKS,-0.5625,0.6875,-0.4375,6.72,-96.32,-101.919998,0.018688,0.784896,-0.14016,664,538,686,0.9901862198596787
2024-04-25 14:17:26.169000+00:00,2024-04-25 14:15:30+00:00,2024-04-25 14:17:30+00:00,TABUENCA01-45,Sensoria-C1-EEA1,Right,Gait,1.0.5,40.3876772,-3.6291348,CB:AA:BC:3F:36:A5,SCKS,-0.089844,0.960938,0.101563,-6.72,29.120001,56.0,0.009344,0.719488,-0.364416,467,695,332,0.9704580501747615
2024-04-25 14:17:26.176000+00:00,2024-04-25 14:15:30+00:00,2024-04-25 14:17:30+00:00,TABUENCA01-45,Sensoria-C1-E90A,Left,Gait,1.0.5,40.3876772,-3.6291348,F0:75:B1:51:59:F6,SCKS,1.187499,0.125,-0.1875,2.24,-163.520004,78.400002,0.009344,0.784896,-0.14016,682,542,684,1.2086914928967607
2024-04-25 14:17:26.185000+00:00,2024-04-25 14:15:30+00:00,2024-04-25 14:17:30+00:00,TABUENCA01-45,Sensoria-C1-EEA1,Right,Gait,1.0.5,40.3876772,-3.6291348,CB:AA:BC:3F:36:A5,SCKS,-0.164063,0.968751,0.035156,5.6,6.72,43.68,0.009344,0.719488,-0.364416,461,686,331,0.9831739989981428
2024-04-25 14:17:26.202000+00:00,2024-04-25 14:15:30+00:00,2024-04-25 14:17:30+00:00,TABUENCA01-45,Sensoria-C1-EEA1,Right,Gait,1.0.5,40.3876772,-3.6291348,CB:AA:BC:3F:36:A5,SCKS,-0.179688,0.980469,-0.0625,8.96,0.0,44.799999,0.009344,0.728832,-0.364416,456,677,333,0.9987559698469892
2024-04-25 14:17:26.209000+00:00,2024-04-25 14:15:30+00:00,2024-04-25 14:17:30+00:00,TABUENCA01-45,Sensoria-C1-E90A,Left,Gait,1.0.5,40.3876772,-3.6291348,F0:75:B1:51:59:F6,SCKS,0.625,0.0,0.03125,-12.32,-54.880001,137.759995,0.018688,0.79424,-0.149504,690,543,683,0.6257807623281496
2024-04-25 14:17:26.218000+00:00,2024-04-25 14:15:30+00:00,2024-04-25 14:17:30+00:00,TABUENCA01-45,Sensoria-C1-EEA1,Right,Gait,1.0.5,40.3876772,-3.6291348,CB:AA:BC:3F:36:A5,SCKS,-0.15625,0.957032,-0.039063,5.6,1.12,47.040001,0.018688,0.728832,-0.364416,452,668,337,0.9704896854129877
2024-04-25 14:17:26.241000+00:00,2024-04-25 14:15:30+00:00,2024-04-25 14:17:30+00:00,TABUENCA01-45,Sensoria-C1-E90A,Left,Gait,1.0.5,40.3876772,-3.6291348,F0:75:B1:51:59:F6,SCKS,0.3125,0.15625,0.0,0.0,-20.16,199.360001,0.037376,0.79424,-0.149504,692,541,681,0.34938562148434216
2024-04-25 14:17:26.250000+00:00,2024-04-25 14:15:30+00:00,2024-04-25 14:17:30+00:00,TABUENCA01-45,Sensoria-C1-EEA1,Right,Gait,1.0.5,40.3876772,-3.6291348,CB:AA:BC:3F:36:A5,SCKS,-0.132813,0.980469,-0.128906,2.24,4.48,50.400002,0.028032,0.738176,-0.355072,447,662,341,0.9977853024403597
2024-04-25 14:17:26.266000+00:00,2024-04-25 14:15:30+00:00,2024-04-25 14:17:30+00:00,TABUENCA01-45,Sensoria-C1-EEA1,Right,Gait,1.0.5,40.3876772,-3.6291348,CB:AA:BC:3F:36:A5,SCKS,-0.066406,0.988282,-0.109375,-12.32,22.4,51.52,0.037376,0.738176,-0.355072,442,652,348,0.9965309623815007
2024-04-25 14:17:26.273000+00:00,2024-04-25 14:15:30+00:00,2024-04-25 14:17:30+00:00,TABUENCA01-45,Sensoria-C1-E90A,Left,Gait,1.0.5,40.3876772,-3.6291348,F0:75:B1:51:59:F6,SCKS,0.375,0.46875,-0.09375,14.56,-8.96,263.200012,0.112128,0.79424,-0.149504,694,539,678,0.6075694404757369
2024-04-25 14:17:26.282000+00:00,2024-04-25 14:15:30+00:00,2024-04-25 14:17:30+00:00,TABUENCA01-45,Sensoria-C1-EEA1,Right,Gait,1.0.5,40.3876772,-3.6291348,CB:AA:BC:3F:36:A5,SCKS,-0.09375,0.960938,0.023438,-15.68,35.84,47.040001,0.037376,0.738176,-0.355072,432,641,357,0.965784780470266
2024-04-25 14:17:26.298000+00:00,2024-04-25 14:15:30+00:00,2024-04-25 14:17:30+00:00,TABUENCA01-45,Sensoria-C1-EEA1,Right,Gait,1.0.5,40.3876772,-3.6291348,CB:AA:BC:3F:36:A5,SCKS,-0.109375,0.996094,0.035156,-5.6,31.360001,48.16,0.037376,0.738176,-0.355072,416,620,371,1.002697407893827
2024-04-25 14:17:26.314000+00:00,2024-04-25 14:15:30+00:00,2024-04-25 14:17:30+00:00,TABUENCA01-45,Sensoria-C1-EEA1,Right,Gait,1.0.5,40.3876772,-3.6291348,CB:AA:BC:3F:36:A5,SCKS,-0.078125,0.992188,-0.039063,-5.6,17.92,50.400002,0.04672,0.74752,-0.345728,402,601,381,0.9960253314740545
2024-04-25 14:17:26.322000+00:00,2024-04-25 14:15:30+00:00,2024-04-25 14:17:30+00:00,TABUENCA01-45,Sensoria-C1-E90A,Left,Gait,1.0.5,40.3876772,-3.6291348,F0:75:B1:51:59:F6,SCKS,0.375,0.78125,0.0,3.36,5.6,310.23999,0.168192,0.784896,-0.158848,693,537,678,0.866589038991378
2024-04-25 14:17:26.338000+00:00,2024-04-25 14:15:30+00:00,2024-04-25 14:17:30+00:00,TABUENCA01-45,Sensoria-C1-E90A,Left,Gait,1.0.5,40.3876772,-3.6291348,F0:75:B1:51:59:F6,SCKS,0.28125,1.093749,0.03125,3.36,20.16,355.040009,0.224256,0.756864,-0.158848,692,537,677,1.1297632495354946
2024-04-25 14:17:26.347000+00:00,2024-04-25 14:15:30+00:00,2024-04-25 14:17:30+00:00,TABUENCA01-45,Sensoria-C1-EEA1,Right,Gait,1.0.5,40.3876772,-3.6291348,CB:AA:BC:3F:36:A5,SCKS,-0.046875,0.996094,-0.058594,-7.84,13.440001,49.279999,0.056064,0.756864,-0.355072,387,581,395,0.9989163024483083
2024-04-25 14:17:26.363000+00:00,2024-04-25 14:15:30+00:00,2024-04-25 14:17:30+00:00,TABUENCA01-45,Sensoria-C1-EEA1,Right,Gait,1.0.5,40.3876772,-3.6291348,CB:AA:BC:3F:36:A5,SCKS,-0.007813,0.996094,-0.03125,-10.08,12.32,48.16,0.056064,0.756864,-0.355072,371,559,410,0.9966147010279349
2024-04-25 14:17:26.371000+00:00,2024-04-25 14:15:30+00:00,2024-04-25 14:17:30+00:00,TABUENCA01-45,Sensoria-C1-E90A,Left,Gait,1.0.5,40.3876772,-3.6291348,F0:75:B1:51:59:F6,SCKS,0.4375,1.656249,-0.03125,0.0,13.440001,387.519989,0.299008,0.728832,-0.158848,692,534,676,1.7133428035571283
2024-04-25 14:17:26.380000+00:00,2024-04-25 14:15:30+00:00,2024-04-25 14:17:30+00:00,TABUENCA01-45,Sensoria-C1-EEA1,Right,Gait,1.0.5,40.3876772,-3.6291348,CB:AA:BC:3F:36:A5,SCKS,-0.007813,1.003907,-0.023438,-8.96,13.440001,48.16,0.065408,0.756864,-0.355072,353,536,429,1.0042109576488398
2024-04-25 14:17:26.396000+00:00,2024-04-25 14:15:30+00:00,2024-04-25 14:17:30+00:00,TABUENCA01-45,Sensoria-C1-EEA1,Right,Gait,1.0.5,40.3876772,-3.6291348,CB:AA:BC:3F:36:A5,SCKS,-0.023438,0.976563,-0.007813,-6.72,11.2,50.400002,0.065408,0.766208,-0.336384,332,512,450,0.9768754658512004
2024-04-25 14:17:26.403000+00:00,2024-04-25 14:15:30+00:00,2024-04-25 14:17:30+00:00,TABUENCA01-45,Sensoria-C1-E90A,Left,Gait,1.0.5,40.3876772,-3.6291348,F0:75:B1:51:59:F6,SCKS,0.34375,2.249999,0.0625,-3.36,36.959999,399.839996,0.355072,0.691456,-0.158848,692,533,675,2.276964165835949
2024-04-25 14:17:26.428000+00:00,2024-04-25 14:15:30+00:00,2024-04-25 14:17:30+00:00,TABUENCA01-45,Sensoria-C1-EEA1,Right,Gait,1.0.5,40.3876772,-3.6291348,CB:AA:BC:3F:36:A5,SCKS,-0.011719,1.003907,-0.007813,2.24,3.36,56.0,0.065408,0.766208,-0.336384,311,489,477,1.0040057980803698
2024-04-25 14:17:26.436000+00:00,2024-04-25 14:15:30+00:00,2024-04-25 14:17:30+00:00,TABUENCA01-45,Sensoria-C1-E90A,Left,Gait,1.0.5,40.3876772,-3.6291348,F0:75:B1:51:59:F6,SCKS,0.125,2.874999,-0.15625,10.08,120.959999,403.200012,0.457856,0.579328,-0.18688,691,534,674,2.8819539053393965
2024-04-25 14:17:26.452000+00:00,2024-04-25 14:15:30+00:00,2024-04-25 14:17:30+00:00,TABUENCA01-45,Sensoria-C1-E90A,Left,Gait,1.0.5,40.3876772,-3.6291348,F0:75:B1:51:59:F6,SCKS,-0.78125,2.749999,-0.75,-22.4,112.0,371.839996,0.495232,0.523264,-0.196224,690,532,675,2.955561886088836
2024-04-25 14:17:26.460000+00:00,2024-04-25 14:15:30+00:00,2024-04-25 14:17:30+00:00,TABUENCA01-45,Sensoria-C1-EEA1,Right,Gait,1.0.5,40.3876772,-3.6291348,CB:AA:BC:3F:36:A5,SCKS,0.019531,1.050782,-0.042969,2.24,0.0,64.959999,0.084096,0.766208,-0.336384,290,467,508,1.0518415310520879
2024-04-25 14:17:26.461000+00:00,2024-04-25 14:15:30+00:00,2024-04-25 14:17:30+00:00,TABUENCA01-45,Sensoria-C1-EEA1,Right,Gait,1.0.5,40.3876772,-3.6291348,CB:AA:BC:3F:36:A5,SCKS,-0.058594,1.117188,0.046875,-4.48,2.24,73.919998,0.084096,0.775552,-0.345728,271,445,547,1.1197051173434014
2024-04-25 14:17:26.477000+00:00,2024-04-25 14:15:30+00:00,2024-04-25 14:17:30+00:00,TABUENCA01-45,Sensoria-C1-EEA1,Right,Gait,1.0.5,40.3876772,-3.6291348,CB:AA:BC:3F:36:A5,SCKS,-0.089844,1.128907,0.128906,-1.12,-7.84,90.720001,0.102784,0.775552,-0.355072,254,427,594,1.1397893295784973
2024-04-25 14:17:26.485000+00:00,2024-04-25 14:15:30+00:00,2024-04-25 14:17:30+00:00,TABUENCA01-45,Sensoria-C1-E90A,Left,Gait,1.0.5,40.3876772,-3.6291348,F0:75:B1:51:59:F6,SCKS,-3.312498,1.406249,-0.625,20.16,-24.639999,133.279999,0.51392,0.457856,-0.214912,688,532,682,3.6525065708366635
2024-04-25 14:17:26.510000+00:00,2024-04-25 14:15:30+00:00,2024-04-25 14:17:30+00:00,TABUENCA01-45,Sensoria-C1-EEA1,Right,Gait,1.0.5,40.3876772,-3.6291348,CB:AA:BC:3F:36:A5,SCKS,-0.097656,1.238282,0.097656,-4.48,-20.16,104.160004,0.112128,0.784896,-0.345728,237,411,627,1.2459597506324194
2024-04-25 14:17:26.517000+00:00,2024-04-25 14:15:30+00:00,2024-04-25 14:17:30+00:00,TABUENCA01-45,Sensoria-C1-E90A,Left,Gait,1.0.5,40.3876772,-3.6291348,F0:75:B1:51:59:F6,SCKS,-2.281249,1.749999,-0.34375,17.92,-20.16,-110.879997,0.523264,0.4672,-0.214912,685,533,688,2.8956445849762016
2024-04-25 14:17:26.526000+00:00,2024-04-25 14:15:30+00:00,2024-04-25 14:17:30+00:00,TABUENCA01-45,Sensoria-C1-EEA1,Right,Gait,1.0.5,40.3876772,-3.6291348,CB:AA:BC:3F:36:A5,SCKS,-0.0625,1.363282,-0.109375,-15.68,-28.0,120.959999,0.112128,0.784896,-0.345728,224,400,656,1.3690898261797873
2024-04-25 14:17:26.542000+00:00,2024-04-25 14:15:30+00:00,2024-04-25 14:17:30+00:00,TABUENCA01-45,Sensoria-C1-EEA1,Right,Gait,1.0.5,40.3876772,-3.6291348,CB:AA:BC:3F:36:A5,SCKS,-0.128906,1.445314,-0.113281,-25.76,-19.040001,135.520004,0.130816,0.79424,-0.355072,213,393,673,1.455466214102203
2024-04-25 14:17:26.550000+00:00,2024-04-25 14:15:30+00:00,2024-04-25 14:17:30+00:00,TABUENCA01-45,Sensoria-C1-E90A,Left,Gait,1.0.5,40.3876772,-3.6291348,F0:75:B1:51:59:F6,SCKS,4.406248,0.03125,0.6875,28.0,2.24,-86.239998,0.51392,0.485888,-0.224256,690,532,670,4.459669746741792
2024-04-25 14:17:26.574000+00:00,2024-04-25 14:15:30+00:00,2024-04-25 14:17:30+00:00,TABUENCA01-45,Sensoria-C1-EEA1,Right,Gait,1.0.5,40.3876772,-3.6291348,CB:AA:BC:3F:36:A5,SCKS,-0.21875,1.621095,-0.007813,-31.360001,-11.2,151.199997,0.158848,0.803584,-0.364416,210,394,683,1.6358061023525985
2024-04-25 14:17:26.576000+00:00,2024-04-25 14:15:30+00:00,2024-04-25 14:17:30+00:00,TABUENCA01-45,Sensoria-C1-EEA1,Right,Gait,1.0.5,40.3876772,-3.6291348,CB:AA:BC:3F:36:A5,SCKS,-0.414063,1.839845,0.128906,-36.959999,7.84,172.479996,0.18688,0.803584,-0.364416,212,404,687,1.890263089844903
2024-04-25 14:17:26.582000+00:00,2024-04-25 14:15:30+00:00,2024-04-25 14:17:30+00:00,TABUENCA01-45,Sensoria-C1-E90A,Left,Gait,1.0.5,40.3876772,-3.6291348,F0:75:B1:51:59:F6,SCKS,-0.46875,1.687499,0.34375,70.559998,131.039993,-220.639999,0.504576,0.51392,-0.2336,692,536,616,1.7848090934329643
2024-04-25 14:17:26.608000+00:00,2024-04-25 14:15:30+00:00,2024-04-25 14:17:30+00:00,TABUENCA01-45,Sensoria-C1-EEA1,Right,Gait,1.0.5,40.3876772,-3.6291348,CB:AA:BC:3F:36:A5,SCKS,-0.718751,1.996095,0.199219,-47.040001,29.120001,200.479996,0.224256,0.812928,-0.364416,223,422,689,2.1308886547604966
2024-04-25 14:17:26.615000+00:00,2024-04-25 14:15:30+00:00,2024-04-25 14:17:30+00:00,TABUENCA01-45,Sensoria-C1-E90A,Left,Gait,1.0.5,40.3876772,-3.6291348,F0:75:B1:51:59:F6,SCKS,-0.15625,1.468749,0.0,87.360001,4.48,-194.880005,0.485888,0.551296,-0.252288,691,540,505,1.4770367928731498
2024-04-25 14:17:26.624000+00:00,2024-04-25 14:15:30+00:00,2024-04-25 14:17:30+00:00,TABUENCA01-45,Sensoria-C1-EEA1,Right,Gait,1.0.5,40.3876772,-3.6291348,CB:AA:BC:3F:36:A5,SCKS,-0.917969,1.996095,0.121094,-56.0,58.240002,232.960007,0.224256,0.812928,-0.364416,244,448,691,2.2003922583989426
2024-04-25 14:17:26.640000+00:00,2024-04-25 14:15:30+00:00,2024-04-25 14:17:30+00:00,TABUENCA01-45,Sensoria-C1-EEA1,Right,Gait,1.0.5,40.3876772,-3.6291348,CB:AA:BC:3F:36:A5,SCKS,-0.414063,1.996095,-0.300781,-39.200001,40.32,269.920013,0.261632,0.812928,-0.364416,281,494,690,2.060658299416718
2024-04-25 14:17:26.647000+00:00,2024-04-25 14:15:30+00:00,2024-04-25 14:17:30+00:00,TABUENCA01-45,Sensoria-C1-E90A,Left,Gait,1.0.5,40.3876772,-3.6291348,F0:75:B1:51:59:F6,SCKS,-0.25,1.124999,-0.375,78.400002,-4.48,-157.919998,0.448512,0.60736,-0.224256,689,545,415,1.2119190360750178
2024-04-25 14:17:26.656000+00:00,2024-04-25 14:15:30+00:00,2024-04-25 14:17:30+00:00,TABUENCA01-45,Sensoria-C1-EEA1,Right,Gait,1.0.5,40.3876772,-3.6291348,CB:AA:BC:3F:36:A5,SCKS,-0.957032,1.996095,-0.714844,-29.120001,4.48,290.079987,0.317696,0.812928,-0.383104,332,557,687,2.3262217096366804
2024-04-25 14:17:26.680000+00:00,2024-04-25 14:15:30+00:00,2024-04-25 14:17:30+00:00,TABUENCA01-45,Sensoria-C1-E90A,Left,Gait,1.0.5,40.3876772,-3.6291348,F0:75:B1:51:59:F6,SCKS,-0.125,1.156249,0.0,57.119999,-24.639999,-108.639999,0.439168,0.626048,-0.205568,677,552,362,1.1629861349134822
2024-04-25 14:17:26.688000+00:00,2024-04-25 14:15:30+00:00,2024-04-25 14:17:30+00:00,TABUENCA01-45,Sensoria-C1-EEA1,Right,Gait,1.0.5,40.3876772,-3.6291348,CB:AA:BC:3F:36:A5,SCKS,-0.652344,1.29297,-0.515625,12.32,-72.800003,303.519989,0.364416,0.803584,-0.37376,392,617,686,1.5372681145008504
2024-04-25 14:17:26.705000+00:00,2024-04-25 14:15:30+00:00,2024-04-25 14:17:30+00:00,TABUENCA01-45,Sensoria-C1-EEA1,Right,Gait,1.0.5,40.3876772,-3.6291348,CB:AA:BC:3F:36:A5,SCKS,-0.246094,0.4375,-0.460938,31.360001,-45.920002,228.479996,0.401792,0.803584,-0.364416,440,658,685,0.6814927341358821
2024-04-25 14:17:26.713000+00:00,2024-04-25 14:15:30+00:00,2024-04-25 14:17:30+00:00,TABUENCA01-45,Sensoria-C1-E90A,Left,Gait,1.0.5,40.3876772,-3.6291348,F0:75:B1:51:59:F6,SCKS,0.15625,0.968749,-0.25,39.200001,-31.360001,-52.639999,0.42048,0.644736,-0.196224,661,546,335,1.0126147774455003
2024-04-25 14:17:26.721000+00:00,2024-04-25 14:15:30+00:00,2024-04-25 14:17:30+00:00,TABUENCA01-45,Sensoria-C1-EEA1,Right,Gait,1.0.5,40.3876772,-3.6291348,CB:AA:BC:3F:36:A5,SCKS,0.769532,0.292969,-0.539063,17.92,64.959999,148.960007,0.401792,0.803584,-0.364416,465,679,683,0.9841744011881227
2024-04-25 14:17:26.737000+00:00,2024-04-25 14:15:30+00:00,2024-04-25 14:17:30+00:00,TABUENCA01-45,Sensoria-C1-EEA1,Right,Gait,1.0.5,40.3876772,-3.6291348,CB:AA:BC:3F:36:A5,SCKS,-1.117188,0.390625,-0.4375,-7.84,166.880005,19.040001,0.42048,0.803584,-0.37376,477,690,681,1.2617857060408475
2024-04-25 14:17:26.745000+00:00,2024-04-25 14:15:30+00:00,2024-04-25 14:17:30+00:00,TABUENCA01-45,Sensoria-C1-E90A,Left,Gait,1.0.5,40.3876772,-3.6291348,F0:75:B1:51:59:F6,SCKS,0.15625,0.968749,-0.0625,14.56,-30.24,-23.52,0.42048,0.644736,-0.18688,645,535,325,0.9832573099148564
2024-04-25 14:17:26.771000+00:00,2024-04-25 14:15:30+00:00,2024-04-25 14:17:30+00:00,TABUENCA01-45,Sensoria-C1-EEA1,Right,Gait,1.0.5,40.3876772,-3.6291348,CB:AA:BC:3F:36:A5,SCKS,-0.820313,0.0,0.011719,-22.4,71.68,-70.559998,0.411136,0.803584,-0.392448,484,698,680,0.8203967046069846
2024-04-25 14:17:26.778000+00:00,2024-04-25 14:15:30+00:00,2024-04-25 14:17:30+00:00,TABUENCA01-45,Sensoria-C1-E90A,Left,Gait,1.0.5,40.3876772,-3.6291348,F0:75:B1:51:59:F6,SCKS,0.1875,0.968749,-0.09375,6.72,-23.52,-23.52,0.42048,0.644736,-0.196224,631,523,329,0.9911709930688044
2024-04-25 14:17:26.789000+00:00,2024-04-25 14:15:30+00:00,2024-04-25 14:17:30+00:00,TABUENCA01-45,Sensoria-C1-EEA1,Right,Gait,1.0.5,40.3876772,-3.6291348,CB:AA:BC:3F:36:A5,SCKS,-0.429688,-0.050781,0.0,28.0,11.2,-108.639999,0.401792,0.803584,-0.37376,487,702,678,0.43267827228207334
2024-04-25 14:17:26.794000+00:00,2024-04-25 14:15:30+00:00,2024-04-25 14:17:30+00:00,TABUENCA01-45,Sensoria-C1-E90A,Left,Gait,1.0.5,40.3876772,-3.6291348,F0:75:B1:51:59:F6,SCKS,0.1875,0.9375,-0.1875,3.36,-20.16,-25.76,0.411136,0.65408,-0.18688,621,513,345,0.9742785792574935
2024-04-25 14:17:26.803000+00:00,2024-04-25 14:15:30+00:00,2024-04-25 14:17:30+00:00,TABUENCA01-45,Sensoria-C1-EEA1,Right,Gait,1.0.5,40.3876772,-3.6291348,CB:AA:BC:3F:36:A5,SCKS,-0.523438,0.140625,-0.066406,48.16,3.36,-151.199997,0.37376,0.812928,-0.364416,487,703,677,0.5460517258511322
2024-04-25 14:17:26.827000+00:00,2024-04-25 14:15:30+00:00,2024-04-25 14:17:30+00:00,TABUENCA01-45,Sensoria-C1-E90A,Left,Gait,1.0.5,40.3876772,-3.6291348,F0:75:B1:51:59:F6,SCKS,0.125,0.9375,-0.15625,-2.24,-32.48,-24.639999,0.401792,0.663424,-0.18688,604,497,385,0.9586163531361229
2024-04-25 14:17:26.834000+00:00,2024-04-25 14:15:30+00:00,2024-04-25 14:17:30+00:00,TABUENCA01-45,Sensoria-C1-EEA1,Right,Gait,1.0.5,40.3876772,-3.6291348,CB:AA:BC:3F:36:A5,SCKS,-0.558594,0.316406,0.0,44.799999,-8.96,-189.279999,0.336384,0.822272,-0.364416,486,704,677,0.6419813187873927
2024-04-25 14:17:26.836000+00:00,2024-04-25 14:15:30+00:00,2024-04-25 14:17:30+00:00,TABUENCA01-45,Sensoria-C1-EEA1,Right,Gait,1.0.5,40.3876772,-3.6291348,CB:AA:BC:3F:36:A5,SCKS,-0.476563,0.398438,0.078125,43.68,-32.48,-231.839996,0.336384,0.822272,-0.364416,485,702,676,0.626073995976514
2024-04-25 14:17:26.859000+00:00,2024-04-25 14:15:30+00:00,2024-04-25 14:17:30+00:00,TABUENCA01-45,Sensoria-C1-E90A,Left,Gait,1.0.5,40.3876772,-3.6291348,F0:75:B1:51:59:F6,SCKS,0.125,0.968749,-0.125,0.0,-42.560001,-20.16,0.392448,0.672768,-0.168192,592,482,411,0.9847459697815473
2024-04-25 14:17:26.867000+00:00,2024-04-25 14:15:30+00:00,2024-04-25 14:17:30+00:00,TABUENCA01-45,Sensoria-C1-EEA1,Right,Gait,1.0.5,40.3876772,-3.6291348,CB:AA:BC:3F:36:A5,SCKS,-0.457032,0.5625,0.078125,47.040001,-48.16,-272.160004,0.289664,0.822272,-0.364416,485,699,674,0.7289636579754851
2024-04-25 14:17:26.884000+00:00,2024-04-25 14:15:30+00:00,2024-04-25 14:17:30+00:00,TABUENCA01-45,Sensoria-C1-EEA1,Right,Gait,1.0.5,40.3876772,-3.6291348,CB:AA:BC:3F:36:A5,SCKS,-0.484375,0.804688,0.054688,47.040001,-53.760002,-305.76001,0.242944,0.822272,-0.355072,484,701,675,0.9408149102310188
2024-04-25 14:17:26.892000+00:00,2024-04-25 14:15:30+00:00,2024-04-25 14:17:30+00:00,TABUENCA01-45,Sensoria-C1-E90A,Left,Gait,1.0.5,40.3876772,-3.6291348,F0:75:B1:51:59:F6,SCKS,0.125,0.9375,-0.15625,5.6,-44.799999,-21.280001,0.383104,0.682112,-0.158848,578,464,434,0.9586163531361229
2024-04-25 14:17:26.900000+00:00,2024-04-25 14:15:30+00:00,2024-04-25 14:17:30+00:00,TABUENCA01-45,Sensoria-C1-EEA1,Right,Gait,1.0.5,40.3876772,-3.6291348,CB:AA:BC:3F:36:A5,SCKS,-0.4375,1.093751,0.03125,41.439999,-51.52,-331.519989,0.177536,0.803584,-0.355072,483,700,674,1.1784201553355238
2024-04-25 14:17:26.917000+00:00,2024-04-25 14:15:30+00:00,2024-04-25 14:17:30+00:00,TABUENCA01-45,Sensoria-C1-EEA1,Right,Gait,1.0.5,40.3876772,-3.6291348,CB:AA:BC:3F:36:A5,SCKS,-0.40625,1.378907,0.039063,28.0,-33.599998,-353.920013,0.121472,0.784896,-0.345728,482,698,673,1.4380366807275815
2024-04-25 14:17:26.925000+00:00,2024-04-25 14:15:30+00:00,2024-04-25 14:17:30+00:00,TABUENCA01-45,Sensoria-C1-E90A,Left,Gait,1.0.5,40.3876772,-3.6291348,F0:75:B1:51:59:F6,SCKS,0.125,0.9375,-0.1875,7.84,-44.799999,-24.639999,0.37376,0.682112,-0.158848,560,443,458,0.9642030387838445
2024-04-25 14:17:26.949000+00:00,2024-04-25 14:15:30+00:00,2024-04-25 14:17:30+00:00,TABUENCA01-45,Sensoria-C1-EEA1,Right,Gait,1.0.5,40.3876772,-3.6291348,CB:AA:BC:3F:36:A5,SCKS,-0.355469,1.781251,0.117188,6.72,7.84,-364.0,0.121472,0.784896,-0.345728,482,698,674,1.820150093345601
2024-04-25 14:17:26.956000+00:00,2024-04-25 14:15:30+00:00,2024-04-25 14:17:30+00:00,TABUENCA01-45,Sensoria-C1-E90A,Left,Gait,1.0.5,40.3876772,-3.6291348,F0:75:B1:51:59:F6,SCKS,0.09375,0.968749,-0.1875,7.84,-42.560001,-32.48,0.364416,0.691456,-0.149504,536,417,483,0.9911709930688044
2024-04-25 14:17:26.965000+00:00,2024-04-25 14:15:30+00:00,2024-04-25 14:17:30+00:00,TABUENCA01-45,Sensoria-C1-EEA1,Right,Gait,1.0.5,40.3876772,-3.6291348,CB:AA:BC:3F:36:A5,SCKS,-0.320313,1.996095,0.175781,14.56,21.280001,-366.23999,0.065408,0.756864,-0.345728,484,699,674,2.0292596253202793
2024-04-25 14:17:26.982000+00:00,2024-04-25 14:15:30+00:00,2024-04-25 14:17:30+00:00,TABUENCA01-45,Sensoria-C1-EEA1,Right,Gait,1.0.5,40.3876772,-3.6291348,CB:AA:BC:3F:36:A5,SCKS,-0.074219,1.996095,0.0,44.799999,-13.440001,-376.320007,0.009344,0.710144,-0.345728,483,699,673,1.9974743324974165
2024-04-25 14:17:26.989000+00:00,2024-04-25 14:15:30+00:00,2024-04-25 14:17:30+00:00,TABUENCA01-45,Sensoria-C1-E90A,Left,Gait,1.0.5,40.3876772,-3.6291348,F0:75:B1:51:59:F6,SCKS,0.0625,0.968749,-0.15625,5.6,-36.959999,-40.32,0.364416,0.682112,-0.158848,508,388,509,0.9832573099148564
2024-04-25 14:17:26.998000+00:00,2024-04-25 14:15:30+00:00,2024-04-25 14:17:30+00:00,TABUENCA01-45,Sensoria-C1-EEA1,Right,Gait,1.0.5,40.3876772,-3.6291348,CB:AA:BC:3F:36:A5,SCKS,0.558594,1.996095,0.132813,43.68,-22.4,-395.360016,-0.037376,0.65408,-0.345728,482,697,672,2.0770319686586434
2024-04-25 14:17:27.022000+00:00,2024-04-25 14:15:30+00:00,2024-04-25 14:17:30+00:00,TABUENCA01-45,Sensoria-C1-E90A,Left,Gait,1.0.5,40.3876772,-3.6291348,F0:75:B1:51:59:F6,SCKS,0.09375,1.031249,-0.1875,-1.12,-35.84,-53.760002,0.345728,0.7008,-0.14016,464,344,548,1.052340160072303
2024-04-25 14:17:27.030000+00:00,2024-04-25 14:15:30+00:00,2024-04-25 14:17:30+00:00,TABUENCA01-45,Sensoria-C1-EEA1,Right,Gait,1.0.5,40.3876772,-3.6291348,CB:AA:BC:3F:36:A5,SCKS,1.007813,1.996095,0.027344,34.720001,-10.08,-383.040009,-0.074752,0.60736,-0.345728,482,698,671,2.236253560383974
2024-04-25 14:17:27.046000+00:00,2024-04-25 14:15:30+00:00,2024-04-25 14:17:30+00:00,TABUENCA01-45,Sensoria-C1-EEA1,Right,Gait,1.0.5,40.3876772,-3.6291348,CB:AA:BC:3F:36:A5,SCKS,1.843751,1.996095,-0.457032,28.0,19.040001,-309.119995,-0.074752,0.60736,-0.345728,481,697,674,2.7554838500796914
2024-04-25 14:17:27.054000+00:00,2024-04-25 14:15:30+00:00,2024-04-25 14:17:30+00:00,TABUENCA01-45,Sensoria-C1-E90A,Left,Gait,1.0.5,40.3876772,-3.6291348,F0:75:B1:51:59:F6,SCKS,0.125,1.093749,-0.15625,-5.6,-40.32,-76.160004,0.32704,0.710144,-0.130816,427,312,594,1.1119019459920916
2024-04-25 14:17:27.063000+00:00,2024-04-25 14:15:30+00:00,2024-04-25 14:17:30+00:00,TABUENCA01-45,Sensoria-C1-EEA1,Right,Gait,1.0.5,40.3876772,-3.6291348,CB:AA:BC:3F:36:A5,SCKS,1.996095,1.585939,0.226563,49.279999,62.720001,-129.919998,-0.09344,0.56064,-0.32704,482,699,673,2.559478179964619
2024-04-25 14:17:27.078000+00:00,2024-04-25 14:15:30+00:00,2024-04-25 14:17:30+00:00,TABUENCA01-45,Sensoria-C1-EEA1,Right,Gait,1.0.5,40.3876772,-3.6291348,CB:AA:BC:3F:36:A5,SCKS,1.996095,1.832033,0.871094,12.32,71.68,13.440001,-0.102784,0.532608,-0.299008,480,700,677,2.845969943437562
2024-04-25 14:17:27.086000+00:00,2024-04-25 14:15:30+00:00,2024-04-25 14:17:30+00:00,TABUENCA01-45,Sensoria-C1-E90A,Left,Gait,1.0.5,40.3876772,-3.6291348,F0:75:B1:51:59:F6,SCKS,0.09375,1.218749,0.03125,-5.6,-31.360001,-105.279999,0.308352,0.719488,-0.14016,393,286,635,1.2227488499283081
2024-04-25 14:17:27.095000+00:00,2024-04-25 14:15:30+00:00,2024-04-25 14:17:30+00:00,TABUENCA01-45,Sensoria-C1-EEA1,Right,Gait,1.0.5,40.3876772,-3.6291348,CB:AA:BC:3F:36:A5,SCKS,0.445313,0.46875,0.535157,11.2,-68.32,133.279999,-0.102784,0.551296,-0.32704,482,699,677,0.8392992583804658
2024-04-25 14:17:27.119000+00:00,2024-04-25 14:15:30+00:00,2024-04-25 14:17:30+00:00,TABUENCA01-45,Sensoria-C1-E90A,Left,Gait,1.0.5,40.3876772,-3.6291348,F0:75:B1:51:59:F6,SCKS,0.25,1.406249,-0.1875,2.24,-17.92,-127.68,0.289664,0.728832,-0.14016,367,272,660,1.4405528452649699
2024-04-25 14:17:27.128000+00:00,2024-04-25 14:15:30+00:00,2024-04-25 14:17:30+00:00,TABUENCA01-45,Sensoria-C1-EEA1,Right,Gait,1.0.5,40.3876772,-3.6291348,CB:AA:BC:3F:36:A5,SCKS,-2.000001,0.546875,1.007813,34.720001,-137.759995,73.919998,-0.09344,0.56064,-0.32704,484,698,658,2.305377042610384
2024-04-25 14:17:27.135000+00:00,2024-04-25 14:15:30+00:00,2024-04-25 14:17:30+00:00,TABUENCA01-45,Sensoria-C1-E90A,Left,Gait,1.0.5,40.3876772,-3.6291348,F0:75:B1:51:59:F6,SCKS,0.40625,1.656249,-0.125,-6.72,-11.2,-151.199997,0.242944,0.756864,-0.14016,357,282,670,1.7099195339257929
2024-04-25 14:17:27.144000+00:00,2024-04-25 14:15:30+00:00,2024-04-25 14:17:30+00:00,TABUENCA01-45,Sensoria-C1-EEA1,Right,Gait,1.0.5,40.3876772,-3.6291348,CB:AA:BC:3F:36:A5,SCKS,0.914063,1.503907,0.574219,70.559998,-220.639999,243.040009,-0.09344,0.56064,-0.32704,491,701,619,1.8512090353547328
2024-04-25 14:17:27.160000+00:00,2024-04-25 14:15:30+00:00,2024-04-25 14:17:30+00:00,TABUENCA01-45,Sensoria-C1-EEA1,Right,Gait,1.0.5,40.3876772,-3.6291348,CB:AA:BC:3F:36:A5,SCKS,0.558594,1.98047,0.414063,52.639999,-63.84,222.880005,-0.074752,0.60736,-0.364416,496,709,554,2.09898471783503
2024-04-25 14:17:27.168000+00:00,2024-04-25 14:15:30+00:00,2024-04-25 14:17:30+00:00,TABUENCA01-45,Sensoria-C1-E90A,Left,Gait,1.0.5,40.3876772,-3.6291348,F0:75:B1:51:59:F6,SCKS,0.8125,2.124999,0.0,-19.040001,-5.6,-178.080002,0.205568,0.766208,-0.14016,395,332,673,2.275033406348355
2024-04-25 14:17:27.177000+00:00,2024-04-25 14:15:30+00:00,2024-04-25 14:17:30+00:00,TABUENCA01-45,Sensoria-C1-EEA1,Right,Gait,1.0.5,40.3876772,-3.6291348,CB:AA:BC:3F:36:A5,SCKS,0.367188,1.48047,-0.390625,50.400002,25.76,206.080002,-0.065408,0.635392,-0.355072,500,711,477,1.5745495669774896
2024-04-25 14:17:27.200000+00:00,2024-04-25 14:15:30+00:00,2024-04-25 14:17:30+00:00,TABUENCA01-45,Sensoria-C1-E90A,Left,Gait,1.0.5,40.3876772,-3.6291348,F0:75:B1:51:59:F6,SCKS,1.031249,2.031249,-0.34375,-45.920002,-52.639999,-201.600006,0.177536,0.775552,-0.158848,477,386,674,2.303825310760779
2024-04-25 14:17:27.209000+00:00,2024-04-25 14:15:30+00:00,2024-04-25 14:17:30+00:00,TABUENCA01-45,Sensoria-C1-EEA1,Right,Gait,1.0.5,40.3876772,-3.6291348,CB:AA:BC:3F:36:A5,SCKS,-0.046875,1.269532,-0.0625,8.96,45.920002,181.440002,-0.04672,0.672768,-0.364416,501,712,420,1.271933573206164
2024-04-25 14:17:27.225000+00:00,2024-04-25 14:15:30+00:00,2024-04-25 14:17:30+00:00,TABUENCA01-45,Sensoria-C1-EEA1,Right,Gait,1.0.5,40.3876772,-3.6291348,CB:AA:BC:3F:36:A5,SCKS,-0.179688,0.769532,-0.445313,16.799999,6.72,144.479996,-0.028032,0.691456,-0.345728,501,712,388,0.9070672215095197
2024-04-25 14:17:27.241000+00:00,2024-04-25 14:15:30+00:00,2024-04-25 14:17:30+00:00,TABUENCA01-45,Sensoria-C1-EEA1,Right,Gait,1.0.5,40.3876772,-3.6291348,CB:AA:BC:3F:36:A5,SCKS,0.054688,1.023438,-0.015625,-8.96,-8.96,122.080002,-0.018688,0.7008,-0.345728,495,717,366,1.025017198788879
2024-04-25 14:17:27.249000+00:00,2024-04-25 14:15:30+00:00,2024-04-25 14:17:30+00:00,TABUENCA01-45,Sensoria-C1-E90A,Left,Gait,1.0.5,40.3876772,-3.6291348,F0:75:B1:51:59:F6,SCKS,0.6875,2.156249,-0.75,-19.040001,-62.720001,-253.119995,0.130816,0.784896,-0.158848,549,446,682,2.3842327906479683
2024-04-25 14:17:27.258000+00:00,2024-04-25 14:15:30+00:00,2024-04-25 14:17:30+00:00,TABUENCA01-45,Sensoria-C1-EEA1,Right,Gait,1.0.5,40.3876772,-3.6291348,CB:AA:BC:3F:36:A5,SCKS,-0.03125,0.941407,0.003906,-14.56,5.6,92.959999,-0.018688,0.7008,-0.345728,489,715,353,0.9419336276962407
2024-04-25 14:17:27.265000+00:00,2024-04-25 14:15:30+00:00,2024-04-25 14:17:30+00:00,TABUENCA01-45,Sensoria-C1-E90A,Left,Gait,1.0.5,40.3876772,-3.6291348,F0:75:B1:51:59:F6,SCKS,0.65625,1.093749,-0.46875,11.2,43.68,-260.959991,0.084096,0.79424,-0.158848,616,509,685,1.3589251267089737
2024-04-25 14:17:27.290000+00:00,2024-04-25 14:15:30+00:00,2024-04-25 14:17:30+00:00,TABUENCA01-45,Sensoria-C1-EEA1,Right,Gait,1.0.5,40.3876772,-3.6291348,CB:AA:BC:3F:36:A5,SCKS,-0.105469,0.980469,-0.027344,-14.56,14.56,75.040001,-0.009344,0.710144,-0.355072,483,705,342,0.9865043660612963
2024-04-25 14:17:27.298000+00:00,2024-04-25 14:15:30+00:00,2024-04-25 14:17:30+00:00,TABUENCA01-45,Sensoria-C1-E90A,Left,Gait,1.0.5,40.3876772,-3.6291348,F0:75:B1:51:59:F6,SCKS,-0.125,-0.03125,-0.5,15.68,-7.84,-127.68,0.009344,0.784896,-0.158848,663,533,685,0.516334738808072
2024-04-25 14:17:27.307000+00:00,2024-04-25 14:15:30+00:00,2024-04-25 14:17:30+00:00,TABUENCA01-45,Sensoria-C1-EEA1,Right,Gait,1.0.5,40.3876772,-3.6291348,CB:AA:BC:3F:36:A5,SCKS,-0.097656,0.976563,0.039063,-7.84,29.120001,50.400002,0.0,0.719488,-0.355072,475,696,335,0.982210723457039
2024-04-25 14:17:27.324000+00:00,2024-04-25 14:15:30+00:00,2024-04-25 14:17:30+00:00,TABUENCA01-45,Sensoria-C1-EEA1,Right,Gait,1.0.5,40.3876772,-3.6291348,CB:AA:BC:3F:36:A5,SCKS,-0.171875,0.960938,0.027344,-3.36,16.799999,39.200001,0.009344,0.719488,-0.345728,471,685,334,0.9765708114647907
2024-04-25 14:17:27.330000+00:00,2024-04-25 14:15:30+00:00,2024-04-25 14:17:30+00:00,TABUENCA01-45,Sensoria-C1-E90A,Left,Gait,1.0.5,40.3876772,-3.6291348,F0:75:B1:51:59:F6,SCKS,1.093749,0.15625,-0.125,-13.440001,-95.199997,100.800003,0.0,0.784896,-0.158848,690,542,683,1.1119019459920916
2024-04-25 14:17:27.340000+00:00,2024-04-25 14:15:30+00:00,2024-04-25 14:17:30+00:00,TABUENCA01-45,Sensoria-C1-EEA1,Right,Gait,1.0.5,40.3876772,-3.6291348,CB:AA:BC:3F:36:A5,SCKS,-0.207031,0.972657,-0.042969,1.12,6.72,40.32,0.009344,0.728832,-0.336384,471,681,334,0.9953742057995073
2024-04-25 14:17:27.356000+00:00,2024-04-25 14:15:30+00:00,2024-04-25 14:17:30+00:00,TABUENCA01-45,Sensoria-C1-EEA1,Right,Gait,1.0.5,40.3876772,-3.6291348,CB:AA:BC:3F:36:A5,SCKS,-0.152344,0.964844,-0.082031,1.12,3.36,43.68,0.018688,0.728832,-0.345728,468,674,337,0.9802355449752882
2024-04-25 14:17:27.388000+00:00,2024-04-25 14:15:30+00:00,2024-04-25 14:17:30+00:00,TABUENCA01-45,Sensoria-C1-EEA1,Right,Gait,1.0.5,40.3876772,-3.6291348,CB:AA:BC:3F:36:A5,SCKS,-0.132813,0.976563,-0.136719,-2.24,7.84,45.920002,0.018688,0.728832,-0.345728,462,668,342,0.9949907893538512
2024-04-25 14:17:27.394000+00:00,2024-04-25 14:15:30+00:00,2024-04-25 14:17:30+00:00,TABUENCA01-45,Sensoria-C1-E90A,Left,Gait,1.0.5,40.3876772,-3.6291348,F0:75:B1:51:59:F6,SCKS,0.40625,0.09375,0.0,-8.96,-6.72,147.839996,0.028032,0.79424,-0.177536,695,540,684,0.41692700200394794
2024-04-25 14:17:27.396000+00:00,2024-04-25 14:15:30+00:00,2024-04-25 14:17:30+00:00,TABUENCA01-45,Sensoria-C1-E90A,Left,Gait,1.0.5,40.3876772,-3.6291348,F0:75:B1:51:59:F6,SCKS,0.375,0.34375,-0.125,12.32,11.2,217.279999,0.065408,0.803584,-0.149504,695,540,681,0.5238454566950066
2024-04-25 14:17:27.404000+00:00,2024-04-25 14:15:30+00:00,2024-04-25 14:17:30+00:00,TABUENCA01-45,Sensoria-C1-EEA1,Right,Gait,1.0.5,40.3876772,-3.6291348,CB:AA:BC:3F:36:A5,SCKS,-0.078125,0.992188,-0.140625,-11.2,23.52,47.040001,0.018688,0.728832,-0.345728,458,662,348,1.005144732659929
2024-04-25 14:17:27.420000+00:00,2024-04-25 14:15:30+00:00,2024-04-25 14:17:30+00:00,TABUENCA01-45,Sensoria-C1-EEA1,Right,Gait,1.0.5,40.3876772,-3.6291348,CB:AA:BC:3F:36:A5,SCKS,-0.140625,0.957032,-0.011719,-15.68,38.080002,43.68,0.028032,0.738176,-0.345728,448,651,356,0.9673794367310068
2024-04-25 14:17:27.428000+00:00,2024-04-25 14:15:30+00:00,2024-04-25 14:17:30+00:00,TABUENCA01-45,Sensoria-C1-E90A,Left,Gait,1.0.5,40.3876772,-3.6291348,F0:75:B1:51:59:F6,SCKS,0.34375,0.625,-0.15625,3.36,25.76,271.040009,0.112128,0.79424,-0.158848,696,537,680,0.7302075903467452
2024-04-25 14:17:27.436000+00:00,2024-04-25 14:15:30+00:00,2024-04-25 14:17:30+00:00,TABUENCA01-45,Sensoria-C1-EEA1,Right,Gait,1.0.5,40.3876772,-3.6291348,CB:AA:BC:3F:36:A5,SCKS,-0.117188,0.988282,0.050781,-10.08,33.599998,47.040001,0.037376,0.74752,-0.336384,438,636,365,0.9965004008172801
2024-04-25 14:17:27.460000+00:00,2024-04-25 14:15:30+00:00,2024-04-25 14:17:30+00:00,TABUENCA01-45,Sensoria-C1-E90A,Left,Gait,1.0.5,40.3876772,-3.6291348,F0:75:B1:51:59:F6,SCKS,0.3125,0.875,-0.09375,1.12,41.439999,319.200012,0.168192,0.784896,-0.168192,695,537,679,0.9338470498427459
2024-04-25 14:17:27.469000+00:00,2024-04-25 14:15:30+00:00,2024-04-25 14:17:30+00:00,TABUENCA01-45,Sensoria-C1-EEA1,Right,Gait,1.0.5,40.3876772,-3.6291348,CB:AA:BC:3F:36:A5,SCKS,-0.113281,1.000001,-0.015625,-4.48,24.639999,50.400002,0.037376,0.74752,-0.336384,423,619,375,1.0065181198503086
2024-04-25 14:17:27.485000+00:00,2024-04-25 14:15:30+00:00,2024-04-25 14:17:30+00:00,TABUENCA01-45,Sensoria-C1-EEA1,Right,Gait,1.0.5,40.3876772,-3.6291348,CB:AA:BC:3F:36:A5,SCKS,-0.082031,1.003907,-0.09375,-7.84,14.56,51.52,0.037376,0.74752,-0.336384,407,600,388,1.0116063523475918
2024-04-25 14:17:27.493000+00:00,2024-04-25 14:15:30+00:00,2024-04-25 14:17:30+00:00,TABUENCA01-45,Sensoria-C1-E90A,Left,Gait,1.0.5,40.3876772,-3.6291348,F0:75:B1:51:59:F6,SCKS,0.34375,1.249999,-0.125,-1.12,45.920002,356.160004,0.224256,0.775552,-0.168192,694,535,678,1.3024156642566151
2024-04-25 14:17:27.502000+00:00,2024-04-25 14:15:30+00:00,2024-04-25 14:17:30+00:00,TABUENCA01-45,Sensoria-C1-EEA1,Right,Gait,1.0.5,40.3876772,-3.6291348,CB:AA:BC:3F:36:A5,SCKS,-0.035156,0.980469,-0.023438,-8.96,13.440001,52.639999,0.04672,0.74752,-0.32704,386,577,404,0.9813790012737179
2024-04-25 14:17:27.509000+00:00,2024-04-25 14:15:30+00:00,2024-04-25 14:17:30+00:00,TABUENCA01-45,Sensoria-C1-E90A,Left,Gait,1.0.5,40.3876772,-3.6291348,F0:75:B1:51:59:F6,SCKS,0.375,1.749999,-0.125,-3.36,50.400002,375.200012,0.345728,0.7008,-0.177536,695,535,676,1.7940865363747092
2024-04-25 14:17:27.518000+00:00,2024-04-25 14:15:30+00:00,2024-04-25 14:17:30+00:00,TABUENCA01-45,Sensoria-C1-EEA1,Right,Gait,1.0.5,40.3876772,-3.6291348,CB:AA:BC:3F:36:A5,SCKS,-0.050781,0.992188,-0.042969,-7.84,12.32,54.880001,0.056064,0.756864,-0.317696,364,552,424,0.9944154424917183
2024-04-25 14:17:27.542000+00:00,2024-04-25 14:15:30+00:00,2024-04-25 14:17:30+00:00,TABUENCA01-45,Sensoria-C1-E90A,Left,Gait,1.0.5,40.3876772,-3.6291348,F0:75:B1:51:59:F6,SCKS,0.375,2.406249,-0.15625,-4.48,79.519997,394.23999,0.401792,0.65408,-0.177536,694,534,677,2.4403018896236994
2024-04-25 14:17:27.551000+00:00,2024-04-25 14:15:30+00:00,2024-04-25 14:17:30+00:00,TABUENCA01-45,Sensoria-C1-EEA1,Right,Gait,1.0.5,40.3876772,-3.6291348,CB:AA:BC:3F:36:A5,SCKS,-0.035156,0.996094,-0.027344,-7.84,11.2,59.360001,0.065408,0.756864,-0.32704,340,531,445,0.997089211408889
2024-04-25 14:17:27.567000+00:00,2024-04-25 14:15:30+00:00,2024-04-25 14:17:30+00:00,TABUENCA01-45,Sensoria-C1-EEA1,Right,Gait,1.0.5,40.3876772,-3.6291348,CB:AA:BC:3F:36:A5,SCKS,-0.035156,1.035157,-0.011719,-6.72,7.84,66.080002,0.065408,0.766208,-0.32704,316,506,470,1.0358201069423205
2024-04-25 14:17:27.583000+00:00,2024-04-25 14:15:30+00:00,2024-04-25 14:17:30+00:00,TABUENCA01-45,Sensoria-C1-EEA1,Right,Gait,1.0.5,40.3876772,-3.6291348,CB:AA:BC:3F:36:A5,SCKS,-0.019531,1.082032,-0.027344,-5.6,5.6,72.800003,0.084096,0.766208,-0.32704,291,484,505,1.0825536491652505
2024-04-25 14:17:27.591000+00:00,2024-04-25 14:15:30+00:00,2024-04-25 14:17:30+00:00,TABUENCA01-45,Sensoria-C1-E90A,Left,Gait,1.0.5,40.3876772,-3.6291348,F0:75:B1:51:59:F6,SCKS,-0.4375,2.906248,-0.03125,-5.6,124.32,400.959991,0.457856,0.598016,-0.205568,694,531,676,2.9391597864022296
2024-04-25 14:17:27.599000+00:00,2024-04-25 14:15:30+00:00,2024-04-25 14:17:30+00:00,TABUENCA01-45,Sensoria-C1-EEA1,Right,Gait,1.0.5,40.3876772,-3.6291348,CB:AA:BC:3F:36:A5,SCKS,-0.03125,1.117188,0.027344,-2.24,3.36,79.519997,0.084096,0.766208,-0.32704,269,460,552,1.1179594286824546
2024-04-25 14:17:27.607000+00:00,2024-04-25 14:15:30+00:00,2024-04-25 14:17:30+00:00,TABUENCA01-45,Sensoria-C1-E90A,Left,Gait,1.0.5,40.3876772,-3.6291348,F0:75:B1:51:59:F6,SCKS,-1.187499,2.468749,-0.968749,-13.440001,90.720001,348.320007,0.495232,0.532608,-0.214912,690,532,677,2.905744332353244
2024-04-25 14:17:27.615000+00:00,2024-04-25 14:15:30+00:00,2024-04-25 14:17:30+00:00,TABUENCA01-45,Sensoria-C1-EEA1,Right,Gait,1.0.5,40.3876772,-3.6291348,CB:AA:BC:3F:36:A5,SCKS,-0.089844,1.140626,0.132813,-1.12,-3.36,89.599998,0.084096,0.775552,-0.317696,249,443,597,1.1518415295434523
2024-04-25 14:17:27.639000+00:00,2024-04-25 14:15:30+00:00,2024-04-25 14:17:30+00:00,TABUENCA01-45,Sensoria-C1-E90A,Left,Gait,1.0.5,40.3876772,-3.6291348,F0:75:B1:51:59:F6,SCKS,-3.124998,1.468749,-0.65625,6.72,-4.48,206.080002,0.523264,0.485888,-0.224256,690,532,681,3.5147546411527792
2024-04-25 14:17:27.648000+00:00,2024-04-25 14:15:30+00:00,2024-04-25 14:17:30+00:00,TABUENCA01-45,Sensoria-C1-EEA1,Right,Gait,1.0.5,40.3876772,-3.6291348,CB:AA:BC:3F:36:A5,SCKS,-0.117188,1.218751,0.101563,10.08,-20.16,99.68,0.102784,0.784896,-0.317696,230,429,635,1.2285772545159706
2024-04-25 14:17:27.664000+00:00,2024-04-25 14:15:30+00:00,2024-04-25 14:17:30+00:00,TABUENCA01-45,Sensoria-C1-EEA1,Right,Gait,1.0.5,40.3876772,-3.6291348,CB:AA:BC:3F:36:A5,SCKS,-0.078125,1.335938,-0.0625,3.36,-29.120001,118.720001,0.130816,0.79424,-0.32704,217,420,660,1.3396791054088288
2024-04-25 14:17:27.672000+00:00,2024-04-25 14:15:30+00:00,2024-04-25 14:17:30+00:00,TABUENCA01-45,Sensoria-C1-E90A,Left,Gait,1.0.5,40.3876772,-3.6291348,F0:75:B1:51:59:F6,SCKS,-0.5,1.718749,0.3125,35.84,16.799999,-131.039993,0.523264,0.457856,-0.214912,686,532,688,1.8170730241245123
2024-04-25 14:17:27.680000+00:00,2024-04-25 14:15:30+00:00,2024-04-25 14:17:30+00:00,TABUENCA01-45,Sensoria-C1-EEA1,Right,Gait,1.0.5,40.3876772,-3.6291348,CB:AA:BC:3F:36:A5,SCKS,-0.121094,1.464845,-0.207031,-13.440001,-23.52,136.639999,0.14016,0.803584,-0.317696,206,417,675,1.4843505198644962
2024-04-25 14:17:27.696000+00:00,2024-04-25 14:15:30+00:00,2024-04-25 14:17:30+00:00,TABUENCA01-45,Sensoria-C1-EEA1,Right,Gait,1.0.5,40.3876772,-3.6291348,CB:AA:BC:3F:36:A5,SCKS,-0.199219,1.60547,-0.058594,-25.76,-6.72,152.320007,0.14016,0.803584,-0.317696,198,418,685,1.6188438429005434
2024-04-25 14:17:27.704000+00:00,2024-04-25 14:15:30+00:00,2024-04-25 14:17:30+00:00,TABUENCA01-45,Sensoria-C1-E90A,Left,Gait,1.0.5,40.3876772,-3.6291348,F0:75:B1:51:59:F6,SCKS,0.78125,0.75,1.281249,60.48,182.559998,-153.440002,0.51392,0.485888,-0.224256,693,534,657,1.6776324277090617
2024-04-25 14:17:27.729000+00:00,2024-04-25 14:15:30+00:00,2024-04-25 14:17:30+00:00,TABUENCA01-45,Sensoria-C1-EEA1,Right,Gait,1.0.5,40.3876772,-3.6291348,CB:AA:BC:3F:36:A5,SCKS,-0.417969,1.820314,0.1875,-33.599998,14.56,171.360001,0.177536,0.803584,-0.32704,198,430,691,1.8770714939919042
2024-04-25 14:17:27.737000+00:00,2024-04-25 14:15:30+00:00,2024-04-25 14:17:30+00:00,TABUENCA01-45,Sensoria-C1-E90A,Left,Gait,1.0.5,40.3876772,-3.6291348,F0:75:B1:51:59:F6,SCKS,-0.375,1.718749,0.0625,119.840004,79.519997,-224.0,0.495232,0.56064,-0.261632,690,540,567,1.7602924117887346
2024-04-25 14:17:27.769000+00:00,2024-04-25 14:15:30+00:00,2024-04-25 14:17:30+00:00,TABUENCA01-45,Sensoria-C1-E90A,Left,Gait,1.0.5,40.3876772,-3.6291348,F0:75:B1:51:59:F6,SCKS,-0.3125,1.656249,-0.21875,97.440002,29.120001,-194.880005,0.4672,0.588672,-0.252288,690,541,433,1.6996083556222594
2024-04-25 14:17:27.777000+00:00,2024-04-25 14:15:30+00:00,2024-04-25 14:17:30+00:00,TABUENCA01-45,Sensoria-C1-EEA1,Right,Gait,1.0.5,40.3876772,-3.6291348,CB:AA:BC:3F:36:A5,SCKS,-0.816407,1.996095,0.394532,-44.799999,40.32,196.0,0.205568,0.812928,-0.345728,206,450,691,2.192389367265313
2024-04-25 14:17:27.778000+00:00,2024-04-25 14:15:30+00:00,2024-04-25 14:17:30+00:00,TABUENCA01-45,Sensoria-C1-EEA1,Right,Gait,1.0.5,40.3876772,-3.6291348,CB:AA:BC:3F:36:A5,SCKS,-0.984376,1.996095,0.410157,-62.720001,61.599998,228.479996,0.252288,0.812928,-0.355072,224,474,691,2.2630996714793628
2024-04-25 14:17:27.781000+00:00,2024-04-25 14:15:30+00:00,2024-04-25 14:17:30+00:00,TABUENCA01-45,Sensoria-C1-EEA1,Right,Gait,1.0.5,40.3876772,-3.6291348,CB:AA:BC:3F:36:A5,SCKS,-0.527344,1.996095,-0.304688,-38.080002,14.56,281.119995,0.308352,0.822272,-0.345728,265,521,690,2.0869407563955904
2024-04-25 14:17:27.796000+00:00,2024-04-25 14:15:30+00:00,2024-04-25 14:17:30+00:00,TABUENCA01-45,Sensoria-C1-EEA1,Right,Gait,1.0.5,40.3876772,-3.6291348,CB:AA:BC:3F:36:A5,SCKS,-0.710938,1.996095,-0.835938,1.12,-81.760002,318.079987,0.308352,0.822272,-0.345728,321,582,688,2.2778543475632937
2024-04-25 14:17:27.801000+00:00,2024-04-25 14:15:30+00:00,2024-04-25 14:17:30+00:00,TABUENCA01-45,Sensoria-C1-E90A,Left,Gait,1.0.5,40.3876772,-3.6291348,F0:75:B1:51:59:F6,SCKS,0.15625,0.875,-0.4375,97.440002,-28.0,-145.600006,0.448512,0.616704,-0.252288,682,550,373,0.9906792177592099
2024-04-25 14:17:27.817000+00:00,2024-04-25 14:15:30+00:00,2024-04-25 14:17:30+00:00,TABUENCA01-45,Sensoria-C1-E90A,Left,Gait,1.0.5,40.3876772,-3.6291348,F0:75:B1:51:59:F6,SCKS,0.0625,0.9375,-0.25,40.32,-51.52,-88.480003,0.429824,0.644736,-0.2336,664,542,343,0.9722718241315028
2024-04-25 14:17:27.826000+00:00,2024-04-25 14:15:30+00:00,2024-04-25 14:17:30+00:00,TABUENCA01-45,Sensoria-C1-EEA1,Right,Gait,1.0.5,40.3876772,-3.6291348,CB:AA:BC:3F:36:A5,SCKS,-0.546875,0.585938,-0.476563,34.720001,-73.919998,288.959991,0.355072,0.822272,-0.355072,385,634,687,0.9324740738690808
2024-04-25 14:17:27.842000+00:00,2024-04-25 14:15:30+00:00,2024-04-25 14:17:30+00:00,TABUENCA01-45,Sensoria-C1-EEA1,Right,Gait,1.0.5,40.3876772,-3.6291348,CB:AA:BC:3F:36:A5,SCKS,0.125,-0.054688,-0.628907,24.639999,2.24,192.639999,0.401792,0.812928,-0.355072,438,666,685,0.6435369391052855
2024-04-25 14:17:27.850000+00:00,2024-04-25 14:15:30+00:00,2024-04-25 14:17:30+00:00,TABUENCA01-45,Sensoria-C1-E90A,Left,Gait,1.0.5,40.3876772,-3.6291348,F0:75:B1:51:59:F6,SCKS,0.1875,0.968749,-0.09375,16.799999,-53.760002,-32.48,0.42048,0.65408,-0.2336,648,529,327,0.9911709930688044
2024-04-25 14:17:27.858000+00:00,2024-04-25 14:15:30+00:00,2024-04-25 14:17:30+00:00,TABUENCA01-45,Sensoria-C1-EEA1,Right,Gait,1.0.5,40.3876772,-3.6291348,CB:AA:BC:3F:36:A5,SCKS,-0.597657,0.894532,-0.546875,13.440001,196.0,92.959999,0.42048,0.803584,-0.345728,463,684,683,1.2068362168488316
2024-04-25 14:17:27.874000+00:00,2024-04-25 14:15:30+00:00,2024-04-25 14:17:30+00:00,TABUENCA01-45,Sensoria-C1-EEA1,Right,Gait,1.0.5,40.3876772,-3.6291348,CB:AA:BC:3F:36:A5,SCKS,-1.468751,0.25,-0.28125,-31.360001,182.559998,-29.120001,0.42048,0.803584,-0.364416,476,693,680,1.516189652550432
2024-04-25 14:17:27.882000+00:00,2024-04-25 14:15:30+00:00,2024-04-25 14:17:30+00:00,TABUENCA01-45,Sensoria-C1-E90A,Left,Gait,1.0.5,40.3876772,-3.6291348,F0:75:B1:51:59:F6,SCKS,0.1875,0.999999,-0.15625,13.440001,-33.599998,-20.16,0.411136,0.663424,-0.214912,636,517,323,1.0293533467672797
2024-04-25 14:17:27.907000+00:00,2024-04-25 14:15:30+00:00,2024-04-25 14:17:30+00:00,TABUENCA01-45,Sensoria-C1-EEA1,Right,Gait,1.0.5,40.3876772,-3.6291348,CB:AA:BC:3F:36:A5,SCKS,-0.757813,-0.039063,0.019531,-22.4,100.800003,-64.959999,0.42048,0.803584,-0.364416,482,699,680,0.759070432106929
2024-04-25 14:17:27.915000+00:00,2024-04-25 14:15:30+00:00,2024-04-25 14:17:30+00:00,TABUENCA01-45,Sensoria-C1-E90A,Left,Gait,1.0.5,40.3876772,-3.6291348,F0:75:B1:51:59:F6,SCKS,0.15625,0.968749,-0.09375,4.48,-29.120001,-23.52,0.411136,0.663424,-0.214912,624,503,333,0.9857371607081676
2024-04-25 14:17:27.923000+00:00,2024-04-25 14:15:30+00:00,2024-04-25 14:17:30+00:00,TABUENCA01-45,Sensoria-C1-EEA1,Right,Gait,1.0.5,40.3876772,-3.6291348,CB:AA:BC:3F:36:A5,SCKS,-0.425782,-0.089844,0.003906,28.0,42.560001,-107.520004,0.411136,0.803584,-0.364416,483,700,678,0.4351752666409248
2024-04-25 14:17:27.940000+00:00,2024-04-25 14:15:30+00:00,2024-04-25 14:17:30+00:00,TABUENCA01-45,Sensoria-C1-EEA1,Right,Gait,1.0.5,40.3876772,-3.6291348,CB:AA:BC:3F:36:A5,SCKS,-0.578125,0.125,-0.089844,47.040001,28.0,-157.919998,0.383104,0.812928,-0.355072,485,702,678,0.5982687188554989
2024-04-25 14:17:27.947000+00:00,2024-04-25 14:15:30+00:00,2024-04-25 14:17:30+00:00,TABUENCA01-45,Sensoria-C1-E90A,Left,Gait,1.0.5,40.3876772,-3.6291348,F0:75:B1:51:59:F6,SCKS,0.1875,0.9375,-0.21875,4.48,-35.84,-22.4,0.401792,0.672768,-0.205568,613,490,362,0.980772176654701
2024-04-25 14:17:27.956000+00:00,2024-04-25 14:15:30+00:00,2024-04-25 14:17:30+00:00,TABUENCA01-45,Sensoria-C1-EEA1,Right,Gait,1.0.5,40.3876772,-3.6291348,CB:AA:BC:3F:36:A5,SCKS,-0.5625,0.296875,-0.042969,44.799999,6.72,-199.360001,0.345728,0.822272,-0.355072,485,701,677,0.63748517675786
2024-04-25 14:17:27.980000+00:00,2024-04-25 14:15:30+00:00,2024-04-25 14:17:30+00:00,TABUENCA01-45,Sensoria-C1-E90A,Left,Gait,1.0.5,40.3876772,-3.6291348,F0:75:B1:51:59:F6,SCKS,0.125,0.9375,-0.21875,4.48,-54.880001,-17.92,0.401792,0.672768,-0.196224,600,473,394,0.9707640354380667
2024-04-25 14:17:27.989000+00:00,2024-04-25 14:15:30+00:00,2024-04-25 14:17:30+00:00,TABUENCA01-45,Sensoria-C1-EEA1,Right,Gait,1.0.5,40.3876772,-3.6291348,CB:AA:BC:3F:36:A5,SCKS,-0.484375,0.367188,0.007813,48.16,-16.799999,-239.680008,0.299008,0.822272,-0.32704,484,699,676,0.6078710479517839
2024-04-25 14:17:28.005000+00:00,2024-04-25 14:15:30+00:00,2024-04-25 14:17:30+00:00,TABUENCA01-45,Sensoria-C1-EEA1,Right,Gait,1.0.5,40.3876772,-3.6291348,CB:AA:BC:3F:36:A5,SCKS,-0.507813,0.5625,0.015625,56.0,-35.84,-278.880005,0.252288,0.822272,-0.32704,484,700,675,0.7579739003382636
2024-04-25 14:17:28.021000+00:00,2024-04-25 14:15:30+00:00,2024-04-25 14:17:30+00:00,TABUENCA01-45,Sensoria-C1-EEA1,Right,Gait,1.0.5,40.3876772,-3.6291348,CB:AA:BC:3F:36:A5,SCKS,-0.484375,0.816407,0.0,56.0,-43.68,-311.360016,0.252288,0.822272,-0.32704,484,701,674,0.9492836932519172
2024-04-25 14:17:28.038000+00:00,2024-04-25 14:15:30+00:00,2024-04-25 14:17:30+00:00,TABUENCA01-45,Sensoria-C1-EEA1,Right,Gait,1.0.5,40.3876772,-3.6291348,CB:AA:BC:3F:36:A5,SCKS,-0.445313,1.097657,0.011719,51.52,-43.68,-338.23999,0.18688,0.812928,-0.317696,482,700,673,1.1846062183607684
2024-04-25 14:17:28.045000+00:00,2024-04-25 14:15:30+00:00,2024-04-25 14:17:30+00:00,TABUENCA01-45,Sensoria-C1-E90A,Left,Gait,1.0.5,40.3876772,-3.6291348,F0:75:B1:51:59:F6,SCKS,0.125,0.9375,-0.21875,0.0,-35.84,-20.16,0.383104,0.682112,-0.177536,564,433,461,0.9707640354380667
2024-04-25 14:17:28.054000+00:00,2024-04-25 14:15:30+00:00,2024-04-25 14:17:30+00:00,TABUENCA01-45,Sensoria-C1-EEA1,Right,Gait,1.0.5,40.3876772,-3.6291348,CB:AA:BC:3F:36:A5,SCKS,-0.402344,1.406251,0.039063,39.200001,-25.76,-360.640015,0.130816,0.79424,-0.32704,483,698,674,1.46319803420658
2024-04-25 14:17:28.077000+00:00,2024-04-25 14:15:30+00:00,2024-04-25 14:17:30+00:00,TABUENCA01-45,Sensoria-C1-E90A,Left,Gait,1.0.5,40.3876772,-3.6291348,F0:75:B1:51:59:F6,SCKS,0.09375,0.968749,-0.15625,-5.6,-39.200001,-24.639999,0.37376,0.691456,-0.18688,546,410,491,0.9857371607081676
2024-04-25 14:17:28.087000+00:00,2024-04-25 14:15:30+00:00,2024-04-25 14:17:30+00:00,TABUENCA01-45,Sensoria-C1-EEA1,Right,Gait,1.0.5,40.3876772,-3.6291348,CB:AA:BC:3F:36:A5,SCKS,-0.394532,1.832033,0.160156,22.4,14.56,-367.360016,0.074752,0.756864,-0.317696,482,699,673,1.8808642578477055
2024-04-25 14:17:28.102000+00:00,2024-04-25 14:15:30+00:00,2024-04-25 14:17:30+00:00,TABUENCA01-45,Sensoria-C1-EEA1,Right,Gait,1.0.5,40.3876772,-3.6291348,CB:AA:BC:3F:36:A5,SCKS,-0.308594,1.996095,0.285156,48.16,-5.6,-371.839996,0.018688,0.719488,-0.317696,482,697,674,2.039838094113599
2024-04-25 14:17:28.110000+00:00,2024-04-25 14:15:30+00:00,2024-04-25 14:17:30+00:00,TABUENCA01-45,Sensoria-C1-E90A,Left,Gait,1.0.5,40.3876772,-3.6291348,F0:75:B1:51:59:F6,SCKS,0.09375,0.968749,-0.1875,-2.24,-40.32,-30.24,0.37376,0.691456,-0.158848,522,386,516,0.9911709930688044
2024-04-25 14:17:28.119000+00:00,2024-04-25 14:15:30+00:00,2024-04-25 14:17:30+00:00,TABUENCA01-45,Sensoria-C1-EEA1,Right,Gait,1.0.5,40.3876772,-3.6291348,CB:AA:BC:3F:36:A5,SCKS,0.292969,1.996095,0.121094,50.400002,-23.52,-383.040009,0.018688,0.719488,-0.317696,482,700,673,2.021111041190464
2024-04-25 14:17:28.135000+00:00,2024-04-25 14:15:30+00:00,2024-04-25 14:17:30+00:00,TABUENCA01-45,Sensoria-C1-EEA1,Right,Gait,1.0.5,40.3876772,-3.6291348,CB:AA:BC:3F:36:A5,SCKS,1.183595,1.996095,0.160156,38.080002,-31.360001,-386.399994,-0.037376,0.663424,-0.308352,480,700,673,2.326143228046373
2024-04-25 14:17:28.143000+00:00,2024-04-25 14:15:30+00:00,2024-04-25 14:17:30+00:00,TABUENCA01-45,Sensoria-C1-E90A,Left,Gait,1.0.5,40.3876772,-3.6291348,F0:75:B1:51:59:F6,SCKS,0.0625,0.999999,-0.1875,-1.12,-35.84,-41.439999,0.364416,0.7008,-0.168192,497,358,544,1.019343170870831
2024-04-25 14:17:28.159000+00:00,2024-04-25 14:15:30+00:00,2024-04-25 14:17:30+00:00,TABUENCA01-45,Sensoria-C1-E90A,Left,Gait,1.0.5,40.3876772,-3.6291348,F0:75:B1:51:59:F6,SCKS,0.09375,1.062499,-0.15625,-8.96,-40.32,-57.119999,0.345728,0.710144,-0.149504,451,315,591,1.078010783805524
2024-04-25 14:17:28.167000+00:00,2024-04-25 14:15:30+00:00,2024-04-25 14:17:30+00:00,TABUENCA01-45,Sensoria-C1-EEA1,Right,Gait,1.0.5,40.3876772,-3.6291348,CB:AA:BC:3F:36:A5,SCKS,1.640626,1.996095,0.140625,21.280001,-3.36,-353.920013,-0.074752,0.60736,-0.308352,480,700,673,2.5876290907945054
2024-04-25 14:17:28.184000+00:00,2024-04-25 14:15:30+00:00,2024-04-25 14:17:30+00:00,TABUENCA01-45,Sensoria-C1-EEA1,Right,Gait,1.0.5,40.3876772,-3.6291348,CB:AA:BC:3F:36:A5,SCKS,1.996095,1.871095,-0.222656,53.760002,-12.32,-248.639999,-0.09344,0.56064,-0.308352,481,700,675,2.744989515897283
2024-04-25 14:17:28.192000+00:00,2024-04-25 14:15:30+00:00,2024-04-25 14:17:30+00:00,TABUENCA01-45,Sensoria-C1-E90A,Left,Gait,1.0.5,40.3876772,-3.6291348,F0:75:B1:51:59:F6,SCKS,0.15625,1.156249,-0.0625,-8.96,-41.439999,-75.040001,0.336384,0.719488,-0.158848,423,289,630,1.1684314539163176
2024-04-25 14:17:28.200000+00:00,2024-04-25 14:15:30+00:00,2024-04-25 14:17:30+00:00,TABUENCA01-45,Sensoria-C1-EEA1,Right,Gait,1.0.5,40.3876772,-3.6291348,CB:AA:BC:3F:36:A5,SCKS,1.996095,1.332032,0.472657,53.760002,33.599998,-112.0,-0.102784,0.532608,-0.289664,479,701,676,2.4458350593811513
2024-04-25 14:17:28.216000+00:00,2024-04-25 14:15:30+00:00,2024-04-25 14:17:30+00:00,TABUENCA01-45,Sensoria-C1-EEA1,Right,Gait,1.0.5,40.3876772,-3.6291348,CB:AA:BC:3F:36:A5,SCKS,1.996095,1.789064,0.945313,0.0,51.52,20.16,-0.102784,0.532608,-0.289664,477,703,680,2.8423162936397492
2024-04-25 14:17:28.224000+00:00,2024-04-25 14:15:30+00:00,2024-04-25 14:17:30+00:00,TABUENCA01-45,Sensoria-C1-E90A,Left,Gait,1.0.5,40.3876772,-3.6291348,F0:75:B1:51:59:F6,SCKS,0.09375,1.218749,0.03125,2.24,-21.280001,-100.800003,0.299008,0.738176,-0.158848,400,272,656,1.2227488499283081
2024-04-25 14:17:28.256000+00:00,2024-04-25 14:15:30+00:00,2024-04-25 14:17:30+00:00,TABUENCA01-45,Sensoria-C1-E90A,Left,Gait,1.0.5,40.3876772,-3.6291348,F0:75:B1:51:59:F6,SCKS,0.15625,1.374999,-0.1875,6.72,-11.2,-124.32,0.270976,0.756864,-0.168192,385,265,669,1.3964929511103878
2024-04-25 14:17:28.264000+00:00,2024-04-25 14:15:30+00:00,2024-04-25 14:17:30+00:00,TABUENCA01-45,Sensoria-C1-EEA1,Right,Gait,1.0.5,40.3876772,-3.6291348,CB:AA:BC:3F:36:A5,SCKS,0.750001,1.996095,0.464844,-3.36,-75.040001,146.720001,-0.102784,0.532608,-0.289664,477,705,682,2.1824244988915424
2024-04-25 14:17:28.266000+00:00,2024-04-25 14:15:30+00:00,2024-04-25 14:17:30+00:00,TABUENCA01-45,Sensoria-C1-EEA1,Right,Gait,1.0.5,40.3876772,-3.6291348,CB:AA:BC:3F:36:A5,SCKS,-2.000001,1.019532,-0.417969,28.0,-84.0,76.160004,-0.084096,0.56064,-0.308352,480,703,671,2.283450806123487
2024-04-25 14:17:28.281000+00:00,2024-04-25 14:15:30+00:00,2024-04-25 14:17:30+00:00,TABUENCA01-45,Sensoria-C1-EEA1,Right,Gait,1.0.5,40.3876772,-3.6291348,CB:AA:BC:3F:36:A5,SCKS,0.226563,0.910157,1.32422,39.200001,-172.479996,216.160004,-0.09344,0.588672,-0.336384,490,704,646,1.6227369367885849
2024-04-25 14:17:28.289000+00:00,2024-04-25 14:15:30+00:00,2024-04-25 14:17:30+00:00,TABUENCA01-45,Sensoria-C1-E90A,Left,Gait,1.0.5,40.3876772,-3.6291348,F0:75:B1:51:59:F6,SCKS,0.28125,1.562499,-0.15625,-4.48,-12.32,-145.600006,0.252288,0.766208,-0.149504,394,286,675,1.5952801478113492
2024-04-25 14:17:28.314000+00:00,2024-04-25 14:15:30+00:00,2024-04-25 14:17:30+00:00,TABUENCA01-45,Sensoria-C1-EEA1,Right,Gait,1.0.5,40.3876772,-3.6291348,CB:AA:BC:3F:36:A5,SCKS,0.289063,1.492189,0.175781,39.200001,7.84,207.199997,-0.074752,0.626048,-0.345728,502,712,528,1.530060256869317
2024-04-25 14:17:28.321000+00:00,2024-04-25 14:15:30+00:00,2024-04-25 14:17:30+00:00,TABUENCA01-45,Sensoria-C1-E90A,Left,Gait,1.0.5,40.3876772,-3.6291348,F0:75:B1:51:59:F6,SCKS,0.625,2.062499,-0.0625,-20.16,0.0,-173.600006,0.214912,0.775552,-0.158848,451,343,675,2.1560225822103534
2024-04-25 14:17:28.346000+00:00,2024-04-25 14:15:30+00:00,2024-04-25 14:17:30+00:00,TABUENCA01-45,Sensoria-C1-EEA1,Right,Gait,1.0.5,40.3876772,-3.6291348,CB:AA:BC:3F:36:A5,SCKS,0.320313,1.441407,-0.800782,62.720001,24.639999,181.440002,-0.056064,0.65408,-0.345728,506,713,453,1.6797340173795374
2024-04-25 14:17:28.354000+00:00,2024-04-25 14:15:30+00:00,2024-04-25 14:17:30+00:00,TABUENCA01-45,Sensoria-C1-E90A,Left,Gait,1.0.5,40.3876772,-3.6291348,F0:75:B1:51:59:F6,SCKS,0.8125,2.156249,-0.0625,-62.720001,-53.760002,-200.479996,0.18688,0.79424,-0.168192,513,398,676,2.3050970153121537
2024-04-25 14:17:28.363000+00:00,2024-04-25 14:15:30+00:00,2024-04-25 14:17:30+00:00,TABUENCA01-45,Sensoria-C1-EEA1,Right,Gait,1.0.5,40.3876772,-3.6291348,CB:AA:BC:3F:36:A5,SCKS,-0.082031,0.781251,0.160156,-21.280001,81.760002,160.160004,-0.037376,0.672768,-0.32704,495,716,387,0.8017057778873743
2024-04-25 14:17:28.379000+00:00,2024-04-25 14:15:30+00:00,2024-04-25 14:17:30+00:00,TABUENCA01-45,Sensoria-C1-EEA1,Right,Gait,1.0.5,40.3876772,-3.6291348,CB:AA:BC:3F:36:A5,SCKS,-0.164063,1.089845,0.050781,3.36,66.080002,123.199997,-0.028032,0.691456,-0.32704,483,713,365,1.1032939327101368
2024-04-25 14:17:28.386000+00:00,2024-04-25 14:15:30+00:00,2024-04-25 14:17:30+00:00,TABUENCA01-45,Sensoria-C1-E90A,Left,Gait,1.0.5,40.3876772,-3.6291348,F0:75:B1:51:59:F6,SCKS,0.53125,2.156249,-0.84375,-3.36,-66.080002,-245.279999,0.102784,0.803584,-0.18688,573,460,682,2.375615788590613
2024-04-25 14:17:28.395000+00:00,2024-04-25 14:15:30+00:00,2024-04-25 14:17:30+00:00,TABUENCA01-45,Sensoria-C1-EEA1,Right,Gait,1.0.5,40.3876772,-3.6291348,CB:AA:BC:3F:36:A5,SCKS,-0.328125,0.855469,-0.152344,3.36,40.32,109.760002,-0.009344,0.710144,-0.317696,466,703,354,0.9288174847202221
2024-04-25 14:17:28.418000+00:00,2024-04-25 14:15:30+00:00,2024-04-25 14:17:30+00:00,TABUENCA01-45,Sensoria-C1-E90A,Left,Gait,1.0.5,40.3876772,-3.6291348,F0:75:B1:51:59:F6,SCKS,0.59375,0.84375,-0.375,29.120001,32.48,-217.279999,0.056064,0.803584,-0.177536,635,515,685,1.0977605043906435
2024-04-25 14:17:28.427000+00:00,2024-04-25 14:15:30+00:00,2024-04-25 14:17:30+00:00,TABUENCA01-45,Sensoria-C1-EEA1,Right,Gait,1.0.5,40.3876772,-3.6291348,CB:AA:BC:3F:36:A5,SCKS,-0.148438,0.957032,0.011719,6.72,0.0,92.959999,0.0,0.719488,-0.317696,442,681,354,0.968546035988481
2024-04-25 14:17:28.444000+00:00,2024-04-25 14:15:30+00:00,2024-04-25 14:17:30+00:00,TABUENCA01-45,Sensoria-C1-EEA1,Right,Gait,1.0.5,40.3876772,-3.6291348,CB:AA:BC:3F:36:A5,SCKS,-0.074219,0.933594,0.117188,17.92,-7.84,78.400002,0.009344,0.738176,-0.317696,413,656,359,0.9438428069021875
2024-04-25 14:17:28.451000+00:00,2024-04-25 14:15:30+00:00,2024-04-25 14:17:30+00:00,TABUENCA01-45,Sensoria-C1-E90A,Left,Gait,1.0.5,40.3876772,-3.6291348,F0:75:B1:51:59:F6,SCKS,-0.6875,0.40625,-0.28125,-1.12,-51.52,-120.959999,0.028032,0.79424,-0.177536,673,531,685,0.8466385740090041
2024-04-25 14:17:28.460000+00:00,2024-04-25 14:15:30+00:00,2024-04-25 14:17:30+00:00,TABUENCA01-45,Sensoria-C1-EEA1,Right,Gait,1.0.5,40.3876772,-3.6291348,CB:AA:BC:3F:36:A5,SCKS,-0.046875,1.097657,-0.179688,29.120001,-12.32,68.32,0.009344,0.738176,-0.317696,387,626,370,1.1132546575775015
2024-04-25 14:17:28.476000+00:00,2024-04-25 14:15:30+00:00,2024-04-25 14:17:30+00:00,TABUENCA01-45,Sensoria-C1-EEA1,Right,Gait,1.0.5,40.3876772,-3.6291348,CB:AA:BC:3F:36:A5,SCKS,-0.066406,0.968751,-0.074219,11.2,4.48,59.360001,0.018688,0.74752,-0.299008,365,601,384,0.9738566202465331
2024-04-25 14:17:28.483000+00:00,2024-04-25 14:15:30+00:00,2024-04-25 14:17:30+00:00,TABUENCA01-45,Sensoria-C1-E90A,Left,Gait,1.0.5,40.3876772,-3.6291348,F0:75:B1:51:59:F6,SCKS,0.90625,0.28125,-0.25,0.0,-146.720001,24.639999,0.009344,0.79424,-0.18688,691,538,684,0.9812699042567239
2024-04-25 14:17:28.500000+00:00,2024-04-25 14:15:30+00:00,2024-04-25 14:17:30+00:00,TABUENCA01-45,Sensoria-C1-E90A,Left,Gait,1.0.5,40.3876772,-3.6291348,F0:75:B1:51:59:F6,SCKS,0.3125,0.0,0.0,-22.4,3.36,92.959999,0.018688,0.803584,-0.18688,698,538,682,0.3125
2024-04-25 14:17:28.509000+00:00,2024-04-25 14:15:30+00:00,2024-04-25 14:17:30+00:00,TABUENCA01-45,Sensoria-C1-EEA1,Right,Gait,1.0.5,40.3876772,-3.6291348,CB:AA:BC:3F:36:A5,SCKS,-0.082031,0.984376,-0.113281,7.84,8.96,52.639999,0.018688,0.74752,-0.308352,344,581,400,0.9942624297930602
2024-04-25 14:17:28.524000+00:00,2024-04-25 14:15:30+00:00,2024-04-25 14:17:30+00:00,TABUENCA01-45,Sensoria-C1-EEA1,Right,Gait,1.0.5,40.3876772,-3.6291348,CB:AA:BC:3F:36:A5,SCKS,-0.054688,0.968751,-0.070313,7.84,14.56,45.920002,0.028032,0.738176,-0.299008,331,562,421,0.9728377024529837
2024-04-25 14:17:28.532000+00:00,2024-04-25 14:15:30+00:00,2024-04-25 14:17:30+00:00,TABUENCA01-45,Sensoria-C1-E90A,Left,Gait,1.0.5,40.3876772,-3.6291348,F0:75:B1:51:59:F6,SCKS,0.28125,0.09375,-0.03125,-4.48,20.16,165.759995,0.04672,0.803584,-0.205568,698,537,681,0.2981060004427955
2024-04-25 14:17:28.541000+00:00,2024-04-25 14:15:30+00:00,2024-04-25 14:17:30+00:00,TABUENCA01-45,Sensoria-C1-EEA1,Right,Gait,1.0.5,40.3876772,-3.6291348,CB:AA:BC:3F:36:A5,SCKS,-0.027344,0.945313,-0.125,5.6,17.92,42.560001,0.037376,0.74752,-0.299008,318,550,444,0.9539336257334678
2024-04-25 14:17:28.557000+00:00,2024-04-25 14:15:30+00:00,2024-04-25 14:17:30+00:00,TABUENCA01-45,Sensoria-C1-EEA1,Right,Gait,1.0.5,40.3876772,-3.6291348,CB:AA:BC:3F:36:A5,SCKS,-0.027344,0.953126,-0.113281,0.0,20.16,38.080002,0.037376,0.74752,-0.299008,309,539,467,0.9602236464350375
2024-04-25 14:17:28.564000+00:00,2024-04-25 14:15:30+00:00,2024-04-25 14:17:30+00:00,TABUENCA01-45,Sensoria-C1-E90A,Left,Gait,1.0.5,40.3876772,-3.6291348,F0:75:B1:51:59:F6,SCKS,0.34375,0.40625,-0.21875,-2.24,40.32,246.399994,0.084096,0.803584,-0.18688,697,536,680,0.5753735199850615
2024-04-25 14:17:28.573000+00:00,2024-04-25 14:15:30+00:00,2024-04-25 14:17:30+00:00,TABUENCA01-45,Sensoria-C1-EEA1,Right,Gait,1.0.5,40.3876772,-3.6291348,CB:AA:BC:3F:36:A5,SCKS,-0.023438,0.925782,-0.09375,-8.96,7.84,25.76,0.037376,0.74752,-0.28032,301,533,489,0.9308118573954675
2024-04-25 14:17:28.606000+00:00,2024-04-25 14:15:30+00:00,2024-04-25 14:17:30+00:00,TABUENCA01-45,Sensoria-C1-EEA1,Right,Gait,1.0.5,40.3876772,-3.6291348,CB:AA:BC:3F:36:A5,SCKS,0.035156,0.867188,-0.105469,-19.040001,-8.96,19.040001,0.037376,0.756864,-0.299008,298,529,506,0.8742852404341502
2024-04-25 14:17:28.613000+00:00,2024-04-25 14:15:30+00:00,2024-04-25 14:17:30+00:00,TABUENCA01-45,Sensoria-C1-E90A,Left,Gait,1.0.5,40.3876772,-3.6291348,F0:75:B1:51:59:F6,SCKS,0.09375,0.78125,-0.125,-2.24,38.080002,295.679993,0.168192,0.79424,-0.18688,696,535,679,0.7967217989988726
2024-04-25 14:17:28.622000+00:00,2024-04-25 14:15:30+00:00,2024-04-25 14:17:30+00:00,TABUENCA01-45,Sensoria-C1-EEA1,Right,Gait,1.0.5,40.3876772,-3.6291348,CB:AA:BC:3F:36:A5,SCKS,-0.007813,0.921876,-0.121094,-24.639999,0.0,21.280001,0.04672,0.756864,-0.299008,292,524,517,0.9298280266699859
2024-04-25 14:17:28.629000+00:00,2024-04-25 14:15:30+00:00,2024-04-25 14:17:30+00:00,TABUENCA01-45,Sensoria-C1-E90A,Left,Gait,1.0.5,40.3876772,-3.6291348,F0:75:B1:51:59:F6,SCKS,0.1875,1.156249,-0.09375,1.12,25.76,330.399994,0.2336,0.775552,-0.18688,693,533,676,1.1750987458511732
2024-04-25 14:17:28.638000+00:00,2024-04-25 14:15:30+00:00,2024-04-25 14:17:30+00:00,TABUENCA01-45,Sensoria-C1-EEA1,Right,Gait,1.0.5,40.3876772,-3.6291348,CB:AA:BC:3F:36:A5,SCKS,-0.074219,0.933594,-0.082031,-28.0,4.48,24.639999,0.056064,0.756864,-0.308352,292,524,524,0.9401251521781555
2024-04-25 14:17:28.662000+00:00,2024-04-25 14:15:30+00:00,2024-04-25 14:17:30+00:00,TABUENCA01-45,Sensoria-C1-E90A,Left,Gait,1.0.5,40.3876772,-3.6291348,F0:75:B1:51:59:F6,SCKS,0.21875,1.562499,-0.03125,5.6,43.68,339.360016,0.289664,0.74752,-0.177536,693,533,677,1.578046656471538
2024-04-25 14:17:28.671000+00:00,2024-04-25 14:15:30+00:00,2024-04-25 14:17:30+00:00,TABUENCA01-45,Sensoria-C1-EEA1,Right,Gait,1.0.5,40.3876772,-3.6291348,CB:AA:BC:3F:36:A5,SCKS,-0.046875,0.964844,-0.027344,-24.639999,2.24,29.120001,0.056064,0.756864,-0.308352,290,520,528,0.9663689276342654
2024-04-25 14:17:28.687000+00:00,2024-04-25 14:15:30+00:00,2024-04-25 14:17:30+00:00,TABUENCA01-45,Sensoria-C1-EEA1,Right,Gait,1.0.5,40.3876772,-3.6291348,CB:AA:BC:3F:36:A5,SCKS,0.003906,0.984376,-0.023438,-20.16,2.24,32.48,0.04672,0.756864,-0.308352,288,517,530,0.9846627372131028
2024-04-25 14:17:28.694000+00:00,2024-04-25 14:15:30+00:00,2024-04-25 14:17:30+00:00,TABUENCA01-45,Sensoria-C1-E90A,Left,Gait,1.0.5,40.3876772,-3.6291348,F0:75:B1:51:59:F6,SCKS,0.15625,1.874999,0.03125,-2.24,59.360001,349.440002,0.355072,0.710144,-0.18688,694,532,675,1.8817576557572444
2024-04-25 14:17:28.703000+00:00,2024-04-25 14:15:30+00:00,2024-04-25 14:17:30+00:00,TABUENCA01-45,Sensoria-C1-EEA1,Right,Gait,1.0.5,40.3876772,-3.6291348,CB:AA:BC:3F:36:A5,SCKS,0.023438,0.964844,-0.023438,-15.68,2.24,29.120001,0.056064,0.756864,-0.299008,285,513,532,0.9654131882380725
2024-04-25 14:17:28.720000+00:00,2024-04-25 14:15:30+00:00,2024-04-25 14:17:30+00:00,TABUENCA01-45,Sensoria-C1-EEA1,Right,Gait,1.0.5,40.3876772,-3.6291348,CB:AA:BC:3F:36:A5,SCKS,0.011719,0.968751,-0.035156,-14.56,-4.48,23.52,0.056064,0.756864,-0.317696,282,504,532,0.9694595294791837
2024-04-25 14:17:28.727000+00:00,2024-04-25 14:15:30+00:00,2024-04-25 14:17:30+00:00,TABUENCA01-45,Sensoria-C1-E90A,Left,Gait,1.0.5,40.3876772,-3.6291348,F0:75:B1:51:59:F6,SCKS,0.1875,2.374999,-0.03125,-8.96,78.400002,366.23999,0.401792,0.663424,-0.205568,691,533,676,2.3825937678297153
2024-04-25 14:17:28.736000+00:00,2024-04-25 14:15:30+00:00,2024-04-25 14:17:30+00:00,TABUENCA01-45,Sensoria-C1-EEA1,Right,Gait,1.0.5,40.3876772,-3.6291348,CB:AA:BC:3F:36:A5,SCKS,0.023438,0.984376,-0.023438,-15.68,-10.08,19.040001,0.065408,0.756864,-0.317696,278,495,532,0.9849339008603571
2024-04-25 14:17:28.760000+00:00,2024-04-25 14:15:30+00:00,2024-04-25 14:17:30+00:00,TABUENCA01-45,Sensoria-C1-E90A,Left,Gait,1.0.5,40.3876772,-3.6291348,F0:75:B1:51:59:F6,SCKS,-0.125,2.406249,-0.125,-33.599998,67.199997,353.920013,0.485888,0.56064,-0.224256,694,533,675,2.4127337710574284
2024-04-25 14:17:28.768000+00:00,2024-04-25 14:15:30+00:00,2024-04-25 14:17:30+00:00,TABUENCA01-45,Sensoria-C1-EEA1,Right,Gait,1.0.5,40.3876772,-3.6291348,CB:AA:BC:3F:36:A5,SCKS,0.003906,0.984376,-0.007813,-14.56,-4.48,20.16,0.065408,0.766208,-0.317696,275,490,533,0.9844147546542565
2024-04-25 14:17:28.784000+00:00,2024-04-25 14:15:30+00:00,2024-04-25 14:17:30+00:00,TABUENCA01-45,Sensoria-C1-EEA1,Right,Gait,1.0.5,40.3876772,-3.6291348,CB:AA:BC:3F:36:A5,SCKS,-0.070313,1.003907,0.007813,-12.32,2.24,30.24,0.065408,0.766208,-0.317696,270,482,534,1.0063966542010163
2024-04-25 14:17:28.792000+00:00,2024-04-25 14:15:30+00:00,2024-04-25 14:17:30+00:00,TABUENCA01-45,Sensoria-C1-E90A,Left,Gait,1.0.5,40.3876772,-3.6291348,F0:75:B1:51:59:F6,SCKS,-0.78125,2.062499,-0.625,-17.92,76.160004,294.559998,0.51392,0.51392,-0.242944,691,532,675,2.292352217156212
2024-04-25 14:17:28.801000+00:00,2024-04-25 14:15:30+00:00,2024-04-25 14:17:30+00:00,TABUENCA01-45,Sensoria-C1-EEA1,Right,Gait,1.0.5,40.3876772,-3.6291348,CB:AA:BC:3F:36:A5,SCKS,-0.085938,1.097657,-0.027344,-7.84,4.48,50.400002,0.074752,0.766208,-0.317696,266,475,535,1.101355493847922
2024-04-25 14:17:28.817000+00:00,2024-04-25 14:15:30+00:00,2024-04-25 14:17:30+00:00,TABUENCA01-45,Sensoria-C1-EEA1,Right,Gait,1.0.5,40.3876772,-3.6291348,CB:AA:BC:3F:36:A5,SCKS,-0.074219,1.160157,0.003906,-6.72,7.84,72.800003,0.084096,0.766208,-0.317696,257,466,546,1.162535152778616
2024-04-25 14:17:28.825000+00:00,2024-04-25 14:15:30+00:00,2024-04-25 14:17:30+00:00,TABUENCA01-45,Sensoria-C1-E90A,Left,Gait,1.0.5,40.3876772,-3.6291348,F0:75:B1:51:59:F6,SCKS,-2.312499,1.281249,-0.1875,-7.84,-30.24,203.839996,0.532608,0.4672,-0.242944,689,531,678,2.650359763315539
2024-04-25 14:17:28.834000+00:00,2024-04-25 14:15:30+00:00,2024-04-25 14:17:30+00:00,TABUENCA01-45,Sensoria-C1-EEA1,Right,Gait,1.0.5,40.3876772,-3.6291348,CB:AA:BC:3F:36:A5,SCKS,-0.03125,1.203126,-0.046875,-5.6,1.12,98.559998,0.09344,0.775552,-0.308352,246,454,576,1.2044442701931044
2024-04-25 14:17:28.841000+00:00,2024-04-25 14:15:30+00:00,2024-04-25 14:17:30+00:00,TABUENCA01-45,Sensoria-C1-E90A,Left,Gait,1.0.5,40.3876772,-3.6291348,F0:75:B1:51:59:F6,SCKS,-1.812499,1.531249,-0.28125,8.96,-4.48,-98.559998,0.532608,0.448512,-0.2336,688,530,686,2.3893467072616317
2024-04-25 14:17:28.866000+00:00,2024-04-25 14:15:30+00:00,2024-04-25 14:17:30+00:00,TABUENCA01-45,Sensoria-C1-EEA1,Right,Gait,1.0.5,40.3876772,-3.6291348,CB:AA:BC:3F:36:A5,SCKS,-0.046875,1.242188,-0.078125,-4.48,-4.48,109.760002,0.112128,0.775552,-0.317696,233,443,614,1.2455247121570894
2024-04-25 14:17:28.874000+00:00,2024-04-25 14:15:30+00:00,2024-04-25 14:17:30+00:00,TABUENCA01-45,Sensoria-C1-E90A,Left,Gait,1.0.5,40.3876772,-3.6291348,F0:75:B1:51:59:F6,SCKS,3.468748,0.09375,0.3125,21.280001,-2.24,-72.800003,0.532608,0.4672,-0.242944,687,529,676,3.4840576918306048
2024-04-25 14:17:28.882000+00:00,2024-04-25 14:15:30+00:00,2024-04-25 14:17:30+00:00,TABUENCA01-45,Sensoria-C1-EEA1,Right,Gait,1.0.5,40.3876772,-3.6291348,CB:AA:BC:3F:36:A5,SCKS,-0.085938,1.367188,0.007813,-3.36,-12.32,116.480003,0.112128,0.775552,-0.317696,221,434,646,1.3699085408000784
2024-04-25 14:17:28.899000+00:00,2024-04-25 14:15:30+00:00,2024-04-25 14:17:30+00:00,TABUENCA01-45,Sensoria-C1-EEA1,Right,Gait,1.0.5,40.3876772,-3.6291348,CB:AA:BC:3F:36:A5,SCKS,-0.179688,1.54297,0.074219,-12.32,-14.56,129.919998,0.14016,0.79424,-0.317696,212,430,667,1.555169655762676
2024-04-25 14:17:28.906000+00:00,2024-04-25 14:15:30+00:00,2024-04-25 14:17:30+00:00,TABUENCA01-45,Sensoria-C1-E90A,Left,Gait,1.0.5,40.3876772,-3.6291348,F0:75:B1:51:59:F6,SCKS,-0.34375,1.499999,0.25,60.48,131.039993,-199.360001,0.51392,0.504576,-0.242944,693,534,643,1.5590577482893313
2024-04-25 14:17:28.915000+00:00,2024-04-25 14:15:30+00:00,2024-04-25 14:17:30+00:00,TABUENCA01-45,Sensoria-C1-EEA1,Right,Gait,1.0.5,40.3876772,-3.6291348,CB:AA:BC:3F:36:A5,SCKS,-0.238281,1.628907,0.15625,-14.56,-17.92,144.479996,0.158848,0.803584,-0.317696,207,433,680,1.6536414097711754
2024-04-25 14:17:28.939000+00:00,2024-04-25 14:15:30+00:00,2024-04-25 14:17:30+00:00,TABUENCA01-45,Sensoria-C1-E90A,Left,Gait,1.0.5,40.3876772,-3.6291348,F0:75:B1:51:59:F6,SCKS,-0.53125,1.343749,0.09375,84.0,39.200001,-190.399994,0.504576,0.532608,-0.261632,692,539,574,1.4479906767659108
2024-04-25 14:17:28.948000+00:00,2024-04-25 14:15:30+00:00,2024-04-25 14:17:30+00:00,TABUENCA01-45,Sensoria-C1-EEA1,Right,Gait,1.0.5,40.3876772,-3.6291348,CB:AA:BC:3F:36:A5,SCKS,-0.417969,1.835939,0.164063,-28.0,-7.84,159.039993,0.177536,0.803584,-0.317696,208,448,686,1.8900494079920238
2024-04-25 14:17:28.964000+00:00,2024-04-25 14:15:30+00:00,2024-04-25 14:17:30+00:00,TABUENCA01-45,Sensoria-C1-EEA1,Right,Gait,1.0.5,40.3876772,-3.6291348,CB:AA:BC:3F:36:A5,SCKS,-0.625,1.988283,0.074219,-43.68,25.76,183.680008,0.205568,0.812928,-0.336384,218,468,690,2.085522176350566
2024-04-25 14:17:28.971000+00:00,2024-04-25 14:15:30+00:00,2024-04-25 14:17:30+00:00,TABUENCA01-45,Sensoria-C1-E90A,Left,Gait,1.0.5,40.3876772,-3.6291348,F0:75:B1:51:59:F6,SCKS,0.0625,1.218749,0.0625,75.040001,0.0,-155.680008,0.4672,0.588672,-0.252288,689,541,491,1.221949927370594
2024-04-25 14:17:28.980000+00:00,2024-04-25 14:15:30+00:00,2024-04-25 14:17:30+00:00,TABUENCA01-45,Sensoria-C1-EEA1,Right,Gait,1.0.5,40.3876772,-3.6291348,CB:AA:BC:3F:36:A5,SCKS,-0.589844,1.996095,0.136719,-45.920002,51.52,216.160004,0.205568,0.812928,-0.336384,238,493,690,2.085905865163143
2024-04-25 14:17:28.996000+00:00,2024-04-25 14:15:30+00:00,2024-04-25 14:17:30+00:00,TABUENCA01-45,Sensoria-C1-EEA1,Right,Gait,1.0.5,40.3876772,-3.6291348,CB:AA:BC:3F:36:A5,SCKS,-0.390625,1.996095,-0.417969,-22.4,42.560001,247.520004,0.252288,0.812928,-0.336384,275,531,691,2.0764588184240496
2024-04-25 14:17:29.036000+00:00,2024-04-25 14:15:30+00:00,2024-04-25 14:17:30+00:00,TABUENCA01-45,Sensoria-C1-E90A,Left,Gait,1.0.5,40.3876772,-3.6291348,F0:75:B1:51:59:F6,SCKS,0.0,0.999999,-0.09375,43.68,-6.72,-68.32,0.439168,0.626048,-0.252288,686,548,369,1.0043839218650406
2024-04-25 14:17:29.044000+00:00,2024-04-25 14:15:30+00:00,2024-04-25 14:17:30+00:00,TABUENCA01-45,Sensoria-C1-EEA1,Right,Gait,1.0.5,40.3876772,-3.6291348,CB:AA:BC:3F:36:A5,SCKS,-0.730469,1.933595,-0.589844,-14.56,31.360001,268.799988,0.299008,0.812928,-0.345728,323,581,691,2.149486107962087
2024-04-25 14:17:29.045000+00:00,2024-04-25 14:15:30+00:00,2024-04-25 14:17:30+00:00,TABUENCA01-45,Sensoria-C1-EEA1,Right,Gait,1.0.5,40.3876772,-3.6291348,CB:AA:BC:3F:36:A5,SCKS,-0.191406,1.421876,-0.421875,-5.6,-42.560001,281.119995,0.345728,0.812928,-0.336384,377,631,689,1.4954417848371764
2024-04-25 14:17:29.061000+00:00,2024-04-25 14:15:30+00:00,2024-04-25 14:17:30+00:00,TABUENCA01-45,Sensoria-C1-EEA1,Right,Gait,1.0.5,40.3876772,-3.6291348,CB:AA:BC:3F:36:A5,SCKS,-0.046875,0.496094,-0.417969,22.4,-23.52,235.199997,0.383104,0.812928,-0.32704,427,666,688,0.6503880437262051
2024-04-25 14:17:29.069000+00:00,2024-04-25 14:15:30+00:00,2024-04-25 14:17:30+00:00,TABUENCA01-45,Sensoria-C1-E90A,Left,Gait,1.0.5,40.3876772,-3.6291348,F0:75:B1:51:59:F6,SCKS,0.09375,0.999999,-0.0625,28.0,-20.16,-40.32,0.429824,0.644736,-0.242944,679,546,340,1.0063266430443942
2024-04-25 14:17:29.078000+00:00,2024-04-25 14:15:30+00:00,2024-04-25 14:17:30+00:00,TABUENCA01-45,Sensoria-C1-EEA1,Right,Gait,1.0.5,40.3876772,-3.6291348,CB:AA:BC:3F:36:A5,SCKS,0.527344,0.058594,-0.5625,15.68,41.439999,162.399994,0.383104,0.812928,-0.32704,457,682,688,0.7732601122339107
2024-04-25 14:17:29.094000+00:00,2024-04-25 14:15:30+00:00,2024-04-25 14:17:30+00:00,TABUENCA01-45,Sensoria-C1-EEA1,Right,Gait,1.0.5,40.3876772,-3.6291348,CB:AA:BC:3F:36:A5,SCKS,-0.6875,0.636719,-0.382813,-8.96,170.240005,64.959999,0.411136,0.803584,-0.32704,471,692,684,1.0122317560371241
2024-04-25 14:17:29.101000+00:00,2024-04-25 14:15:30+00:00,2024-04-25 14:17:30+00:00,TABUENCA01-45,Sensoria-C1-E90A,Left,Gait,1.0.5,40.3876772,-3.6291348,F0:75:B1:51:59:F6,SCKS,0.21875,0.968749,-0.125,23.52,-34.720001,-22.4,0.42048,0.65408,-0.242944,672,540,325,1.0009751183226285
2024-04-25 14:17:29.134000+00:00,2024-04-25 14:15:30+00:00,2024-04-25 14:17:30+00:00,TABUENCA01-45,Sensoria-C1-E90A,Left,Gait,1.0.5,40.3876772,-3.6291348,F0:75:B1:51:59:F6,SCKS,0.1875,0.968749,-0.125,17.92,-25.76,-23.52,0.411136,0.663424,-0.2336,664,533,321,0.994613429931951
2024-04-25 14:17:29.142000+00:00,2024-04-25 14:15:30+00:00,2024-04-25 14:17:30+00:00,TABUENCA01-45,Sensoria-C1-EEA1,Right,Gait,1.0.5,40.3876772,-3.6291348,CB:AA:BC:3F:36:A5,SCKS,-1.019532,0.175781,-0.082031,-50.400002,142.240005,-20.16,0.401792,0.803584,-0.345728,476,697,684,1.037821537619065
2024-04-25 14:17:29.143000+00:00,2024-04-25 14:15:30+00:00,2024-04-25 14:17:30+00:00,TABUENCA01-45,Sensoria-C1-EEA1,Right,Gait,1.0.5,40.3876772,-3.6291348,CB:AA:BC:3F:36:A5,SCKS,-0.539063,-0.039063,0.035156,-1.12,40.32,-68.32,0.401792,0.803584,-0.345728,477,700,681,0.5416186668441182
2024-04-25 14:17:29.150000+00:00,2024-04-25 14:15:30+00:00,2024-04-25 14:17:30+00:00,TABUENCA01-45,Sensoria-C1-E90A,Left,Gait,1.0.5,40.3876772,-3.6291348,F0:75:B1:51:59:F6,SCKS,0.15625,0.9375,-0.15625,16.799999,-14.56,-24.639999,0.411136,0.663424,-0.224256,655,524,329,0.9631896879639026
2024-04-25 14:17:29.159000+00:00,2024-04-25 14:15:30+00:00,2024-04-25 14:17:30+00:00,TABUENCA01-45,Sensoria-C1-EEA1,Right,Gait,1.0.5,40.3876772,-3.6291348,CB:AA:BC:3F:36:A5,SCKS,-0.464844,0.113281,-0.042969,22.4,17.92,-109.760002,0.383104,0.812928,-0.345728,479,702,682,0.48037367148710386
2024-04-25 14:17:29.175000+00:00,2024-04-25 14:15:30+00:00,2024-04-25 14:17:30+00:00,TABUENCA01-45,Sensoria-C1-EEA1,Right,Gait,1.0.5,40.3876772,-3.6291348,CB:AA:BC:3F:36:A5,SCKS,-0.429688,0.261719,-0.050781,29.120001,-7.84,-152.320007,0.355072,0.812928,-0.345728,478,701,681,0.5056751153319688
2024-04-25 14:17:29.182000+00:00,2024-04-25 14:15:30+00:00,2024-04-25 14:17:30+00:00,TABUENCA01-45,Sensoria-C1-E90A,Left,Gait,1.0.5,40.3876772,-3.6291348,F0:75:B1:51:59:F6,SCKS,0.15625,0.9375,-0.21875,14.56,-15.68,-19.040001,0.411136,0.663424,-0.224256,646,512,344,0.9752804083954522
2024-04-25 14:17:29.207000+00:00,2024-04-25 14:15:30+00:00,2024-04-25 14:17:30+00:00,TABUENCA01-45,Sensoria-C1-EEA1,Right,Gait,1.0.5,40.3876772,-3.6291348,CB:AA:BC:3F:36:A5,SCKS,-0.378907,0.351563,-0.011719,30.24,-31.360001,-197.119995,0.355072,0.812928,-0.345728,480,699,680,0.5170148862257257
2024-04-25 14:17:29.215000+00:00,2024-04-25 14:15:30+00:00,2024-04-25 14:17:30+00:00,TABUENCA01-45,Sensoria-C1-E90A,Left,Gait,1.0.5,40.3876772,-3.6291348,F0:75:B1:51:59:F6,SCKS,0.15625,0.968749,-0.1875,6.72,-32.48,-15.68,0.401792,0.672768,-0.214912,635,497,364,0.9990219904992081
2024-04-25 14:17:29.223000+00:00,2024-04-25 14:15:30+00:00,2024-04-25 14:17:30+00:00,TABUENCA01-45,Sensoria-C1-EEA1,Right,Gait,1.0.5,40.3876772,-3.6291348,CB:AA:BC:3F:36:A5,SCKS,-0.371094,0.507813,-0.011719,38.080002,-48.16,-240.800003,0.317696,0.822272,-0.345728,478,700,680,0.6290644917383272
2024-04-25 14:17:29.240000+00:00,2024-04-25 14:15:30+00:00,2024-04-25 14:17:30+00:00,TABUENCA01-45,Sensoria-C1-EEA1,Right,Gait,1.0.5,40.3876772,-3.6291348,CB:AA:BC:3F:36:A5,SCKS,-0.277344,0.6875,-0.003906,43.68,-56.0,-273.279999,0.270976,0.822272,-0.345728,479,699,681,0.7413441853633169
2024-04-25 14:17:29.247000+00:00,2024-04-25 14:15:30+00:00,2024-04-25 14:17:30+00:00,TABUENCA01-45,Sensoria-C1-E90A,Left,Gait,1.0.5,40.3876772,-3.6291348,F0:75:B1:51:59:F6,SCKS,0.125,0.968749,-0.125,11.2,-40.32,-17.92,0.401792,0.672768,-0.214912,619,479,386,0.9847459697815473
2024-04-25 14:17:29.256000+00:00,2024-04-25 14:15:30+00:00,2024-04-25 14:17:30+00:00,TABUENCA01-45,Sensoria-C1-EEA1,Right,Gait,1.0.5,40.3876772,-3.6291348,CB:AA:BC:3F:36:A5,SCKS,-0.222656,0.914063,0.007813,42.560001,-47.040001,-296.799988,0.214912,0.812928,-0.317696,476,700,678,0.9408229935933751
2024-04-25 14:17:29.280000+00:00,2024-04-25 14:15:30+00:00,2024-04-25 14:17:30+00:00,TABUENCA01-45,Sensoria-C1-E90A,Left,Gait,1.0.5,40.3876772,-3.6291348,F0:75:B1:51:59:F6,SCKS,0.125,0.9375,-0.1875,15.68,-47.040001,-20.16,0.392448,0.672768,-0.196224,603,456,412,0.9642030387838445
2024-04-25 14:17:29.288000+00:00,2024-04-25 14:15:30+00:00,2024-04-25 14:17:30+00:00,TABUENCA01-45,Sensoria-C1-EEA1,Right,Gait,1.0.5,40.3876772,-3.6291348,CB:AA:BC:3F:36:A5,SCKS,-0.230469,1.191407,0.078125,34.720001,-33.599998,-306.880005,0.158848,0.803584,-0.32704,476,698,677,1.216005803947909
2024-04-25 14:17:29.312000+00:00,2024-04-25 14:15:30+00:00,2024-04-25 14:17:30+00:00,TABUENCA01-45,Sensoria-C1-E90A,Left,Gait,1.0.5,40.3876772,-3.6291348,F0:75:B1:51:59:F6,SCKS,0.09375,0.9375,-0.21875,15.68,-43.68,-24.639999,0.383104,0.682112,-0.18688,583,434,439,0.967236721283885
2024-04-25 14:17:29.321000+00:00,2024-04-25 14:15:30+00:00,2024-04-25 14:17:30+00:00,TABUENCA01-45,Sensoria-C1-EEA1,Right,Gait,1.0.5,40.3876772,-3.6291348,CB:AA:BC:3F:36:A5,SCKS,-0.105469,1.777345,0.171875,35.84,-10.08,-310.23999,0.112128,0.775552,-0.317696,475,698,677,1.7887481585206455
2024-04-25 14:17:29.337000+00:00,2024-04-25 14:15:30+00:00,2024-04-25 14:17:30+00:00,TABUENCA01-45,Sensoria-C1-EEA1,Right,Gait,1.0.5,40.3876772,-3.6291348,CB:AA:BC:3F:36:A5,SCKS,0.117188,1.996095,0.085938,28.0,8.96,-319.200012,0.056064,0.74752,-0.308352,475,698,677,2.0013779293809053
2024-04-25 14:17:29.344000+00:00,2024-04-25 14:15:30+00:00,2024-04-25 14:17:30+00:00,TABUENCA01-45,Sensoria-C1-E90A,Left,Gait,1.0.5,40.3876772,-3.6291348,F0:75:B1:51:59:F6,SCKS,0.0625,0.968749,-0.21875,11.2,-38.080002,-32.48,0.37376,0.691456,-0.168192,550,401,485,0.9951042344905382
2024-04-25 14:17:29.353000+00:00,2024-04-25 14:15:30+00:00,2024-04-25 14:17:30+00:00,TABUENCA01-45,Sensoria-C1-EEA1,Right,Gait,1.0.5,40.3876772,-3.6291348,CB:AA:BC:3F:36:A5,SCKS,0.125,1.996095,0.078125,22.4,17.92,-328.160004,0.009344,0.710144,-0.317696,475,697,677,2.0015303556653845
2024-04-25 14:17:29.377000+00:00,2024-04-25 14:15:30+00:00,2024-04-25 14:17:30+00:00,TABUENCA01-45,Sensoria-C1-E90A,Left,Gait,1.0.5,40.3876772,-3.6291348,F0:75:B1:51:59:F6,SCKS,0.09375,0.968749,-0.25,10.08,-35.84,-41.439999,0.364416,0.7008,-0.168192,527,377,516,1.0048699853717395
2024-04-25 14:17:29.386000+00:00,2024-04-25 14:15:30+00:00,2024-04-25 14:17:30+00:00,TABUENCA01-45,Sensoria-C1-EEA1,Right,Gait,1.0.5,40.3876772,-3.6291348,CB:AA:BC:3F:36:A5,SCKS,0.421875,1.996095,0.039063,32.48,-10.08,-337.119995,0.009344,0.710144,-0.317696,475,698,676,2.0405635698549065
2024-04-25 14:17:29.402000+00:00,2024-04-25 14:15:30+00:00,2024-04-25 14:17:30+00:00,TABUENCA01-45,Sensoria-C1-EEA1,Right,Gait,1.0.5,40.3876772,-3.6291348,CB:AA:BC:3F:36:A5,SCKS,0.734376,1.996095,-0.039063,33.599998,-24.639999,-329.279999,-0.037376,0.663424,-0.308352,475,698,677,2.1272586294031104
2024-04-25 14:17:29.410000+00:00,2024-04-25 14:15:30+00:00,2024-04-25 14:17:30+00:00,TABUENCA01-45,Sensoria-C1-E90A,Left,Gait,1.0.5,40.3876772,-3.6291348,F0:75:B1:51:59:F6,SCKS,0.03125,0.999999,-0.21875,5.6,-38.080002,-49.279999,0.364416,0.7008,-0.168192,504,355,551,1.0241221240657776
2024-04-25 14:17:29.419000+00:00,2024-04-25 14:15:30+00:00,2024-04-25 14:17:30+00:00,TABUENCA01-45,Sensoria-C1-EEA1,Right,Gait,1.0.5,40.3876772,-3.6291348,CB:AA:BC:3F:36:A5,SCKS,1.019532,1.996095,0.042969,30.24,-10.08,-290.079987,-0.065408,0.616704,-0.308352,474,697,675,2.2418044256825795
2024-04-25 14:17:29.434000+00:00,2024-04-25 14:15:30+00:00,2024-04-25 14:17:30+00:00,TABUENCA01-45,Sensoria-C1-EEA1,Right,Gait,1.0.5,40.3876772,-3.6291348,CB:AA:BC:3F:36:A5,SCKS,1.375001,1.734376,-0.0625,30.24,8.96,-219.520004,-0.09344,0.569984,-0.308352,474,697,676,2.214180234167264
2024-04-25 14:17:29.443000+00:00,2024-04-25 14:15:30+00:00,2024-04-25 14:17:30+00:00,TABUENCA01-45,Sensoria-C1-E90A,Left,Gait,1.0.5,40.3876772,-3.6291348,F0:75:B1:51:59:F6,SCKS,0.0,0.999999,-0.21875,3.36,-42.560001,-52.639999,0.345728,0.710144,-0.168192,482,335,590,1.0236452327349548
2024-04-25 14:17:29.468000+00:00,2024-04-25 14:15:30+00:00,2024-04-25 14:17:30+00:00,TABUENCA01-45,Sensoria-C1-EEA1,Right,Gait,1.0.5,40.3876772,-3.6291348,CB:AA:BC:3F:36:A5,SCKS,1.996095,1.320313,0.113281,33.599998,42.560001,-105.279999,-0.102784,0.551296,-0.308352,474,695,676,2.395924508818047
2024-04-25 14:17:29.475000+00:00,2024-04-25 14:15:30+00:00,2024-04-25 14:17:30+00:00,TABUENCA01-45,Sensoria-C1-E90A,Left,Gait,1.0.5,40.3876772,-3.6291348,F0:75:B1:51:59:F6,SCKS,0.03125,1.031249,-0.1875,7.84,-36.959999,-60.48,0.32704,0.728832,-0.158848,461,322,624,1.0486216250397473
2024-04-25 14:17:29.484000+00:00,2024-04-25 14:15:30+00:00,2024-04-25 14:17:30+00:00,TABUENCA01-45,Sensoria-C1-EEA1,Right,Gait,1.0.5,40.3876772,-3.6291348,CB:AA:BC:3F:36:A5,SCKS,1.82422,1.421876,0.523438,15.68,59.360001,-14.56,-0.102784,0.541952,-0.289664,473,695,678,2.3713914285963
2024-04-25 14:17:29.491000+00:00,2024-04-25 14:15:30+00:00,2024-04-25 14:17:30+00:00,TABUENCA01-45,Sensoria-C1-E90A,Left,Gait,1.0.5,40.3876772,-3.6291348,F0:75:B1:51:59:F6,SCKS,0.03125,1.093749,-0.21875,12.32,-31.360001,-71.68,0.308352,0.728832,-0.149504,443,315,649,1.1158472117637792
2024-04-25 14:17:29.500000+00:00,2024-04-25 14:15:30+00:00,2024-04-25 14:17:30+00:00,TABUENCA01-45,Sensoria-C1-EEA1,Right,Gait,1.0.5,40.3876772,-3.6291348,CB:AA:BC:3F:36:A5,SCKS,1.347657,1.441407,0.632813,7.84,-1.12,86.239998,-0.09344,0.551296,-0.289664,473,695,680,2.072265866694474
2024-04-25 14:17:29.516000+00:00,2024-04-25 14:15:30+00:00,2024-04-25 14:17:30+00:00,TABUENCA01-45,Sensoria-C1-EEA1,Right,Gait,1.0.5,40.3876772,-3.6291348,CB:AA:BC:3F:36:A5,SCKS,-2.000001,0.812501,-0.078125,4.48,-82.879997,80.639999,-0.09344,0.56064,-0.308352,474,694,674,2.160154020116853
2024-04-25 14:17:29.524000+00:00,2024-04-25 14:15:30+00:00,2024-04-25 14:17:30+00:00,TABUENCA01-45,Sensoria-C1-E90A,Left,Gait,1.0.5,40.3876772,-3.6291348,F0:75:B1:51:59:F6,SCKS,0.0,1.156249,-0.21875,13.440001,-33.599998,-85.120003,0.289664,0.738176,-0.14016,435,312,666,1.1767596664149398
2024-04-25 14:17:29.549000+00:00,2024-04-25 14:15:30+00:00,2024-04-25 14:17:30+00:00,TABUENCA01-45,Sensoria-C1-EEA1,Right,Gait,1.0.5,40.3876772,-3.6291348,CB:AA:BC:3F:36:A5,SCKS,-1.742189,0.65625,1.226563,43.68,-178.080002,157.919998,-0.09344,0.56064,-0.308352,480,695,655,2.229426690247966
2024-04-25 14:17:29.556000+00:00,2024-04-25 14:15:30+00:00,2024-04-25 14:17:30+00:00,TABUENCA01-45,Sensoria-C1-E90A,Left,Gait,1.0.5,40.3876772,-3.6291348,F0:75:B1:51:59:F6,SCKS,0.03125,1.249999,-0.1875,2.24,-31.360001,-95.199997,0.270976,0.756864,-0.14016,436,322,675,1.264369531624754
2024-04-25 14:17:29.565000+00:00,2024-04-25 14:15:30+00:00,2024-04-25 14:17:30+00:00,TABUENCA01-45,Sensoria-C1-EEA1,Right,Gait,1.0.5,40.3876772,-3.6291348,CB:AA:BC:3F:36:A5,SCKS,0.128906,1.60547,0.230469,58.240002,-133.279999,187.039993,-0.09344,0.588672,-0.336384,484,699,619,1.6270422974517287
2024-04-25 14:17:29.581000+00:00,2024-04-25 14:15:30+00:00,2024-04-25 14:17:30+00:00,TABUENCA01-45,Sensoria-C1-EEA1,Right,Gait,1.0.5,40.3876772,-3.6291348,CB:AA:BC:3F:36:A5,SCKS,0.070313,1.140626,0.039063,35.84,10.08,183.680008,-0.074752,0.626048,-0.336384,488,704,566,1.1434585728455577
2024-04-25 14:17:29.589000+00:00,2024-04-25 14:15:30+00:00,2024-04-25 14:17:30+00:00,TABUENCA01-45,Sensoria-C1-E90A,Left,Gait,1.0.5,40.3876772,-3.6291348,F0:75:B1:51:59:F6,SCKS,0.1875,1.531249,-0.1875,-24.639999,-34.720001,-115.360001,0.252288,0.756864,-0.149504,459,356,676,1.5540386095592993
2024-04-25 14:17:29.598000+00:00,2024-04-25 14:15:30+00:00,2024-04-25 14:17:30+00:00,TABUENCA01-45,Sensoria-C1-EEA1,Right,Gait,1.0.5,40.3876772,-3.6291348,CB:AA:BC:3F:36:A5,SCKS,0.132813,1.51172,-0.738282,62.720001,6.72,166.880005,-0.065408,0.644736,-0.32704,491,705,499,1.6876009489488326
2024-04-25 14:17:29.614000+00:00,2024-04-25 14:15:30+00:00,2024-04-25 14:17:30+00:00,TABUENCA01-45,Sensoria-C1-EEA1,Right,Gait,1.0.5,40.3876772,-3.6291348,CB:AA:BC:3F:36:A5,SCKS,0.046875,1.38672,-0.015625,2.24,5.6,168.0,-0.04672,0.672768,-0.317696,496,707,436,1.387600001675555
2024-04-25 14:17:29.638000+00:00,2024-04-25 14:15:30+00:00,2024-04-25 14:17:30+00:00,TABUENCA01-45,Sensoria-C1-E90A,Left,Gait,1.0.5,40.3876772,-3.6291348,F0:75:B1:51:59:F6,SCKS,0.375,1.749999,-0.03125,-52.639999,-32.48,-157.919998,0.196224,0.784896,-0.149504,507,408,679,1.7899994587990804
2024-04-25 14:17:29.646000+00:00,2024-04-25 14:15:30+00:00,2024-04-25 14:17:30+00:00,TABUENCA01-45,Sensoria-C1-EEA1,Right,Gait,1.0.5,40.3876772,-3.6291348,CB:AA:BC:3F:36:A5,SCKS,-0.035156,0.789063,0.019531,-1.12,21.280001,141.119995,-0.04672,0.672768,-0.317696,489,711,395,0.7900872244670205
2024-04-25 14:17:29.654000+00:00,2024-04-25 14:15:30+00:00,2024-04-25 14:17:30+00:00,TABUENCA01-45,Sensoria-C1-E90A,Left,Gait,1.0.5,40.3876772,-3.6291348,F0:75:B1:51:59:F6,SCKS,0.0625,1.499999,-0.3125,-30.24,-62.720001,-164.639999,0.168192,0.784896,-0.168192,552,456,682,1.5334795401312011
2024-04-25 14:17:29.663000+00:00,2024-04-25 14:15:30+00:00,2024-04-25 14:17:30+00:00,TABUENCA01-45,Sensoria-C1-EEA1,Right,Gait,1.0.5,40.3876772,-3.6291348,CB:AA:BC:3F:36:A5,SCKS,-0.132813,0.945313,-0.078125,-3.36,25.76,123.199997,-0.028032,0.7008,-0.317696,478,716,372,0.9577888475875045
2024-04-25 14:17:29.679000+00:00,2024-04-25 14:15:30+00:00,2024-04-25 14:17:30+00:00,TABUENCA01-45,Sensoria-C1-EEA1,Right,Gait,1.0.5,40.3876772,-3.6291348,CB:AA:BC:3F:36:A5,SCKS,0.007813,0.953126,0.070313,-7.84,14.56,95.199997,-0.009344,0.7008,-0.317696,465,708,358,0.9557479441850765
2024-04-25 14:17:29.686000+00:00,2024-04-25 14:15:30+00:00,2024-04-25 14:17:30+00:00,TABUENCA01-45,Sensoria-C1-E90A,Left,Gait,1.0.5,40.3876772,-3.6291348,F0:75:B1:51:59:F6,SCKS,-0.0625,1.156249,-0.5625,5.6,-1.12,-183.680008,0.09344,0.79424,-0.168192,619,510,683,1.2873322220782792
2024-04-25 14:17:29.695000+00:00,2024-04-25 14:15:30+00:00,2024-04-25 14:17:30+00:00,TABUENCA01-45,Sensoria-C1-EEA1,Right,Gait,1.0.5,40.3876772,-3.6291348,CB:AA:BC:3F:36:A5,SCKS,-0.148438,0.968751,0.121094,-1.12,14.56,70.559998,-0.009344,0.719488,-0.32704,451,695,348,0.9875100489012758
2024-04-25 14:17:29.719000+00:00,2024-04-25 14:15:30+00:00,2024-04-25 14:17:30+00:00,TABUENCA01-45,Sensoria-C1-E90A,Left,Gait,1.0.5,40.3876772,-3.6291348,F0:75:B1:51:59:F6,SCKS,-0.0625,0.75,-0.3125,26.880001,8.96,-140.0,0.065408,0.79424,-0.158848,655,533,684,0.8149003006503311
2024-04-25 14:17:29.728000+00:00,2024-04-25 14:15:30+00:00,2024-04-25 14:17:30+00:00,TABUENCA01-45,Sensoria-C1-EEA1,Right,Gait,1.0.5,40.3876772,-3.6291348,CB:AA:BC:3F:36:A5,SCKS,-0.085938,0.949219,-0.042969,6.72,2.24,59.360001,0.0,0.719488,-0.317696,438,678,347,0.9540693815263123
2024-04-25 14:17:29.744000+00:00,2024-04-25 14:15:30+00:00,2024-04-25 14:17:30+00:00,TABUENCA01-45,Sensoria-C1-EEA1,Right,Gait,1.0.5,40.3876772,-3.6291348,CB:AA:BC:3F:36:A5,SCKS,-0.101563,0.945313,-0.003906,7.84,-4.48,47.040001,0.0,0.719488,-0.317696,424,662,345,0.9507612569799003
2024-04-25 14:17:29.751000+00:00,2024-04-25 14:15:30+00:00,2024-04-25 14:17:30+00:00,TABUENCA01-45,Sensoria-C1-E90A,Left,Gait,1.0.5,40.3876772,-3.6291348,F0:75:B1:51:59:F6,SCKS,-0.3125,0.34375,-0.34375,16.799999,-73.919998,-53.760002,0.04672,0.79424,-0.158848,676,537,683,0.5779138127783415
2024-04-25 14:17:29.760000+00:00,2024-04-25 14:15:30+00:00,2024-04-25 14:17:30+00:00,TABUENCA01-45,Sensoria-C1-EEA1,Right,Gait,1.0.5,40.3876772,-3.6291348,CB:AA:BC:3F:36:A5,SCKS,-0.160156,0.964844,-0.023438,19.040001,-13.440001,41.439999,0.009344,0.728832,-0.317696,415,648,347,0.9783267493613778
2024-04-25 14:17:29.776000+00:00,2024-04-25 14:15:30+00:00,2024-04-25 14:17:30+00:00,TABUENCA01-45,Sensoria-C1-EEA1,Right,Gait,1.0.5,40.3876772,-3.6291348,CB:AA:BC:3F:36:A5,SCKS,-0.117188,0.964844,-0.101563,25.76,-12.32,41.439999,0.009344,0.728832,-0.317696,405,636,346,0.9772266956285016
2024-04-25 14:17:29.784000+00:00,2024-04-25 14:15:30+00:00,2024-04-25 14:17:30+00:00,TABUENCA01-45,Sensoria-C1-E90A,Left,Gait,1.0.5,40.3876772,-3.6291348,F0:75:B1:51:59:F6,SCKS,0.6875,0.125,-0.03125,7.84,-125.440002,43.68,0.037376,0.79424,-0.158848,686,538,680,0.699469665174981
2024-04-25 14:17:29.809000+00:00,2024-04-25 14:15:30+00:00,2024-04-25 14:17:30+00:00,TABUENCA01-45,Sensoria-C1-EEA1,Right,Gait,1.0.5,40.3876772,-3.6291348,CB:AA:BC:3F:36:A5,SCKS,-0.097656,0.957032,-0.09375,14.56,-5.6,36.959999,0.018688,0.738176,-0.317696,398,627,349,0.9665588475928406
2024-04-25 14:17:29.816000+00:00,2024-04-25 14:15:30+00:00,2024-04-25 14:17:30+00:00,TABUENCA01-45,Sensoria-C1-E90A,Left,Gait,1.0.5,40.3876772,-3.6291348,F0:75:B1:51:59:F6,SCKS,0.21875,0.125,0.15625,-12.32,-47.040001,96.32,0.04672,0.803584,-0.158848,689,537,679,0.29646353064078557
2024-04-25 14:17:29.824000+00:00,2024-04-25 14:15:30+00:00,2024-04-25 14:17:30+00:00,TABUENCA01-45,Sensoria-C1-EEA1,Right,Gait,1.0.5,40.3876772,-3.6291348,CB:AA:BC:3F:36:A5,SCKS,-0.085938,0.960938,-0.097656,7.84,0.0,31.360001,0.018688,0.738176,-0.308352,393,617,352,0.9697029823734689
2024-04-25 14:17:29.832000+00:00,2024-04-25 14:15:30+00:00,2024-04-25 14:17:30+00:00,TABUENCA01-45,Sensoria-C1-E90A,Left,Gait,1.0.5,40.3876772,-3.6291348,F0:75:B1:51:59:F6,SCKS,0.0625,0.375,0.125,4.48,-10.08,152.320007,0.09344,0.803584,-0.168192,690,536,679,0.40019526483955303
2024-04-25 14:17:29.841000+00:00,2024-04-25 14:15:30+00:00,2024-04-25 14:17:30+00:00,TABUENCA01-45,Sensoria-C1-EEA1,Right,Gait,1.0.5,40.3876772,-3.6291348,CB:AA:BC:3F:36:A5,SCKS,-0.109375,0.953126,-0.078125,4.48,6.72,26.880001,0.018688,0.738176,-0.299008,389,610,354,0.9625567921561824
2024-04-25 14:17:29.857000+00:00,2024-04-25 14:15:30+00:00,2024-04-25 14:17:30+00:00,TABUENCA01-45,Sensoria-C1-EEA1,Right,Gait,1.0.5,40.3876772,-3.6291348,CB:AA:BC:3F:36:A5,SCKS,-0.109375,0.992188,-0.042969,4.48,7.84,25.76,0.018688,0.738176,-0.299008,384,607,357,0.9991227416739146
2024-04-25 14:17:29.864000+00:00,2024-04-25 14:15:30+00:00,2024-04-25 14:17:30+00:00,TABUENCA01-45,Sensoria-C1-E90A,Left,Gait,1.0.5,40.3876772,-3.6291348,F0:75:B1:51:59:F6,SCKS,-0.09375,0.65625,0.0625,5.6,20.16,202.720001,0.121472,0.79424,-0.158848,691,534,677,0.6658523672707036
2024-04-25 14:17:29.874000+00:00,2024-04-25 14:15:30+00:00,2024-04-25 14:17:30+00:00,TABUENCA01-45,Sensoria-C1-EEA1,Right,Gait,1.0.5,40.3876772,-3.6291348,CB:AA:BC:3F:36:A5,SCKS,-0.144531,0.984376,-0.058594,6.72,6.72,25.76,0.018688,0.738176,-0.308352,380,600,360,0.9966536891884763
2024-04-25 14:17:29.897000+00:00,2024-04-25 14:15:30+00:00,2024-04-25 14:17:30+00:00,TABUENCA01-45,Sensoria-C1-E90A,Left,Gait,1.0.5,40.3876772,-3.6291348,F0:75:B1:51:59:F6,SCKS,-0.21875,0.84375,0.09375,0.0,25.76,229.600006,0.158848,0.784896,-0.168192,689,534,676,0.8766725086940961
2024-04-25 14:17:29.923000+00:00,2024-04-25 14:15:30+00:00,2024-04-25 14:17:30+00:00,TABUENCA01-45,Sensoria-C1-EEA1,Right,Gait,1.0.5,40.3876772,-3.6291348,CB:AA:BC:3F:36:A5,SCKS,-0.097656,0.972657,-0.125,12.32,-11.2,29.120001,0.028032,0.738176,-0.308352,369,581,371,0.9855066382247255
2024-04-25 14:17:29.938000+00:00,2024-04-25 14:15:30+00:00,2024-04-25 14:17:30+00:00,TABUENCA01-45,Sensoria-C1-EEA1,Right,Gait,1.0.5,40.3876772,-3.6291348,CB:AA:BC:3F:36:A5,SCKS,-0.078125,0.976563,-0.097656,2.24,-5.6,29.120001,0.037376,0.74752,-0.289664,361,566,377,0.9845382181154777
2024-04-25 14:17:29.946000+00:00,2024-04-25 14:15:30+00:00,2024-04-25 14:17:30+00:00,TABUENCA01-45,Sensoria-C1-E90A,Left,Gait,1.0.5,40.3876772,-3.6291348,F0:75:B1:51:59:F6,SCKS,-0.25,1.031249,0.15625,-6.72,34.720001,230.720001,0.205568,0.775552,-0.158848,688,532,676,1.0725616823758903
2024-04-25 14:17:29.954000+00:00,2024-04-25 14:15:30+00:00,2024-04-25 14:17:30+00:00,TABUENCA01-45,Sensoria-C1-EEA1,Right,Gait,1.0.5,40.3876772,-3.6291348,CB:AA:BC:3F:36:A5,SCKS,-0.058594,0.957032,-0.082031,-2.24,-3.36,29.120001,0.037376,0.74752,-0.289664,353,548,385,0.9623266549467494
2024-04-25 14:17:29.962000+00:00,2024-04-25 14:15:30+00:00,2024-04-25 14:17:30+00:00,TABUENCA01-45,Sensoria-C1-E90A,Left,Gait,1.0.5,40.3876772,-3.6291348,F0:75:B1:51:59:F6,SCKS,-0.28125,1.187499,0.1875,-13.440001,60.48,225.119995,0.242944,0.756864,-0.158848,688,531,674,1.2346706797770004
2024-04-25 14:17:29.987000+00:00,2024-04-25 14:15:30+00:00,2024-04-25 14:17:30+00:00,TABUENCA01-45,Sensoria-C1-EEA1,Right,Gait,1.0.5,40.3876772,-3.6291348,CB:AA:BC:3F:36:A5,SCKS,-0.042969,0.957032,-0.089844,-5.6,-1.12,28.0,0.037376,0.74752,-0.308352,344,533,393,0.962199838038336
2024-04-25 14:17:29.994000+00:00,2024-04-25 14:15:30+00:00,2024-04-25 14:17:30+00:00,TABUENCA01-45,Sensoria-C1-E90A,Left,Gait,1.0.5,40.3876772,-3.6291348,F0:75:B1:51:59:F6,SCKS,-0.21875,1.374999,0.09375,-35.84,89.599998,219.520004,0.32704,0.719488,-0.177536,687,529,674,1.3954436122613483
